44.499483099206266
.32440642172190015
1.1073778222951036
47.94251304638891
1.2466940633158792
7.571348787258307
.8288352172227155
.18609255615163595
1.368883554679526
.0766456182082626
23.37462028932694
.7655095806192895
1.6160471307201247
.01952091355945624
9.213892153429827
12.140385514286805
.010953238973127161
.09046680740052958
.016459000307363195
.006822311908716894
.04292617037235037
.014085848999841173
.009344150048091011
1.6689698969757734
29.34131827580403
.005093254514727984
.005937710103316624
.0074918289886456175
.006835502856048736
.005343689822388924
.00017683944949539542
.01496800697911866
.0012521482169169371
.010708681593179312
.00029320178298363435
.005114319564449277
.0029063382167574914
.002541105665616047
.009269492885200206
.000212780800070616
17.462580123076638
17.73308552993452
.02903594752057441
.003846942217613065
.14304145786468486
.0103643688710564
.009257271732859172
.6296205919582917
5.556905960437723
5.01244005358349
3.9096379559019927
4.893196826459864
21.72046265010709
20.569354605040264
1.8097896878446535
.0074390796725523475
9.600065931505677
155.2488324050171
.3588315708780816
.17614676006156071
52.94120436811193
55.30210821365662
19.665748554107076
.005674200757254894
.0023642369721801285
.0017035468620629159
.01048686768431113
77.2457033115646
75.25688087820744
.037883335228150156
28.451605476569547
3.2758854184800454
104.65227696986518
34.111691733310735
.0015105701803863124
.009879538134143979
.005001946789269115
2.6825225193285407
.0010942792429441443
.00947349347917425
.011434320455166713
.007942017934315617
10.982577216095821
24.946622450527833
.009697638039158322
.05185879145378041
27.403186139046568
133.36992033308917
7.628579745479885
.016571186413326836
.009179709848938346
5.114700834917422
1.6135206203376973
11.497773883843184
10.62200994480147
6.485989952039562
7.910640627149275
6.639047427666959
3.8758433346574743
65.60774686801622
2.2531575295819635
7.59817645213901
5.25502575547842
2.7429043973442897
.0032892294634110524
61.967237191402496
8.771250765716617
2.1942183994236544
.45011217459279407
.016739802853281707
.00017709001826201343
52.7406363685277
108.62904637470695
.08699729339457017
.003450432030344856
.6503513215356433
.006464192069270827
.007296976942815771
.1867218635904761
420328155102635e-19
0
0
0
0
0
0
0
0
0
0
0
0
0
0
0
0
0
0
0
3.6550020899138533
0
0
0
0
4.317688953486416
1326.3189457294118
.004503913657580917
.10150042273180407
.020558791586201167
.22807444667067228
.8109610254062047
1.1479503230104728
1.6116852473384315
18.905194803709154
.015841846770996135
6.255647499128844
6.6388552653733335
.35844797885147983
.7891675005530739
82.70002786458956
84.97159495528548
46.918172701721325
81.47063238455239
3.1628809621346634
2.092551449499957
1.670495626071319
1.6508191286796898
2.741348907412439
1.8504406223757313
2.6496373554895225
2.083576472440632
1.916174426333541
2.2267748227924065
2.072434689632858
1.9829874694926728
1.4484644673649796
2.056392182740347
1.61230779197182
2.5157010189187656
1.9439574921580571
2.1852924981255626
2.226902603723189
1.7546378002547243
2.4512861983288508
2.9594380013402644
2.588411825490308
2.0196377612712597
1.7689908999040242
2.367219874415143
.02438612078837432
1.6661428575177586
2.3647123809968003
6.079871606888266
2.105958430512232
2.0574993473169396
1.40684400786617
2.9664083343223235
1.432882784275284
1.5406062376896172
3.2976243771752407
1.2196552812012142
1.911650527661995
1.502076900908134
2.148792284332427
1.445854621431177
1.9559116631386992
2.7063039622144296
2.2133805433196865
2.2235175055560745
1.8654405679744424
2.1997128695982178
1.7002418050271353
2.2296306602789135
2.660960143164865
3.1734472466995287
2.4436517225939802
2.1301191501604033
2.051638122975964
3.275943508893471
2.5016142006559052
1.1193434624131522
2.633918920608387
2.8298174548993003
2.0410261760301207
1.1786842613360902
1.69697395266281
1.8213304929044534
1.9441978242793798
1.5072014454259308
2.381067139168015
2.1735859116914495
1.856516328332348
1.7558447101757604
2.5633163495458957
2.483381788990738
1.9643585630532783
2.3597172062780154
2.440914373333897
2.116507836692582
2.4581989587014363
2.2541235437528058
1.9971005545032403
3.031679168725949
2.1753146501601206
1.9007962295312646
1.3076290003169098
1.6041975533219563
1.5819242716398365
.7247477670840006
.20282087686570122
2.1441111637617913
.012506625897568652
2.5339347669262704
2.206147324427914
2.4224840641500114
2.0264748422375565
.20068349105042588
1.3997794744336605
.21251086324513987
1.1260218248580065
3.1446441276486903
1.7388596739791429
1.969158111709384
1.8318220091197828
2.145270826387225
1.7935604001958179
2.0789377383975913
2.2253236622988752
2.3855661512282325
.010167560235746408
2.0231158210575604
1.9542635840733222
1.4089149594827357
2.2731028252438454
1.7939174906769786
1.4898322928406866
2.3354879153335437
1.8677791285539567
2.087919084938761
1.883594249814479
.7260717188128091
1.739656702257767
4.784513324876975
6.645058167759502
1.539344995169989
2.1947216619778445
2.4384530163041056
2.533711684319235
2.8649510207114175
1.8894330926067633
.008462653683700173
1.4496744981623895
1.306704145043809
2.6898252344203883
2.6789483708496875
1.8758116645907217
2.0176335117273547
2.1970546414353653
1.9329983059200198
2.6555511406611085
2.249652758202446
2.4086760792768906
1.771021494310824
1.632064581282417
2.2316602921659126
1.2910018079436323
.23133806884015626
2.2707423105533175
5.2347154476797115
1.5140249774586862
1.7148340890465708
2.0963623037507784
2.2967151207976326
.9895514851835668
1.7234335325446966
2.2517519305857885
2.089719892401611
2.1425600915318816
1.5249390464925758
2.097775840566852
2.710421131253022
1.8184177187910284
2.603853174583145
1.4945627829820651
1.219274046709436
1.5031283902167005
2.1267332103870205
2.157243179793076
2.313497354093152
2.8414396228927457
1.3060366715837148
2.266332560360197
2.2116594083643593
2.315385702459559
2.5920347079609627
1.5779935351065277
1.9444602519272238
3.2369516473114808
1.7207236528511918
1.9446642046422133
.024757608599857824
2.229959463285269
.05821175716211968
1.9068386314690802
1.9531822347070857
.5610272201027094
1.421266689111297
2.242061572601561
1.2320301138421441
.048741951006937394
2.051906075036861
1.108810410129889
1.6078432256214488
2.177087039249624
1.829181909096389
1.5829701742636804
2.4544377611788666
2.810645011163622
2.828394898269065
.6644748868425503
.011325343238456747
2.0798315341065368
2.1097250138692503
1.9691809670017564
.050205929522625516
2.263970911651836
1.7564805597665296
2.1998674537703877
1.248799881352152
1.2475654055975811
.006134102231657155
.004371810985884184
2.241875227176026
.5952708025867544
.14326407299020777
.8268336389582324
.1954221289034529
2.2904660657925993
.1157155850341998
.09504404627594207
1.7341183706135292
.6265903266959033
8.671930669525654
2.07086855728584
2.057537838173436
2.545227418118981
2.3803206778605253
2.455285527954475
2.0608307725462636
.11187951450854586
.1721880702775691
1.886314370459039
3.118746304727437
1.0127038512629198
1.9355237914814047
2.29435721484297
2.108325681374415
.010301956778414084
.2736470199982608
2.784281747226644
3.7862894611598974
4.290404885104493
4.377593411952977
2.4754609523792346
.011493117474617148
2.7397675031606084
1.2793474756576495
.014707019358590732
.011026919623608692
.16109820741460795
.01251815416688
1.8664732667682051
2.7401526949124233
.01
1.752426955665565
.014438720822563082
.007514832089768554
1.9518038246843514
.008860643759820565
.007597137903867899
2.2360776813556176
.007038753937267977
2.3419388663397553
2.167213290769779
1.635271891089548
1.6590776663781361
.010185387594818126
2.0124099416270362
2.3102961777749362
2.4904306294457648
2.3544316687734113
2.1389485886459445
2.8219815586016956
.01018881682308666
1.3608055760971631
.010577378767343578
.008950510638201816
.010566101853843391
.01257094120774049
.010661862120573509
1.4317613543709466
.08535125449012806
.06720280422643242
.008993747626330588
1.4057607128139935
2.188464056038979
.09452412031271738
2.035352106142711
1.4955732885719792
.06532292477080245
2.105028873213922
1.679993545180146
1.77431224387256
2.878118872119406
.008651147689308115
1.6846155974918005
2.6026167084497405
3.527516554904548
.8254553080883885
1.6830666809595405
2.336437238725144
1.5451996262962826
2.3749789266380725
1.7996471850986497
1.690446849708283
2.114426678925066
.008432403763961158
.20622222700227663
.2047590126263431
1.9102079058741186
1.3908496978677354
1.8553672374638217
1.744320647696338
1.4287956973678693
2.077419535150429
2.155848820461556
1.7321556307284973
1.851740116463704
2.23076938185212
1.8128909321659712
.006252709246758475
1.6154652740710607
1.9829212791779876
1.7886437723684787
2.2783247286956
3.2908660388316155
1.6838072369408092
1.9845810093551657
1.8530198095849355
2.223069143917569
.11493409151150218
1.9444344379648315
2.2586717558833724
2.359884342846846
1.5159050556813345
2.272737968715618
1.6212524955256662
.2234661500897298
.15021877691498037
.13109826980469202
1.7322428299697485
2.011795103434672
1.9841402380329602
2.428787639136818
1.408522058387505
1.7789717611400144
1.4547667624123326
2.119012357492741
2.4031919963827555
1.795770678468132
2.170331219406679
2.377014690304568
2.120295492538292
2.186410720316962
3.1426658582415006
2.224238936141751
2.077506862965522
1.9196504792082798
1.4310250744766864
1.9352538490458016
1.5714059370901887
2.219878667299642
1.6768380808133831
1.505343521196848
2.2900559891311394
1.7630467245422319
2.2317266720907507
1.2588276370793952
2.2549075556021814
1.6441036117105532
2.5021226070690545
1.7543465351191774
2.118863975838623
1.7080692265245656
1.8941880569994345
16.46600663520099
16.410611244898572
2.618226853758014
2.1751812796577545
1.8527307336485512
1.4167033837816034
1.5026709739872495
1.5303252942846362
2.5520241966157227
1.784747088488058
1.6105494518756125
2.434953483679169
1.943582956511337
2.8166491042461694
1.8881458223352585
1.851628533436817
1.4784130432926001
1.8546682118724565
1.577151509163916
1.8366194012911299
1.3626986938379577
2.1009964610659404
2.2542782395388485
1.2779608564503797
1.7477833376152168
1.634105194033215
2.4016225310222272
2.0639426500325877
2.7567259804030297
1.9633573763651753
2.0274345750098477
2.5706650294190867
1.2258909277575891
2.476172976593416
10.598328933127375
1.8145445974659258
1.6119978837524327
1.660700864519238
3.4110694626075317
1.889122474197025
1.9248966802615763
3.001334659895983
1.6299969855259941
1.8485129399457703
2.633277028775554
1.4495168115314618
3.109875503225728
2.6683291247217698
2.4934132845937453
2.0180926383405686
1.374566525232028
1.7284857359386363
1.771141702907933
.2618556773889119
2.7017163772025037
1.701988351716461
2.504402438317151
1.6859881568336397
1.9432263005135908
2.5459847970589724
2.0296853787904423
2.185143607603391
1.8791262391403478
1.6448159716740605
1.4707949502481636
1.9284667872629733
2.511071294955033
1.7907468318375344
1.9640857688496571
1.4823042629222394
1.738943640721955
2.592197497680486
2.949382285905403
2.00185118758902
2.0062674459438665
1.8863498420955598
2.3988550751832785
1.6842288898690185
1.248031419666931
2.287797238380183
1.8225754452397784
1.5912009406472285
2.2982661616294244
.160244026297971
1.0113055772015511
.12304690999853057
.9223565025808541
.10039660323726769
.9042926578767262
.08845196968566292
2.1453904763935956
.16887543538504138
2.5514586233856114
.08392231046639528
.9285615465204454
5.675784643338369
.37370581589782714
.10668072538308743
1.2344650744223418
.06828001757887804
.20129082148645117
.04407455788982078
.8598978932613469
.06952292633676213
1.1178164978489966
.10330095120055748
1.3453138534506293
.17998805322812142
.9191164235142342
.054098255692906695
.6595621869724838
.0608022768518424
1.436827358164416
.00022048738893033662
.000429356606242258
.114234155573465
.12147009114645042
