6061235206171576e-27
41.31026006365341
.16514577870883057
.3266037514567265
11.73161287412739
.38420344449851135
5.9648663139641815
.2101446801912638
.0028719167441566057
.3162969725124824
.027891711094388028
7.74291503131229
.698223323684275
.5814604314893949
.008185158396458732
7.811363944092988
1.049283260020857
.00381588628389511
.07219014072006685
.004374525325113396
.0018633824569370776
.04325460248264882
.0001408005430714165
13490495701140433e-21
.2825273531209814
4056388343813144e-23
12997513161157994e-30
.005211040692026266
.006647456409356327
.005863533428867164
.002283520198246642
.00018452255023362115
.014420524713455393
.0012918022911042797
.0101597082194233
37482267752312114e-21
.0004889388321243734
.0029611146219438436
.00048523644170730853
.005239298125941142
156150107951445e-19
9.166214547702568
13.771217728257838
.00559541615214523
57765806417119984e-21
.11804069705177875
.007530343299650104
.007133054214970779
.3702280951997323
8509001967347804e-26
.43256764628955874
28007054906608134e-27
3.8647139999708755
18.04780045846538
15369781064000302e-25
2040212485086638e-25
.0072368811518594605
2.9510452621594574
13.470053117727945
2351913958167895e-26
23347105643731587e-27
43.24374657853735
27.18085801008826
8.749386208088412
.002520427355445762
.0005963232647972088
.0013525253849950261
.007002608526408654
5588426660888153e-24
0
7843749426029526e-27
23.47033755759524
3.597254221494059
9.36007384173052
17.662415026955998
.001539224430146227
.008694294920385263
.00041223363928135124
2.113287945619804
.0004108887191020653
.003504925659676811
.011811291922087528
.0016524068383513791
.8798756827307459
1.553643636985585
.0001265088697925116
.026229048498442698
1.3352115831582734
1.6679609005112992
3.119756703828481
.003418961014956384
.00043174428981869163
.6314109984287803
.8001625831983846
1153103494576406e-26
.46586431473357215
.7271733112289767
2.218150019870504
2.6995752362453223
3097824985578689e-25
6.135167025439178
2.1173567405016684
.5218414785227173
1.1731688329462227
.905823737679135
.0008077195960171768
49.99999999991918
8.067990658820069
.4649853405930126
.06892191036764474
6014407725633249e-28
689516254280664e-29
30692290603841192e-25
5.357226077275763
.009219545741585702
.00050066884506827
.5329353613846106
.0013419000735207824
.0002501230703227929
.015905944338646165
33515512253492847e-31
0
0
0
0
0
0
0
0
0
0
0
0
0
0
0
0
0
0
0
1.7949429367344074
0
0
0
0
.5962095380331032
1332.497162706688
.004574536110961913
.10592909996644309
.019631970455120516
.2324367911041418
.5199503688850269
1.016218227178873
1.4093557083248707
1.4086389204171867
.0077672924486994425
5.931537917336439
6.389089719037202
.13767509842003903
.35708151403846955
5.007627633333978
4.053731157896827
9642779933350601e-26
16452041078176954e-26
.019999999999997575
.019999999999997575
.9999999999939387
7.999999999612081
.019999999999997575
.019999999999997575
.019999999999997575
.019999999999997575
.019999999999997575
.019999999999997575
.019999999999997575
.019999999999997575
.019999999999997575
.019999999999997575
.019999999999997575
.019999999999997575
.019999999999997575
.019999999999997575
.019999999999997575
.019999999999997575
.019999999999997575
.019999999999997575
.019999999999997575
.019999999999997575
.019999999999997575
.019999999999997575
.019999999999997575
.019999999999997575
.019999999999997575
.019999999999997575
.019999999999997575
.019999999999997575
.019999999999997575
.019999999999997575
.019999999999997575
.019999999999997575
.019999999999997575
.019999999999997575
.019999999999997575
.019999999999997575
.019999999999997575
.019999999999997575
.019999999999997575
.019999999999997575
.019999999999997575
.019999999999997575
.019999999999997575
.019999999999997575
.4999999999984847
3.9999999999030202
.019999999999997575
3.9999999999030202
.24999999999962116
.0999999999999394
.019999999999997575
.019999999999997575
2.999999999945449
.019999999999997575
.019999999999997575
.019999999999997575
.019999999999997575
.019999999999997575
.019999999999997575
.019999999999997575
.019999999999997575
.019999999999997575
.019999999999997575
1.4999999999863622
.019999999999997575
.019999999999997575
.019999999999997575
.019999999999997575
.019999999999997575
.019999999999997575
.019999999999997575
.019999999999997575
.019999999999997575
.019999999999997575
.019999999999997575
.019999999999997575
.019999999999997575
.019999999999997575
.019999999999997575
.019999999999997575
.019999999999997575
.019999999999997575
.4999999999984847
.4999999999984847
.24999999999962116
.019999999999997575
.019999999999997575
.019999999999997575
.019999999999997575
.24999999999962116
2.4999999999621174
.34999999999925746
.019999999999997575
.4999999999984847
.019999999999997575
.019999999999997575
.019999999999997575
.019999999999997575
.019999999999997575
2.999999999945449
.019999999999997575
.019999999999997575
.19999999999975757
.019999999999997575
.9999999999939387
.019999999999997575
.019999999999997575
3.9999999999030202
.019999999999997575
.019999999999997575
.019999999999997575
.14999999999986363
.019999999999997575
.019999999999997575
.019999999999997575
.019999999999997575
.019999999999997575
.019999999999997575
.019999999999997575
.019999999999997575
.019999999999997575
.019999999999997575
.019999999999997575
.019999999999997575
.019999999999997575
.019999999999997575
.019999999999997575
.019999999999997575
.019999999999997575
.019999999999997575
.019999999999997575
.019999999999997575
.019999999999997575
.019999999999997575
.019999999999997575
.14999999999986363
.019999999999997575
.019999999999997575
.019999999999997575
.019999999999997575
.019999999999997575
.019999999999997575
.019999999999997575
.019999999999997575
.019999999999997575
.019999999999997575
.9999999999939387
.2999999999994545
1.4999999999863622
.019999999999997575
1e-12
.32999999999933993
.32999999999933993
1.4999999999863622
1.4999999999863622
.9999999999939387
.9999999999939387
.9999999999939387
.9999999999939387
