1.5073587849655146
.5413238497590516
.0089927156142209
.0020871010706901387
28205728684743427e-22
.025304126557851546
7.054762909885544
.6960227794939978
.059881185221108385
.0663417767198278
.06747877929337771
5.137167654058528
.6662675615056728
.3911376908031032
.005726672211497685
3.128250700335599
.3950649669091106
.003158792097525592
.07018225280870963
.004695339425029438
.0019984726289354274
.009569549443219878
.00019146584184147756
.0028335401165837095
.28484703153012525
17.484965325211252
.0001395137604668046
.005767894857800697
.006383231931909234
.005721467454751835
13127349342852627e-22
.00017904276657529906
.013992253303190798
.0012532069631549568
.009857994644028376
2520341643550708e-20
.002243737141381678
.002872405100905576
.0003346770699290048
.005075841594138165
36315421061433415e-21
.005734667038392014
.006038454500965326
.02124870011104815
.00032846163375896235
.11193731956160981
.007788104563878944
.0008383462194491177
.04305911681775838
.2759969171728589
.0010889111142735708
.5594693208534535
.00905940796596505
12.257916241038577
11.522775380906042
1.3213903857015619
.006972284364120987
.0609372855292426
.0678510492486128
.19736712172985146
.13221943469622052
29.90188286712647
23.636530584045335
8.00090300908089
.002351686695028929
.0004963615997557224
.0013650974051273052
.006617348352287816
2.885065241126818
7.79135865498017
.01886148835853722
22.369111412432698
3.4930663639286865
9.64483567796812
20.982675616789557
.001492483676374976
.00977469725704669
.0006050416588476946
2.165623854201946
.0003393487054275191
.002874347585478698
.011565366365915744
.00038922677763724903
.9093958891659465
.6718406809855909
30285031885390296e-21
.007873620366991073
.8130442806136449
.7309481712958233
3.3884395137139647
.00017364919671979015
548920145201154e-19
.6488454505962189
.8260366680399567
.08025252002404665
.01056277853881219
.2723296871519404
1.6092401204445992
1.5063182195776221
1.756092744054374
1.685622814142422
2.1793356577904976
.027186217553635334
.04329378183013968
.008966400753787372
.00016067623802930217
6.263181083990054
5.951200203928439
.5595520299488597
.0176997433950686
.003694455304548126
6003790690505506e-20
.0005592434673417454
.1096015026988272
.019855681005861835
.0008514328551275839
.4536346919340829
5857250316741274e-20
.00023764921288406618
.03560913009815401
20100263856358946e-21
0
0
0
0
0
0
0
0
0
0
0
0
0
0
0
0
0
0
0
.735307892630664
0
0
0
0
.5643990246996192
1292.9256187795465
.0044386848223231315
.10278329361893093
.019048954293447724
.22553405018514597
.10449108628793992
.6377626954694777
.13705447579898639
.43504974080800424
.00626781683677793
2.9172318199404637
3.370428547137737
.015149858419155646
.03925807714130016
.7904982634899549
.6370375963046782
.2545756798707322
.4347811244718968
.01940605436116777
.01940605436116777
.22149420592113606
4621229346350334e-20
.01940605436116777
.01940605436116777
.01940605436116777
.01940605436116777
.01940605436116777
.01940605436116777
.01940605436116777
.01940605436116777
.01940605436116777
.01940605436116777
.01940605436116777
.01940605436116777
.01940605436116777
.01940605436116777
.01940605436116777
.01940605436116777
.01940605436116777
.01940605436116777
.01940605436116777
.01940605436116777
.01940605436116777
.01940605436116777
.01940605436116777
.01940605436116777
.01940605436116777
.01940605436116777
.01940605436116777
.01940605436116777
.01940605436116777
.01940605436116777
.01940605436116777
.01940605436116777
.01940605436116777
.01940605436116777
.01940605436116777
.01940605436116777
.01940605436116777
.01940605436116777
.01940605436116777
.01940605436116777
.01940605436116777
.01940605436116777
.01940605436116777
.01940605436116777
.23531586172299457
.009626698618130453
.01940605436116777
.009626698618130453
.17150650940301365
.0860074832923706
.01940605436116777
.01940605436116777
.03259876372645651
.01940605436116777
.01940605436116777
.01940605436116777
.01940605436116777
.01940605436116777
.01940605436116777
.01940605436116777
.01940605436116777
.01940605436116777
.01940605436116777
.15636323291484833
.01940605436116777
.01940605436116777
.01940605436116777
.01940605436116777
.01940605436116777
.01940605436116777
.01940605436116777
.01940605436116777
.01940605436116777
.01940605436116777
.01940605436116777
.01940605436116777
.01940605436116777
.01940605436116777
.01940605436116777
.01940605436116777
.01940605436116777
.01940605436116777
.23531586172299457
.23531586172299457
.17150650940301365
.01940605436116777
.01940605436116777
.01940605436116777
.01940605436116777
.17150650940301365
.05772223320005077
.20651180533794866
.01940605436116777
.23531586172299457
.01940605436116777
.01940605436116777
.01940605436116777
.01940605436116777
.01940605436116777
.03259876372645651
.01940605436116777
.01940605436116777
.14794574364431776
.01940605436116777
.22149420592113606
.01940605436116777
.01940605436116777
.009626698618130453
.01940605436116777
.01940605436116777
.01940605436116777
.11964529330118151
.01940605436116777
.01940605436116777
.01940605436116777
.01940605436116777
.01940605436116777
.01940605436116777
.01940605436116777
.01940605436116777
.01940605436116777
.01940605436116777
.01940605436116777
.01940605436116777
.01940605436116777
.01940605436116777
.01940605436116777
.01940605436116777
.01940605436116777
.01940605436116777
.01940605436116777
.01940605436116777
.01940605436116777
.01940605436116777
.01940605436116777
.11964529330118151
.01940605436116777
.01940605436116777
.01940605436116777
.01940605436116777
.01940605436116777
.01940605436116777
.01940605436116777
.01940605436116777
.01940605436116777
.01940605436116777
.22149420592113606
.1908666160984796
.15636323291484833
.01940605436116777
9999999999984934e-28
.20067049915300933
.20067049915300933
.15636323291484833
.15636323291484833
.22149420592113606
.22149420592113606
.22149420592113606
.22149420592113606
