1.5160311189892899
.5188964643918628
.008715784498428686
.0020072425462438685
2550500094521643e-21
.024555582886152394
7.052711107661367
.6963604060872668
.05992828259823845
.06549140989490014
.06748516378539465
5.056563215835641
.6661074784627011
.3850217650472876
.005643887156669135
3.068245547724957
.3867948788501233
.0031553845477752247
.0701698986324709
.004696423934322322
.001998927639045088
.009459328690011957
.00018948428654682987
.0028320976284697684
.2814353871175016
17.52552471132984
.00013717390155559576
.005766512156932277
.0063818254453506616
.005720564565449986
1312250477902955e-21
.0001790117150804151
.0139898264826336
.0012529881364279326
.009856284967379789
2480653869736453e-20
.0022456176566772613
.0028719020130362647
.00032970902049698385
.005074917525873978
3572555303558292e-20
.00573250424103525
.006008987781153616
.021279449460490655
.0003298671844542838
.11191465675119854
.007787953669587382
.0008348004043699537
.0427812828453599
.2732425491942167
.0010516563576814526
.5587790906493789
.008752975593197172
12.234611095121428
11.505936089074263
1.3205627917977607
.006970889098771485
.05938677480515609
.0661191268448045
.19721706158881502
.1321451708401549
29.786251746809466
23.523976582357488
7.975821425475673
.0023499061087093646
.0004949008300804646
.0013659474885870443
.006607289567837012
2.765294462335911
7.749166691025354
.01851533946402721
22.365185275773502
3.492445480761219
9.641688233415469
20.97908120511289
.0014921954813006406
.009774436855232785
.0006049314026701919
2.1655686591034997
.00033897868257146634
.002871151053049976
.011563655531859817
.00038471931769245513
.9093664683654832
.6643410506959438
30210045900826472e-21
.007767854371225202
.8105947808785623
.7291987883292685
3.3836498464993956
.0001730595868800725
55687821713147304e-21
.6486364732111786
.8263797127863847
.08065028175064264
.010346578300652923
.2718039574598375
1.6079754148777907
1.5042415796863993
1.7249850434101217
1.6846512516738197
2.1788965273811636
.027118648586770672
.04312065604713587
.008738294406483205
.0001603200017607002
6.236399984307328
5.940490987168836
.5592736634266362
.017561812759394575
.003619736557323906
5884860738393072e-20
.0005316869886588255
.10905279928867917
.019830640820510132
.0008500392713049915
.45304068906973594
5833259663577602e-20
.00023763056288810203
.035563198951303186
19750956052978815e-21
0
0
0
0
0
0
0
0
0
0
0
0
0
0
0
0
0
0
0
.7292334210554412
0
0
0
0
.5636525530586354
1292.7013845697693
.004437915013937307
.1027654677438085
.01904565060207443
.22549493544506613
.10353071504065123
.6361326203918004
.1352607588912881
.43480287984154076
.0062639734663349055
2.9188861156059476
3.3687503200965745
.014979403526525381
.038813863375820996
.7890136617819871
.6359026872963688
.25440846651179183
.43449709895226934
.019402688737344274
.019402688737344274
.21958163937572073
43114821382120686e-21
.019402688737344274
.019402688737344274
.019402688737344274
.019402688737344274
.019402688737344274
.019402688737344274
.019402688737344274
.019402688737344274
.019402688737344274
.019402688737344274
.019402688737344274
.019402688737344274
.019402688737344274
.019402688737344274
.019402688737344274
.019402688737344274
.019402688737344274
.019402688737344274
.019402688737344274
.019402688737344274
.019402688737344274
.019402688737344274
.019402688737344274
.019402688737344274
.019402688737344274
.019402688737344274
.019402688737344274
.019402688737344274
.019402688737344274
.019402688737344274
.019402688737344274
.019402688737344274
.019402688737344274
.019402688737344274
.019402688737344274
.019402688737344274
.019402688737344274
.019402688737344274
.019402688737344274
.019402688737344274
.019402688737344274
.019402688737344274
.019402688737344274
.019402688737344274
.234297701896786
.009298480480972933
.019402688737344274
.009298480480972933
.17113507176821594
.0859329270635038
.019402688737344274
.019402688737344274
.0317615792802357
.019402688737344274
.019402688737344274
.019402688737344274
.019402688737344274
.019402688737344274
.019402688737344274
.019402688737344274
.019402688737344274
.019402688737344274
.019402688737344274
.1543423544235412
.019402688737344274
.019402688737344274
.019402688737344274
.019402688737344274
.019402688737344274
.019402688737344274
.019402688737344274
.019402688737344274
.019402688737344274
.019402688737344274
.019402688737344274
.019402688737344274
.019402688737344274
.019402688737344274
.019402688737344274
.019402688737344274
.019402688737344274
.019402688737344274
.234297701896786
.234297701896786
.17113507176821594
.019402688737344274
.019402688737344274
.019402688737344274
.019402688737344274
.17113507176821594
.05648423582836025
.20588592691363553
.019402688737344274
.234297701896786
.019402688737344274
.019402688737344274
.019402688737344274
.019402688737344274
.019402688737344274
.0317615792802357
.019402688737344274
.019402688737344274
.14768935907260092
.019402688737344274
.21958163937572073
.019402688737344274
.019402688737344274
.009298480480972933
.019402688737344274
.019402688737344274
.019402688737344274
.11948975389765776
.019402688737344274
.019402688737344274
.019402688737344274
.019402688737344274
.019402688737344274
.019402688737344274
.019402688737344274
.019402688737344274
.019402688737344274
.019402688737344274
.019402688737344274
.019402688737344274
.019402688737344274
.019402688737344274
.019402688737344274
.019402688737344274
.019402688737344274
.019402688737344274
.019402688737344274
.019402688737344274
.019402688737344274
.019402688737344274
.019402688737344274
.11948975389765776
.019402688737344274
.019402688737344274
.019402688737344274
.019402688737344274
.019402688737344274
.019402688737344274
.019402688737344274
.019402688737344274
.019402688737344274
.019402688737344274
.21958163937572073
.1903706837971631
.1543423544235412
.019402688737344274
9999999999984848e-28
.20009702721840564
.20009702721840564
.1543423544235412
.1543423544235412
.21958163937572073
.21958163937572073
.21958163937572073
.21958163937572073
