3.0017368597919525
.006235332852195318
.00022008063968017409
1788851999560551e-20
5807041323816886e-28
.0008113929185924989
6.768360161959113
.7050603106431003
.04200853435146921
.017711091380984027
.06515510690638043
.7592153851756631
.7197659510754194
.054939901416740745
.0009206553865944172
.00879310454818718
.0012694693365124358
.0019303858289250269
.06825801364411842
.004677398368781975
.001979554927275005
.0029024946342312966
618855264204831e-19
.002072960176849109
.07663397592103544
3.7300133855102167
5434824949060052e-21
.005350104683218682
.006288538642534581
.0059219263552938725
15258422525420126e-22
.00015872174544995037
.013826040842696799
.0012336324168423776
.01029289634214744
3317262165775939e-21
.002539624036871301
.0024836309870705764
49792757239991035e-21
.005434898701046616
4826509250898176e-21
.005919926128641462
.005919494511276295
.020295308834615926
.0005733230972485816
.10946091504185082
.007771930332553382
.0004753563139721688
.029376049904084725
.06786902729645845
30521453751041155e-22
.15295918612934536
26006103693971203e-21
8.72184646259701
8.325348082946626
1.1013960843639745
.006515286726227744
.0006986390816928145
.0007776566906608713
.17714382283753066
.10791084178240651
9.976841869440634
7.955726267825132
2.735061634469477
.0016127843673383255
.00030084186013426876
.0013983307097126037
.005564358178478387
.006385198446105649
3.4542267041999373
.0006960997920987258
9.976841869440634
3.0109220058361026
9.611544072785454
9.174178542686926
.0014112746801601785
.008328051343393431
.00016452396152583651
2.2516976326713944
.0001969434204662098
.0017709300742352724
.011348614404742328
686075800564091e-19
.6631391126499958
.05511785884459294
16853476269870374e-21
.0007349533524952152
.36706965949736436
.34046401238353574
2.6931553978042637
.00013477529484248654
.00044310697210295317
.6275641471804159
.8103265635955271
.12436614162468287
.00026969480438484016
.18029715015690576
1.1693010137404967
.9799728113704818
.06841033158155897
1.2055122440740553
1.9215406696697535
.01913035840952515
.02142574340135953
.00010498506721233816
.00014305294948501254
3.613041518502779
4.336264925420534
.46118641726073634
.003502895739237147
.0001155894997446232
14609741688311292e-22
4601514554887172e-23
.047622795938916024
.016127498220478945
.0004406586370530444
.3776609207732341
2745594563461844e-20
.00017327126499014947
.02767084896180983
6781345208673476e-22
0
0
0
0
0
0
0
0
0
0
0
0
0
0
0
0
0
0
0
.10631056624621414
0
0
0
0
.25632799206741674
1209.7239480391872
.004328481299063344
.10392211299939025
.01729696459013684
.21358479880966497
.019591630626563362
.40608097889842665
.01475655247953523
.38345556289099036
.005261528724591171
2.2097580425032275
2.303287065279857
.002226072575525802
.005239861059546996
.48576566381880976
.3439781597142648
.20943800434765228
.33266007560287353
.01883463639789311
.01883463639789311
.04970103260505294
3075530117574823e-25
.01883463639789311
.01883463639789311
.01883463639789311
.01883463639789311
.01883463639789311
.01883463639789311
.01883463639789311
.01883463639789311
.01883463639789311
.01883463639789311
.01883463639789311
.01883463639789311
.01883463639789311
.01883463639789311
.01883463639789311
.01883463639789311
.01883463639789311
.01883463639789311
.01883463639789311
.01883463639789311
.01883463639789311
.01883463639789311
.01883463639789311
.01883463639789311
.01883463639789311
.01883463639789311
.01883463639789311
.01883463639789311
.01883463639789311
.01883463639789311
.01883463639789311
.01883463639789311
.01883463639789311
.01883463639789311
.01883463639789311
.01883463639789311
.01883463639789311
.01883463639789311
.01883463639789311
.01883463639789311
.01883463639789311
.01883463639789311
.01883463639789311
.01883463639789311
.11146828610857251
2445415641306169e-20
.01883463639789311
2445415641306169e-20
.11804037548930799
.07406895626531132
.01883463639789311
.01883463639789311
.00036852897985212795
.01883463639789311
.01883463639789311
.01883463639789311
.01883463639789311
.01883463639789311
.01883463639789311
.01883463639789311
.01883463639789311
.01883463639789311
.01883463639789311
.016620755920182098
.01883463639789311
.01883463639789311
.01883463639789311
.01883463639789311
.01883463639789311
.01883463639789311
.01883463639789311
.01883463639789311
.01883463639789311
.01883463639789311
.01883463639789311
.01883463639789311
.01883463639789311
.01883463639789311
.01883463639789311
.01883463639789311
.01883463639789311
.01883463639789311
.11146828610857251
.11146828610857251
.11804037548930799
.01883463639789311
.01883463639789311
.01883463639789311
.01883463639789311
.11804037548930799
.0013771204627333184
.12240379346529498
.01883463639789311
.11146828610857251
.01883463639789311
.01883463639789311
.01883463639789311
.01883463639789311
.01883463639789311
.00036852897985212795
.01883463639789311
.01883463639789311
.10972420675251277
.01883463639789311
.04970103260505294
.01883463639789311
.01883463639789311
2445415641306169e-20
.01883463639789311
.01883463639789311
.01883463639789311
.0956193082476168
.01883463639789311
.01883463639789311
.01883463639789311
.01883463639789311
.01883463639789311
.01883463639789311
.01883463639789311
.01883463639789311
.01883463639789311
.01883463639789311
.01883463639789311
.01883463639789311
.01883463639789311
.01883463639789311
.01883463639789311
.01883463639789311
.01883463639789311
.01883463639789311
.01883463639789311
.01883463639789311
.01883463639789311
.01883463639789311
.01883463639789311
.0956193082476168
.01883463639789311
.01883463639789311
.01883463639789311
.01883463639789311
.01883463639789311
.01883463639789311
.01883463639789311
.01883463639789311
.01883463639789311
.01883463639789311
.04970103260505294
.12190736770169702
.016620755920182098
.01883463639789311
9999999999969984e-28
.12255005715803281
.12255005715803281
.016620755920182098
.016620755920182098
.04970103260505294
.04970103260505294
.04970103260505294
.04970103260505294
