-.012465423010902544
.0012376669064316317
-.0009426969268238483
.0006098936710489927
-.012083840459142169
-18801682452373335e-21
26752577453026225e-23
.002634388459659329
-.36434675288635643
-60483425921553686e-21
-.0004551060066844131
-25543694911902415e-22
3484606747941428e-21
-.0005695592662114658
.0002532564137099537
.27752910711433365
.002635805652198736
17562204243730617e-22
-2525976294412534e-23
407709033571744e-20
-480599424761413e-19
-.00016027613031005563
1686150202528794e-21
-.0019108678313642347
-.06457467314701071
-.000228823494479653
-.00011068117111712472
-.0002403596234942998
-.00010629232295560523
2808245575766076e-22
-32753874533009555e-23
-190437650032337e-22
-36891537995285803e-23
-18981473139349263e-24
6891317107956382e-24
-2675251857602822e-22
-21145085061868454e-24
-3585337166494411e-22
1410563342694303e-23
-6440102965631763e-20
.0031493220607957994
.006774148758393062
189440038178218e-21
-2022483758312199e-23
-16009291627890795e-23
-.0022888759442081983
-.0007364558219747258
-.006874217016081509
-.0011080929043217431
.0074154518808145975
-.0023302673038504067
-.0005817502724172256
.0032565450335004034
.000324714789722707
-.0006133349147701526
.00017939567260030377
.002418364350938394
-.0005179493183020682
-.0003826861631711053
-.0008059620276130129
.028217903140684775
-.015705335927986147
.02088373860502708
.01311312898460112
-.0014055317125611238
.0002717450774267358
-.00026676965045156976
-.006864846941089504
.0002567863276031504
-.00114771916371074
.00011858919318312767
-.0005477080590679807
.0243087661851816
.0035689678265979747
-659619026777951e-22
9490610572898911e-22
.0002196461927881915
7758793027416475e-20
.319630020282039
.0026360993610452933
-13259607469415851e-22
-4951881993013276e-20
-.016769757689243114
-.032403083272892874
-.0001071374891912076
-.00017053922994099516
.22088257683089665
.012901711332131019
.21575218925690548
-7487480413904222e-20
-.0007985048149452996
.00523459647490677
-.039817196444324146
-.000621498831695239
.0019268703048002493
-.007465195145395545
-.0002130682802956712
.0007081883504320247
-.00031161632047179257
-.1310491926510439
.07887400174250599
-.0033002913818032816
.005326131215668445
.00155364185409064
-.00036630104459246636
.006401525284499187
.1434504825495967
-.00023046545219625268
.0005274245748136745
-23069927795466745e-21
-6448051160180025e-20
.08818337560747402
.007489516002033733
-.0005672691508177809
-60961007868374e-18
-.004692350577896639
.16882082251696412
.0008874705751822073
.00012367541877901273
3503098953227394e-23
0
0
0
0
0
0
0
0
0
0
0
0
0
0
0
0
0
0
0
-.04422977424781111
0
0
0
0
-.00763422933843387
-.00010454165828251747
-34047979173659044e-24
-.00010353843603925902
-12956472179970963e-25
5887699800041336e-28
-.0068016123649722255
-.2895500794233013
-.001089705650817333
.002506356249713406
.8045447207769849
.0024744587986980163
.08601023384887731
.002195132054405194
.007096802004532704
.0027213279771948645
.16873497089833486
-.0004908430422292223
-.003078329369572634
