0
40.16611617330005
.1511284907414538
.29721033348636533
11.022149852393577
.3759633086935633
5.621677373753677
.20550738739348837
.0029460047884230546
.33051897881744624
.02611711939865543
7.994050447819884
.7646826238112231
.5869882760651386
.00825829315014485
8.083598384601904
.9741977849874355
.004141063893863288
.07688120301475644
.004214084879795402
.0018060942078058607
.043054105444856335
.00013484968525285601
108463085336673e-19
.30127628251506494
0
0
.005371821680024959
.006443543896016534
.005904418263692315
.002516203075794139
.00018219709910418438
.014377487934291848
.001328767188963987
.010656524335201478
3544912991421312e-20
.00048122251862131246
.0029971737868410937
.0004991110450557426
.0053271101128453445
16719322013856274e-21
8.658683387486512
13.921478019491385
.005915717124262393
6102073971417611e-20
.12507501003208665
.00746946781960816
.007288360386155481
.403620887336549
0
.4390293999731745
0
3.6565323833744987
17.953131332349546
0
0
.00708447529800552
2.999785306496119
13.924571640293498
0
0
44.48480682431953
28.677153571830434
9.26848894766266
.0026933062346152295
.0006237882131397387
.0013834754186477696
.006479257980818013
0
0
0
23.387874463798106
3.577800814333629
9.14622356618847
17.44133692225831
.001465321030254108
.008332151226155977
.0004232970292886994
2.1191084960985918
.00038953777556021725
.0035261217097415283
.011810673423713388
.0016916669838017006
.8845993230355734
1.5543146153448557
.0001332778252435096
.024511723200088195
1.3311793607125266
1.6102520103669653
3.2704043122118187
.0037957845454615006
.0004374101256679764
.6011021629073525
.7914532659401883
0
.5021465198248218
.7582331209307479
2.243143494610478
2.6203168708396145
0
5.788556648150875
2.0140244228475708
.5100169848868306
1.0851251021435557
.9911634115538001
.0007743559189403495
50
8.413411545426824
.455905744747472
.06501149631380801
0
0
0
5.133383621429914
.010348976293212605
.0005223486759921232
.502277614750618
.0012927707697805574
.00025318431262923743
.01639180631387117
0
0
0
0
0
0
0
0
0
0
0
0
0
0
0
0
0
0
0
0
1.891612126248924
0
0
0
0
.6197291762659448
1325.2396289533958
.004690489227473186
.10174372902944227
.018598901377779156
.22348368169949387
.5493483054161978
1.0639612292335134
1.3742446028111406
1.3853582006363003
.007979880364621276
5.920827330031504
6.088147562984153
.14614320852144772
.3546418226119848
5.292210505551411
3.9152975427102064
0
0
.02
.02
1
8
.02
.02
.02
.02
.02
.02
.02
.02
.02
.02
.02
.02
.02
.02
.02
.02
.02
.02
.02
.02
.02
.02
.02
.02
.02
.02
.02
.02
.02
.02
.02
.02
.02
.02
.02
.02
.02
.02
.02
.02
.02
.02
.02
.02
.5
4
.02
4
.25
.1
.02
.02
3
.02
.02
.02
.02
.02
.02
.02
.02
.02
.02
1.5
.02
.02
.02
.02
.02
.02
.02
.02
.02
.02
.02
.02
.02
.02
.02
.02
.02
.02
.5
.5
.25
.02
.02
.02
.02
.25
2.5
.35
.02
.5
.02
.02
.02
.02
.02
3
.02
.02
.2
.02
1
.02
.02
4
.02
.02
.02
.15
.02
.02
.02
.02
.02
.02
.02
.02
.02
.02
.02
.02
.02
.02
.02
.02
.02
.02
.02
.02
.02
.02
.02
.15
.02
.02
.02
.02
.02
.02
.02
.02
.02
.02
1
.3
1.5
.02
1e-12
.33
.33
1.5
1.5
1
1
1
1
