1.488671880759456
.7537652764998437
.012677425079503717
.002930054240450624
50397585133019556e-22
.037449723530920645
6.680875649086583
.6990626669560864
.05815320166480181
.05656340629472246
.06486598128141828
5.105467172465506
.7295971941781589
.3826807397409318
.005659197248542191
3.085513497074844
.38197348328888214
.0033499171170917057
.07476741621462651
.004555245515748745
.0019443080110794248
.009359975855281828
.00018027049830148125
.0026301542152323758
.2817995361636006
16.783194365953694
.00015729294701364687
.005920987235835915
.006190630905806172
.0057642740773324146
15699765520484684e-22
.00017685245719933248
.013955709015212855
.0012895540569828807
.010343921947609882
2309558025875037e-20
.002171153882147244
.00290846147614284
.0003353029867671232
.005163190824404933
3752758957306718e-20
.005798156051083347
.006195994755296131
.02070898038321985
.0003560755431936812
.11860653095098729
.0077152264670564095
.0007875687399389701
.04331511796148465
.27391853886238204
.0012528813791604987
.5536529594087127
.009035120807568615
12.017087365370447
10.9215532140733
1.4900373519541343
.0068315795158588
.06336330740012666
.07025063298183276
.2318835237484539
.1391053399403171
30.15104158987392
23.627854772956468
7.970486146557658
.002469359248795891
.0005163320247418988
.0013831971221316176
.006199175246050554
3.394474800021983
7.3960139266658205
.021997900563395907
22.29295541058284
3.475908593131064
9.923181627070864
20.889210455442434
.0014213117380819883
.009367799622853445
.0006203417343897307
2.1683328234412813
.0003142171665181235
.002820920113136543
.011566785377324125
.00036431757649999506
.9404074407552268
.6670850107317295
28464333747228317e-21
.006818611606827771
.8679301132894325
.773854292850762
3.4772790882828306
.0001851167506674255
6432550385396607e-20
.6492167955049231
.8490984885003173
.08874004276679645
.011459154521541557
.29508509903124236
1.7017650601135226
1.5788270790973427
2.0591112401966867
1.6110177433969517
2.073008061582835
.02536620734492379
.035781478871284585
.010145947956484276
.0001525822900178001
6.322371874455956
6.218464504246738
.539857635677104
.01755267637319021
.0042984300410300645
6945479750222617e-20
.0005965962527406979
.09840182713032693
.02179652706893812
.0008368563958340699
.4292771109414092
5116151144151211e-20
.0002496531301461949
.03652928785954519
2232340748812262e-20
0
0
0
0
0
0
0
0
0
0
0
0
0
0
0
0
0
0
0
.7471820496044421
0
0
0
0
.5979170303469226
1286.364287548186
.004552895719030125
.0987591199704886
.01805331050875722
.21692788285772335
.1112159443667607
.671471552465148
.13951392375653146
.4281833247538555
.006344563655631247
3.03114445714887
3.298439064680068
.017608859530386982
.042600215447347545
.8636726287127635
.635309240990895
.26497424301279854
.4380580563544263
.019413308498238746
.019413308498238746
.22567250586481793
54165579311501656e-21
.019413308498238746
.019413308498238746
.019413308498238746
.019413308498238746
.019413308498238746
.019413308498238746
.019413308498238746
.019413308498238746
.019413308498238746
.019413308498238746
.019413308498238746
.019413308498238746
.019413308498238746
.019413308498238746
.019413308498238746
.019413308498238746
.019413308498238746
.019413308498238746
.019413308498238746
.019413308498238746
.019413308498238746
.019413308498238746
.019413308498238746
.019413308498238746
.019413308498238746
.019413308498238746
.019413308498238746
.019413308498238746
.019413308498238746
.019413308498238746
.019413308498238746
.019413308498238746
.019413308498238746
.019413308498238746
.019413308498238746
.019413308498238746
.019413308498238746
.019413308498238746
.019413308498238746
.019413308498238746
.019413308498238746
.019413308498238746
.019413308498238746
.019413308498238746
.2375248498733849
.010378607724245805
.019413308498238746
.010378607724245805
.1723096163029822
.08616835492785851
.019413308498238746
.019413308498238746
.03448320587759081
.019413308498238746
.019413308498238746
.019413308498238746
.019413308498238746
.019413308498238746
.019413308498238746
.019413308498238746
.019413308498238746
.019413308498238746
.019413308498238746
.16080942909689297
.019413308498238746
.019413308498238746
.019413308498238746
.019413308498238746
.019413308498238746
.019413308498238746
.019413308498238746
.019413308498238746
.019413308498238746
.019413308498238746
.019413308498238746
.019413308498238746
.019413308498238746
.019413308498238746
.019413308498238746
.019413308498238746
.019413308498238746
.019413308498238746
.2375248498733849
.2375248498733849
.1723096163029822
.019413308498238746
.019413308498238746
.019413308498238746
.019413308498238746
.1723096163029822
.060486738505846696
.20786690977781513
.019413308498238746
.2375248498733849
.019413308498238746
.019413308498238746
.019413308498238746
.019413308498238746
.019413308498238746
.03448320587759081
.019413308498238746
.019413308498238746
.14849970812241103
.019413308498238746
.22567250586481793
.019413308498238746
.019413308498238746
.010378607724245805
.019413308498238746
.019413308498238746
.019413308498238746
.11998113387654667
.019413308498238746
.019413308498238746
.019413308498238746
.019413308498238746
.019413308498238746
.019413308498238746
.019413308498238746
.019413308498238746
.019413308498238746
.019413308498238746
.019413308498238746
.019413308498238746
.019413308498238746
.019413308498238746
.019413308498238746
.019413308498238746
.019413308498238746
.019413308498238746
.019413308498238746
.019413308498238746
.019413308498238746
.019413308498238746
.019413308498238746
.11998113387654667
.019413308498238746
.019413308498238746
.019413308498238746
.019413308498238746
.019413308498238746
.019413308498238746
.019413308498238746
.019413308498238746
.019413308498238746
.019413308498238746
.22567250586481793
.19193963512990006
.16080942909689297
.019413308498238746
9999999999985106e-28
.20191179650590554
.20191179650590554
.16080942909689297
.16080942909689297
.22567250586481793
.22567250586481793
.22567250586481793
.22567250586481793
