3.049955179682831
.012006589736692438
.0008720136408486549
520860850693694e-19
10703908000303873e-28
.0036190687965215523
6.30760003315686
.7263479437515488
.0475778632582996
.008892385680103707
.06373275800778273
.7336642186035455
.7033700866687662
.055788346662894076
.0008954707747937933
.005093074238700537
.0006022038342648342
.0023427322317607054
.07236547619180606
.004724828039098088
.002011024995249402
.001667580407031582
3374945805004969e-20
.0018403190008646395
.04846033173884546
3.962979863037221
58415551180143785e-22
.005655497755259708
.005950705927732445
.0055980166578223035
1516778959238243e-21
.00017141548029191888
.013526644411535978
.0012496546326551542
.010025918943762731
33584091419494485e-22
.002329540302363729
.002818187062303102
5153428852024864e-20
.004997122456996233
5523950290607489e-21
.005596022930074797
.005595609248121438
.02089360752534493
.0005991574968098644
.11448660917968816
.007590237147998531
.00045518262342855454
.023973940255224126
.07181413112508948
24328008067560243e-22
.1309073036253421
1814347297532084e-20
8.441371810488224
8.007833787414945
1.28115243779067
.0065720724191100305
.0005926142673268722
.0006547074805788026
.19427926062659068
.12193261000996193
9.33393093756225
7.40448350272015
2.552092143307829
.0018469534701316271
.0003464918032502711
.0013510199442354732
.005841792767819785
.006932195086587276
3.643710961212638
.0008676182686848226
9.33393093756225
3.366240394575762
9.33393093756225
8.561843785413698
.0013752391846234943
.00913918372324889
.00014811775326887657
2.1339404999444613
.00021845486148620562
.0019509520813642087
.01124562221124818
4841557638955629e-20
.7138259028129305
.022995178326205016
1571064060442909e-20
.00022154370916784558
.3977501696080578
.36898645087036186
2.3802715363623133
.00013061023414979344
.00038843285366583287
.6309755422769401
.7763770409807246
.14709305475679862
.00026340478549991795
.165984656941541
1.186709734061233
1.0224989735903454
.06539146247449917
1.2021441638631216
1.9854452848026118
.01638892783792494
.019407920870689477
8483127081894755e-20
.0001164445265891711
3.6288216116196343
4.421532728624639
.4495174220236583
.00334314184502071
.0001201600795607681
18207317214196764e-22
3852656812320173e-23
.04636768214036588
.015424785826723705
.0004802161002282015
.3363137384528396
26794310722029373e-21
.0001946883773162141
.02543812365275554
7328681455833971e-22
0
0
0
0
0
0
0
0
0
0
0
0
0
0
0
0
0
0
0
.07115333519016963
0
0
0
0
.11917644155526654
1246.817358845799
.00441292522689755
.09572295057898011
.017498294336089154
.21025882993082234
.01891673939359431
.42432536454939146
.01227623631910465
.3660481844649074
.0037642947496786122
2.1847464296691763
2.2352756706235284
.002047012044198644
.0049072920899791645
.4911510272601122
.3729562658848175
.18719290893553905
.3084781610646112
.01881648166272343
.01881648166272343
.047360853323263404
17450171904857e-23
.01881648166272343
.01881648166272343
.01881648166272343
.01881648166272343
.01881648166272343
.01881648166272343
.01881648166272343
.01881648166272343
.01881648166272343
.01881648166272343
.01881648166272343
.01881648166272343
.01881648166272343
.01881648166272343
.01881648166272343
.01881648166272343
.01881648166272343
.01881648166272343
.01881648166272343
.01881648166272343
.01881648166272343
.01881648166272343
.01881648166272343
.01881648166272343
.01881648166272343
.01881648166272343
.01881648166272343
.01881648166272343
.01881648166272343
.01881648166272343
.01881648166272343
.01881648166272343
.01881648166272343
.01881648166272343
.01881648166272343
.01881648166272343
.01881648166272343
.01881648166272343
.01881648166272343
.01881648166272343
.01881648166272343
.01881648166272343
.01881648166272343
.01881648166272343
.10881294644336298
2005934672310617e-20
.01881648166272343
2005934672310617e-20
.11662598595293064
.07371266780495402
.01881648166272343
.01881648166272343
.0003184588346094899
.01881648166272343
.01881648166272343
.01881648166272343
.01881648166272343
.01881648166272343
.01881648166272343
.01881648166272343
.01881648166272343
.01881648166272343
.01881648166272343
.015460076059035998
.01881648166272343
.01881648166272343
.01881648166272343
.01881648166272343
.01881648166272343
.01881648166272343
.01881648166272343
.01881648166272343
.01881648166272343
.01881648166272343
.01881648166272343
.01881648166272343
.01881648166272343
.01881648166272343
.01881648166272343
.01881648166272343
.01881648166272343
.01881648166272343
.10881294644336298
.10881294644336298
.11662598595293064
.01881648166272343
.01881648166272343
.01881648166272343
.01881648166272343
.11662598595293064
.0012199969875543205
.12035537215890318
.01881648166272343
.10881294644336298
.01881648166272343
.01881648166272343
.01881648166272343
.01881648166272343
.01881648166272343
.0003184588346094899
.01881648166272343
.01881648166272343
.10867114752877408
.01881648166272343
.047360853323263404
.01881648166272343
.01881648166272343
2005934672310617e-20
.01881648166272343
.01881648166272343
.01881648166272343
.0949302124621655
.01881648166272343
.01881648166272343
.01881648166272343
.01881648166272343
.01881648166272343
.01881648166272343
.01881648166272343
.01881648166272343
.01881648166272343
.01881648166272343
.01881648166272343
.01881648166272343
.01881648166272343
.01881648166272343
.01881648166272343
.01881648166272343
.01881648166272343
.01881648166272343
.01881648166272343
.01881648166272343
.01881648166272343
.01881648166272343
.01881648166272343
.0949302124621655
.01881648166272343
.01881648166272343
.01881648166272343
.01881648166272343
.01881648166272343
.01881648166272343
.01881648166272343
.01881648166272343
.01881648166272343
.01881648166272343
.047360853323263404
.12015660092149275
.015460076059035998
.01881648166272343
9999999999969504e-28
.12061545338322216
.12061545338322216
.015460076059035998
.015460076059035998
.047360853323263404
.047360853323263404
.047360853323263404
.047360853323263404
