.34123636749560715
.25649614309515756
.2546073618797131
.0009623032408511524
.24091115214391032
.25426279783777567
.6456835343242419
.12328741461386326
-22355052990325925e-21
8062165768543598e-22
-.00017547042952692848
-2338395049230542e-21
-.0017289585806258712
-4872178964228711e-22
-.0010136469989820626
.2583337537007664
.12327566254801753
4407576668155845e-22
1997318246319916e-22
34014045565631564e-22
-45160860621142434e-21
-.001764504295866791
.2542661876965963
-.002488479994746826
-.0376073227803123
3914414048507234e-22
6515298720031565e-23
43087094206991656e-23
11304586780090032e-22
27141313162775898e-24
-22160883746168796e-23
3533782201271603e-23
4046079492015608e-22
42692297494715267e-23
4848272958096101e-22
-9113387588842333e-23
22965907431902285e-23
417614110614624e-21
44162589147443654e-23
5228453943425113e-22
.2544712681443249
.276028569614912
2870329750776603e-20
2372318335032417e-22
-33745029000219894e-23
26677566701263687e-22
-10132840279578525e-23
.33820427422705684
.25253730386749784
.2598175459579524
.05816938804655429
.25424693384858804
.06315405913882387
.0006162395198983276
-.00010879643846085602
14334196382787278e-22
.2561538119587438
.006965549512475309
5064203608583359e-20
3153259386900107e-20
.028507698211897595
.2322889354545002
.27494969265937463
.2542595934249965
.2542630456172539
3703967542289863e-21
-12119061931008448e-21
-.010138811458646719
.0012105142256833162
-55790803801042524e-21
-.008263350948137698
.00029669697989233843
.2718730919840968
.004013352538569654
34595012681170636e-23
4787244841087253e-22
5547238550493307e-22
.0001639193146685471
.25426367097338765
.12327592885551092
-3946713198937099e-22
.2542587239608689
.23944463103393407
.23375039991255242
.25627739155613793
.00011900469646509867
.4578540936660636
.26605759839104587
.5114934875261944
.0002989410222787813
.2542025700829076
.2540589519575576
.024981683772747364
.25427429740041824
.2597434626077435
.25064682777174463
-17507717434936943e-21
.25636696851660823
.00015528051281212313
.12483271307892636
.42707911376612057
.07617885149195322
.2577075368398773
.3364728800703349
-10879002624086961e-21
.11342644504187567
.37558321315293186
.2541408749480598
.25419762541418245
.10208527069301533
21869142822878508e-23
.2647091519894983
.2991635364054217
.2563565747991399
.32607167986877084
.25276172994449325
.2542619820500774
.2541363562015797
.2565672166302076
17007520681206295e-23
0
0
0
0
0
0
0
0
0
0
0
0
0
0
0
0
0
0
0
.2178980700817288
0
0
0
0
.25068194456404225
6270971719740352e-22
14345680168245935e-23
10162355099607976e-22
7601313771637998e-23
0
.24809940805738823
-.2725083658204577
-.0001321530661480047
.2566498173409548
1.0310118571789693
.25952280368366115
.25848877517723723
.2566689831385008
.007055973081586729
.25425616373212484
.25436326587066127
.0004355484922091235
-.0033313141602027436
