12664345740535877e-21
.00273529879422219
-4541595416981442e-20
-5616919939429474e-20
-.019263239220132917
7260913394174556e-23
-.00013196830308897237
-4259869926701841e-20
-.00048547826792857745
-.0004900110690577668
.011132348603160279
.02085319292656381
-.00013094087520399146
4015969185212161e-24
.011963616930488809
.006979343566168277
-20349732152287533e-23
-934224585733984e-22
.014752126855033295
.01081106297761192
.00476547201558038
.011123154275628065
.0127433793968937
-.0007048274592989141
.005144658110773863
.012238326239869585
.010499191195384802
.01388602215817579
.011294632348926002
.01147318360390633
-.00013059919792711048
-.00013065325404103384
20763182077131276e-22
.0004951593697150891
