.014543071593108598
.04284468491004549
.000337967457469089
-9347286862948281e-20
-.013738581106548723
-1419550040594672e-20
-1481883117803573e-20
-.0006331883090361835
-22450075984812338e-21
9346120751276393e-22
-.0002551109614246771
-33221328289542906e-22
31635115385321794e-22
-5974444859679659e-21
-.0015981980286307027
.15510599553228352
-.0011772737201552852
1448400624285775e-22
-15864903704054378e-21
4371809420766711e-21
-6108466600933042e-20
428690974815056e-20
2722709415442959e-21
-.0019801252703009918
-.0355642481097263
19962558611952318e-23
-2628491594130332e-22
39236515669555483e-23
-23874903367405968e-21
3370279756319429e-21
51106761070799054e-25
3241539439594253e-23
15411547915681302e-25
-17620039219135785e-24
3046228548535615e-23
6098244418754144e-23
23919920206136866e-24
3223605471821038e-23
-3097753656697059e-23
3200321596213037e-23
-.002864289251102934
-.011508356264155266
-.0009136915942079631
5503563468615686e-25
-16595830095292697e-21
2861296478676463e-21
32120649243038857e-22
.0001912260075135312
-.0018748044222053385
.0513872807462042
8140698248227614e-20
-.0013296033423157872
-.00013696040726919975
-.0007462041308931375
-.0014373704883707155
-.001307603414978582
.0017284614677054793
-.0025228267693923816
-.0013084196154238275
-.0012933521235578805
.03223932590713081
-.04052183578659852
.058126719553981174
-.00045438695181631536
-30214922346370377e-23
2378611643156873e-21
-26374911260935358e-21
-.008056733011823792
.0006499779495808784
-6488928706188743e-20
-.0016502514520795157
-.0016681258500309576
.03579114605280015
.0035070026972183503
-4497421892005587e-23
22874198284141104e-23
-1573672417431398e-20
.00018131269659952677
-.0004460433458079037
-.00046014314724195364
-.0008050932739101938
-.0011785897855939584
-.02364223818117856
-.022746729933126906
-.0017413707794966258
.00014417862113378992
.15920099336437746
.011567545954676
.25910844734579197
-7082947669723149e-21
-.001855012549094212
.001274009056794634
-.04360211901856711
-.001415107453799927
-.002157137183282365
-.00946768700702728
-.00027620587614538515
-.0008242661309442923
10547530823449082e-21
-.10635000315780926
.06492283511622651
7602105563592963e-20
.006274208826174437
-.020734025681931587
-24227139729044748e-21
-.002647716915815106
.14702666927869812
-.0011838010620633397
.020241633577833106
-.0017716122426572542
-15818162781817475e-21
.030999437024940683
.0021232822095535644
-.0015611578804986205
-.0004491202114953065
-.0004161669342252475
-.0018550154757293281
-3177582917711638e-20
-8693827462414119e-21
-1582736451113591e-20
0
0
0
0
0
0
0
0
0
0
0
0
0
0
0
0
0
0
0
-.034906497846680845
0
0
0
0
-.03791267787277889
4651473441446135e-22
-48971957177144467e-24
-25417598416506493e-21
-158442604622003e-19
0
-.009045917766858399
-.27182139708757674
-.00020449818538361306
.002716759267128024
.7618337602019186
-.08603202393668362
.004591752977035733
.002261453231091718
.007736271184280667
-11949601021570813e-21
-.0012790292446503225
-.0009378476885068506
-1984901001464479e-20
