3.0260939245350076
.009098286006456008
.0008382609191883594
3269219909226607e-20
16122066182227866e-28
.002560289543074311
6.6813014019677635
.6659330747563358
.0543505303013265
.009696481014590634
.07206820925462297
.747645636330532
.7039760530255464
.04976458586109166
.0007086176949041009
.004971337674898805
.0005947956559940151
.002677391384587521
.0728392151025971
.0048611064917249555
.0021246411491334352
.0015281025778156507
314977703165245e-19
.0019749709631887154
.05044041318633983
4.081651032033682
6816382922797791e-21
.005385349960126334
.006034517989306581
.005169140554598687
1513260258611169e-21
.0001783823283890629
.01324686672781234
.0010270770812255937
.009418107547977717
28795603967795886e-22
.0023986839066569756
.002612954025925657
4561196628053915e-20
.005095189803115886
47513665142510345e-22
.005167101207624879
.005166695649633949
.02105330408538916
.000622505908101274
.1022152366653735
.007783475631848335
.0005043636770619567
.02826205393421695
.07683141941667404
30257602586008394e-22
.15308433304111813
21050545189681334e-21
9.082690805000693
8.731272562230787
1.0993000773496402
.006796661575602335
.0006677507371757629
.0007280292947077312
.16977084047553384
.11128957750044854
9.6520810061999
7.681972124234562
2.6493724716936398
.0018600404987357164
.0003096600093445381
.001454570348105554
.005946354816755618
.007346392277477687
3.803174863245415
.0008443377717565259
9.6520810061999
3.381397868323081
9.6520810061999
8.83194127069868
.0014088339028227737
.008300295746105902
.00014871083495177114
2.1208848967385316
.00026743401762949627
.0020652308870889985
.01102322191679246
5759000828981447e-20
.7339736054190358
.05856983548969752
19035398341829367e-21
.0006444203459391352
.4419477645328242
.41594299832933074
2.4594803862727894
.0001279950495588385
.0003638685546500641
.7434012704326914
.7944898381432207
.14407830831906296
.00028718511291379997
.1599274413326506
1.1653263768889484
1.0086692965940947
.0671597243781941
1.243270998852048
2.024782789325143
.019108075722653654
.018412278343836973
8900908897766576e-20
.0001499481099000488
3.689292662262598
4.467448530946143
.4440867205750668
.0035826777568594265
.00011059488601221494
16260431972635127e-22
4871280774707078e-23
.04690624937185628
.016839316580656804
.0005311190989553982
.31322436824600725
27708378017550042e-21
.0001923316747351763
.025054677020058286
6499859246429467e-22
0
0
0
0
0
0
0
0
0
0
0
0
0
0
0
0
0
0
0
.06680709341967066
0
0
0
0
.13748645230085305
1230.5024384999979
.004042880052478523
.09870600970607853
.017163238913270863
.22078918497278832
.017306662649549293
.41035405830032506
.012875063195747789
.3974003224162426
.003831407536545619
2.2764346702581304
2.405858136477778
.0016552302531959425
.0048761404434752844
.5007480166152369
.35519931272069044
.22248089221982031
.2949742278688673
.01882546350320507
.01882546350320507
.04850589313331381
28481638002102415e-26
.01882546350320507
.01882546350320507
.01882546350320507
.01882546350320507
.01882546350320507
.01882546350320507
.01882546350320507
.01882546350320507
.01882546350320507
.01882546350320507
.01882546350320507
.01882546350320507
.01882546350320507
.01882546350320507
.01882546350320507
.01882546350320507
.01882546350320507
.01882546350320507
.01882546350320507
.01882546350320507
.01882546350320507
.01882546350320507
.01882546350320507
.01882546350320507
.01882546350320507
.01882546350320507
.01882546350320507
.01882546350320507
.01882546350320507
.01882546350320507
.01882546350320507
.01882546350320507
.01882546350320507
.01882546350320507
.01882546350320507
.01882546350320507
.01882546350320507
.01882546350320507
.01882546350320507
.01882546350320507
.01882546350320507
.01882546350320507
.01882546350320507
.01882546350320507
.11011910836911788
2230886597011333e-20
.01882546350320507
2230886597011333e-20
.11732378733913663
.07388876567736567
.01882546350320507
.01882546350320507
.00034311648730733194
.01882546350320507
.01882546350320507
.01882546350320507
.01882546350320507
.01882546350320507
.01882546350320507
.01882546350320507
.01882546350320507
.01882546350320507
.01882546350320507
.01602588025388569
.01882546350320507
.01882546350320507
.01882546350320507
.01882546350320507
.01882546350320507
.01882546350320507
.01882546350320507
.01882546350320507
.01882546350320507
.01882546350320507
.01882546350320507
.01882546350320507
.01882546350320507
.01882546350320507
.01882546350320507
.01882546350320507
.01882546350320507
.01882546350320507
.11011910836911788
.11011910836911788
.11732378733913663
.01882546350320507
.01882546350320507
.01882546350320507
.01882546350320507
.11732378733913663
.0012967341656585445
.12136476831795011
.01882546350320507
.11011910836911788
.01882546350320507
.01882546350320507
.01882546350320507
.01882546350320507
.01882546350320507
.00034311648730733194
.01882546350320507
.01882546350320507
.10919099734061809
.01882546350320507
.04850589313331381
.01882546350320507
.01882546350320507
2230886597011333e-20
.01882546350320507
.01882546350320507
.01882546350320507
.09527059554993286
.01882546350320507
.01882546350320507
.01882546350320507
.01882546350320507
.01882546350320507
.01882546350320507
.01882546350320507
.01882546350320507
.01882546350320507
.01882546350320507
.01882546350320507
.01882546350320507
.01882546350320507
.01882546350320507
.01882546350320507
.01882546350320507
.01882546350320507
.01882546350320507
.01882546350320507
.01882546350320507
.01882546350320507
.01882546350320507
.01882546350320507
.09527059554993286
.01882546350320507
.01882546350320507
.01882546350320507
.01882546350320507
.01882546350320507
.01882546350320507
.01882546350320507
.01882546350320507
.01882546350320507
.01882546350320507
.04850589313331381
.121019837980427
.01602588025388569
.01882546350320507
9999999999969716e-28
.12156899125871184
.12156899125871184
.01602588025388569
.01602588025388569
.04850589313331381
.04850589313331381
.04850589313331381
.04850589313331381
