1.5022614512201469
.5011851166803232
.011817469448735312
.0018542068103132683
4048173223525977e-21
.026751416678190323
7.0678659656778535
.6424433212073473
.06292611122199049
.047316832467206325
.07353429822751739
4.484147502347994
.7293461539890009
.29586082043050793
.004103902611037669
2.511039426827664
.2991321161979137
.0035703485295496174
.07520616782677574
.004693751992481771
.002056617590423103
.007389068459329009
.000138011818547654
.002648276106390121
.2516282292174674
17.359674307045758
.00016207313857363002
.005657585144235627
.006268283662269508
.005317783517389348
15705564088904664e-22
.00018390248606861198
.013656821922426541
.0010590786948294116
.009709556686744948
1722287097490881e-20
.0022536489193687374
.0026946197952668264
.0002637895949254531
.005260630482444427
27810055771710322e-21
.005367519990936339
.005588832375416128
.020984207158557075
.0003742475994077794
.10578689105967622
.007918509965647396
.0008690321740305654
.04992780946113585
.2704786536477763
.0012829128332037193
.6355229993826771
.00893652165702388
12.795307841400499
12.074912795757577
1.2993902206411965
.007060964592815993
.06362220507470674
.06967416029243126
.20835906523296796
.12951070669449305
29.96984731706471
23.735249132787775
8.31894332955126
.0023452534157149137
.0004286121577686409
.001489941124835666
.00624662299106697
2.9315834364912927
7.500492902171535
.02052946380875971
21.460345795483814
3.489060735099356
9.668304545634987
19.958948851196347
.0014547821932528362
.008490389517624628
.0006011239860958893
2.1471032763756477
.0003592974793666493
.0027905660589428293
.011330634547637174
.00035398368691871515
.9453632905957531
.718696439097021
3078909286501686e-20
.008632893453643167
.922410494612645
.8407377173887434
3.46826385514435
.00017907550616926148
5156048086428656e-20
.7397714780954522
.8639385205695557
.08243833376691094
.010769108480203161
.2775359640039202
1.5991382150842373
1.4927358290207982
2.0267798899206357
1.6332041765761562
2.1104547636311684
.028438247376643404
.03258717466576342
.009743764820370687
.00020359715017809074
6.376363934639448
6.189326714586738
.5408532438181426
.01750189523651165
.00359584364385635
6135050839463729e-20
.0005543875594824456
.09209387862371052
.02311636306510553
.0008538664942995503
.3964475216116393
4981900906415309e-20
.000246720443855329
.03457616830604309
1990205794555934e-20
0
0
0
0
0
0
0
0
0
0
0
0
0
0
0
0
0
0
0
.7523832771764805
0
0
0
0
.5932932800261884
1268.5813413234957
.004167990277236024
.10176054778263433
.017694369357442608
.22762168660464763
.09513853034607081
.6395921524579201
.1362578913513815
.46771038646545876
.006264445770891049
3.060768101647705
3.4486865074589614
.013687842696882765
.040856185497684105
.8397323824835381
.5781053528779492
.31162440020762394
.4123731509435355
.01940803284473332
.01940803284473332
.2226263015905204
48378701687307654e-21
.01940803284473332
.01940803284473332
.01940803284473332
.01940803284473332
.01940803284473332
.01940803284473332
.01940803284473332
.01940803284473332
.01940803284473332
.01940803284473332
.01940803284473332
.01940803284473332
.01940803284473332
.01940803284473332
.01940803284473332
.01940803284473332
.01940803284473332
.01940803284473332
.01940803284473332
.01940803284473332
.01940803284473332
.01940803284473332
.01940803284473332
.01940803284473332
.01940803284473332
.01940803284473332
.01940803284473332
.01940803284473332
.01940803284473332
.01940803284473332
.01940803284473332
.01940803284473332
.01940803284473332
.01940803284473332
.01940803284473332
.01940803284473332
.01940803284473332
.01940803284473332
.01940803284473332
.01940803284473332
.01940803284473332
.01940803284473332
.01940803284473332
.01940803284473332
.23591638040516766
.009827296151535894
.01940803284473332
.009827296151535894
.1717252057426655
.08605133535947451
.01940803284473332
.01940803284473332
.03310344108510709
.01940803284473332
.01940803284473332
.01940803284473332
.01940803284473332
.01940803284473332
.01940803284473332
.01940803284473332
.01940803284473332
.01940803284473332
.01940803284473332
.15756403346385556
.01940803284473332
.01940803284473332
.01940803284473332
.01940803284473332
.01940803284473332
.01940803284473332
.01940803284473332
.01940803284473332
.01940803284473332
.01940803284473332
.01940803284473332
.01940803284473332
.01940803284473332
.01940803284473332
.01940803284473332
.01940803284473332
.01940803284473332
.01940803284473332
.23591638040516766
.23591638040516766
.1717252057426655
.01940803284473332
.01940803284473332
.01940803284473332
.01940803284473332
.1717252057426655
.058464475409986255
.20688056756751183
.01940803284473332
.23591638040516766
.01940803284473332
.01940803284473332
.01940803284473332
.01940803284473332
.01940803284473332
.03310344108510709
.01940803284473332
.01940803284473332
.14809664650962698
.01940803284473332
.2226263015905204
.01940803284473332
.01940803284473332
.009827296151535894
.01940803284473332
.01940803284473332
.01940803284473332
.11973680913086954
.01940803284473332
.01940803284473332
.01940803284473332
.01940803284473332
.01940803284473332
.01940803284473332
.01940803284473332
.01940803284473332
.01940803284473332
.01940803284473332
.01940803284473332
.01940803284473332
.01940803284473332
.01940803284473332
.01940803284473332
.01940803284473332
.01940803284473332
.01940803284473332
.01940803284473332
.01940803284473332
.01940803284473332
.01940803284473332
.01940803284473332
.11973680913086954
.01940803284473332
.01940803284473332
.01940803284473332
.01940803284473332
.01940803284473332
.01940803284473332
.01940803284473332
.01940803284473332
.01940803284473332
.01940803284473332
.2226263015905204
.1911587138888033
.15756403346385556
.01940803284473332
9999999999984959e-28
.20100833703784288
.20100833703784288
.15756403346385556
.15756403346385556
.2226263015905204
.2226263015905204
.2226263015905204
.2226263015905204
