3.0602440150808974
.008595329939100794
.0008040253477074712
3048271511054879e-20
12135032994478768e-28
.002504930734957263
6.671674667840855
.6659991729815352
.05365861536622664
.009440538938690058
.07202676638614604
.7465623180332839
.7034384986525434
.049695893972915114
.0007076332043756716
.004654813135133986
.0005703540939205379
.002638269936577515
.07278693758292132
.004864196361318576
.0021258814817682755
.0014863118769071891
31390009932334925e-21
.00194441511157494
.04905061014616091
4.0480533103862335
6700209409976302e-21
.005378628430188705
.0060295824798666225
.005165750020047078
15122958084996266e-22
.00017826053515660376
.013237821752513918
.0010263716110273104
.00941167720013542
28758715324230124e-22
.002399670956068242
.002611154392293539
4555284914532204e-20
.0050915445825671386
4748457234354907e-21
.005163725916371502
.005163330580898429
.021050038633285053
.000627380226188669
.10213752474688385
.007779457983749788
.0005024533117806943
.02813302089632173
.07414188327361036
2707342754362452e-21
.1436775870843374
184043862462892e-19
9.009852117177804
8.656127560103423
1.0938771398979965
.006791266362179404
.0006030858368978465
.0006575450299090557
.16875418249711507
.11079263206647558
9.196746465588035
7.327151833945967
2.5357355934314905
.0018365066840757393
.00030460878243965505
.0014539375542886618
.005939052462596255
.006921198962838614
3.7705647998508924
.0008360705526868282
9.196746465588035
3.3790266304326018
9.196746465588035
8.41466122308993
.0014077904442291592
.008294793035594402
.00013929054862495076
2.1202766257138292
.0002633995756974838
.002033733583115731
.011016111368074157
5519739934481846e-20
.7232269567423928
.0545199549150594
18779225406385442e-21
.0006052771424967854
.43068605355710166
.40523059562500097
2.4186040147215735
.00012854608590425547
.0003646964100999125
.760264704007443
.7874736627376402
.1435944264821021
.00026248027227812344
.1563992385678383
1.1496431073768665
.9955274387138441
.06610381525917969
1.2341079900644318
2.0223790607737566
.018928795529667898
.018193283687134396
8016290195511526e-20
.00015000967661641526
3.674480340943662
4.431370427527693
.4417068855656615
.003424956994903808
.00010878007328772745
15969355892347098e-22
41800641372068036e-24
.04626480239038328
.016656027069242654
.0005192772160807302
.31150403617809735
27352786888106044e-21
.00018960437675709594
.024775609429658882
6392514085695807e-22
0
0
0
0
0
0
0
0
0
0
0
0
0
0
0
0
0
0
0
.06199152159320588
0
0
0
0
.12455603532270995
1229.6622900513034
.004040119700854605
.09863861634029823
.01715152039236721
.22063843704621816
.016554944449908515
.4066502054790278
.012187800724492293
.394163353528281
.003647290928422971
2.2518651762174637
2.379500849605491
.0015767327296031045
.004643858340067975
.49219034094841463
.3494104343927287
.21913706191106427
.2905544917844084
.018812610067516267
.018812610067516267
.046877643198547016
2235417993245496e-25
.018812610067516267
.018812610067516267
.018812610067516267
.018812610067516267
.018812610067516267
.018812610067516267
.018812610067516267
.018812610067516267
.018812610067516267
.018812610067516267
.018812610067516267
.018812610067516267
.018812610067516267
.018812610067516267
.018812610067516267
.018812610067516267
.018812610067516267
.018812610067516267
.018812610067516267
.018812610067516267
.018812610067516267
.018812610067516267
.018812610067516267
.018812610067516267
.018812610067516267
.018812610067516267
.018812610067516267
.018812610067516267
.018812610067516267
.018812610067516267
.018812610067516267
.018812610067516267
.018812610067516267
.018812610067516267
.018812610067516267
.018812610067516267
.018812610067516267
.018812610067516267
.018812610067516267
.018812610067516267
.018812610067516267
.018812610067516267
.018812610067516267
.018812610067516267
.10825481832826707
19496250829883527e-21
.018812610067516267
19496250829883527e-21
.11632639894185079
.07363686527806616
.018812610067516267
.018812610067516267
.00030987257619741117
.018812610067516267
.018812610067516267
.018812610067516267
.018812610067516267
.018812610067516267
.018812610067516267
.018812610067516267
.018812610067516267
.018812610067516267
.018812610067516267
.015226079625944623
.018812610067516267
.018812610067516267
.018812610067516267
.018812610067516267
.018812610067516267
.018812610067516267
.018812610067516267
.018812610067516267
.018812610067516267
.018812610067516267
.018812610067516267
.018812610067516267
.018812610067516267
.018812610067516267
.018812610067516267
.018812610067516267
.018812610067516267
.018812610067516267
.10825481832826707
.10825481832826707
.11632639894185079
.018812610067516267
.018812610067516267
.018812610067516267
.018812610067516267
.11632639894185079
.0011909183018541166
.11992279654290669
.018812610067516267
.10825481832826707
.018812610067516267
.018812610067516267
.018812610067516267
.018812610067516267
.018812610067516267
.00030987257619741117
.018812610067516267
.018812610067516267
.10844776281328075
.018812610067516267
.046877643198547016
.018812610067516267
.018812610067516267
19496250829883527e-21
.018812610067516267
.018812610067516267
.018812610067516267
.09478381870827589
.018812610067516267
.018812610067516267
.018812610067516267
.018812610067516267
.018812610067516267
.018812610067516267
.018812610067516267
.018812610067516267
.018812610067516267
.018812610067516267
.018812610067516267
.018812610067516267
.018812610067516267
.018812610067516267
.018812610067516267
.018812610067516267
.018812610067516267
.018812610067516267
.018812610067516267
.018812610067516267
.018812610067516267
.018812610067516267
.018812610067516267
.09478381870827589
.018812610067516267
.018812610067516267
.018812610067516267
.018812610067516267
.018812610067516267
.018812610067516267
.018812610067516267
.018812610067516267
.018812610067516267
.018812610067516267
.046877643198547016
.11978632114674383
.015226079625944623
.018812610067516267
9999999999969372e-28
.12020666435000642
.12020666435000642
.015226079625944623
.015226079625944623
.046877643198547016
.046877643198547016
.046877643198547016
.046877643198547016
