.011074263963991032
.0006127884197975076
2645477512650509e-20
14805984375781656e-28
.0021618254791343676
6.456521933279424
.6865241428739626
.04935994429953414
.014672818896675844
.06596973800343325
.740996050507901
.7051314997150325
.05316717256033908
.0008392390612687315
.005897253229425443
.0005699309314349519
.0028511798322618034
.07717597146073733
.005267434658638227
.0023221363565414338
.002356257787448149
3727542576362427e-20
.002082819412488507
.07367473715531372
3.733019228920359
564309906079374e-20
.0053059827172557816
.006093278488514959
.005043188758162671
12863921247818829e-22
.0001620598365475383
.013663014347522352
.0012302563580465324
.009349644181933167
29923961383524776e-22
.002436204066756701
.002767108367640207
5270110915276862e-20
.005189932833952602
5445658098370861e-21
.005041434209522487
.005041044370360975
.02042783815379151
.0005493735953440893
.102293686422832
.007283907658185584
.0005465418819649509
.02976987196952289
.07976712428081094
28420138022637533e-22
.17282341191679176
25218264311052494e-21
8.750329212731968
8.23721333805991
1.2531214132566943
.0066989014985577725
.0007037062679597675
.0007727408199884742
.17418752976076346
.11650563945272917
10.127434755033633
8.037991585140574
2.872403038352377
.0019343712644920177
.000308012644936606
.0015338761712035162
.005819826467862428
.00711330215439158
3.4540620300363405
.0007952997137655225
10.127434755033633
3.627149679841187
9.40132408328252
9.42339999793769
.0013364083453466017
.009020855754609735
.00015649329515179068
2.3033420179777164
.00024695668837023473
.0020191271589525338
.010705369320691877
7321836901837311e-20
.7409036300770377
.03383068968383174
21141393602552308e-21
.0003845346312524435
.3902374723749282
.36416162836233223
2.3427666227638846
.00014344905004129048
.0003510997083160247
.6660828784059083
.7272957576833643
.13959352473151057
.00027266740014720843
.16717354386885544
1.19497154318865
1.0347129917538884
.06682853080672538
1.295939971410872
2.001782978716616
.021933524683274225
.021111858425073536
8924346664643967e-20
.00014264138197831345
3.7246862408146204
4.412815318535932
.4505049582886149
.0036743811532692055
.00010952855001650047
14692790222932428e-22
6956099570435005e-23
.0520068025404104
.015077170171781125
.0004912462323873065
.3211193989064207
3485749282552926e-20
.00020070412790151824
.024723491195453712
6890606823459911e-22
0
0
0
0
0
0
0
0
0
0
0
0
0
0
0
0
0
0
0
.07325024980808637
0
0
0
0
.15784087675724903
1166.4685356884459
.004075391196503129
.10738870520650765
.01915873893661628
.2128625722193279
.019990688241632894
.4021982928929958
.013724414042414397
.3220434780060689
.0038694352941210596
2.2111205943021845
2.295792805278374
.0020700203765502013
.005343830024280443
.49731142565076025
.3727234977032173
.16549952384220962
.2970074186262585
.018838891421806704
.018838891421806704
.05026524631888318
29962186994606503e-26
.018838891421806704
.018838891421806704
.018838891421806704
.018838891421806704
.018838891421806704
.018838891421806704
.018838891421806704
.018838891421806704
.018838891421806704
.018838891421806704
.018838891421806704
.018838891421806704
.018838891421806704
.018838891421806704
.018838891421806704
.018838891421806704
.018838891421806704
.018838891421806704
.018838891421806704
.018838891421806704
.018838891421806704
.018838891421806704
.018838891421806704
.018838891421806704
.018838891421806704
.018838891421806704
.018838891421806704
.018838891421806704
.018838891421806704
.018838891421806704
.018838891421806704
.018838891421806704
.018838891421806704
.018838891421806704
.018838891421806704
.018838891421806704
.018838891421806704
.018838891421806704
.018838891421806704
.018838891421806704
.018838891421806704
.018838891421806704
.018838891421806704
.018838891421806704
.11209951206826917
2552741425808186e-20
.018838891421806704
2552741425808186e-20
.11837414451841002
.07415266041671643
.018838891421806704
.018838891421806704
.0003809958391760672
.018838891421806704
.018838891421806704
.018838891421806704
.018838891421806704
.018838891421806704
.018838891421806704
.018838891421806704
.018838891421806704
.018838891421806704
.018838891421806704
.016904179709187155
.018838891421806704
.018838891421806704
.018838891421806704
.018838891421806704
.018838891421806704
.018838891421806704
.018838891421806704
.018838891421806704
.018838891421806704
.018838891421806704
.018838891421806704
.018838891421806704
.018838891421806704
.018838891421806704
.018838891421806704
.018838891421806704
.018838891421806704
.018838891421806704
.11209951206826917
.11209951206826917
.11837414451841002
.018838891421806704
.018838891421806704
.018838891421806704
.018838891421806704
.11837414451841002
.0014161622776256099
.12288861005789713
.018838891421806704
.11209951206826917
.018838891421806704
.018838891421806704
.018838891421806704
.018838891421806704
.018838891421806704
.0003809958391760672
.018838891421806704
.018838891421806704
.10997234113957417
.018838891421806704
.05026524631888318
.018838891421806704
.018838891421806704
2552741425808186e-20
.018838891421806704
.018838891421806704
.018838891421806704
.09578144062427119
.018838891421806704
.018838891421806704
.018838891421806704
.018838891421806704
.018838891421806704
.018838891421806704
.018838891421806704
.018838891421806704
.018838891421806704
.018838891421806704
.018838891421806704
.018838891421806704
.018838891421806704
.018838891421806704
.018838891421806704
.018838891421806704
.018838891421806704
.018838891421806704
.018838891421806704
.018838891421806704
.018838891421806704
.018838891421806704
.018838891421806704
.09578144062427119
.018838891421806704
.018838891421806704
.018838891421806704
.018838891421806704
.018838891421806704
.018838891421806704
.018838891421806704
.018838891421806704
.018838891421806704
.018838891421806704
.05026524631888318
.12232112601112728
.016904179709187155
.018838891421806704
9999999999970115e-28
.12300766613444464
.12300766613444464
.016904179709187155
.016904179709187155
.05026524631888318
.05026524631888318
.05026524631888318
.05026524631888318
