.6181254378897447
.012703857413001597
.0020673735644681467
4596218805815914e-21
.032903382704987647
6.450719076194791
.6258135116129554
.058758289532516716
.05035527610808955
.0690472578704015
4.5477345307205015
.7432706641164074
.30210419380208736
.004234595102461811
2.767311190632266
.318731003099938
.0037091171676634214
.07226325909396591
.004787846889288448
.0021033437657869167
.007462572844496924
.00013524227493088355
.0027544459792590167
.26281981391103354
17.572877754838455
.0001419150745915974
.005649556426889039
.0063258685334949905
.005334234820006686
152401332752185e-20
.00018900098667174028
.014254215111255296
.0011417186450275302
.009379610358424844
17799158335947154e-21
.0021598098383271173
.002707722294203754
.00026725434709668454
.005365500375591725
2740362280615269e-20
.005397329082638474
.005709405350353845
.021104851664371236
.00040221175209772365
.10536618231912703
.00773245035872278
.0008709426802662837
.04789554974871926
.27401820850027914
.0011485596500340717
.549533159852718
.009048382202595299
12.458358160987746
11.564501582635026
1.4107900415234207
.00710705310346661
.05884057496606825
.06397595721233869
.19578117374997347
.12737525092257101
29.929144727466507
23.61284399095447
8.109911665141583
.002374523624740412
.0004147368329363611
.0015277731892013014
.006029636100314715
2.8645332420205305
7.485569745547204
.019620122895764074
21.647195662106153
3.3208931728652193
9.042388382801843
20.25071521245337
.0014236759171593065
.008464012075770116
.0005847864552167287
2.0530996718903824
.00033423226337956404
.002812656240925085
.011203763199742506
.0003628146786346173
.9274639955027669
.6976174735734867
339915950187038e-19
.008505810429749178
.8470125341079904
.7647027273820781
3.4074185660302576
.0001898732130754708
59951173521593445e-21
.8458633650068136
.8458501746299129
.08433523642483717
.010412738333809641
.27235631755646744
1.662763415357311
1.544819360319629
1.9620577775709704
1.5744301388364277
1.9996952260851883
.029245851717223985
.03688944504097731
.009165820189312735
.00020852347709682226
6.166837588693615
6.020073759008636
.5192217719606543
.017573698830122875
.0038827052210276187
6118274034380018e-20
.0005654628512378256
.08942723876226101
.02367359874787082
.0008651354808981744
.4118117405949824
5024013852567195e-20
.00022836318974608861
.035491954085395495
22271939734381166e-21
0
0
0
0
0
0
0
0
0
0
0
0
0
0
0
0
0
0
0
.7687687211636985
0
0
0
0
.6272560558017609
1287.6502402951642
.004193297064070655
.09960350747140272
.019014320225649178
.20971003801482527
.09779509346004271
.6239255700426541
.12728693803694774
.4492881603567704
.00624362820927014
3.2178245936145493
3.2159746018500264
.014178993086323415
.040268997470149726
.9015209103186599
.5634190556065295
.3199485581605993
.38233666250573245
.01940684794510754
.01940684794510754
.22194744081663273
4688539802539751e-20
.01940684794510754
.01940684794510754
.01940684794510754
.01940684794510754
.01940684794510754
.01940684794510754
.01940684794510754
.01940684794510754
.01940684794510754
.01940684794510754
.01940684794510754
.01940684794510754
.01940684794510754
.01940684794510754
.01940684794510754
.01940684794510754
.01940684794510754
.01940684794510754
.01940684794510754
.01940684794510754
.01940684794510754
.01940684794510754
.01940684794510754
.01940684794510754
.01940684794510754
.01940684794510754
.01940684794510754
.01940684794510754
.01940684794510754
.01940684794510754
.01940684794510754
.01940684794510754
.01940684794510754
.01940684794510754
.01940684794510754
.01940684794510754
.01940684794510754
.01940684794510754
.01940684794510754
.01940684794510754
.01940684794510754
.01940684794510754
.01940684794510754
.01940684794510754
.23555654586804847
.00970459514915824
.01940684794510754
.00970459514915824
.17159419874432996
.08602507051620183
.01940684794510754
.01940684794510754
.03279809464305132
.01940684794510754
.01940684794510754
.01940684794510754
.01940684794510754
.01940684794510754
.01940684794510754
.01940684794510754
.01940684794510754
.01940684794510754
.01940684794510754
.15684315634718815
.01940684794510754
.01940684794510754
.01940684794510754
.01940684794510754
.01940684794510754
.01940684794510754
.01940684794510754
.01940684794510754
.01940684794510754
.01940684794510754
.01940684794510754
.01940684794510754
.01940684794510754
.01940684794510754
.01940684794510754
.01940684794510754
.01940684794510754
.01940684794510754
.23555654586804847
.23555654586804847
.17159419874432996
.01940684794510754
.01940684794510754
.01940684794510754
.01940684794510754
.17159419874432996
.05801698101888268
.20665964154082245
.01940684794510754
.23555654586804847
.01940684794510754
.01940684794510754
.01940684794510754
.01940684794510754
.01940684794510754
.03279809464305132
.01940684794510754
.01940684794510754
.14800625504739076
.01940684794510754
.22194744081663273
.01940684794510754
.01940684794510754
.00970459514915824
.01940684794510754
.01940684794510754
.01940684794510754
.1196819936246119
.01940684794510754
.01940684794510754
.01940684794510754
.01940684794510754
.01940684794510754
.01940684794510754
.01940684794510754
.01940684794510754
.01940684794510754
.01940684794510754
.01940684794510754
.01940684794510754
.01940684794510754
.01940684794510754
.01940684794510754
.01940684794510754
.01940684794510754
.01940684794510754
.01940684794510754
.01940684794510754
.01940684794510754
.01940684794510754
.01940684794510754
.1196819936246119
.01940684794510754
.01940684794510754
.01940684794510754
.01940684794510754
.01940684794510754
.01940684794510754
.01940684794510754
.01940684794510754
.01940684794510754
.01940684794510754
.22194744081663273
.1909837273129033
.15684315634718815
.01940684794510754
9999999999984955e-28
.20080594233708168
.20080594233708168
.15684315634718815
.15684315634718815
.22194744081663273
.22194744081663273
.22194744081663273
.22194744081663273
