44.89709147439165
.31390121902819
1.1208300160355769
48.975228794196276
1.36369900967894
7.6932154998163265
.8728876509206874
.20797122569071427
1.393813290495026
.07488857627009245
21.882018050839726
.7660642330812335
1.5576926892636604
.017951792727131363
9.321817110091994
10.85962275186498
.011076652771166321
.0806850770280251
.01761457669996358
.006989071468522483
.042851846284985444
.014944816524460489
.010192420565406793
1.6443136782541372
30.313817175131074
.004752857045275107
.006145680932384437
.0066995633683113376
.006265848563694129
.005305832056930215
.00018701818866358189
.014330862988618924
.0012783126612509255
.010246188462182742
.00029219763916465193
.004369763885284947
.003032220963245758
.0025077406049125615
.00871029706555767
.000217089294680373
18.350742024326962
18.073690018159727
.030467988041531655
.0037956952684586624
.1495576240057327
.010336323876582404
.009523962066592666
.5970243408155536
5.423572825048342
4.847435992336717
3.514314972443113
5.083585560800745
21.79317932439104
20.718591135707637
1.974480581787657
.007457126644393979
9.235905034035534
161.9493365593291
.35803245253552
.17920060803173504
55.85602225088597
50.66076157663323
18.02216719841469
.0059190000886665105
.002219820448973353
.0016849322732456894
.01105237621544952
81.79772624306156
80.52052883176248
.04248743736858066
28.105309650995746
3.56927609849645
106.00464316097545
34.28191953306269
.0015853771601242414
.010517655453448503
.005430648198621249
2.7281456594986695
.0011106918803786728
.00954998207233153
.011898918697366744
.008313365010376056
11.422843376093649
26.17696938225052
.009939674475404114
.05848291030335585
27.689324276259917
129.5879841726517
7.634840206638012
.016108080580265343
.010001658791603118
5.175592837784606
1.6531491643217713
12.431811140584085
10.669234336000534
6.530334331449269
7.738255115362882
6.601859855464688
3.710179242561707
59.654927342390636
2.175785089175728
7.03392615465926
5.522568968844379
2.6777033000145845
.003292985600640868
60.660832021370666
8.593894960090912
2.0707080614526108
.46636452492778896
.017256497258233888
.00018001426219630844
56.637121895574985
107.35565646898536
.0987919264821841
.003425147392143484
.6102538709687424
.006082396144114165
.006262807165580573
.18829700711620315
4388435631010714e-20
0
0
0
0
0
0
0
0
0
0
0
0
0
0
0
0
0
0
0
3.4790276868978967
0
0
0
0
4.652680520904748
1347.5895937891266
.004575430064734978
.10660149344899307
.018609932466323288
.23532304462247616
.7919528260686606
1.1708666284548186
1.5735735234163188
17.7297155057889
.016205735500747435
6.433529483070677
6.679459363510553
.36004157721207936
.8257106511405187
82.67256731714717
90.28084980686687
47.848983889328686
78.81118348390837
3.4394975947626953
1.9608941886250895
1.6141184736047183
1.7187121562638685
2.6687251361392446
1.7752465933884385
2.590898711231142
2.1012076159896655
1.8218952693764572
2.17603384193094
1.8539229932944503
1.980012872502394
1.39937757642698
1.9323420893180578
1.53955642301418
2.5653338625701134
1.8614440895140154
2.1848955522616103
2.3076413416725052
1.771548340293256
2.553037491543271
2.745365673966893
2.4337526507527634
1.996392987266454
1.7809470110089995
2.5093616329522854
.024378815372406604
1.6421270725027557
2.255234231623287
6.377500246134975
2.067307222816181
1.974547648970405
1.3646650042089923
2.9779588995664277
1.4724026080991521
1.5994798145476086
2.944250859267964
1.3093876522169756
2.065338871622147
1.4360306968019467
2.031332039163963
1.4607212565040142
1.9278152794106271
2.6184465093805174
2.064592207112934
2.2289016756371436
1.7490670144368503
2.2623562113591404
1.6763025912004776
2.20880750533843
2.897224513211445
3.014202614296134
2.362332366029934
2.019996154342147
2.049343074379198
3.0395859013241324
2.462400711702963
1.027769084387224
2.6796929018503137
2.9097644791665043
2.0824098420807085
1.1736942243059003
1.565360041866918
1.7110630709255668
1.9906345288672764
1.5575553682903232
2.3518611283505524
2.219213952092715
1.8453680463507753
1.7640166495614946
2.6193765233526496
2.5435446032610862
2.0016354126392963
2.3752122300008476
2.2502822100374757
2.183316447708389
2.5456135045713952
2.3583984209342717
1.902802853144117
3.109141443397193
2.1345940251530413
1.9208633893118696
1.3051926477304119
1.513823922869545
1.611234417223619
.7089642317953383
.18375848385406665
2.259148379153225
.011620036767027785
2.5645717163856427
2.278825804985345
2.3343491299056227
1.8022826425692884
.19925234357695987
1.488873481612897
.20806978984072902
1.1709210682722166
2.9837371742317806
1.7376231675149418
1.9032620000979266
1.9248966217937937
2.068982554049379
1.6729071524048007
2.004788432034602
2.081783561571605
2.329306289393861
.010349812333205038
1.8774639422889998
2.0446417861588264
1.4738485338200131
2.395653490537143
1.8201074338869647
1.4101577709301585
2.260444125458473
1.911291755379777
1.9210062173036706
1.886980490248785
.7626619695914341
1.8037913936678853
4.428602318761675
6.368344004645292
1.4168857760299511
2.0888724480000884
2.543359617666322
2.5129965208271345
2.9074676132040067
1.926856550023462
.008695578178403494
1.616658650076175
1.3939734259981422
2.8576858427942864
2.4697746117895236
1.8431852055906968
1.9697563913658798
2.28054422052359
1.977998945497956
2.6866270509703414
2.0619276366508537
2.320644409376388
1.7397364872405168
1.6438863957898069
2.2084600683094098
1.3662403287957985
.21529859920005104
2.3149845672302733
5.404028316175267
1.5951270845682073
1.701328414022728
2.1123894949496957
2.2941054127237432
.969896333658367
1.7426237161893705
2.2036302541009656
2.1421528300221904
2.2891289749203065
1.3809966707780224
2.03171289951835
2.5485697493088586
1.797830287785171
2.6249365697368865
1.5164492699600107
1.1870769631477376
1.5606512778024866
1.924562914152977
2.216542942608283
2.3381089502707857
2.714596878616049
1.3662673852279845
2.300643119405296
2.2847505956071523
2.275578252100765
2.5648542354518282
1.7577643398690506
1.8631101808095838
3.01050715012107
1.9000797205955708
2.0752109250102007
.02421695804203887
2.086370230987247
.05776904354119828
1.7356052793427466
1.747475411203539
.546435348178548
1.388263135185055
2.2091579479394543
1.208748728646923
.047850969860856594
2.0843716675866935
1.1781654853056254
1.601790566815777
2.150431763182054
1.7537052390297132
1.5196616431591605
2.4188105175604546
3.1740136447252425
2.834306210971847
.6802915183933386
.01118645899673315
2.013730366150439
2.282108703737621
2.0263451732503968
.04556175860577203
2.272241086919336
1.7332852223796076
2.0645185388307543
1.2884925096123976
1.3027404520005856
.006511437419173831
.004482834703099742
2.4677256313090106
.5560970567266499
.14455514583939477
.8418189942343681
.191456819408591
2.1888019115846173
.11228681873633087
.09548617975438572
1.824532674092752
.6174818872353114
8.091590628649572
2.23758200027151
2.1145325664168726
2.324327228554703
2.365796800465806
2.1074266749626167
2.0194679637359383
.12203673127328853
.16345350529666453
1.9651801346738789
3.041785687120343
1.0291381358017377
1.992986891683492
2.347883451542074
1.9975137820558875
.01050175675997512
.301853747869594
2.921027066678031
3.680512472547881
4.187546281715071
4.127258788526647
2.3688536093042973
.011640072865505514
2.936337514719027
1.3313314773263063
.01508911972727917
.010567030694669364
.1608666954778751
.012540801805400435
1.8313575004691782
2.875827642035015
.01
1.8209592313829797
.014851249996189185
.007194719417775796
1.945856078928973
.009139341606958448
.0074015050836741345
2.163403372009176
.007028851797865851
2.325567792834163
2.2674348386848076
1.6410733585287978
1.5953812461085366
.009489540848697811
2.0815069185603496
2.6257655070882135
2.494532008128877
2.351547322666908
2.2202823834946632
2.6962126657482925
.010656978804330008
1.4080802681710218
.010882083410906889
.009543217286588676
.010472656212935232
.012553312727451858
.010295458345218264
1.4200857586676192
.0922033717269224
.06888918765008713
.00921990722321011
1.2919701927192786
2.2336225175102933
.0956915211558938
2.0483066607200002
1.547512104634033
.06511621356060658
2.209537001772048
1.712661302561915
1.7404583149006687
2.7905660753819337
.009335477573234219
1.6359630460308034
2.653537415858446
3.3418753194138766
.8131647701753337
1.619018174287724
2.231850130326431
1.5569091748709791
2.2343273055691326
1.7192266441054644
1.918560968738271
2.0696828885747887
.009205804718134926
.22303730158602553
.2004155572822873
1.9017532419209915
1.4350898039728353
1.872244971639197
1.709814209272088
1.4094261782688213
2.30236750195179
2.0617459452085276
1.7559623544600906
2.0251850308222403
2.1333794747112624
1.7937752872278656
.006254464925557628
1.599259822677844
2.0088234097587794
1.9418828576027884
2.0394248210707304
3.2469941914763982
1.6815791116685497
1.8982615212729745
1.839814594198702
2.141370697677273
.10785094221955405
1.8136352736036856
2.3470664524111933
2.366361629611083
1.6147777682506461
2.530617624906805
1.696192537609048
.23951093326938708
.1523839232310948
.13083480318187204
1.6847622091976926
2.1067776392765825
2.0690957210897136
2.3566853216449566
1.362783988453186
1.794427152344596
1.403074085247116
1.990047749737663
2.3730020567330183
1.7180433160772275
2.3193485211180245
2.412089568036837
2.0125110020462267
2.2454057007876504
3.189695512636532
2.1009197199749896
2.0637857532672412
1.7650544850255763
1.4310490317793898
2.0231430671678825
1.5707567259105273
2.1099841658056118
1.8774260144176556
1.5722188508770973
2.2353821274149484
1.6829298779990833
2.267757936777696
1.4079411750913458
2.2890107192032834
1.612103521402112
2.5151560829866066
1.7697800485769672
2.1091174764420226
1.7197336698894974
2.0318524323732023
15.207460038528662
18.101919588829464
2.5730837950921566
2.2420124281613036
1.7846590048769908
1.3689377648117478
1.559466788826282
1.5007436696650307
2.6326469406285344
1.801466500909249
1.7172224417132924
2.2450337494186208
1.901478472153466
2.884835326799077
1.7020535837264141
1.7942737041486923
1.498227630703731
1.8559892061329009
1.5109307563464012
1.8605924924671582
1.2903444244776114
1.8867025525061565
2.3254725401525813
1.21212266080814
1.9644526945307441
1.497823551440632
2.3096835142705614
1.8503734031182093
2.92607826984762
1.931335377639355
1.914890050250534
2.4512235054693177
1.3474248069763257
2.561956970815069
10.725465164040356
1.8474642964650663
1.7246848298091468
1.5816535526736526
3.522126953089881
1.961800132360993
1.892980341694688
2.8766631108764047
1.4698409451920456
1.8539908784833208
2.824571486495525
1.3684591151685208
3.211139713724896
2.6432235649460045
2.581817883244904
1.99613723688233
1.4211290944679518
1.6406407705229964
1.755032642656456
.2736104294543971
2.7563591687360054
1.8573601269083377
2.4912332370532755
1.60904779651066
1.9367717451892354
2.5133512529740187
2.0574472850044216
2.1192242633769207
1.9199520239456267
1.6795721066100295
1.3838784786606375
1.9799089602306057
2.428561470546359
1.852395918365039
1.7824875295117164
1.549917223956477
1.6212749116792993
2.511399141783355
2.8889626019256163
1.9033563378717644
2.1061950277867467
1.8861390184041722
2.336036048787126
1.6873765159763254
1.2342289825772088
2.134328408695764
1.862085098356602
1.7198308059774843
2.3043058140334587
.16092603779791467
.9391225501902977
.1222587103965777
.9564832996440277
.1106962107084152
.8571590230868772
.08862317635216954
2.329871215070166
.16950109551810313
2.491101980522823
.0848518689564939
1.0271548415985907
5.964422782401769
.37233725663921613
.11607947603212389
1.2860753751149345
.07077498150440939
.20629374234058206
.041897461270315794
.9106384518642906
.07531094741092757
1.1054129243645194
.09801481380967514
1.2859981757049543
.16909441754471588
.9753330809911485
.048552493300936535
.7476371245448334
.05883689861588631
1.4442894296156257
.00021103252886636877
.0004160664104600124
.11132404854129056
.11692087948706409
