46.48035832378541
.30797955644799135
1.2172466550587113
50.7760210345924
1.3084193790385141
7.753880051684024
.8217450819749152
.17883764894834814
1.4110193917387914
.07856475332388567
20.903822400398195
.7902157243027503
1.6304512009474064
.019990787910649836
9.560095579888609
12.538546989915508
.010433344135093111
.08396307612414816
.016738610459658555
.006821368581039004
.04880989863597946
.014533090650643784
.010207021226358942
1.6017722848084157
28.97147627197256
.005325829053214454
.006449560988420276
.007362112292681788
.006386065260085834
.005430532240681839
.00017279531980891197
.014813436635601506
.0012299708995965552
.010583877694804684
.00027814731367487776
.004674080479877497
.0028603188855056876
.0023390770235453277
.008625121090707576
.00022197299326863867
17.08632384718612
18.017231012969383
.028033508181915134
.00389753685633111
.14605675815710437
.01011873814629265
.009290750337608827
.5807466259217727
5.271590184072766
5.342684336979148
4.000387257107085
5.298348043766021
21.375514059417398
20.889858018897115
1.9102779069810913
.008123506686191839
9.616684195377813
156.03860278061916
.34310988723903724
.15611704848424157
54.73816203803697
53.1948358451814
18.94402023484881
.006400493050132121
.002360688231979464
.0017751637424928029
.010654798922606392
79.96982834604657
80.07245028203228
.03942567710091158
27.75720489770644
3.5227742714470525
106.88729269377005
34.75499602143826
.00156938014348795
.010003261261627322
.00554147203130675
2.6422446403515054
.0010558215906430219
.010074958623017001
.011261141680881792
.008061359170468432
11.01127863419521
24.474345818109313
.009929090157851232
.054507860251084575
26.541907065721126
129.15934578166815
7.852652568726876
.01602228599603852
.00933832599928517
4.963124851487493
1.65444247780047
11.573320550801876
11.361583171619946
6.185725109765839
7.5681005386702385
6.060024408106445
4.1779751097866935
60.748553500456964
2.053114698635803
8.490194647523095
5.508877120417401
2.4894576625180393
.0034171983382746077
66.87508177076741
8.984721961747686
2.1261718638466025
.48782135161540785
.015956029170221868
.00016925079874792988
54.79152360040267
99.68416279570053
.09424559971557873
.0034439744660470103
.6512071245559101
.006535598802810892
.0069938581732847446
.19660374249393847
4397881108528615e-20
0
0
0
0
0
0
0
0
0
0
0
0
0
0
0
0
0
0
0
3.322270489057755
0
0
0
0
4.385027740688498
1327.389005755358
.004647054172872011
.10423063551630662
.018704476406113526
.22913830649493866
.8219456130463658
1.2218230825803829
1.6629182761388301
17.397027747396063
.016120860038732178
6.346075502240371
6.655786668595527
.3623065522413862
.8338227267030167
77.77137766477038
93.74491917431605
52.267504683853026
83.87914216863263
3.3258811679937383
2.0865866024725372
1.6816712881376747
1.6576647078613587
2.940229223261572
1.743079957201157
2.511203011087116
2.0631337074340648
1.8785325389084002
2.254855927099368
1.9370920192386925
1.9573379637605366
1.3580873167428922
2.1309315721581816
1.5307644542509415
2.584531149870289
2.062679897368028
2.169138308899019
2.366450228446075
1.8642149882457109
2.286770441141973
2.823170476920513
2.6321693821553174
2.01308656732597
1.8240135992404178
2.4054141025482596
.025366254903479078
1.7133129054627452
2.2404728636979816
6.702031752101961
1.9304891354437723
1.9948639805019293
1.272437161444965
3.421793848826324
1.4469639263590988
1.536682546770215
3.4446243100702247
1.260035515796
1.9572732839300366
1.510587823420169
2.1082238810730725
1.4493198107522216
1.956062116296892
2.8578993998637237
2.0698837602506637
2.436652491463457
1.697727919083502
2.1748146326454965
1.861144724080825
2.198075924500334
2.461635961705
2.7383406183062613
2.4074642247024616
2.1065001229322946
1.9775042503446278
3.250540820704152
2.4142145317283186
1.05839551401944
2.5002361295344313
2.8298688531451583
2.1536322081607566
1.1354637857852907
1.810651218783183
1.6452749222485328
1.8547082104440011
1.545330739867528
2.351828823174005
2.3146645601129916
1.9143756856370207
1.7205890024902193
2.4062394171711365
2.380736554207709
1.876948886599564
2.3093048983298585
2.290457274373194
2.159737005279721
2.3204740153347005
2.2254670166560935
1.9931581961639973
2.9791138081782265
2.2399483224093992
1.9340615581448057
1.3990529369449525
1.6965163212723964
1.6431280337744871
.7583638602804165
.19673397317203228
2.160008792637294
.011933659042689672
2.687156072513286
2.202442650244832
2.4906178659129043
1.8122916890734118
.1914617042920146
1.46059463227823
.2032208967173418
1.1997205669594646
3.0791239752001083
1.8039902654781046
1.8486784783811891
1.8208152379232445
2.2762606956769855
1.8305212584239916
2.1217250848648357
2.135588099737492
2.5015946065176595
.010318533102050059
2.0270067935860427
1.9548488304203753
1.532902694902061
2.2838021611238712
1.9263973118445248
1.3767743607111187
2.1799608757271782
1.8178488892030127
2.187860437541088
1.901688584869788
.7538506470996507
1.7332163044187483
5.006453985209452
6.78088626383241
1.5527321021326264
2.063439138674074
2.730208587601193
2.378623655979196
2.738498594276987
2.0169693113320473
.008344091069160094
1.5213749661143243
1.3329815467468091
2.977114012044677
2.602495957155733
1.8843230706989784
1.9476168686820206
2.2964209541463263
1.9475768780432465
2.8041995507759605
2.2168879229356904
2.3673039018773294
1.7144956502898498
1.6599008207363855
2.2792533005858204
1.2582793162335695
.23274980095665126
2.2980132154859447
5.2025252864143265
1.5068049211687256
1.7508989154059493
2.056276472962332
2.2661961760777527
.9071466700686542
1.7181217934664035
2.5804348684574885
2.269513842147199
2.090773934523942
1.5259235351144702
1.9733223135370082
2.52378793763089
1.869932168027687
2.296032320942764
1.5088374792040686
1.1748897861803886
1.4643706771228668
1.862178332083805
2.1457712775965145
2.1376362803818645
2.7232070542763873
1.3705294545716635
2.4609519136357534
2.2588059733757104
2.502152964007306
2.462045422026291
1.6055082001863974
1.9618535575251703
3.4015403966499402
1.7981753619817031
2.0074118530961416
.02312456452725897
1.9891564582555032
.05698054379787724
1.8702535803897324
1.8450384110260991
.5373104353884444
1.4428065541143504
2.1559120971544234
1.2694031588410122
.049393403347483315
2.064147853919935
1.1752914800554686
1.6765973068544462
2.211074730447278
1.9712068083655776
1.6265394292606226
2.5791085470545227
3.332647332077833
2.8590280725466815
.6303927716365813
.011544786755956814
1.9192911612909536
2.2470096331760105
1.9516004411066017
.0483779676409584
2.3575478005836064
1.6987713140934573
2.2313473942446964
1.1878603101356051
1.2865815981660926
.006925756804577089
.004426825393712174
2.3921904052121397
.5777105993201624
.13477016498693467
.8520819946756388
.18007606144606123
2.3318983151133454
.12136391767471834
.09286055907031061
1.744019461666746
.5890954278756758
7.9832798684604525
1.9824445500184549
2.1370510939497347
2.6029819238165874
2.4190866644243987
2.2275158311407397
2.0226447177822457
.10874661557343203
.1736301843911371
1.7794488711859286
2.8459641429775453
1.0574490771552811
2.0700249393855956
2.255139156491035
1.8966686368240842
.009836342856182503
.28556147761119893
2.87431995572813
3.516645469227577
4.47006973376798
4.30821782599047
2.3148372484764623
.01175244013236565
2.691976027318698
1.3260634556549777
.014457963431330953
.010760119460791332
.16527610125314143
.01228878803787891
1.9102451367224427
2.840714593359426
.01
1.887226710117431
.013014142167090438
.007210365414763059
1.988905798601851
.009749289420267223
.007446093215429686
2.321860441678507
.007328917693402571
2.169209425710893
2.075550578945336
1.5741347591170562
1.728562669752906
.009102680317923873
2.011166257347588
2.3091121636174408
2.544096201695744
2.4767512645025835
2.079010424525134
2.7010336912206587
.01101221101138908
1.4611100436976392
.010936313853702062
.008525151834508454
.01096348382909885
.011245938741839602
.009738885708441706
1.4243290184801285
.08790194999316091
.06639210072759681
.009521149466306092
1.3084219123339385
2.2215391013673202
.08538280705229559
1.9044691343084814
1.4926275554855806
.06174743455722135
2.158496611249979
1.6513817210610335
1.775250624849616
2.6843753975900624
.009073848106519079
1.6667057139190242
2.6363817399914957
3.526627630900001
.8509851390729234
1.8078406275880046
2.1979387704641704
1.4804841471523125
2.1879617114561896
1.6714907016115126
1.868966159094201
1.9544130150369379
.008980806075105782
.20622572710975226
.20012898127965362
1.8149840349336022
1.3806044569472302
1.9407361123369202
1.7445643204240626
1.4286079656878854
2.1672904501488084
2.093061451183379
1.7858133015525361
2.018901290674851
2.2520741170026572
1.8387931524520087
.006327899706882123
1.6005642307378647
1.969249513537696
1.8087842025852927
2.217534144123195
3.1646745933341336
1.792430343845681
2.13137104082131
1.7635776346228347
2.21750131047918
.11895357026977024
1.7254583513555057
2.2214529979837923
2.3714403628673835
1.4700766526891804
2.4819780151233615
1.5468559052369426
.23528119550634966
.14673395222348484
.1322352279732703
1.7178090414721237
1.988692260410241
1.9026382443186154
2.4056637056782777
1.4442818961268185
1.7933356989896976
1.603708734061036
2.216801627114022
2.262051865474646
1.7292419699727755
2.214880344559214
2.400131384781317
2.0360842768518483
1.9623238409591466
3.1018248663891836
2.152179299375144
2.0694345043076896
1.7844036194244401
1.383106101831206
2.1960815993756024
1.6281266042860303
2.293511598676597
1.7065611522017556
1.5045314204203133
2.1860231749490495
1.8387941027721326
2.3627997159566156
1.3274177562312433
2.284589974163502
1.639539537252175
2.5817073658820346
1.7816445372720038
2.1957704005225716
1.603053249656834
1.9948336175544608
16.494011731119546
16.12450495793145
2.75951082317071
2.0847050505459492
1.8162584655825385
1.3283754111736559
1.5333398930033117
1.4119284155804237
2.975053430792514
1.6685058475687604
1.6791865905764962
2.4087643877645744
1.9215148247478897
2.694378564502785
1.7345429210237784
1.8749306988850831
1.5776687218052594
1.7591950860124497
1.5092307841252626
1.991372549186923
1.346499557085277
1.9626816971687793
2.2956419995050386
1.2590387066194313
1.9645580399290896
1.600827117888034
2.194918767202513
1.8301774053295417
2.5523365857330305
2.1891552519415662
2.117645108459962
2.4472250580984385
1.2196460461393468
2.5321410670430433
10.39166972142946
1.81818733180566
1.4914910932517442
1.6282988142929051
3.27592529294846
2.113764722456377
2.095495025036049
2.6672804984211282
1.6202012556748369
1.847125101838218
2.746314063418427
1.4133271234442248
3.2581995853636467
2.4648665499420574
2.648164547117065
2.139030183809278
1.4275754977029487
1.6056653693927538
1.6028909548814052
.26305725826259396
2.7088299616807903
1.79460408656991
2.400922893868123
1.8423098913986458
1.978561128390798
2.449004138600464
2.0186466265701517
2.1004842233928285
1.8882117566269054
1.526021013482177
1.3714525212459194
2.1465749726428123
2.485771421562255
1.8003443948355908
1.7619435189987462
1.6361118541102753
1.7000137468146768
2.3353911528466798
3.0553967807040125
2.079169584600486
1.96678466082588
1.8959365440255278
2.255754822152698
1.6121459203023345
1.3052531636105777
2.361348020246547
1.7898887242951864
1.7192991167376523
2.330844239498127
.15759994123885784
1.0378218148496994
.12164448360811438
1.0264756392931087
.1002251797047373
.8369282496316032
.08825272184299843
2.180073344533199
.17423274307718986
2.6143318468628856
.08923012244905842
.978784425163309
5.598641664124285
.39429093074947713
.11627186749606927
1.2345044767434987
.0642565736763807
.19907470517307826
.03922820006068712
.9108148395065196
.06836725313884495
1.1081306671389364
.10306576093028652
1.2094605484181853
.1841948890238155
.9426043219869608
.05390011804519631
.64804676505692
.06041667505994673
1.383590740672533
.00021135403709801663
.0004166430927715091
.1049523114650885
.11432588628296053
