6264269002166158e-20
-.05548621977491671
-9666348373075093e-21
-4314254747703523e-21
-.036793474486298494
4174885918422427e-21
-10203775661189021e-21
12669614914811984e-22
-.01761861984767425
-9843810019294737e-20
.012037005232778822
.021707260322261137
-11618973177636591e-21
-17828041594603602e-21
8707915337088636e-21
.01702314410925385
-.00013340523858075104
51167435278686735e-22
-7652631719840526e-20
-.0005959645691841367
5525165631194616e-20
.023110997717511742
.023554008014446588
-.0007683326207707055
-.000164578273052366
.02338042038730461
.0014083428824446641
-.028248151783710804
-.020745344506707848
-.02708694745883947
-36151860230890743e-22
-484197443862111e-20
.0009234539338292064
.0008962848306313366
