31616419888780533e-23
-1154022949938137e-20
-7142509492908688e-21
4339889557081206e-21
-1357604081980766e-21
-23794482673631627e-22
-9398120788447902e-20
-10413541857449464e-21
-9367028185849378e-20
-46308914265442805e-22
8421005074868895e-21
-15256459944525685e-22
-20493022147074163e-22
-9945355832831718e-21
9986129910911293e-21
-8222786083595366e-21
-.00023932212976295167
.009507577388083518
-1531791679379829e-20
-2331146461746535e-21
-.03829854665356353
-18869475874224998e-22
-10341007541018516e-21
-53596178954474465e-22
-.005237729469696878
.0012219591976944764
-.020740327893163164
-.03237030453040554
.0017392413885754599
-.006056418708180581
.004240014957118954
-16533836620516062e-21
-7484492700398832e-21
5908904513836409e-21
0
0
-.00010923968400576079
-.00022840306356543017
-.02299489004046921
.0012218912207887648
.050986684432097855
5365864991287647e-20
-7823161394850368e-21
0
0
-8863719744566565e-21
-6529665319526456e-21
-6207860332343424e-21
-.025046023036426487
-4721955588861571e-21
-5192723502417269e-21
-8823520439601593e-21
-34720777707132723e-22
-27821629726160054e-23
-73366962498928505e-22
3189850222374951e-21
.00016746476575049004
-.026325528096068012
-.02092804282827248
-14613953973279565e-21
-10267884740851065e-21
10041893871525454e-21
-1757277771296206e-21
15561413981279717e-22
-10921428597286218e-21
.023208922014891113
-6880533844567342e-21
-4122585380122987e-21
8149612732961085e-22
-.005163099768101123
-10581534650128023e-21
.0002069338798329162
-9750426413187218e-20
-.017950226372942857
0
0
0
0
0
0
0
0
-41750129503148987e-21
-.1631537805391434
.005630173597442728
-.006009955159679433
-.0011876536937414795
610644382785438e-19
-.0036659351033003816
0
0
-.0044055584262398095
.0014778901762018092
-3212853188461845e-21
.06107334950618937
-11053778899605345e-21
-3250052060930237e-20
-.00031105603355955686
-.017318465704360433
-.02548636053274702
-.00010080450548608575
-.020763618042413265
-.00011425847420108725
18808920349313816e-21
.06135105741919438
.017960390890920747
-.00013576799052965568
.0011768498330116484
.016690820799587232
-.00011911041316203683
.016571221907011047
.11749129585987425
-.007413178696320192
-.0001286309691006365
-.020522967306533652
-.021813122008876095
-.02095131970480602
-.0054508166511248
-28831508830644584e-22
-.2358196104255255
-.021350966503419114
0
0
0
0
0
0
-.0011405583021985718
-.01767319039665316
-.024305618480939747
0
0
0
.5998950191305552
-.054935233558508226
-6740036881471759e-20
.0001619784946141799
.0036037774522805544
-.03388038321375952
25920002235480707e-21
-12365258541949991e-21
.0005259838674082167
5454670179618427e-21
.0024111204186647336
-8475263132307248e-21
.00578365050524589
-1308163853622088e-20
.00010650073309824376
-.03417437012369813
27311368068164634e-22
-.1642145434640818
-32111951569943473e-22
0
0
26157279450308738e-22
-12650645136796853e-21
7873497809067827e-20
-.00039709707324422314
.0012210238187711575
.00017845935255711505
-999599985379321e-19
-.033381283998018735
-9720932349879425e-20
-9721221298255397e-20
-9300842984207847e-21
-7411406024739517e-21
-.004998711790373577
-46316221430801465e-22
-6115357603887276e-20
-2745541186184521e-21
-9806081249173334e-20
4963780080471208e-21
-.006401660648653638
.4913984423577712
-9965696589580885e-20
-.028924946536362448
-.025684733950331693
-.02427122319613864
3486497350988219e-20
-.018090793843924955
.00048373037555123516
-.020362707687788723
-.01523803201803752
-.07541057782438795
-.020412389498378283
-.03878879490568392
-.15617589159104195
-.017141088669607545
-.005962009448123132
-.004083325064266915
-.00010079783258601846
-.00010026252841751143
-.00010248266760399345
0
0
0
-.0015561345554546385
-.06412094002490877
-.007764980404200437
.00015408626971702684
-.03061967115026323
-.02095416412330144
-.17774723346789295
-.005217713228584456
0
-.02293513847292463
3383818050533071e-20
.2833498878917439
.4767882273730193
.009834258291720747
-.00011045336804732647
.03758369698633186
-.42155046886539055
-.10725191114614815
.09990883096900466
-.0018149377331579308
-.025748415034690046
-9630000930226687e-20
-.012229379418365017
-.0018732410078908062
-.006166908962450507
.00015324796318898754
.004862958194208574
.0025623682087316333
-.0003006213990429309
.000406912919854039
-6719297717894742e-20
-.00014117364463986788
-.028451807083183765
-.01681791080041772
-.005073914401154695
-5121253487914154e-22
-.020676246252866785
-.02087391251794417
-.011879938462232776
-.09261295591845284
-.020055888170942924
-.009401988711783073
-.16767795770348318
-.024615624443004778
16552370639200375e-21
-.08082650978684391
-.010741672096024881
0
-.01047426275761677
-.010222364136555957
-.009928182294360193
-.06615824516849919
.14845504309291407
0
-.061516152848201555
.015623675161682404
-.06773979237952876
-.009135326343316588
0
-.00767627713800996
-.01074814018121876
0
-.009545136217073261
-.020765493909314515
-.021197171889031714
.00016255369907687168
0
-.010611359307170084
-.00010296590085731216
0
0
0
0
0
-.010411669701357838
0
-.05988938710422557
-.007426016505514213
-.06020092880270666
-.059517678268892454
-.009661386707410964
-.0001398457540984458
-.01874159495292177
-.006617131587180106
-.006240155567030036
-.00010129936844656836
-1266551126606594e-21
.00033878923215891843
.016726178364147935
-.00010031810329076617
-.025966987289661257
.0166883473417583
-12932502498343877e-21
0
0
-.022704359903670583
.004276956777244495
.010301584044321162
-.16787585801340685
-.02322852836217821
-.031255699762450816
.055013753185649064
-.005294181702815076
-8943630470957908e-20
-.01674948600505179
-.00010210864899193154
0
-.043971274028850524
.0012998022255547607
-.0001008251728775377
0
0
0
0
0
7971554543543715e-20
-13673789804472157e-21
-.015393586565287953
-.0001009952412199263
-.01861906092236096
-.024954405552991284
-.005895397799882067
-31159680921998432e-22
0
-.005555162495555302
-.16760878871570917
-.0002985764205622568
-.00010396968529230518
.0006511626309135218
-.02063458350521058
-.0060939715017545625
-.005476016363096644
.0012200071388405423
-.00010069191850873275
-8458466428251853e-21
-.0001906748642827881
-.00010056330727183994
.0001877740741481468
.0012235089733104675
-34196700511174152e-22
-.00010273690306976968
-6488015430764473e-21
-107767882127188e-19
-.00010047325411885927
.00022090958146597697
-835171349935148e-20
-4099907415386521e-21
-.03535678406328507
-.00010154547351355796
19765125230407338e-23
-.00010079094508491273
-3857862361598493e-21
0
0
0
0
-.00013459677031090164
.0006564198150836357
-.00011418465597433247
-.00012528712355753762
17034991444999954e-21
-201577676359213e-20
.00026586750660722593
.004114284658453269
53117593601979834e-22
-4367592405132593e-21
6418346383942732e-20
-457517551271817e-20
-.00010090984037901326
4085346854151604e-21
-1013203930295265e-20
-.027402632303506945
-8651810399268966e-21
-.00010089795923096599
.00033627877889930147
.0005096467538905135
-.19040279479555933
.0006943099698356312
-9440206484229823e-20
-.00011284841053759302
.002086904277818475
-.016993756945280554
-.02071515153169187
.016730663331875704
-.00010036767160017796
0
0
0
0
0
0
0
0
0
0
0
0
0
0
0
0
.000203113377127653
5384330742997179e-20
-.03499519326107968
.025249571484373293
-852202159878914e-20
8135941979165192e-20
-6204489188475232e-22
-4564959966786137e-20
-33065705349509684e-22
-.16126935983400145
.47729530045862223
-9779903081888617e-21
.01701343446082925
-8793482970697649e-21
0
0
0
0
0
0
0
0
0
0
6876832095877162e-21
-7677999529759557e-22
-3232794513067086e-21
-.035137291048967054
-.020122454645307732
.0015820768611760436
-.00010035786767095992
-35488516498812724e-22
14012863617995136e-23
-31499383635786824e-22
-1306368465567713e-20
-2227887607342538e-20
.001582178614735308
0
0
0
0
0
-.00010099501636572714
-.00013238512789486798
-11008714946767483e-22
-4499181469879278e-21
-.033993531779020085
-.0001002210091969373
-.005824962149627363
-12518547706034678e-21
-7821485837631398e-21
-.018016248188560666
-.0269223895051672
-.0001009051517039919
-.00010074269406820852
-7507217638918155e-21
0
0
