1.5094700785678412
.7666608443285599
.014754902972929843
.0033551961989419887
427099371324965e-20
.03973711231511212
6.640797780205094
.7166198279245857
.0597707617451121
.060236674109116393
.069664582692632
4.737461080035893
.7437009940586059
.3245050359868833
.005209155859188499
2.9767670716362655
.4303995227107632
.0031999696634265693
.0750387579562039
.004650995469228755
.0019518133495510276
.008309599021419159
.00016241141582335242
.0027922006810253024
.28503902785666657
17.026764924617236
.0001399190585586033
.0057487753795217745
.0060940853518044475
.006038065098528425
1408168242643456e-21
.0001738337919989345
.013931233620336648
.0012764346448707604
.00984692729369224
19451612919934235e-21
.0022221083636362426
.0027283944545252346
.00030146945204436815
.004963259409569391
3380573468360651e-20
.00604777129015622
.0062691346798125994
.0206852041691217
.0003392381108121038
.11347581731868288
.0075238343807996835
.000906648288060061
.04475526334706615
.24991213341300442
.0012342614698533701
.5584619922795446
.008940299302734843
12.203307761855157
11.340540515363267
1.4100018214722523
.0068622945407029925
.05955722772708822
.06601830672758069
.21925540912057118
.13294600556112837
29.873732285762117
23.460881832729335
7.848224666458623
.002161351809872541
.0005161827129425842
.0013670778497068073
.006363075291880484
3.070399422554059
7.237769631495982
.020247766076447078
22.67030267759443
3.4537242666236234
9.81337620809168
21.250923738397283
.0014670655507162198
.009185550885466073
.0007141149305330663
2.261670623521945
.0003216519983359704
.0030171661767910032
.010852829144387404
.0003415553303089895
.9255599234665668
.620275896565802
28205319468183704e-21
.005928336361104127
.8770387171635621
.7819244130417008
3.4405977637170775
.00015994103614725384
5807638932254766e-20
.6959264703202627
.8599910559020684
.07461859327964925
.010610637656362977
.3062822034029636
1.6902383268935952
1.5588965319050323
1.9978034182608835
1.615496353324823
2.0939133998985273
.02553637534484294
.03466732484772241
.00911581435252648
.0001595681651283814
6.33095280025179
6.2421085302629375
.5460954912959932
.017835722351756914
.0038263332012215315
6761051728693364e-20
.0005188732503729358
.09106224950662327
.02097186175247082
.0008368706642314919
.45504988501908356
5042369037028001e-20
.0002277966735788199
.036437973662647144
22557369061925437e-21
0
0
0
0
0
0
0
0
0
0
0
0
0
0
0
0
0
0
0
.7428098549210186
0
0
0
0
.582999336075641
1327.9830877707038
.004480162450457245
.09893037293983868
.01779878142160587
.22021803518135286
.11007433029755259
.6496057702335325
.13798305100959565
.4339590407409647
.006276736321921459
3.1968204430400644
3.184371650402297
.016484089146867116
.04322434239878683
.9162540886345647
.5650953144238045
.2447853853292248
.4822362821973941
.019405234940900015
.019405234940900015
.2210270733139264
45566567024255095e-21
.019405234940900015
.019405234940900015
.019405234940900015
.019405234940900015
.019405234940900015
.019405234940900015
.019405234940900015
.019405234940900015
.019405234940900015
.019405234940900015
.019405234940900015
.019405234940900015
.019405234940900015
.019405234940900015
.019405234940900015
.019405234940900015
.019405234940900015
.019405234940900015
.019405234940900015
.019405234940900015
.019405234940900015
.019405234940900015
.019405234940900015
.019405234940900015
.019405234940900015
.019405234940900015
.019405234940900015
.019405234940900015
.019405234940900015
.019405234940900015
.019405234940900015
.019405234940900015
.019405234940900015
.019405234940900015
.019405234940900015
.019405234940900015
.019405234940900015
.019405234940900015
.019405234940900015
.019405234940900015
.019405234940900015
.019405234940900015
.019405234940900015
.019405234940900015
.23506758279198872
.009546428153319894
.019405234940900015
.009546428153319894
.1714160081504239
.08598932650429798
.019405234940900015
.019405234940900015
.032393465361654404
.019405234940900015
.019405234940900015
.019405234940900015
.019405234940900015
.019405234940900015
.019405234940900015
.019405234940900015
.019405234940900015
.019405234940900015
.019405234940900015
.155868896577217
.019405234940900015
.019405234940900015
.019405234940900015
.019405234940900015
.019405234940900015
.019405234940900015
.019405234940900015
.019405234940900015
.019405234940900015
.019405234940900015
.019405234940900015
.019405234940900015
.019405234940900015
.019405234940900015
.019405234940900015
.019405234940900015
.019405234940900015
.019405234940900015
.23506758279198872
.23506758279198872
.1714160081504239
.019405234940900015
.019405234940900015
.019405234940900015
.019405234940900015
.1714160081504239
.05741872975830427
.2063592593024253
.019405234940900015
.23506758279198872
.019405234940900015
.019405234940900015
.019405234940900015
.019405234940900015
.019405234940900015
.032393465361654404
.019405234940900015
.019405234940900015
.14788328545446783
.019405234940900015
.2210270733139264
.019405234940900015
.019405234940900015
.009546428153319894
.019405234940900015
.019405234940900015
.019405234940900015
.11960740834970468
.019405234940900015
.019405234940900015
.019405234940900015
.019405234940900015
.019405234940900015
.019405234940900015
.019405234940900015
.019405234940900015
.019405234940900015
.019405234940900015
.019405234940900015
.019405234940900015
.019405234940900015
.019405234940900015
.019405234940900015
.019405234940900015
.019405234940900015
.019405234940900015
.019405234940900015
.019405234940900015
.019405234940900015
.019405234940900015
.019405234940900015
.11960740834970468
.019405234940900015
.019405234940900015
.019405234940900015
.019405234940900015
.019405234940900015
.019405234940900015
.019405234940900015
.019405234940900015
.019405234940900015
.019405234940900015
.2210270733139264
.1907457617641898
.155868896577217
.019405234940900015
999999999998489e-27
.20053073536113653
.20053073536113653
.155868896577217
.155868896577217
.2210270733139264
.2210270733139264
.2210270733139264
.2210270733139264
