44.59137947186497
.3339760656958034
1.1843481246640386
45.3004559706769
1.3799920876408502
7.511094958868906
.9008398203784492
.19989378705780325
1.3338504633693902
.07573014083807042
22.970139907761617
.7540829647856087
1.5609575299318403
.02033811713776349
9.454817535902748
11.224188035008751
.010851302463755791
.08727049227124947
.015616248859292888
.006830723242205212
.044046702887291636
.014843834357797969
.010061089730341827
1.7214007508551707
29.18777826277573
.0049685020632535505
.006644497383538144
.006800296245488738
.006335913388839593
.0053387547599307575
.0001806892768721492
.014254595985133374
.001325714945382861
.010518386834621403
.0002624271772405877
.004443298914310277
.0030033386662186193
.0023986415244116564
.008537803646138558
.00021742275771607803
18.924074355277618
17.144488990523353
.029821792666517855
.003573935302607092
.14898022132913186
.010257030073828373
.009499113478931911
.5891215922833601
5.422449866915289
5.080098895109062
3.588173861844474
5.148609543368753
21.688898424694774
20.954048368918773
1.9364572943689484
.007590058797929145
9.02291775402376
157.7741367645962
.35370058439735136
.18040804993283738
53.59829392694522
50.79190075877902
19.366659660138488
.005734137819721849
.00221338437762119
.0016015348350261465
.010429204984640672
80.09642336812281
78.28251481262569
.04132177106514972
28.540455681481166
3.567604850816342
102.5006078637936
34.347970404547205
.0015561384959045064
.010558554990394273
.005526290895915781
2.720909359093013
.0011192622470420858
.009742921813692096
.011834318445183583
.008305040985885772
11.456703810275538
25.788190447494838
.00939487838947614
.05677712548171314
27.24867533093919
136.71614803942023
7.470220949262538
.0157310361526343
.010820583059590118
5.5817361277259465
1.675291715204465
12.90120448408928
10.994226554078358
6.536696181846884
8.377126186918687
6.62181971480649
3.7910076442765512
62.47345184094508
2.1293640799867264
7.36485507385616
5.276061920545137
2.7303862963313406
.003169313841391035
65.5152920083717
8.74329272106301
2.09247571578057
.4963317885698502
.0163967259670206
.00018481395260020955
55.54708892897501
109.46293553383441
.10017496666899128
.003521968049559441
.6349384954244104
.0065912386646522995
.006698686719740694
.18801568636326907
44534642115533844e-21
0
0
0
0
0
0
0
0
0
0
0
0
0
0
0
0
0
0
0
3.427120613049039
0
0
0
0
4.499608583879189
1374.8768466326264
.004572410742669996
.10989196718351922
.01873803747925199
.2272260930035386
.7889033006752549
1.1610651107715324
1.5765990923714122
18.2979705208373
.015462740115623742
6.245199998567425
6.7112875569238675
.3656670938184759
.8747425340398638
83.77509308896012
92.20757971743338
49.3183373318529
80.50200851591808
3.4525102523137
1.955898414890303
1.6672208698785898
1.7043085529295408
2.782244668962233
1.7183506162146562
2.5932610078130276
2.1032447349298695
1.9447758874427807
2.2448581340042306
1.9225333137709326
1.867230604889367
1.467712405970716
2.020199700093231
1.54632602762577
2.666428457341984
1.8409797674256225
2.2297946732043323
2.1852693126122755
1.856413662756687
2.445718710267048
2.9459216016413423
2.554725678402454
2.1929263062848174
1.7955532480141188
2.528690885191318
.024070078728465557
1.7663296749973758
2.2990507122104393
5.867267710861716
2.052162512122899
2.0556755534057074
1.2887708158586249
3.108575288540815
1.421506403856762
1.5424839193407764
2.992014623179085
1.2767035037062182
1.9983360620248611
1.5202422993471383
2.138479825432735
1.5149434060279205
1.9504191999202498
2.7715037678376184
1.9563980885422187
2.2167577221451453
1.7992687381144026
2.2037522807048444
1.7749099892009197
2.2477027645306067
2.6729039174386005
3.0140270130315647
2.35426246206819
1.9624050376160418
2.043927534865549
2.919980027188188
2.5758146114378664
1.0576693977052714
2.6535295510289862
2.8259875350346872
2.197824190624893
1.1580802072449001
1.6732180513950685
1.6836937791003002
1.8678432194261192
1.5101058628260104
2.342420567661793
2.2097384165027742
1.8787658607065973
1.7587603671555683
2.5709472088531857
2.582825587038929
1.9970835437252905
2.184169709432737
2.331850845063283
2.136215925132022
2.4646058706056087
2.3251878655359657
1.978822007941923
3.1315623684779976
2.2502247020454558
1.8854406333388625
1.3043106877642714
1.5309962832433275
1.6477756427117238
.7495278491597829
.18787094249348907
2.092673318220329
.011494828342145373
2.452128119615875
2.223010847845828
2.411184974444827
1.8386797250160234
.18889039881283312
1.4646882041028364
.20541950636484962
1.1562974121365097
3.1728631086874484
1.7638306423816885
1.7651280354985002
1.9605299369553597
2.142160142636858
1.7002722515646762
2.0436379293744467
2.2272810906808482
2.2857447623335685
.010009012930159026
1.8466578090789199
1.936261156526711
1.4405737096667777
2.3385723443799544
1.9020507888958997
1.3542891065262121
2.3008920956471006
1.9514133528996311
1.9595198098676148
1.7587527625373272
.7290711525866623
1.6834509081877396
4.768534573953243
6.434112991849133
1.519297023256184
2.125684706891768
2.4879398658647256
2.661069046848133
2.837201786987943
1.8852675279862405
.00890549734158059
1.656057596510545
1.3798297125251147
2.7961271837788466
2.4424649060014607
1.8051335888384996
1.9903426274805498
2.369216242391491
1.9728967361760374
2.687558412691722
2.083323786266873
2.5029929657952343
1.8029276123835867
1.5875216126380518
2.1270331301585133
1.3407776264618219
.22691720588820194
2.302272359429833
5.809596230591712
1.6070863539284292
1.7049036824960357
2.025711707638026
2.413081056840204
.9507163528502012
1.726016028514846
2.093729031792072
2.0738681167069966
2.2946739016329745
1.4039385597344225
2.137442825619641
2.6164413450922526
1.7650519110453462
2.5095603018681505
1.5427061698578768
1.2011048326162213
1.5995580518068742
1.898046333166276
2.3437050583639385
2.3113303062274446
2.815297004697428
1.3297536243427686
2.2367420825971838
2.358520146646203
2.280051777960306
2.5556194463201893
1.7015385467343846
1.8058788325984052
2.9057489804808982
2.0151741391214455
2.0826262313807686
.02453625937903028
2.074193949234741
.06231480109493589
1.7782266948433298
1.8776199831228315
.5191826011551491
1.3879614680587629
2.163381373101148
1.2375716015586529
.04849084208281164
2.0943232243322387
1.1480087606364233
1.6903194372802797
2.274497051398231
1.8428157547850954
1.5210803624711196
2.514529705270917
3.3253945796206557
2.94840765002528
.688507700444682
.011249802455840171
2.1189938962074977
2.213180652964759
1.9598756526938326
.04710938851936592
2.2959474936613837
1.7555988274192975
2.305938577061358
1.2504577844830491
1.3025490023173856
.006334129954186766
.004462588475961059
2.6083001211207453
.5774896264410142
.1381397906899094
.8315185398041334
.20218379868551323
2.2418348476236454
.11220155076398176
.10011075575304743
1.9108062083997446
.5742392750042351
8.513651443045013
2.2495024766701026
2.1639741384799707
2.4714848959260074
2.401119986518405
2.095100908960161
2.006604126629469
.12788387510750188
.16019519339350927
1.972282862821063
3.1209343454290326
.9841203228319876
2.0371344012134505
2.39536464283672
1.9092588806770934
.010774538955957176
.2908017613132633
3.0567302129775284
3.60246189459831
4.188905533876291
4.2095868705785735
2.475047077348992
.010972170602311994
3.0054521048780187
1.410079076103904
.014482674022057471
.010948448385104108
.16442078886710879
.012208916813151458
1.8549484132960794
3.0062113554561827
.01
1.894349234437153
.01398328263135792
.007066486167260756
1.945228170759198
.009815633157576881
.008267753142472545
2.3625499134317405
.007155690454608851
2.3927315450004927
2.216952365932849
1.6511759303423479
1.6250854732733022
.009128274146057906
2.028974683209766
2.454657126323101
2.5658418294825727
2.3860594477117285
2.1358998701667007
2.6211976192851676
.01128085881826598
1.3898546782061774
.01144641189423862
.008860415992336765
.010351684882072311
.011978860398357428
.01078965292787296
1.3866492154920755
.09271399387664417
.06882659013905772
.009563660142441801
1.392876997200366
2.3635845112785416
.09082745256055941
2.018517014303602
1.5099728110826987
.06572208431718869
2.2467817081539105
1.7445805243022825
1.8003655647426546
3.094034697469582
.009170692522038853
1.5815017468108394
2.5905821402979248
3.235051532641967
.7763886382846624
1.5142971384664876
2.1586175783446473
1.5031346821817044
2.2557511231912857
1.6304866606127273
1.8283563281842394
2.074483479682835
.009261925058933671
.21831098605727742
.19449053639795075
1.9267096512546817
1.46934008602319
1.9865687591115917
1.697281051558585
1.463058221803226
2.249540380656996
1.9950315462325576
1.7572670282190377
1.9954723308892666
2.2212716058363275
1.8131417492186872
.006261401763542288
1.4582683821498477
1.9715553516657947
1.9723631185128374
2.1264177365105317
3.0731307552204337
1.625433344333807
1.9461671732617243
1.8515545316939905
2.193949332580447
.11635285764057299
1.8330582824330077
2.3775947739456584
2.334352741964686
1.6223345640055684
2.650309012144886
1.6000564867201397
.24754879548594194
.15433385910897218
.1294603212376058
1.7276847996377005
2.084703566822031
2.049057123005168
2.4208051721773076
1.4400823270064083
1.9235746069911863
1.447630513074074
1.9764965041676508
2.46645486247836
1.7614141792128493
2.2860358053035483
2.4327442435995916
1.9658677533070155
2.218119351275376
3.2643345205807557
2.10769978952651
1.9827207197860741
1.8885732605954948
1.4104224436140183
2.0653645405439107
1.5439588186225555
2.1416636793971806
1.9058296664149672
1.6401350932148258
2.2611462829550106
1.7808470428566487
2.291423144800955
1.2915947782609751
2.2222382634160396
1.5727379918553313
2.3529777321729703
1.7268048775640952
2.185271410774715
1.7826546429982173
2.027698921431581
16.20015982672322
17.132410125183004
2.3129494004062305
2.191312256675206
1.7177367608205136
1.3576406142499626
1.5850093143696893
1.5791928585741197
2.5562293143573767
1.7863244058306207
1.7236925717749838
2.378058728343323
1.8455881698024108
2.8065841202052755
1.6873719684350263
1.9130866038781909
1.4500634599707312
1.8632388464086496
1.4712224956797828
1.8118041939306664
1.239054843531284
1.8075885656557515
2.361912715270538
1.1144677635033984
1.8908233113497115
1.543969964403585
2.1925517041472586
1.793298959017989
2.8411280878177614
1.9123931835702368
1.912175287187607
2.506332254488725
1.2681548707602321
2.741734493100814
11.199455943203237
1.7768879957399437
1.6816131417647155
1.6034399711290601
3.390369698237049
1.9711003257808437
1.927075389923757
2.9825265011739264
1.5987389554074396
1.8873871319829125
2.693835146760898
1.3877462144215984
3.1047843612079458
2.483531619330351
2.5003601318289466
2.090063648199333
1.4092369939732297
1.7107271735245588
1.701092191639525
.27943760301952303
2.748729750756256
1.828001748762112
2.5551152646696753
1.6922909242877469
2.0637465582473826
2.563247839362918
2.1650435414769644
2.1324174426482982
1.8567446873524704
1.7011686932000438
1.4131389341454386
2.0933497670405887
2.541024927730868
1.983793584440794
1.7551061569719881
1.495915827476115
1.6965293596346627
2.472025799732194
2.9778297960523004
2.084468691458381
2.0868432621357087
1.6938597042255505
2.1356091103663206
1.7359186722635211
1.2460068554962505
2.146007483994965
1.8698196480225429
1.723146608579069
2.1922386539457075
.16214717431077635
.9953716926931917
.11508640133744444
.9822530619102843
.11195688810813914
.9280250469115393
.09141068180534165
2.0567975087238928
.17075858930241847
2.5996433115094155
.08905784100538218
.9263287834457526
6.007425100283876
.36393463955996436
.1138691763278906
1.2644567406986293
.07306736778892609
.20965066762821438
.03925618358585158
.8910083400646285
.07829318198644442
1.091567404144452
.10179706719724793
1.3224858592632116
.1737781494464505
.9886954189224899
.047704105685430716
.7413979140348681
.06119003589702941
1.4165410411341643
.0001960651226075843
.00041024255534974233
.11673018893750012
.12639394524259473
