-.0005622482677170726
-.0009006836199556222
-9107994173955234e-21
-19813812149837187e-21
-7038859575323055e-20
24019110174972248e-24
3598720090045108e-23
-.00012680524119655195
-.0013724648579594874
-.0005268561175419426
.00891656247377042
.016674854876245714
13362417746198755e-24
23570264312791576e-25
.002108761749137095
-8593365757383393e-20
8432351955917684e-23
443897078862008e-22
-.0010114174350247009
.002420641623790199
-.001240653962143501
.0012597650675600066
-.001982865926582971
-.0013244503929407824
.002344854670770035
-33274154429119314e-21
-.001300093734279115
-.0007751423003612773
-.000893191679612899
-.00010080842900737285
-13286048356287011e-23
-3263418643804073e-22
.00016344278062956015
.00011050724723573653
