6106162456821236e-27
40.464859577334664
.1571293258146058
.2886574193950295
11.597284354609059
.3723789342428307
5.809725060638355
.19866855519952406
.002875435599437417
.329594766092628
.028455086382101154
8.067379793958189
.7264332135104556
.6157056548251217
.008770110402727231
7.742421875079709
1.0236821253744357
.004134280561373955
.07777363267700246
.004047301807251249
.001752880615415743
.04039517224808453
.00013169475194495426
2078019510240217e-20
.29380720233618274
4139284533695482e-23
14565990698485716e-30
.004756093504816903
.006989821943932848
.005943122949609314
.0024067434079408654
.00017806247695156135
.014034812059492781
.0012063837030977021
.010147800963416286
3373795727300615e-20
.0005149662321816763
.00292649238197303
.0004870765542689671
.00525847351957918
15106911616893666e-21
9.545364428425144
14.077049223760612
.0053158797534732915
57899559286994304e-21
.1187185364752565
.007686541760916506
.007023716949812845
.37919176767190504
851028694514437e-25
.42751669464021663
2841675516709724e-26
3.977156782089463
17.724597304572235
15070723589367977e-25
18848945979880011e-26
.0074105537426687774
2.833406925730894
14.021677577019334
2834634407367418e-26
21530747161113655e-27
41.12158375751317
29.490820019251473
9.090541863320789
.0024272214200464107
.0006072805515336613
.0014300797577199544
.0066731825693715895
5248410898698851e-24
0
7551109159772001e-27
23.93622678669949
3.3148070776823926
9.965237131184484
17.204909088337462
.0014590012423213107
.008549605078887792
.0004113192557206182
2.1711162524490635
.0003917012810435993
.0035405255697612747
.010999777326079025
.0016262528429437013
.8553014904524084
1.4219460480311115
.0001360636375844633
.025586256819531392
1.3665999439558814
1.6357284380888
3.236628277205926
.0032786508083536606
.0004654391841965167
.5743877898799437
.7113309989277944
932248721100408e-26
.4679915867489659
.8113382134683993
2.0468781815530033
2.739361676310155
32168949734383465e-26
6.328856122244564
2.033927808186307
.5229089089721888
1.14787037667545
1.0181562490017377
.0008443693351110077
49.999999999918586
8.246219689566642
.42615936341758287
.06226873443317379
6484755476385716e-28
7269711207553086e-30
32071561791257365e-25
5.010711282661098
.009710519593858881
.0005135885351888915
.5252916493158036
.0013399921288472338
.0002306703938620219
.015824508857808103
3302654297058696e-30
0
0
0
0
0
0
0
0
0
0
0
0
0
0
0
0
0
0
0
1.9378977190476245
0
0
0
0
.5530689162502984
1258.020966060325
.0045533341441243965
.11089930902066894
.020032923489036736
.22304418232294007
.591763238667698
.9719129531100859
1.4265174036147046
1.413189995173595
.007774738187924523
5.891850092051664
6.35417868695724
.14905538246413913
.35762974846926493
5.617864161397553
3.741248773952194
8693493248038901e-26
14177134709912715e-26
.019999999999997558
.019999999999997558
.9999999999938939
7.999999999609206
.019999999999997558
.019999999999997558
.019999999999997558
.019999999999997558
.019999999999997558
.019999999999997558
.019999999999997558
.019999999999997558
.019999999999997558
.019999999999997558
.019999999999997558
.019999999999997558
.019999999999997558
.019999999999997558
.019999999999997558
.019999999999997558
.019999999999997558
.019999999999997558
.019999999999997558
.019999999999997558
.019999999999997558
.019999999999997558
.019999999999997558
.019999999999997558
.019999999999997558
.019999999999997558
.019999999999997558
.019999999999997558
.019999999999997558
.019999999999997558
.019999999999997558
.019999999999997558
.019999999999997558
.019999999999997558
.019999999999997558
.019999999999997558
.019999999999997558
.019999999999997558
.019999999999997558
.019999999999997558
.019999999999997558
.019999999999997558
.019999999999997558
.019999999999997558
.49999999999847344
3.9999999999023013
.019999999999997558
3.9999999999023013
.24999999999961836
.09999999999993894
.019999999999997558
.019999999999997558
2.999999999945045
.019999999999997558
.019999999999997558
.019999999999997558
.019999999999997558
.019999999999997558
.019999999999997558
.019999999999997558
.019999999999997558
.019999999999997558
.019999999999997558
1.4999999999862612
.019999999999997558
.019999999999997558
.019999999999997558
.019999999999997558
.019999999999997558
.019999999999997558
.019999999999997558
.019999999999997558
.019999999999997558
.019999999999997558
.019999999999997558
.019999999999997558
.019999999999997558
.019999999999997558
.019999999999997558
.019999999999997558
.019999999999997558
.019999999999997558
.49999999999847344
.49999999999847344
.24999999999961836
.019999999999997558
.019999999999997558
.019999999999997558
.019999999999997558
.24999999999961836
2.4999999999618363
.34999999999925197
.019999999999997558
.49999999999847344
.019999999999997558
.019999999999997558
.019999999999997558
.019999999999997558
.019999999999997558
2.999999999945045
.019999999999997558
.019999999999997558
.19999999999975576
.019999999999997558
.9999999999938939
.019999999999997558
.019999999999997558
3.9999999999023013
.019999999999997558
.019999999999997558
.019999999999997558
.1499999999998626
.019999999999997558
.019999999999997558
.019999999999997558
.019999999999997558
.019999999999997558
.019999999999997558
.019999999999997558
.019999999999997558
.019999999999997558
.019999999999997558
.019999999999997558
.019999999999997558
.019999999999997558
.019999999999997558
.019999999999997558
.019999999999997558
.019999999999997558
.019999999999997558
.019999999999997558
.019999999999997558
.019999999999997558
.019999999999997558
.019999999999997558
.1499999999998626
.019999999999997558
.019999999999997558
.019999999999997558
.019999999999997558
.019999999999997558
.019999999999997558
.019999999999997558
.019999999999997558
.019999999999997558
.019999999999997558
.9999999999938939
.29999999999945043
1.4999999999862612
.019999999999997558
1e-12
.32999999999933505
.32999999999933505
1.4999999999862612
1.4999999999862612
.9999999999938939
.9999999999938939
.9999999999938939
.9999999999938939
