3.0190850319686087
.009168208418999792
.0004687865429625324
2281497575669539e-20
9217419480955824e-28
.0017772121976805445
6.499807756122179
.7021886290171168
.04677682327642166
.016459717715498055
.06793934579248401
.711665092369814
.6692358151623784
.056540343397531535
.0009053465594939448
.009967953940225028
.0013639295294518435
.002337383582236724
.07325618303713409
.004533101137412537
.0019524185882435908
.002457500714893055
49067567667193345e-21
.001778550483158919
.07011034097681351
4.049201770411159
680475885697404e-20
.005097457792123088
.006464106887764877
.005637531501603926
12443057014700475e-22
.00016762898634005847
.013212406021836003
.001135282322486411
.00955319555651957
3028401007417351e-21
.0025672293118489714
.002753505407100349
4789546361309505e-20
.0049352697072316135
4772883775892073e-21
.0056358843255540575
.005635496306720508
.02091040069997898
.0005494865222713285
.10892788426654844
.00783229436949671
.0005114471977773545
.024002383799913075
.06791295579588354
25851818747660193e-22
.13720929855844669
22911065499791332e-21
8.527416967877604
8.14793793128624
1.127101734463178
.006875802318106997
.0006522686152719371
.0007227749724952863
.18997887879228847
.10646580002093319
9.745532907085213
7.756300413476554
2.650636415275015
.00162829253089695
.0003134493982711224
.0014212672837336042
.005773648874628889
.008101189418317282
3.751876221485386
.0008439463031811055
9.745532907085213
3.121137186103271
9.745532907085213
9.005812243587066
.0013692338439948986
.009405346939631453
.00015675718323662202
2.168163500869674
.00021821960729580093
.001960956395566598
.010481400410702101
6861876919604768e-20
.6682986113158172
.04021289385851763
18304042628196528e-21
.00047697997451487525
.39133760997103867
.3665084069889221
2.563205557522073
.00012206670652729047
.0003918512434580736
.5784031805572191
.7211584294748045
.11107990388044185
.00022652234678236421
.16145883641088543
1.177255994076367
1.024843270971523
.07297226708681266
1.4182425999106185
2.0000297534774623
.01859882215021846
.023105898981639065
.00010286724479179186
.0001507031550515679
3.882648959644626
4.352080932648715
.4480488303021098
.0032428975140479546
.00013341803945387282
19999975388185833e-22
54046149233195904e-24
.05306839673577623
.014667517718748281
.00047276979295429776
.3539248081714092
30236266913275973e-21
.0001780637731070804
.024944868106358566
7643705464791722e-22
0
0
0
0
0
0
0
0
0
0
0
0
0
0
0
0
0
0
0
.061066687167439196
0
0
0
0
.3041586592920125
1184.3073911694855
.004286532122146143
.10440117843192528
.018859096942634997
.20997493746836765
.020997720341975497
.3945337874622919
.013683788818404355
.3370396304738028
.00474389289719017
2.194607112952015
2.354498057395308
.0021417529994916013
.005021741864405695
.5129101455789687
.350688197404534
.18073399075979088
.29537157526945834
.018828102601154112
.018828102601154112
.048846279162697896
26098378453979793e-26
.018828102601154112
.018828102601154112
.018828102601154112
.018828102601154112
.018828102601154112
.018828102601154112
.018828102601154112
.018828102601154112
.018828102601154112
.018828102601154112
.018828102601154112
.018828102601154112
.018828102601154112
.018828102601154112
.018828102601154112
.018828102601154112
.018828102601154112
.018828102601154112
.018828102601154112
.018828102601154112
.018828102601154112
.018828102601154112
.018828102601154112
.018828102601154112
.018828102601154112
.018828102601154112
.018828102601154112
.018828102601154112
.018828102601154112
.018828102601154112
.018828102601154112
.018828102601154112
.018828102601154112
.018828102601154112
.018828102601154112
.018828102601154112
.018828102601154112
.018828102601154112
.018828102601154112
.018828102601154112
.018828102601154112
.018828102601154112
.018828102601154112
.018828102601154112
.11050558828481677
22806862084972695e-21
.018828102601154112
22806862084972695e-21
.11752953834004665
.07394057156707962
.018828102601154112
.018828102601154112
.00034982354040848616
.018828102601154112
.018828102601154112
.018828102601154112
.018828102601154112
.018828102601154112
.018828102601154112
.018828102601154112
.018828102601154112
.018828102601154112
.018828102601154112
.016193857773090965
.018828102601154112
.018828102601154112
.018828102601154112
.018828102601154112
.018828102601154112
.018828102601154112
.018828102601154112
.018828102601154112
.018828102601154112
.018828102601154112
.018828102601154112
.018828102601154112
.018828102601154112
.018828102601154112
.018828102601154112
.018828102601154112
.018828102601154112
.018828102601154112
.11050558828481677
.11050558828481677
.11752953834004665
.018828102601154112
.018828102601154112
.018828102601154112
.018828102601154112
.11752953834004665
.0013186594725671844
.12166282834800142
.018828102601154112
.11050558828481677
.018828102601154112
.018828102601154112
.018828102601154112
.018828102601154112
.018828102601154112
.00034982354040848616
.018828102601154112
.018828102601154112
.10934416373895502
.018828102601154112
.048846279162697896
.018828102601154112
.018828102601154112
22806862084972695e-21
.018828102601154112
.018828102601154112
.018828102601154112
.0953708087328005
.018828102601154112
.018828102601154112
.018828102601154112
.018828102601154112
.018828102601154112
.018828102601154112
.018828102601154112
.018828102601154112
.018828102601154112
.018828102601154112
.018828102601154112
.018828102601154112
.018828102601154112
.018828102601154112
.018828102601154112
.018828102601154112
.018828102601154112
.018828102601154112
.018828102601154112
.018828102601154112
.018828102601154112
.018828102601154112
.018828102601154112
.0953708087328005
.018828102601154112
.018828102601154112
.018828102601154112
.018828102601154112
.018828102601154112
.018828102601154112
.018828102601154112
.018828102601154112
.018828102601154112
.018828102601154112
.048846279162697896
.12127455584857957
.016193857773090965
.018828102601154112
9999999999969817e-28
.1218504766014966
.1218504766014966
.016193857773090965
.016193857773090965
.048846279162697896
.048846279162697896
.048846279162697896
.048846279162697896
