3.0190850319686087
.009168856801341461
.00046699878832936743
2281779753739726e-20
9578109362772559e-28
.001777305945364409
6.499807742236642
.7021886414404446
.046581333072898294
.016459803177496242
.06793934137082389
.7117035582415617
.6692358245316035
.05654339178349567
.0009053954557239821
.009990050326979149
.0013848317329385003
.0023268397387177352
.07325618305954425
.004533101116841938
.0019524185796911577
.0024575134717669134
49718716142404994e-21
.0017701740315869588
.07011071374038526
4.057037614160374
6788552860733906e-21
.00509745775347367
.006464101803665298
.005637530844380309
12443056604710726e-22
.00016762898634018681
.013212406021845721
.001135282329860368
.009553195556526884
3028564826257147e-21
.0025672293856120647
.002753505433889824
4789802809351405e-20
.004935269712439052
4773143986372499e-21
.005635884176825737
.005635496240117378
.020910418356101638
.0005494865225751594
.10892788449184838
.007832293921466763
.0005113491329503694
.023997963719391866
.06758485126007738
2623756380306399e-21
.13769300867668077
22951553524521396e-21
8.527410269283228
8.14793524270985
1.1271014047397308
.0068757988848354165
.0006526025077818113
.0007231538399830879
.18997881651808451
.10646577416592272
9.745532907085213
7.754664913318442
2.656472602768695
.0016216399996792283
.00031196391559204707
.0014212646046141782
.005773677785537979
.008120923658030908
3.7529051730567584
.0008459356741222432
9.745532907085213
3.1211370157442944
9.745532907085213
9.031040009849498
.001369233867696222
.009405365933365668
.00015734144127409528
2.16816205888899
.00021720132406090163
.0019518525224352275
.010481398442964546
6829078911850407e-20
.6653284181864244
.04004293432676576
18268592070286274e-21
.0004771437371259557
.38958973703838984
.3648370259941441
2.5626369764971177
.0001224349079982968
.0003900826074745185
.5858713281856274
.7215322657408908
.11057789576473026
.0002255478030400178
.16101623182368602
1.1772304101794124
1.0248431999123624
.073144185015083
1.4160037979663553
2.0000290204883218
.018568529721621332
.023083422419545602
.00010291970831321457
.00015067778192904023
3.881907016380728
4.350125592746806
.44804828560242876
.0032279880094411746
.000133733606231756
20047296587321667e-22
54223797966274256e-24
.0530012861048084
.014667405222660168
.0004705592112644828
.35392462987417556
30189355157686265e-21
.00017729959360625653
.024944679863078547
7661680215834962e-22
0
0
0
0
0
0
0
0
0
0
0
0
0
0
0
0
0
0
0
.061068200691880375
0
0
0
0
.30781317237543937
1184.307391170392
.004286532122149424
.1044011784320052
.018859096942649433
.20997493746852838
.020932933527912263
.3945329398551545
.013684086810979648
.3370587646006934
.0047457176377230315
2.1946091059728823
2.3545010794200825
.002141796562003585
.005021854108870417
.5129125167710761
.3506901400351347
.18073667784211547
.29537624131821083
.018828102601168527
.018828102601168527
.048846535243251006
27118457355486884e-26
.018828102601168527
.018828102601168527
.018828102601168527
.018828102601168527
.018828102601168527
.018828102601168527
.018828102601168527
.018828102601168527
.018828102601168527
.018828102601168527
.018828102601168527
.018828102601168527
.018828102601168527
.018828102601168527
.018828102601168527
.018828102601168527
.018828102601168527
.018828102601168527
.018828102601168527
.018828102601168527
.018828102601168527
.018828102601168527
.018828102601168527
.018828102601168527
.018828102601168527
.018828102601168527
.018828102601168527
.018828102601168527
.018828102601168527
.018828102601168527
.018828102601168527
.018828102601168527
.018828102601168527
.018828102601168527
.018828102601168527
.018828102601168527
.018828102601168527
.018828102601168527
.018828102601168527
.018828102601168527
.018828102601168527
.018828102601168527
.018828102601168527
.018828102601168527
.11050562284048274
22847184986074727e-21
.018828102601168527
22847184986074727e-21
.11752954058405062
.07394057160271827
.018828102601168527
.018828102601168527
.00035000235324566923
.018828102601168527
.018828102601168527
.018828102601168527
.018828102601168527
.018828102601168527
.018828102601168527
.018828102601168527
.018828102601168527
.018828102601168527
.018828102601168527
.016194308105187932
.018828102601168527
.018828102601168527
.018828102601168527
.018828102601168527
.018828102601168527
.018828102601168527
.018828102601168527
.018828102601168527
.018828102601168527
.018828102601168527
.018828102601168527
.018828102601168527
.018828102601168527
.018828102601168527
.018828102601168527
.018828102601168527
.018828102601168527
.018828102601168527
.11050562284048274
.11050562284048274
.11752954058405062
.018828102601168527
.018828102601168527
.018828102601168527
.018828102601168527
.11752954058405062
.001318969942245802
.12166283735543293
.018828102601168527
.11050562284048274
.018828102601168527
.018828102601168527
.018828102601168527
.018828102601168527
.018828102601168527
.00035000235324566923
.018828102601168527
.018828102601168527
.10934416459010408
.018828102601168527
.048846535243251006
.018828102601168527
.018828102601168527
22847184986074727e-21
.018828102601168527
.018828102601168527
.018828102601168527
.0953708089666005
.018828102601168527
.018828102601168527
.018828102601168527
.018828102601168527
.018828102601168527
.018828102601168527
.018828102601168527
.018828102601168527
.018828102601168527
.018828102601168527
.018828102601168527
.018828102601168527
.018828102601168527
.018828102601168527
.018828102601168527
.018828102601168527
.018828102601168527
.018828102601168527
.018828102601168527
.018828102601168527
.018828102601168527
.018828102601168527
.018828102601168527
.0953708089666005
.018828102601168527
.018828102601168527
.018828102601168527
.018828102601168527
.018828102601168527
.018828102601168527
.018828102601168527
.018828102601168527
.018828102601168527
.018828102601168527
.048846535243251006
.12127456067247881
.016194308105187932
.018828102601168527
9999999999969817e-28
.12185048371761037
.12185048371761037
.016194308105187932
.016194308105187932
.048846535243251006
.048846535243251006
.048846535243251006
.048846535243251006
