-.09345612072253588
-.1246686603630765
.0003860151819166672
.00046633055374187764
-.018756997459533627
11929591120815328e-22
1136540739316347e-22
-46853616197035915e-21
-1955282076651177e-20
-.0003678515525821695
-.0002686515148302129
-36769624511996825e-22
2896500343135029e-21
-.0004188557143159287
-.015246416209477559
-.1251339641134596
-.0004749101554316642
-5414217993726977e-22
661343655619003e-21
41310481283341986e-22
-46798299922168035e-21
-2468486996870126e-22
-.0003501232820490296
-.0027758146497265605
-.12429871978256037
-29241752585713423e-23
-7312475475287808e-22
8261527174220598e-22
-15108029586489244e-22
-6603386875177433e-22
14806278925870474e-23
30194058304017807e-23
-43529556997468945e-23
-42585366353781205e-23
-6152774244533913e-22
-13196435305083758e-23
-2096474171216098e-23
340082232690905e-21
7941312721467724e-22
-6564762087540036e-22
-.006939350143896474
-.08858871502322134
-3342034340942196e-20
20805521893733128e-23
-25035222050884866e-23
31756120000226294e-22
-6290418921544261e-22
-.0008218638918128214
-.0004278792765578946
-.12488716242253942
6254041553031393e-20
-.0007727976933309846
-.007042494357870114
.0006474281840704433
-.0011733675689410432
-.0002670695513415174
.0021134922156690484
-.004337100986622422
-.001539469855898525
-.0011305438105714508
.030780509267853598
-.04561173888682937
-.10172839862148825
-5974641508534315e-21
-.0011700968355974099
-.0005376014862399122
-.0011833993062795793
-.00826484073643989
.0005215125515175108
7890454202039576e-20
-.008420616069444633
-.0008885983108735398
-.11627081584814722
-.0036127549370584197
21407327152962182e-23
11125786702552727e-22
37322358109050343e-23
.0001554363335809526
-4390602341259613e-22
-.0003045402797224005
-11068093201607271e-22
-5897403346866576e-21
-.13833866630783015
-.031829651060672044
-1582793372064566e-23
.0001848547948269133
.08090607443745561
-.11660838402878157
.2421153240438355
-23528115731289164e-22
-4056559584501442e-20
.0007753636298190329
-.10941275836983246
-.00016836024755999883
-.10239227586435122
-.00365539577765139
-.0007753702523362549
-.0001049856894449156
9889247334231184e-20
-.15169759514580544
.07514483216258153
-.13073725139639264
-.09691654641402654
-.00633723497053849
-.0004840456188457901
-.08395089587484297
-.2305860411246822
-.0005431299423418439
-.12732270396525885
11241986353266009e-22
5075729214717126e-22
-.11343126212850248
-.19025063398180964
849990564208021e-19
-.10208969556450048
-.015080280898404776
-6788142938765096e-20
18209980905839692e-22
-.006358901408371607
43353958652916074e-23
0
0
0
0
0
0
0
0
0
0
0
0
0
0
0
0
0
0
0
-.052329327459663615
0
0
0
0
.0016361406126463092
21833728098958314e-22
8823688410702176e-22
12661486390544523e-22
2378577448649083e-22
-798952493903196e-27
-.13972181308361767
-.26456495078066045
-.0001830978081253244
.0011320404016490022
.64169941404043
-.1176673781360084
-.3086864441010858
-.004139760774104264
-.003680615485480234
-.007525105230838865
-.007759381990502578
-.0007715904685797163
-.0007421148372608297
