6139735091516982e-27
40.244966252497896
.15661339561624077
.315520019119158
11.15007176771926
.3936024628634546
5.776756360010356
.20780368851783235
.0026382539675933107
.35303389578444305
.028041490638021277
8.233549986031534
.7782239326184256
.6257572975862753
.009104428679038698
7.874207466075262
1.0542128318304371
.0038662810549425445
.07413000299100678
.004681970010739082
.0017955474319948463
.03937484977781987
.0001358041418211462
1973968260055141e-20
.2839431082824786
4015532182780681e-23
11363265438764977e-30
.00480840363822443
.006672388712046105
.005985884935437887
.00228103239064944
.00018440894072813127
.014704745196359177
.0013128452588124233
.011413347936497594
34183922937648407e-21
.00048478378395035995
.0030715960621905463
.0004975232391318318
.005610719186459857
14974568832003001e-21
9.77984411855636
13.7102291922031
.00534565958768382
5889174243613672e-20
.11691751190960065
.008347967390388192
.007085789518126108
.42189302565537085
7937013712089892e-26
.42467908225772216
28226149499136468e-27
3.91388768609606
17.086640699752053
14454616604431821e-25
21500236846871171e-26
.006712941670732195
3.16514271436022
15.01682786524889
2580589900379255e-26
2228829911404561e-26
42.26360861501352
30.37559403213872
8.948592418732227
.0026193608706906327
.0006249810817617616
.0014831513626319792
.006964180525642733
5205576398679707e-24
0
7305389389970777e-27
23.25099253565446
3.25651670369653
9.403921443357456
16.311589546351257
.0015025908837396481
.007926702099634735
.00039254555012595554
2.2422906054699583
.0003708769028250938
.0035062786952331964
.011003549327463875
.0016069670408787938
.9465923810772271
1.454544836174108
.00013128909214139936
.025969930891324607
1.3394695046230454
1.590016109502361
3.2917038926436244
.0033643525579519287
.00043498870831673716
.6019599739863994
.7529211511637034
10341034382735845e-27
.44525032260141506
.734531860969021
1.8735188997565955
2.498971387974128
3310777968216627e-25
5.835920285151703
2.0412814380264686
.5922378994446776
1.089278505339546
.9325776390781098
.0008127291634846306
49.99999999991814
8.115825384200924
.4289985211774929
.05808920521547367
6250589179892374e-28
67046935666604124e-31
33036984186433416e-25
4.947898741418111
.00970173972914829
.0004524628704988425
.5170477034259022
.0013302440931384268
.00025075247309263557
.01558520504159841
3291717020341531e-30
0
0
0
0
0
0
0
0
0
0
0
0
0
0
0
0
0
0
0
1.8173625264091204
0
0
0
0
.5763773068653557
1362.7846966730815
.004512228090934982
.10937385388967627
.020454413792586477
.22383688391116482
.5350886991994594
1.0073788525162148
1.407376907926566
1.4184126418038454
.007771215245216296
5.9965389486455765
6.177625696124177
.14552738325216608
.34995516195786325
5.845200236036001
3.538097440090734
942752640985419e-25
16477189396478833e-26
.019999999999997544
.019999999999997544
.9999999999938602
7.9999999996070565
.019999999999997544
.019999999999997544
.019999999999997544
.019999999999997544
.019999999999997544
.019999999999997544
.019999999999997544
.019999999999997544
.019999999999997544
.019999999999997544
.019999999999997544
.019999999999997544
.019999999999997544
.019999999999997544
.019999999999997544
.019999999999997544
.019999999999997544
.019999999999997544
.019999999999997544
.019999999999997544
.019999999999997544
.019999999999997544
.019999999999997544
.019999999999997544
.019999999999997544
.019999999999997544
.019999999999997544
.019999999999997544
.019999999999997544
.019999999999997544
.019999999999997544
.019999999999997544
.019999999999997544
.019999999999997544
.019999999999997544
.019999999999997544
.019999999999997544
.019999999999997544
.019999999999997544
.019999999999997544
.019999999999997544
.019999999999997544
.019999999999997544
.019999999999997544
.49999999999846506
3.9999999999017644
.019999999999997544
3.9999999999017644
.24999999999961628
.09999999999993861
.019999999999997544
.019999999999997544
2.9999999999447424
.019999999999997544
.019999999999997544
.019999999999997544
.019999999999997544
.019999999999997544
.019999999999997544
.019999999999997544
.019999999999997544
.019999999999997544
.019999999999997544
1.4999999999861855
.019999999999997544
.019999999999997544
.019999999999997544
.019999999999997544
.019999999999997544
.019999999999997544
.019999999999997544
.019999999999997544
.019999999999997544
.019999999999997544
.019999999999997544
.019999999999997544
.019999999999997544
.019999999999997544
.019999999999997544
.019999999999997544
.019999999999997544
.019999999999997544
.49999999999846506
.49999999999846506
.24999999999961628
.019999999999997544
.019999999999997544
.019999999999997544
.019999999999997544
.24999999999961628
2.4999999999616267
.34999999999924786
.019999999999997544
.49999999999846506
.019999999999997544
.019999999999997544
.019999999999997544
.019999999999997544
.019999999999997544
2.9999999999447424
.019999999999997544
.019999999999997544
.19999999999975443
.019999999999997544
.9999999999938602
.019999999999997544
.019999999999997544
3.9999999999017644
.019999999999997544
.019999999999997544
.019999999999997544
.14999999999986185
.019999999999997544
.019999999999997544
.019999999999997544
.019999999999997544
.019999999999997544
.019999999999997544
.019999999999997544
.019999999999997544
.019999999999997544
.019999999999997544
.019999999999997544
.019999999999997544
.019999999999997544
.019999999999997544
.019999999999997544
.019999999999997544
.019999999999997544
.019999999999997544
.019999999999997544
.019999999999997544
.019999999999997544
.019999999999997544
.019999999999997544
.14999999999986185
.019999999999997544
.019999999999997544
.019999999999997544
.019999999999997544
.019999999999997544
.019999999999997544
.019999999999997544
.019999999999997544
.019999999999997544
.019999999999997544
.9999999999938602
.2999999999994474
1.4999999999861855
.019999999999997544
1e-12
.3299999999993314
.3299999999993314
1.4999999999861855
1.4999999999861855
.9999999999938602
.9999999999938602
.9999999999938602
.9999999999938602
