1.4904625339337303
.6777318690975596
.010806849344216865
.002444660178440485
384485780851115e-20
.03070292897689608
6.836913944456243
.7014878696444968
.061335496418287595
.07261057073872611
.06753866646587968
4.884194255010023
.7436638789828531
.3754889147196042
.00578330579828643
3.1374025905171417
.43397369609694686
.0031685227670910296
.07210271120446249
.005017904815693815
.001927144901277953
.009557620962117354
.00019609122417549782
.002817566156476384
.2809128961627966
16.095925296109144
.00017203808645859574
.005365874600335782
.006412240712646211
.00584273918518594
1173244534593226e-21
.00017899299887978203
.01427285390320819
.0012740714094935449
.01107814753256363
20507452412722826e-21
.0022557334185259116
.002980554561569101
.00031147415017419237
.0054376707011041
3182742770313255e-20
.0058430957791262604
.0061290188031364575
.020146582569023595
.00032835774441757553
.11071660508317216
.00852840344706785
.0008565938472786468
.051756827043292215
.26740387084496386
.0011986380169149186
.6261109841440113
.00983434620781514
11.653252159090123
10.836614701407116
1.356106912362133
.0064732173274696415
.06584122511955573
.07283394888353434
.20579611179150092
.12124056940399572
30.127166214216928
23.897857025135906
7.469013282856317
.0024276972997388123
.0005138919236621875
.0014984724735952353
.006594680156847643
3.5977233991818625
7.737349924638282
.019605777459924596
21.936321430355562
3.1642990759879073
10.16651484758699
20.508215321527786
.0014577710443284013
.00888761664741297
.0006551206482129844
2.2706243288347565
.0003025312910832598
.0028380322415193053
.010779413089291956
.0003627307476601437
.9574120298504021
.7018654870914932
2963184703870588e-20
.008771729205174885
.8322503106013086
.7443976731673958
3.4813554109922507
.000169412555149
6133840680690793e-20
.6475995432712534
.800264968510637
.06977866497800936
.010107279023910929
.2656374727502043
1.3946847572349028
1.3081500455472854
2.2507654749020176
1.6350554803202715
2.0918405779772042
.030708524907002994
.038353868342562374
.00983697020918266
.00017808256507935864
6.557188766940417
5.997495056641867
.5233512919276296
.015400551247776123
.004386710279417909
6775497486589813e-20
.0006626029789650974
.10051687693552827
.02061904832042319
.0007655474133983998
.44360852576442283
5452868674896626e-20
.00024192319111121123
.03397891069065224
2260702298053604e-20
0
0
0
0
0
0
0
0
0
0
0
0
0
0
0
0
0
0
0
.7612175664238264
0
0
0
0
.5695298466395227
1322.7606137017353
.004379706943656099
.10616161631930793
.019853681221430285
.21726294304172372
.10887217553151447
.6399247704987034
.14249439622480514
.425390576031373
.006420976435455034
3.0542411782499492
3.3166645838163187
.017114284076113068
.04098121937771395
.7762823359522116
.46543268904672913
.24677356249764495
.43085396986535307
.01941261326063878
.01941261326063878
.22526877997000536
53126179253934246e-21
.01941261326063878
.01941261326063878
.01941261326063878
.01941261326063878
.01941261326063878
.01941261326063878
.01941261326063878
.01941261326063878
.01941261326063878
.01941261326063878
.01941261326063878
.01941261326063878
.01941261326063878
.01941261326063878
.01941261326063878
.01941261326063878
.01941261326063878
.01941261326063878
.01941261326063878
.01941261326063878
.01941261326063878
.01941261326063878
.01941261326063878
.01941261326063878
.01941261326063878
.01941261326063878
.01941261326063878
.01941261326063878
.01941261326063878
.01941261326063878
.01941261326063878
.01941261326063878
.01941261326063878
.01941261326063878
.01941261326063878
.01941261326063878
.01941261326063878
.01941261326063878
.01941261326063878
.01941261326063878
.01941261326063878
.01941261326063878
.01941261326063878
.01941261326063878
.2373122839480824
.010304196411070766
.01941261326063878
.010304196411070766
.17223249693755724
.08615292654626516
.01941261326063878
.01941261326063878
.03429832694496107
.01941261326063878
.01941261326063878
.01941261326063878
.01941261326063878
.01941261326063878
.01941261326063878
.01941261326063878
.01941261326063878
.01941261326063878
.01941261326063878
.1603781085313602
.01941261326063878
.01941261326063878
.01941261326063878
.01941261326063878
.01941261326063878
.01941261326063878
.01941261326063878
.01941261326063878
.01941261326063878
.01941261326063878
.01941261326063878
.01941261326063878
.01941261326063878
.01941261326063878
.01941261326063878
.01941261326063878
.01941261326063878
.01941261326063878
.2373122839480824
.2373122839480824
.17223249693755724
.01941261326063878
.01941261326063878
.01941261326063878
.01941261326063878
.17223249693755724
.060216529558795265
.2077366747277538
.01941261326063878
.2373122839480824
.01941261326063878
.01941261326063878
.01941261326063878
.01941261326063878
.01941261326063878
.03429832694496107
.01941261326063878
.01941261326063878
.14844653537195412
.01941261326063878
.22526877997000536
.019412613549909256
.01941261326063878
.010304196411070766
.01941261326063878
.01941261326063878
.01941261326063878
.11994891152027122
.01941261326063878
.01941261326063878
.01941261326063878
.01941261326063878
.01941261326063878
.01941261326063878
.01941261326063878
.01941261326063878
.01941261326063878
.01941261326063878
.01941261326063878
.01941261326063878
.01941261326063878
.01941261326063878
.01941261326063878
.01941261326063878
.01941261326063878
.01941261326063878
.01941261326063878
.01941261326063878
.01941261326063878
.01941261326063878
.01941261326063878
.11994891152027122
.01941261326063878
.01941261326063878
.01941261326063878
.01941261326063878
.01941261326063878
.01941261326063878
.01941261326063878
.01941261326063878
.01941261326063878
.01941261326063878
.22526877997000536
.19183655376457143
.1603781085313602
.01941261326063878
9999999999985102e-28
.20179251914349647
.20179251914349647
.1603781085313602
.1603781085313602
.22526877997000536
.22526877997000536
.22526877997000536
.22526877997000536
