1.4904625339337303
.6792980925359926
.010830650586143525
.0024488820154718602
3876947111579668e-21
.030756616051955142
6.836908355915744
.7014878405204443
.061362637459463486
.07265742177012433
.06753868077580112
4.884012091836656
.7436638498425838
.37547486118712337
.005783107046325145
3.137399817261279
.434004052029148
.003170298262603083
.07210271090396646
.005017904573925213
.0019271448070115017
.009562767161602545
.00019620892326391412
.0028191374886369458
.2810754203156716
16.096170197509178
.0001720966140823452
.005365871687531248
.006412240107244045
.005842739509385344
11733390371731235e-22
.00017899299887978203
.01427285390320966
.0012740714099774735
.01107814753256363
2050668010318778e-20
.0022557332764149766
.0029805545634179766
.00031146325442564065
.0054376707047918025
3182616429673971e-20
.005843566398175433
.006104245816432347
.02014657496752316
.0003283577434246441
.1107166047974169
.008528340448811154
.0008565883893539001
.05175655090568047
.2675724581849915
.0011987704199136354
.6261107843184927
.009834735625885372
11.653252242739656
10.836614422236325
1.3561068951000228
.006473216772900337
.0658408545688006
.07283896949078504
.20579610812490837
.12124056719160448
30.127166214216928
23.897868600005296
7.4691078322670785
.0024288265194710667
.0005141980671621282
.001498471679725207
.006594684301619114
3.597573796098159
7.737290777039651
.019605434592065617
21.936322803500694
3.1642990556854658
10.167252746111345
20.508208414645612
.001457771062034532
.008887616919389567
.0006551200560200867
2.2706240763307637
.00030270933653113414
.002839710222168453
.010779413994741638
.000363139245543008
.9579299414051275
.7022694974083654
29651485759198776e-21
.00877178859496797
.832712057087086
.7448215836986558
3.481397601873523
.00016941655064377757
59395614193444025e-21
.6476446949395188
.8003080111276071
.0698183797982055
.010113043055000959
.26571754018328464
1.3946822178432112
1.308150495290078
2.250715668731667
1.6359136257140727
2.0918405532778954
.030726876970049517
.03837297801304127
.009837023563934651
.00017808235779256872
6.557146937387947
5.997739233286423
.5233510717659386
.015409496842824118
.004386602263435468
6775319514475357e-20
.0006629385897791964
.1005710332312281
.020619040603137736
.0007659936512706429
.44360854802695115
5456035904349221e-20
.0002420471979499501
.033978900994765665
22606544817494694e-21
0
0
0
0
0
0
0
0
0
0
0
0
0
0
0
0
0
0
0
.7612175086347606
0
0
0
0
.5695678714935557
1322.7606137017353
.0043797069436561
.10616161631930794
.01985368122143029
.21726294304172375
.10890957631087032
.6399250505438797
.14249434488350465
.4253920608654243
.006421073250468018
3.03404528573485
3.3005998461316444
.017114306733832785
.04098126186922372
.7762856238381395
.46543464645169813
.2467779875176561
.4308616275429411
.01941261326063878
.01941261326063878
.22526878101230327
5347477473739738e-20
.01941261326063878
.01941261326063878
.01941261326063878
.01941261326063878
.01941261326063878
.01941261326063878
.01941261326063878
.01941261326063878
.01941261326063878
.01941261326063878
.01941261326063878
.01941261326063878
.01941261326063878
.01941261326063878
.01941261326063878
.01941261326063878
.01941261326063878
.01941261326063878
.01941261326063878
.01941261326063878
.01941261326063878
.01941261326063878
.01941261326063878
.01941261326063878
.01941261326063878
.01941261326063878
.01941261326063878
.01941261326063878
.01941261326063878
.01941261326063878
.01941261326063878
.01941261326063878
.01941261326063878
.01941261326063878
.01941261326063878
.01941261326063878
.01941261326063878
.01941261326063878
.01941261326063878
.01941261326063878
.01941261326063878
.01941261326063878
.01941261326063878
.01941261326063878
.2373122839628577
.01030460517590026
.01941261326063878
.01030460517590026
.17223249693791953
.08615292654627077
.01941261326063878
.01941261326063878
.03429852554117871
.01941261326063878
.01941261326063878
.01941261326063878
.01941261326063878
.01941261326063878
.01941261326063878
.01941261326063878
.01941261326063878
.01941261326063878
.01941261326063878
.16037811868226431
.01941261326063878
.01941261326063878
.01941261326063878
.01941261326063878
.01941261326063878
.01941261326063878
.01941261326063878
.01941261326063878
.01941261326063878
.01941261326063878
.01941261326063878
.01941261326063878
.01941261326063878
.01941261326063878
.01941261326063878
.01941261326063878
.01941261326063878
.01941261326063878
.2373122839628577
.2373122839628577
.17223249693791953
.01941261326063878
.01941261326063878
.01941261326063878
.01941261326063878
.17223249693791953
.060216634746971656
.20773667472969196
.01941261326063878
.2373122839628577
.01941261326063878
.01941261326063878
.01941261326063878
.01941261326063878
.01941261326063878
.03429852554117871
.01941261326063878
.01941261326063878
.14844653537208355
.01941261326063878
.22526878101230327
.01941261326063878
.01941261326063878
.01030460517590026
.01941261326063878
.01941261326063878
.01941261326063878
.1199489115203066
.01941261326063878
.01941261326063878
.01941261326063878
.01941261326063878
.01941261326063878
.01941261326063878
.01941261326063878
.01941261326063878
.01941261326063878
.01941261326063878
.01941261326063878
.01941261326063878
.01941261326063878
.01941261326063878
.01941261326063878
.01941261326063878
.01941261326063878
.01941261326063878
.01941261326063878
.01941261326063878
.01941261326063878
.01941261326063878
.01941261326063878
.1199489115203066
.01941261326063878
.01941261326063878
.01941261326063878
.01941261326063878
.01941261326063878
.01941261326063878
.01941261326063878
.01941261326063878
.01941261326063878
.01941261326063878
.22526878101230327
.19183655376544764
.16037811868226431
.01941261326063878
9999999999985102e-28
.20179251914491958
.20179251914491958
.16037811868226431
.16037811868226431
.22526878101230327
.22526878101230327
.22526878101230327
.22526878101230327
