10786792683388008e-22
-12547248793085657e-23
-41761131392669596e-23
.0015041550173194914
-43488546565481744e-24
-8877660479292743e-23
27418825048045708e-22
-8016684066614757e-22
9399166848471675e-21
-7565722499355703e-24
-.000479290483437815
-25834512240408693e-22
-8256683683926017e-20
-1950815669910468e-22
-3028107075031963e-22
-20706624504612274e-23
-1095303472653695e-20
-.050156470198495014
8125364268183996e-20
-15882691807945224e-23
-.001336566661109008
-10917594324746159e-23
-514860091558207e-20
-940032057793438e-20
-.002581928662328679
-8276591828791119e-20
-.0006581892229321675
.003654894574655019
-.005339323269876392
-.0005996667841598166
.0009667889254572586
-.0004707483169050093
7925753616915788e-22
-.0005930392984994313
0
0
-.0012451078776866535
-.003443058329123704
-.00835917767861391
-45405507979567297e-23
.02225672261133791
-.004891091604852948
-28611574095989265e-23
0
0
-10358109789844642e-23
10408054069994584e-22
-7507834262791637e-21
-.0035392758765834154
-10751821129219784e-25
-782094917595069e-22
-163364680852571e-21
-12092335493576022e-23
-1886559993016279e-22
-19017775268385348e-23
-15719923599655783e-23
.0017800887243824269
.001245511155559528
.001520038211157544
-11199923897810187e-23
-28231507022987237e-23
-2680895302638246e-22
-16638695546781914e-23
34505955180510073e-24
.00015281229573729167
.006795588568449923
-2055372982581562e-22
-8315646650114576e-23
-7766843278534275e-21
-.000777342818248131
-3252894971256897e-21
-.004987843083317871
13917842035479555e-22
-.00224331844499352
0
0
0
0
0
0
0
0
6594103628442758e-20
-.0025088347925039762
-.03571940906470078
-10747433499785838e-21
-.0019862974822817464
-2870020381607787e-22
.0003183773877759223
0
0
-12579731312844847e-21
.00027258509303818696
-.0042085957776013235
-27501089764280325e-22
-18394214891733167e-22
-26448903113149316e-21
-.0021118639851250708
.008279201211662743
-.009278077154961902
-131759988639119e-21
-.0015062302919032595
-14498603504335999e-21
-.0006000419302471558
-36222115689927175e-21
26327787276598645e-22
.0070534055917284705
-8283082090723137e-20
.0016276827721851048
.0002997417355023088
.001491532123483793
-.00017941334367470047
.008218020587401722
-621204996882043e-19
-.0015436913667315419
-.00047220351620118377
-.00156972433320203
-.0011379349338588912
-36485348395066465e-23
-.09231194268989182
-.001828480669777909
0
0
0
0
0
0
.000875169395173628
-.004883560314286308
.009661616202399867
0
0
0
-.007815778548362639
-.0017876902586721505
-.0006453105842626154
-.0006824270557402439
.002805423335262915
.0012320688148148792
17145760457799897e-21
-34853443086866097e-23
-.00011696056549237526
8187879929843059e-20
.0010563729192707744
-9127735749195843e-24
.0030579865328347693
-.001227010133559467
-.0006247733838389883
-.0005347410531231276
3877930228131317e-23
-.0019497346269122073
-19721626815600325e-23
0
0
815355602583913e-19
-.00047068349480542434
-.0007337621973654147
-.0008710779257955105
-.0005576888062748373
-.0006066152935349052
-.000535938859483375
-.0013001759448670303
.001499056988946835
7578262833197463e-20
-110337475234943e-19
26459388314175427e-23
.0006761695623240297
.00015208990655143695
9859030487380473e-20
.00016402613040555536
.0001526142255422606
.00015479730004037132
.006279798098036359
.011892244072775457
-.0015441376930769822
-.5615910141605593
.010886235460096521
-46055928533256094e-21
31423583721090046e-21
.00030054417824429153
-.0005254532096815624
-.001906249633309048
.0004279228754200364
.07483116667690443
-.05741226069385824
-.00484387415686266
-.00610410857016463
.020347194860076512
-.0048925271964333685
-.16417477703866365
8102264745657396e-20
8592086831069032e-20
.0003737318872071115
0
0
0
.0009847168880376036
-.00939268177275315
-.00289269199151537
-385692896404801e-21
-.004622456978954113
.00811843611208636
-.02761015635325769
-.004010727446474668
0
.013139826052521054
2800888979495596e-20
.0214703202364402
-.0021545840485529817
.009798895380903349
-.0020655069564065828
.033248452873990524
-.3669912233351163
-.09857023599600107
.009346682800098257
-.0025608692987315203
-.005924228484214792
-.001049492861068467
.0030066158292160463
-.0021408501221784433
.03029244725225646
-.00014876624482688627
-.0009612083403389887
.002507617642611601
-.0013722325714128475
-.00031750270107997017
-.00044048857228225804
-.000530600300678075
-.0026686446680137315
-.004291108742328854
-.0009815777669881349
23548102148376104e-22
-.0015438326069328115
-.0005741913929551191
.00562065091441077
.07161069640283899
-.002862181131131382
-.00691528777291725
-.030917652778901128
-.04509297871602834
3470283625916308e-20
-.07218627195719199
.0033973417656334277
0
-.0067336605749734315
-.006923493635085196
.0005523939810559886
-.013961804653472442
8094677744599768e-20
0
-.009003481087569548
.015941026707436502
-.01463945737713701
-.005860429856713549
0
-.004111624452529806
-.007237031242163423
0
-.00565503238062755
-.0014126879302704361
-.00047190299369284227
9946385872437537e-20
0
-.006537569972483886
-.0006036033582801828
0
0
0
0
0
-.006856036251611025
0
-.007304545365017647
-.008774533288081093
-.006557249535047258
-.006799893923421729
-.005835591207221411
-.0006950453580946715
-.027229547065463624
-.002136791380011903
-.0007596547164175596
.00455316591954957
-15375684328150495e-23
.029782553165130687
.001384353805833874
.00016363661433002196
-.002552308705593773
.0013397049574693154
-2005357928600942e-22
0
0
-.003117990775482382
.005584269651580186
.01482023399244331
-.14743821609527807
.013441694897476741
.03446808772513058
.0801271141259883
-.03318932823020681
20348703839478434e-22
.020313635650373738
.0002998654235615253
0
-.007646770004553996
-.0018091908385121298
-29927097176529446e-23
0
0
0
0
0
-.0005423516066674008
-3736945276742826e-22
-.0011128431920432546
-8275588337087992e-20
-.001249096995459141
-.005300957427153667
-24979096794459136e-22
8085341249254611e-20
0
-.001799824156155803
-.0010671454967402143
-.0008725917236190546
-.0005856361591522011
-.0005039530491475242
.0023450090733989526
-.0004762648638888972
-.0018639711155123266
-2656261368655772e-22
-3648900310927355e-22
-36963907115382567e-23
-236778027345652e-21
-14931166660163232e-23
-.0006573464647477099
-813453996770631e-19
-16286265074545829e-23
-9513205998090696e-20
-1592283565288652e-22
-11208327420033012e-22
-28165107247091555e-23
-.0015007054006847347
-2149216761605606e-22
-6775399253774399e-23
.030651501871600508
-4983764371096767e-22
-18334598961541877e-23
-23750862211904896e-23
-11946158527560005e-23
0
0
0
0
-.001234671124016161
-.0012323278620020816
-3212095575007254e-20
-2659617811774488e-20
-.0006014063559562856
-14222321845159993e-21
-8979332424103013e-21
.001975863169380231
-17682203469909167e-24
11554995046089232e-22
36280193623561986e-21
-22079729637881836e-23
11824705993211595e-23
-16995360846591285e-23
27783103175559772e-21
-.0012957706336937057
-16183399372450584e-23
-1568625381988132e-22
-.0002888912155092806
-.0005693768763105442
.007684909276112008
144663490851524e-19
863442892279342e-20
-.000498479479978394
.0015505258070231617
-.0006028597971608925
.0015142495991264935
-.0006152640293295586
8077022968889812e-20
0
0
0
0
0
0
0
0
0
0
0
0
0
0
0
0
-.00020477094564493446
-8251863092682338e-20
-.0030768388559423653
-.0017662180336132844
23009229041375805e-22
-.00010272372851465682
-.0012380126105360468
-.0005997652383318072
-30294540982682885e-23
-.018896178751871832
.00152431237563808
-11419183545700545e-23
-2362615547361743e-20
-14653626967141273e-21
0
0
0
0
0
0
0
0
0
0
-8370258696443006e-20
-22428749043524643e-23
-.001238353838091
-.0002097951782603669
-9408054997400629e-20
-33045113701735856e-24
-21721149963963993e-23
-4640127257265598e-21
-688263901065082e-22
-13238442266650066e-23
-9064571961679523e-21
-13686616969297877e-21
-8254650549009216e-20
0
0
0
0
0
-15462446083199925e-23
-21392747787356063e-23
-26671930249285147e-23
-4507016764709957e-24
.0006889550890855807
-19571679112703987e-23
-.0017555022501705773
26680863995124683e-23
-3368212458689684e-22
.029866470327907686
-.02819223418264633
-15276102067707962e-23
.00016377184908170195
-21793153634977197e-23
0
0
