-.11338327892878326
-.0026783357249093817
.0045965457208049215
.001840563293973488
-.008503156976599079
-125671616608682e-19
9624318870406847e-22
-3330438959829083e-20
-23243852814753763e-21
9890486219347289e-22
-.00023543547714935533
-3772592892521513e-21
.00395261476167134
4267007228165855e-22
.0034635745811343083
.028677225909178688
.0010346095333306675
-4040701667790357e-23
-31780455839523345e-24
4185357170524605e-21
-5517754258525785e-20
.0049570389519630114
-24298697512958394e-23
-.0005273141692779588
-.026028512323731736
18594691165667678e-23
-35270033446058107e-23
38483266426033464e-23
-3236298965328243e-23
-2747441296165569e-22
-2157964150080872e-23
17971933097859535e-24
-16545960931936544e-24
-3662701948640018e-23
-29840206347110006e-24
22294687046748154e-24
8942894351791218e-24
-7069018409066795e-23
-4107757782351958e-23
-6519577223273178e-23
.024398656215420554
-.0036779880257988185
2085547135704104e-20
-9005584404839594e-23
.00370429026198444
18553580754120113e-22
-6423998134885154e-22
.042029293923267305
-.0008262034709742193
-.00045656724721761596
977786461585081e-19
.002615929157528336
.016720553760349227
.0013032028224493613
.0017664333171458961
.0027614919269035635
.005450948510054005
.0016097904359457854
-.0013408250656514892
.004307680337228247
.0322014549061341
-.021965689106181935
.05850275117415299
.07210400850809603
.014425284196860743
.0011188368063553317
.013829958590164974
-.0013168515935892953
.004170295847150247
.003522875146947612
.0019813618116120394
.00027390229588026183
.0331159595020937
.007525518606054029
-2319355437391823e-23
1608907789655131e-22
4175661218824481e-23
.00015558718388423304
-9860727567734106e-22
-8195430269539897e-21
-858746163953511e-21
.012430884242881107
-.1530088629948618
-.026178898508625335
.012436031278645957
.00012383627109997
.19458791337767134
.008471667859335747
.10760573715444488
.0124744194524876
-4724318631850497e-22
.1118222979760682
-.04235417986779405
.0030313608994069416
-.07315978852635792
.024054599256313258
-.00028048935417357163
.0011977144580078815
.004422689404838787
-.13377393760375225
.12022901554268497
-.06349968881166661
.006206698035699767
.016242890720097585
-8438420422126647e-21
.03132038682844486
.09456987712596825
.0017436215509615389
-.0016629053711650324
.0040270253371522185
1536566504674152e-22
.011261743080559519
-.0054090650513043395
7291070695890101e-20
.04373357631381856
.02334287255073237
.07210798911722317
.0010857233827565003
.0002664206113413133
4974591633945222e-23
0
0
0
0
0
0
0
0
0
0
0
0
0
0
0
0
0
0
0
-.03067102230022694
0
0
0
0
.04009184427324383
2381611237960852e-22
-7334536144542199e-23
-14519743570644214e-23
4889306329938917e-23
0
.059630058015570093
-.25575979702860274
-.00017399297298539612
.0741583388507386
.780581489099981
.00436302640049091
.003829694603841518
.0028761233013607284
.0078082124191669235
.02024948279380883
.0242893289438494
.0029445686283216667
.0036336119639372444
