14928588161024101e-22
4968519160250279e-23
-3433674366625681e-22
.0114081497274821
7452902308154094e-24
-417610841649969e-22
7031171599079463e-21
-4803582066109316e-22
8397436638131323e-21
16648463346438395e-23
.0001037057556600854
-1544007285571636e-21
.0011165519233861004
-3574298029267124e-23
-5060171146948375e-23
-876221472264691e-22
.0039884072213269995
-.0036061717261749796
.003705690873570202
-3473148976150774e-23
.014251328377528938
-72001061697024e-21
-29055363835594334e-22
-30291052213879915e-24
-10143648353791061e-22
.0015904806851121465
.012382347613428348
.003197991854420767
.030723284787708437
.011799583969838157
.02945539179929823
6344699395546713e-23
.014557702990301928
.00426676370208216
0
0
.001357009946235266
-.0025664860119029072
-.005048841950725744
-45786875320827004e-23
-.10816784384725843
.005761290431236113
-58438968411120095e-24
0
0
-753659888357742e-22
-3869907460940143e-23
18198521098872008e-23
.004141707185751833
22512872438810646e-26
3007592659538464e-23
-59579204799304294e-24
4503198210835447e-23
12986620488069171e-24
-8952638553766824e-23
-3796920093002085e-23
.041921954452894206
.0877752194327649
.0021267747783569745
-8600670446657598e-23
-15052203013139764e-24
-21994476186364432e-24
23676174812347728e-24
12785263850626385e-24
.003707828980613617
-.0014531638502759086
9246400352939637e-25
10009766784521389e-23
-3740743827143924e-22
-.00041691373214362983
2436445910793386e-22
.03075181957755659
26339300517360604e-22
-.003891764653089031
0
0
0
0
0
0
0
0
-.002726221772714133
.00045915363721438733
.003861583978558397
-6889349552583699e-20
.0020219636963244854
-14712909429614754e-23
.0030516728631852373
0
0
.002718908702528735
.0057188010615319
.01376609323619407
36857795846691776e-22
-186096240375117e-20
-26442913982718148e-21
.0022403673578051306
.024085265703084464
.03414280394183012
4270243527131184e-23
.004128490742375988
.07209657207525448
3997871898865209e-22
-8850733971946568e-22
27265588123036913e-22
.0010250960247484156
-718740810939844e-22
-5212500608862648e-20
.004200652797001342
-.00019068952997044764
.00017039944816281776
.006309684209817284
.0720427385842229
.2081870647725589
.0033227489940320584
-2601266498171598e-23
.06329904794034644
-21936258110068145e-23
-.06344827335000411
780879539864847e-20
0
0
0
0
0
0
.05342480985416357
.06485884013619629
.0021663589116531204
0
0
0
.016605677751464234
.057635198048171354
-3498331171512907e-20
-7749794126234214e-20
.0030231911180423794
-.03185275451009638
9963917019085395e-21
-9889776587246891e-24
.0003874465000729532
9466342761131306e-22
.004616685357665177
-6360563144656758e-23
.00679124063034742
.0042325008433566486
-.0007199251870330909
.004288891172385776
-8844910987480953e-23
.003222278577745237
14070957166852241e-24
0
0
.0037055300819985103
17220852833986158e-23
.00147662229607319
-.0002289798546070826
.0016189811175866986
.005377831403597772
.005745935657571068
.02235679574905599
.0021333610930076236
.001757955053529213
12235846201552513e-23
-11786224244209494e-23
.0008133265962084708
.0037090807505733535
5527573919224903e-22
.0037054973760788502
.0017622008442874637
.0037098226248023485
.01221746883504107
.007797580476495357
.010982279527242718
-.19616550631734833
-.009379884495399364
-.07409607054146217
.003705267684996706
-.0017335465813437688
.0025784990043217194
-.13924483196991075
.0043178659563783755
.07380036447884476
-.0026238591584427833
-.007564133502409039
-.14547498601441583
.005461934452640013
.007088487961753061
.02201830249108516
.21270966926490595
.00370710867578765
.003935818069359692
0
0
0
-.0014358159218682187
.0071960285331548295
.02430453357607307
.0039403092533696156
-.0018017597388059736
.0006351293996064183
-.10007787758600938
.06260219209300184
0
.09405495558168818
.0037051397934049287
.004165343113597197
.002419682739360319
.009338575824175938
.013906326815129075
.033392949139747975
-.37549444147824634
-.16103238569233014
-.015199512530867864
-.001968429899286934
-.005047381528216177
-.0002988642110822749
.03489775372257257
.07018737372293923
.001451108408664225
.0038813261720153183
-.0007064058463156713
-.0008021572032506698
-.0015210109966825342
.00022215816675709123
343668840834643e-19
-.0005903159937173576
.003275974142069198
.0023292161982640157
.004041757732396746
.003662126324854126
.010982813747467218
1747417089919826e-20
.036425362518295104
.06825689621724611
-.0024153093805225037
.05978025696209223
.005004985676489804
.0029639193053920213
.003708363948717387
-.02429651464931249
.003234889538299466
0
.03278733722334426
.037627358577121184
.002540467530880058
.024782275123759537
.007845008513267427
0
.03103618399279126
.018431417488947104
.02606352061932183
.038587359867714346
0
.03975236412520363
.037724310671935525
0
.038291869654587245
.061144721176471496
.0038266181572150794
.0027278714219772537
0
.03802907888334414
.0029660675746495543
0
0
0
0
0
.03794809524438583
0
.033528362704691346
-.01092413809109559
.03279288521183737
.034219250877586295
.03835518629300943
.004219572980524176
.011081802083814112
.06572171213931098
-.000763458283865935
-26906824964936485e-23
-53825182922549414e-24
.02040017389773055
-15839809912389818e-21
-.12873125932503787
-10034932009908583e-21
-6054489687508085e-20
-4823756565441178e-23
0
0
.01592087624196415
.008547117898621526
.0170203011971962
-.12274179642117515
.01853528785430556
.002412558447200913
.0824219728988286
-.0032474584493270295
6028895576013645e-21
.00574728917465197
.004158260525327726
0
.01019989391893086
-35752300833691386e-23
-6397115670425156e-23
0
0
0
0
0
3593641105742254e-20
.000766850538195465
-.0027699829451863613
-4524016439452413e-23
.0024643659574152235
.021591876766241715
-23531269820384153e-22
955018879472503e-22
0
.0015690461756149633
-.14190521095620476
-.0002168678875750085
-7205960928739676e-22
-.0006328522896388838
.04155633946076008
.03939893377231284
.06673934752311317
.003895944593048138
-6462100553648948e-23
-5161826239539303e-23
.003948961451226931
-3485658742696752e-23
.004295505256717536
-8327241195889755e-21
-16977918581108808e-23
-18298901678088591e-22
2160670872851874e-23
-8011035604550591e-22
19034498310875852e-24
.012431334609893315
-994437000870201e-22
-9940062788988155e-23
.002793926717791792
-34427101133368774e-23
.04373421745865415
-18064432406468554e-25
-3842828464870251e-23
0
0
0
0
-.0041437771677605584
-.002623148260184547
.0720981186695786
.07208826732739555
3311056294591337e-22
-15488856237901726e-23
-8321077752772986e-22
-9902826521511084e-22
-8753278418576648e-21
8344213171449127e-22
27131464478604634e-21
47862978759624874e-24
-22388127824147086e-25
-283527798059254e-21
.0052257350341746965
-.0006745798352727596
975032152274093e-23
430135907063783e-22
.037798831560609036
-.045486931840286335
-.02395664489312528
.0026242929102961022
6431926243565017e-21
-942061927019676e-20
.01878333980889857
.015471764334517385
.0056230813936125855
-12089033558453377e-21
.003704990247207198
0
0
0
0
0
0
0
0
0
0
0
0
0
0
0
0
.001140512525099202
.0039609806182688
.003129019423444861
.0012412273837542184
.0015984672590038632
.004352424715214048
.020669819380959756
-6749092721487886e-21
20496010923618087e-24
-.15548185832951927
.0005078078795380422
9413075633833979e-23
-13791860391652717e-21
-72822513222435465e-22
0
0
0
0
0
0
0
0
0
0
.0011236238810607294
.003931051106899002
.020293520509910585
-.000537840974246197
.06388754807860661
-1865685164252173e-23
-10445925738168644e-23
-4192764882330843e-21
350798332137758e-22
-9003030670746954e-24
-15388036698861845e-23
.004287412657199739
3491284018716486e-23
0
0
0
0
0
24739563810555217e-24
-3368033985756913e-23
35665897535497055e-24
18833612407828022e-23
.0021419057447667617
3195367432850758e-22
.042784161361266455
-24237172527537535e-24
14289848660507169e-24
-.14650914988619532
-.0002636938121014174
.07211165940941087
1158517358412343e-22
845216551340859e-22
0
0
