.015286530248782371
-.001359166822188971
-.00011088514687798775
-.0001224067158900061
3442000483195876e-23
-.012112813040436394
3759122209511931e-24
-.012113008286782075
.0011038895744395582
.0007089204041965171
.01055734204764033
.0187252171372782
-20585643781847598e-23
-13472386026049018e-24
-.008906230923647089
-.010076406670525884
3733410279360266e-23
-18156543637607036e-23
-.009285593473536857
-.126843166262385
-.13497814814572312
-.034227413321841996
.0011371110251329481
.0007948694239971255
-.03261060785825788
.019950174165525525
-.04595347280091328
.02044821112994204
-.020119908257361128
-.01768987798000756
-8367427250788884e-23
10851884087532498e-23
.0016952635286625803
.0016220656003927566
