3.0185237123760853
.004864113500902103
.0001799838797112395
12477652629388783e-21
332579892929982e-27
.000675128145417559
6.704921119467356
.7485315517703298
.04915869786257938
.020393155704620115
.06937894817985585
.7591452852539633
.7207453409466006
.05860765844284452
.0008940721087969826
.008065252044353328
.0010359608034356984
.0022066907451054607
.07079361767494227
.0045040630998058025
.002089170886903586
.0034837980415333837
6144496349242886e-20
.002015290947455424
.080357887255903
4.108432883934006
69480058838685294e-22
.005556964076454783
.006140637687721462
.00609070607632085
15896001364608419e-22
.00015796077841647875
.013146036776579237
.0011672635274399532
.010175953332874691
31310834059967916e-22
.002342067691721271
.0026201294488610986
55079285310614495e-21
.005011966584277954
5297672927074763e-21
.006088595002562033
.006088184092809975
.01902900979496919
.0006158487711461836
.11974023335829147
.007164850849800894
.00047108057758394163
.024811691211938297
.08550731462801563
2811674921219558e-21
.14542903740520516
23205665176461305e-21
8.63029189732196
8.270976807759336
1.161930864262661
.006807821945602271
.0006755756669697338
.0007670226723114951
.18612757162743865
.10537711139851025
9.753017168318863
7.637624313855745
2.7582054458173997
.0017458233922205105
.0003698993405392518
.0013793930404113952
.005762661421610799
.007815448658824808
3.8259777560153725
.0008325461352198626
9.753017168318863
3.3006816395871157
9.703578642854435
9.014809339965488
.0013680645485453975
.008406082340653816
.00014619887265316858
2.087176459878671
.00023125705052638422
.0018340506291818757
.011118315346043623
834907498067275e-19
.7395664295367168
.05025673268339939
15488100503393993e-21
.0006021907981238121
.3964847109966577
.3707981076027004
2.5156490338154733
.00012307790899979346
.00038157262479802094
.5888068471272696
.7695677255005674
.12420231089792855
.0002861875705444924
.17095907941565142
1.1105690114279059
.9430570899330837
.07188001904959496
1.2017788490063614
1.96634335430944
.0163917229635086
.022607194292045666
9514979909769197e-20
.00013121460747212408
3.641967962111014
4.417981018853692
.4646455378348826
.0035252465809292735
.0001256851525064556
18505923703407128e-22
5033790869326384e-23
.04735211240912156
.015273980838598789
.00045833314557460543
.3612056752491068
27415960796833262e-21
.00018076995201299516
.026121766400434086
7510875895350105e-22
0
0
0
0
0
0
0
0
0
0
0
0
0
0
0
0
0
0
0
.08663688039247318
0
0
0
0
.13622245228775356
1222.295036669358
.0044845368846778005
.10315917653454978
.01770735795342671
.2108422444918389
.020735580448781113
.4199925874789783
.014297963987961784
.37918039751680493
.004237089976699307
2.2380781147136504
2.2714639525764166
.002066667425413172
.004891306957630153
.47943247314385257
.31965192217102417
.19425396117043747
.31984373220423645
.018828313973984958
.018828313973984958
.048873496303702295
26173636410654667e-26
.018828313973984958
.018828313973984958
.018828313973984958
.018828313973984958
.018828313973984958
.018828313973984958
.018828313973984958
.018828313973984958
.018828313973984958
.018828313973984958
.018828313973984958
.018828313973984958
.018828313973984958
.018828313973984958
.018828313973984958
.018828313973984958
.018828313973984958
.018828313973984958
.018828313973984958
.018828313973984958
.018828313973984958
.018828313973984958
.018828313973984958
.018828313973984958
.018828313973984958
.018828313973984958
.018828313973984958
.018828313973984958
.018828313973984958
.018828313973984958
.018828313973984958
.018828313973984958
.018828313973984958
.018828313973984958
.018828313973984958
.018828313973984958
.018828313973984958
.018828313973984958
.018828313973984958
.018828313973984958
.018828313973984958
.018828313973984958
.018828313973984958
.018828313973984958
.11053657704567986
2283793681316255e-20
.018828313973984958
2283793681316255e-20
.11754603039154359
.07394472208015179
.018828313973984958
.018828313973984958
.0003503050413821367
.018828313973984958
.018828313973984958
.018828313973984958
.018828313973984958
.018828313973984958
.018828313973984958
.018828313973984958
.018828313973984958
.018828313973984958
.018828313973984958
.016207155149087563
.018828313973984958
.018828313973984958
.018828313973984958
.018828313973984958
.018828313973984958
.018828313973984958
.018828313973984958
.018828313973984958
.018828313973984958
.018828313973984958
.018828313973984958
.018828313973984958
.018828313973984958
.018828313973984958
.018828313973984958
.018828313973984958
.018828313973984958
.018828313973984958
.11053657704567986
.11053657704567986
.11754603039154359
.018828313973984958
.018828313973984958
.018828313973984958
.018828313973984958
.11754603039154359
.0013203073861257101
.12168672481606768
.018828313973984958
.11053657704567986
.018828313973984958
.018828313973984958
.018828313973984958
.018828313973984958
.018828313973984958
.0003503050413821367
.018828313973984958
.018828313973984958
.1093564390637703
.018828313973984958
.048873496303702295
.018828313973984958
.018828313973984958
2283793681316255e-20
.018828313973984958
.018828313973984958
.018828313973984958
.09537883888400571
.018828313973984958
.018828313973984958
.018828313973984958
.018828313973984958
.018828313973984958
.018828313973984958
.018828313973984958
.018828313973984958
.018828313973984958
.018828313973984958
.018828313973984958
.018828313973984958
.018828313973984958
.018828313973984958
.018828313973984958
.018828313973984958
.018828313973984958
.018828313973984958
.018828313973984958
.018828313973984958
.018828313973984958
.018828313973984958
.018828313973984958
.09537883888400571
.018828313973984958
.018828313973984958
.018828313973984958
.018828313973984958
.018828313973984958
.018828313973984958
.018828313973984958
.018828313973984958
.018828313973984958
.018828313973984958
.048873496303702295
.1212949754005804
.016207155149087563
.018828313973984958
9999999999969813e-28
.12187304339772367
.12187304339772367
.016207155149087563
.016207155149087563
.048873496303702295
.048873496303702295
.048873496303702295
.048873496303702295
