6029967781154491e-27
41.1074962212476
.1582651421819653
.317765592515704
11.105810278913465
.3709741785450676
6.003757180092662
.21369972445627747
.002931117887922479
.37182142749832653
.029508446220650287
8.408892406534132
.7829860718905032
.6257004430240733
.008576149558977586
7.991918529228498
.9796115863048388
.0037989451201263856
.07518562420271224
.004016760314813035
.0018773422218685278
.045253307215633747
.00013098730062754513
3081912756759041e-20
.28496944857518536
4094563863814286e-23
14460076923632538e-30
.005228183870782127
.0066339061379932646
.006422135870959635
.0024482000050075965
.00016779062917166257
.013964151276741575
.0012403886648081985
.010809199424558913
3464757365389553e-20
.0004620448053658386
.0027848560194123134
.0005400812239956248
.005339528937196563
1580373141261147e-20
8.40439901231373
14.988200220406386
.006322464887372496
616703877120119e-19
.13081409306957248
.007061014363275475
.007007719625444998
.38631086761433425
8372753727237154e-26
.46437291166574185
2763056319013103e-26
4.065664499369962
18.06490092547439
1341545527476956e-24
181941502209257e-24
.007331084392178342
2.9929796279231153
11.042798559332779
24582347887152546e-27
1831323395659575e-26
42.83250746282465
27.535532629137375
9.703478500104467
.0025176602751845745
.0006355653638839672
.001421877971492049
.006283879407182234
54978305727573496e-25
0
72435969967898965e-28
22.712862609930436
3.5055646711332646
9.595753341262423
17.28578349653223
.001457750003522556
.007618206619125204
.0003856751034883191
2.0704664173296226
.00040138337966343107
.003263859577051951
.011669277783851625
.0015666845597379583
.9349132144956145
1.3488691249208375
.00012978211050419257
.025136236780147713
1.3414629643443536
1.715154458645943
3.699278372382065
.0034611341998017115
.0004560390817008387
.5840971150884573
.7770225670004293
10627734796729086e-27
.5531192401737852
.7300102409148901
1.9812750909894996
2.453812501490087
33255062672508516e-26
5.699893831190544
1.9973953290038202
.5123843990678707
1.1861123258816166
.9741438375754662
.000819768676162318
49.9999999999196
8.327343902721974
.44323254199460344
.06552233212658126
6500248430657811e-28
735596789734796e-29
34395691733400025e-25
4.971460413665911
.01005144520806919
.00046036857244662413
.5357473206913643
.0012874443395342343
.00022636959999946247
.01633385989300044
3460858071299747e-30
0
0
0
0
0
0
0
0
0
0
0
0
0
0
0
0
0
0
0
1.854021688663245
0
0
0
0
.6651226281815834
1298.3584598791517
.004763609626303806
.10957877235005978
.018809286883457323
.22396295789748755
.5639228631779569
1.0255464728416601
1.489694683168871
1.3228198970220966
.007786457124422938
6.010283709833937
6.130032149461263
.14755282149794738
.35884754764116644
5.780831347239436
3.7670510595498783
9851322140365961e-26
16261144591387154e-26
.01999999999999759
.01999999999999759
.99999999999397
7.999999999614082
.01999999999999759
.01999999999999759
.01999999999999759
.01999999999999759
.01999999999999759
.01999999999999759
.01999999999999759
.01999999999999759
.01999999999999759
.01999999999999759
.01999999999999759
.01999999999999759
.01999999999999759
.01999999999999759
.01999999999999759
.01999999999999759
.01999999999999759
.01999999999999759
.01999999999999759
.01999999999999759
.01999999999999759
.01999999999999759
.01999999999999759
.01999999999999759
.01999999999999759
.01999999999999759
.01999999999999759
.01999999999999759
.01999999999999759
.01999999999999759
.01999999999999759
.01999999999999759
.01999999999999759
.01999999999999759
.01999999999999759
.01999999999999759
.01999999999999759
.01999999999999759
.01999999999999759
.01999999999999759
.01999999999999759
.01999999999999759
.01999999999999759
.01999999999999759
.4999999999984925
3.9999999999035207
.01999999999999759
3.9999999999035207
.24999999999962313
.0999999999999397
.01999999999999759
.01999999999999759
2.9999999999457305
.01999999999999759
.01999999999999759
.01999999999999759
.01999999999999759
.01999999999999759
.01999999999999759
.01999999999999759
.01999999999999759
.01999999999999759
.01999999999999759
1.4999999999864326
.01999999999999759
.01999999999999759
.01999999999999759
.01999999999999759
.01999999999999759
.01999999999999759
.01999999999999759
.01999999999999759
.01999999999999759
.01999999999999759
.01999999999999759
.01999999999999759
.01999999999999759
.01999999999999759
.01999999999999759
.01999999999999759
.01999999999999759
.01999999999999759
.4999999999984925
.4999999999984925
.24999999999962313
.01999999999999759
.01999999999999759
.01999999999999759
.01999999999999759
.24999999999962313
2.499999999962313
.3499999999992613
.01999999999999759
.4999999999984925
.01999999999999759
.01999999999999759
.01999999999999759
.01999999999999759
.01999999999999759
2.9999999999457305
.01999999999999759
.01999999999999759
.19999999999975882
.01999999999999759
.99999999999397
.01999999999999759
.01999999999999759
3.9999999999035207
.01999999999999759
.01999999999999759
.01999999999999759
.14999999999986433
.01999999999999759
.01999999999999759
.01999999999999759
.01999999999999759
.01999999999999759
.01999999999999759
.01999999999999759
.01999999999999759
.01999999999999759
.01999999999999759
.01999999999999759
.01999999999999759
.01999999999999759
.01999999999999759
.01999999999999759
.01999999999999759
.01999999999999759
.01999999999999759
.01999999999999759
.01999999999999759
.01999999999999759
.01999999999999759
.01999999999999759
.14999999999986433
.01999999999999759
.01999999999999759
.01999999999999759
.01999999999999759
.01999999999999759
.01999999999999759
.01999999999999759
.01999999999999759
.01999999999999759
.01999999999999759
.99999999999397
.2999999999994573
1.4999999999864326
.01999999999999759
1e-12
.3299999999993434
.3299999999993434
1.4999999999864326
1.4999999999864326
.99999999999397
.99999999999397
.99999999999397
.99999999999397
