1.490545326328355
.5554500160038232
.008656420522650846
.0022349433639902837
31582811081816644e-22
.02408259599898577
7.1156522246675005
.7242800325762048
.05901301202534762
.07113625214718322
.07060603871514208
4.850249268733712
.7471491069513438
.36899947467725414
.005306327772693641
3.218214624609828
.4015841053862308
.003089668775860794
.07309625845347972
.004342571735338681
.0020204450359583557
.010588010298753711
.00017075185471436408
.002791182745503496
.2566205550365581
18.417008286245817
.00015184926421587077
.005834312637001062
.006377723669779212
.006268042690252543
16447168426729412e-22
.00016286248467181966
.013553993422354395
.0012037300904110815
.01049172480535145
20111022032427204e-21
.0021864441794926257
.0027022790900448775
.0003302725421165664
.005175029535884147
32980909332892655e-21
.0063054560527075545
.006478871692891608
.01934029529541367
.00036934413910620016
.12398072841480717
.007308962527068583
.0007899362098071814
.04180803693667056
.2932872451148924
.0012181653355517008
.5564624232393236
.010060329439933006
12.176943354977494
11.318434897561316
1.359983689894392
.007070867264980808
.06540350714646781
.07459224397208408
.22352462636191894
.12173366975066076
30.126062315621933
23.118056798636132
8.480213600283124
.0023161956780196552
.0005226511632596118
.0014316472858539537
.0059649829215542224
2.4467172827602592
7.046479276053661
.015987735711105306
21.702010760337405
3.405752459802097
9.628127329583334
20.313244667660665
.001412813394951677
.008607602487193772
.0005422409200604183
2.121364204608145
.0003257104259652371
.002612578333984847
.01142844822589823
.00034264716332211664
.9771323098070962
.709539913803161
2611948881084687e-20
.009033939549836511
.860892304955295
.774955207347953
3.6044423519309987
.000170408018251725
6440996408695324e-20
.5849695341765964
.8311865452376767
.07324177322414162
.01183176649148832
.29461447225909093
1.4606011145635307
1.3584995148982375
1.805211770787794
1.5998065277433988
2.0466524944153868
.02452094831038215
.03979898625907461
.010216477581197527
.00016845502794774088
6.1682776382366304
6.1570241734459845
.5406232131735
.017695670710271328
.0034083516818358066
54237261982038164e-21
.000526531472232588
.09534742485387984
.020744993119167124
.0007726013284682771
.45811562141289836
5007439082898785e-20
.00022696378960190255
.035983173998665074
18494737552934572e-21
0
0
0
0
0
0
0
0
0
0
0
0
0
0
0
0
0
0
0
.7552256821478076
0
0
0
0
.5990965306749763
1260.2244460237398
.00462369791385719
.10636034034365906
.01825684036827003
.2173849543618871
.11506919117925116
.659279104429204
.1503645000159871
.4298990268229596
.006600998404138992
3.0340326144195853
3.2847664996990273
.017046384208036183
.04118805684751137
.7847387553433517
.5058907105962738
.2653337264377882
.4379872653964468
.019412581116325715
.019412581116325715
.22524978747595037
53018428969989995e-21
.019412581116325715
.019412581116325715
.019412581116325715
.019412581116325715
.019412581116325715
.019412581116325715
.019412581116325715
.019412581116325715
.019412581116325715
.019412581116325715
.019412581116325715
.019412581116325715
.019412581116325715
.019412581116325715
.019412581116325715
.019412581116325715
.019412581116325715
.019412581116325715
.019412581116325715
.019412581116325715
.019412581116325715
.019412581116325715
.019412581116325715
.019412581116325715
.019412581116325715
.019412581116325715
.019412581116325715
.019412581116325715
.019412581116325715
.019412581116325715
.019412581116325715
.019412581116325715
.019412581116325715
.019412581116325715
.019412581116325715
.019412581116325715
.019412581116325715
.019412581116325715
.019412581116325715
.019412581116325715
.019412581116325715
.019412581116325715
.019412581116325715
.019412581116325715
.2373024375386923
.010297167516819455
.019412581116325715
.010297167516819455
.17222893105090709
.0861522132551676
.019412581116325715
.019412581116325715
.03428581336205676
.019412581116325715
.019412581116325715
.019412581116325715
.019412581116325715
.019412581116325715
.019412581116325715
.019412581116325715
.019412581116325715
.019412581116325715
.019412581116325715
.16035697095569731
.019412581116325715
.019412581116325715
.019412581116325715
.019412581116325715
.019412581116325715
.019412581116325715
.019412581116325715
.019412581116325715
.019412581116325715
.019412581116325715
.019412581116325715
.019412581116325715
.019412581116325715
.019412581116325715
.019412581116325715
.019412581116325715
.019412581116325715
.019412581116325715
.2373024375386923
.2373024375386923
.17222893105090709
.019412581116325715
.019412581116325715
.019412581116325715
.019412581116325715
.17222893105090709
.0602006239374189
.20773065035675586
.019412581116325715
.2373024375386923
.019412581116325715
.019412581116325715
.019412581116325715
.019412581116325715
.019412581116325715
.03428581336205676
.019412581116325715
.019412581116325715
.14844407697656645
.019412581116325715
.22524978747595037
.019412581116325715
.019412581116325715
.010297167516819455
.019412581116325715
.019412581116325715
.019412581116325715
.11994742180697468
.019412581116325715
.019412581116325715
.019412581116325715
.019412581116325715
.019412581116325715
.019412581116325715
.019412581116325715
.019412581116325715
.019412581116325715
.019412581116325715
.019412581116325715
.019412581116325715
.019412581116325715
.019412581116325715
.019412581116325715
.019412581116325715
.019412581116325715
.019412581116325715
.019412581116325715
.019412581116325715
.019412581116325715
.019412581116325715
.019412581116325715
.11994742180697468
.019412581116325715
.019412581116325715
.019412581116325715
.019412581116325715
.019412581116325715
.019412581116325715
.019412581116325715
.019412581116325715
.019412581116325715
.019412581116325715
.22524978747595037
.19183178664548947
.16035697095569731
.019412581116325715
9999999999985096e-28
.2017870022585069
.2017870022585069
.16035697095569731
.16035697095569731
.22524978747595037
.22524978747595037
.22524978747595037
.22524978747595037
