1.5030819870494407
.5213248472592455
.008251382912751987
.0021070241106768456
27246246209695695e-22
.022997986010807835
7.112648227419535
.7248075518315273
.05907765044601385
.0697588431503252
.07061307785313733
4.752238920350601
.7468917345796527
.3616577925012391
.005207686466079386
3.13544556286273
.39103349240147567
.0030845466195526107
.07307764712477864
.004344226782009469
.002021158574101999
.010417702837132486
.0001682205113955909
.0027888207978525306
.25218974347507916
18.454111093232406
.00014576951843678105
.005832257257310037
.00637573863412233
.006266613192664355
16432142652661496e-22
.000162821654945861
.01355059526392791
.0012034262197454597
.01048909452483069
19700175288224373e-21
.002189206814867109
.002701594411722174
.0003240482134032513
.005173669575922946
32313817879857685e-21
.006299625882034167
.0064519364893621265
.01938761674053511
.00037164589763732204
.12394387127299601
.00730871687536856
.000782095643849869
.04126535588972163
.2890407191444608
.001158448630203258
.5554193557360935
.009571976544467987
12.14335400182576
11.29648821030435
1.3589101916361443
.007068907656151574
.06301111546274407
.07185044397373165
.22332218093271664
.12164633890180056
29.958906839340788
22.959269975321682
8.443497399223391
.0023134176707397106
.0005203576232871115
.001433110555085644
.005952045364945493
2.2528072716310383
6.975312608261308
.015343571097940507
21.69649830513737
3.4048799856507865
9.624098984223375
20.3083511310668
.00141241382231589
.008607559682937783
.0005421084920385217
2.121291108055178
.0003251642665502108
.0026079968073604116
.011426005561540886
.00033685857901255404
.9766182793124242
.7001085095606056
26015106982517325e-21
.008888182736780968
.8569022308008238
.7720917367288775
3.5973538536698064
.00016950703235314499
6542934204567721e-20
.5847271420450327
.8315655156144196
.07375980163373229
.011481887954860248
.293729907967703
1.459566848061664
1.3562198080844277
1.730134099711351
1.5980220275036607
2.046062887355491
.024415007986278717
.03954468459696913
.009844709986775375
.00016728833934711175
6.106830722224271
6.140948171512611
.5403518846334084
.01749249493333344
.003257982237467063
51809308720843856e-21
.0004845101921863571
.09462631548162363
.02070815286679678
.0007706793370551144
.45724654064268205
4974740447396127e-20
.0002269227773323762
.035916535953582
17750714997867263e-21
0
0
0
0
0
0
0
0
0
0
0
0
0
0
0
0
0
0
0
.7457860451356536
0
0
0
0
.5976420498205601
1259.9085055075411
.004622538744543931
.10633367561664375
.018252263345829065
.21733045556612765
.11354405657524631
.6568829434236654
.14754665148026144
.42951055793814547
.006595231234678452
3.032362598515234
3.279491984949356
.016768365754141427
.04050665972063793
.7828599020595018
.5047749423237635
.26508181534045766
.437568081819574
.019407714347617972
.019407714347617972
.2224435345883964
4795906774490253e-20
.019407714347617972
.019407714347617972
.019407714347617972
.019407714347617972
.019407714347617972
.019407714347617972
.019407714347617972
.019407714347617972
.019407714347617972
.019407714347617972
.019407714347617972
.019407714347617972
.019407714347617972
.019407714347617972
.019407714347617972
.019407714347617972
.019407714347617972
.019407714347617972
.019407714347617972
.019407714347617972
.019407714347617972
.019407714347617972
.019407714347617972
.019407714347617972
.019407714347617972
.019407714347617972
.019407714347617972
.019407714347617972
.019407714347617972
.019407714347617972
.019407714347617972
.019407714347617972
.019407714347617972
.019407714347617972
.019407714347617972
.019407714347617972
.019407714347617972
.019407714347617972
.019407714347617972
.019407714347617972
.019407714347617972
.019407714347617972
.019407714347617972
.019407714347617972
.235819599778628
.00979353268482579
.019407714347617972
.00979353268482579
.17168998215078465
.08604427482188542
.019407714347617972
.019407714347617972
.03302027231862406
.019407714347617972
.019407714347617972
.019407714347617972
.019407714347617972
.019407714347617972
.019407714347617972
.019407714347617972
.019407714347617972
.019407714347617972
.019407714347617972
.157369635992519
.019407714347617972
.019407714347617972
.019407714347617972
.019407714347617972
.019407714347617972
.019407714347617972
.019407714347617972
.019407714347617972
.019407714347617972
.019407714347617972
.019407714347617972
.019407714347617972
.019407714347617972
.019407714347617972
.019407714347617972
.019407714347617972
.019407714347617972
.019407714347617972
.235819599778628
.235819599778628
.17168998215078465
.019407714347617972
.019407714347617972
.019407714347617972
.019407714347617972
.17168998215078465
.05834309803204153
.20682116012109056
.019407714347617972
.235819599778628
.019407714347617972
.019407714347617972
.019407714347617972
.019407714347617972
.019407714347617972
.03302027231862406
.019407714347617972
.019407714347617972
.14807234459376867
.019407714347617972
.2224435345883964
.019407714347617972
.019407714347617972
.00979353268482579
.019407714347617972
.019407714347617972
.019407714347617972
.11972207273800989
.019407714347617972
.019407714347617972
.019407714347617972
.019407714347617972
.019407714347617972
.019407714347617972
.019407714347617972
.019407714347617972
.019407714347617972
.019407714347617972
.019407714347617972
.019407714347617972
.019407714347617972
.019407714347617972
.019407714347617972
.019407714347617972
.019407714347617972
.019407714347617972
.019407714347617972
.019407714347617972
.019407714347617972
.019407714347617972
.019407714347617972
.11972207273800989
.019407714347617972
.019407714347617972
.019407714347617972
.019407714347617972
.019407714347617972
.019407714347617972
.019407714347617972
.019407714347617972
.019407714347617972
.019407714347617972
.2224435345883964
.1911116626794102
.157369635992519
.019407714347617972
9999999999984969e-28
.20095391411926397
.20095391411926397
.157369635992519
.157369635992519
.2224435345883964
.2224435345883964
.2224435345883964
.2224435345883964
