1.498903888477552
.5324077527739068
.008382570192541116
.002148712651475531
28619419438989123e-22
.023352751365634125
7.1136505003188955
.7246328609084434
.059047359662964045
.07021091194249383
.07061080589506054
4.784811502286282
.7469773864480292
.36409824665666496
.005240505351805149
3.163042945898902
.3945677068246287
.0030857044997154057
.0730838515011262
.004343676225835392
.0020209212343191394
.010473725870787197
.00016906138806504727
.0027891122179675943
.25364605467044593
18.44472308143381
.00014783643578907845
.005832942931370505
.006376400259447523
.006267089572883788
16437003633088508e-22
.00016283526114969167
.013551727675056293
.001203527482235348
.010489971046337022
19836695326717263e-21
.002188290970592997
.0027018225751547216
.00032611870434041024
.005174122767376063
3253553818184928e-20
.006301512590129261
.006460550061859064
.01937186004700479
.00037087927093628834
.1239561457552028
.007308804745511678
.0007847774555389688
.04144995744930142
.29039778168432495
.001178070363846235
.5557669218482176
.009732036652538351
12.154536722701494
11.303815020583437
1.3592695691619876
.007069560369562261
.06379862783491982
.07275293433455866
.2233899667087529
.12167556975995164
30.014614820299304
23.012220962363262
8.455760474092829
.0023139855059761735
.0005210282210891197
.0014326257956024625
.005956394376746251
2.3173824393372136
6.999550055779267
.015563965505525208
21.698335671229355
3.4051707448435153
9.625876841069495
20.309979794708628
.0014125470194018338
.008607576471849869
.0005421524739636447
2.121315484508141
.0003252860581593237
.0026090259897472417
.011426819616261475
.00033869882637159834
.9766256773089932
.703126993576969
26043863279689827e-21
.008936624548926308
.8580811733832916
.7729130993757263
3.5996962324336197
.0001698010956039534
6566947269846697e-20
.5848335523713155
.831423569981905
.07357395342649899
.011595302037351924
.29399579977822504
1.4599121431033544
1.3569794918172957
1.7558340307459777
1.5983243134962788
2.046259374537071
.024444923412030053
.039621938761980224
.00996710406748227
.0001676924560250684
6.127840264990678
6.1462249807235185
.5404434616701773
.017556824729231542
.0033093617119594023
52639358461994695e-21
.0004982524671539846
.09484705751506954
.020720423277843725
.0007711773364565702
.4575360313681495
4984557438314014e-20
.0002268998974059501
.035938731397659095
18005611186777706e-21
0
0
0
0
0
0
0
0
0
0
0
0
0
0
0
0
0
0
0
.7489254602938612
0
0
0
0
.5981535827835114
1260.0137903449356
.004622925029133598
.10634256143946177
.01825378860466337
.21734861688623552
.11403844427521247
.6576807869360195
.14847985716699783
.42963860114599023
.006597112130272774
3.03862659826929
3.2856170751735645
.01686058724954389
.04073265366602929
.783486142465406
.5051468162037019
.2651664103048308
.43770887264247516
.019409336162250032
.019409336162250032
.2233748698529114
49589172026912317e-21
.019409336162250032
.019409336162250032
.019409336162250032
.019409336162250032
.019409336162250032
.019409336162250032
.019409336162250032
.019409336162250032
.019409336162250032
.019409336162250032
.019409336162250032
.019409336162250032
.019409336162250032
.019409336162250032
.019409336162250032
.019409336162250032
.019409336162250032
.019409336162250032
.019409336162250032
.019409336162250032
.019409336162250032
.019409336162250032
.019409336162250032
.019409336162250032
.019409336162250032
.019409336162250032
.019409336162250032
.019409336162250032
.019409336162250032
.019409336162250032
.019409336162250032
.019409336162250032
.019409336162250032
.019409336162250032
.019409336162250032
.019409336162250032
.019409336162250032
.019409336162250032
.019409336162250032
.019409336162250032
.019409336162250032
.019409336162250032
.019409336162250032
.019409336162250032
.23631275347699718
.009958581378165765
.019409336162250032
.009958581378165765
.17186941026032013
.08608023247926944
.019409336162250032
.019409336162250032
.0334367629177041
.019409336162250032
.019409336162250032
.019409336162250032
.019409336162250032
.019409336162250032
.019409336162250032
.019409336162250032
.019409336162250032
.019409336162250032
.019409336162250032
.15835899174976836
.019409336162250032
.019409336162250032
.019409336162250032
.019409336162250032
.019409336162250032
.019409336162250032
.019409336162250032
.019409336162250032
.019409336162250032
.019409336162250032
.019409336162250032
.019409336162250032
.019409336162250032
.019409336162250032
.019409336162250032
.019409336162250032
.019409336162250032
.019409336162250032
.23631275347699718
.23631275347699718
.17186941026032013
.019409336162250032
.019409336162250032
.019409336162250032
.019409336162250032
.17186941026032013
.05895569987914743
.20712382308220859
.019409336162250032
.23631275347699718
.019409336162250032
.019409336162250032
.019409336162250032
.019409336162250032
.019409336162250032
.0334367629177041
.019409336162250032
.019409336162250032
.1481961284749883
.019409336162250032
.2233748698529114
.019409336162250032
.019409336162250032
.009958581378165765
.019409336162250032
.019409336162250032
.019409336162250032
.11979712784779634
.019409336162250032
.019409336162250032
.019409336162250032
.019409336162250032
.019409336162250032
.019409336162250032
.019409336162250032
.019409336162250032
.019409336162250032
.019409336162250032
.019409336162250032
.019409336162250032
.019409336162250032
.019409336162250032
.019409336162250032
.019409336162250032
.019409336162250032
.019409336162250032
.019409336162250032
.019409336162250032
.019409336162250032
.019409336162250032
.019409336162250032
.11979712784779634
.019409336162250032
.019409336162250032
.019409336162250032
.019409336162250032
.019409336162250032
.019409336162250032
.019409336162250032
.019409336162250032
.019409336162250032
.019409336162250032
.2233748698529114
.191351357878027
.15835899174976836
.019409336162250032
9999999999985011e-28
.20123117495147724
.20123117495147724
.15835899174976836
.15835899174976836
.2233748698529114
.2233748698529114
.2233748698529114
.2233748698529114
