.028914797448130945
-.0029680918158512238
.00040560322681685337
.0017757410968275355
-.012547224880605574
-7222429631183557e-21
4901090378148745e-22
-.00011006537728827434
-23566885859246998e-21
7734800905168693e-22
-.00018830222474843736
-27704232857284215e-22
27532811608667013e-22
-18617105964917797e-23
.0001197646770803664
-.09106935549772549
-8825074489362063e-20
6526825790229175e-23
3989525676461706e-23
37770787345516518e-22
-49254950874537976e-21
.0361624517215539
10382740659013037e-22
-.0016158650646021973
-.023535579330392596
.038187367126277016
-2576868833113672e-22
32876801192059224e-23
-227689254408371e-21
-21392215240378119e-23
4542058644311205e-23
3521683692018208e-23
19411141281981374e-24
9550674686102002e-24
-1294565451927865e-24
-4603638531893385e-24
12415877091932604e-24
42375541862334794e-24
13148435747152175e-24
2507295832539124e-23
.004195987002603465
.004713522376627904
.001739721913083243
3578629890909161e-23
-43885837637513404e-23
24703846024744985e-22
-6343026628652635e-22
.0006527093677077065
-.0011905177461286169
.0011633819946157296
8268740463094949e-20
.0013088141537285864
.0034365016593026123
.0005333130533944321
.00024940295267624125
-1046969744737189e-20
.0011040751130138957
.0010929298649309427
.00034682740814689125
.0003413072574183756
.02848748846684025
-.022383041120202597
.023022651505091016
-9086337915110522e-20
2497959603589309e-20
2130243866893823e-21
.0007433444707087343
-.0024167915588709115
.00034215520501519
-3469321748159425e-20
.003032816894299192
.001782960391148965
.03163316741970324
.007139052506578729
-30967606756008825e-24
26351363214532126e-23
15683258443203541e-23
.00016602592143335853
-572256653727609e-21
-8771499815122669e-20
-7766993572046262e-22
.00037186990226304297
-.04303991306995579
-.02136774584546711
-14962840281745517e-22
.00011059484297389111
.09449843845145506
.06097271271533512
.2494836310006241
-7162492076565203e-20
-22527686890731682e-23
.0008875097173979663
-.04435197749422259
-.0014771360314353539
.05012207202196716
-.006088955611164536
-.00043969475339895685
-.0056350554894415705
.0008086837343848464
-.22746838275667883
.08362260677271434
.048949620363271884
.00666637532843034
.032026936232212
.00010255283068770405
.006141363885946077
.10439588827964534
-.00031063584533382645
.04893061423677576
.0020972007794748397
.0005207159224582356
.00798762088222267
-.0025756791757500564
8228710244412436e-20
40373880103936187e-24
.005340059423411248
-3184126581968686e-21
.023693164407058064
.00022650282330785462
8358704148389561e-23
0
0
0
0
0
0
0
0
0
0
0
0
0
0
0
0
0
0
0
-.04085752650505099
0
0
0
0
-.0132501245054652
25575530035966015e-23
-20429061755611196e-24
13065843687088981e-23
4697161050676231e-23
0
.040270402339322664
-.24860745645278917
12285015415052783e-21
.0011703395498701484
.8714735926998578
.0033648318577064328
.009072104654274498
.002546248015633649
.009377592396461668
.0009811879538125768
.005505046398664454
.002263996841072609
.0023165518953986368
