6130766380538687e-27
40.2231688013099
.16042038385721596
.28790564122716433
11.339063028341634
.3847035935050529
5.819411404614627
.20682195913981652
.002689661252839756
.324705549022687
.02919190256372457
8.860732327707053
.7460597821134508
.6295897105579297
.009160076567944283
7.880601319409088
1.1132502929018826
.003773955099922917
.07847917879109044
.0042053938181728315
.0017472352183197759
.04130551720726601
.00013718346841512058
25176884013373802e-21
.28132174869690757
39644237352088105e-24
13037522104725113e-30
.005194488864545129
.006649624572628928
.006016999336495156
.002380378358541142
.00016861431040800562
.013990998513607921
.001229357815210125
.010895705769263533
35317262891584106e-21
.0004904213052370123
.0028362103291887535
.0005306717977704753
.005418245641748592
15403597159052013e-21
8.940630571474864
14.010950706983651
.005632523440745666
61005634726637416e-21
.11826212185911307
.007383646620105103
.0070966557651287255
.41158013643009456
8129291914172115e-26
.4333706251493505
2950217528970398e-26
4.072233776390245
17.9089092403488
1569869475257287e-24
21447759040625152e-26
.006637071928364895
3.0878548361401945
14.843167036365287
27431989657172935e-27
20787982476692443e-27
41.49348020891014
28.92578749777548
9.111995906540834
.002522463312939435
.0006154220512593643
.001447579424578386
.006713072895086353
5401513447666761e-24
0
7505382119863828e-27
23.116530698561856
3.2018091381760083
9.719436038283998
16.90259159269666
.0014529730130485542
.008136506006552
.0004100817955392124
2.2124189156171217
.0003738419377239448
.003221160001992083
.010335642590293452
.001551518230132538
.9027382204226384
1.3990552483713716
.00011708403675506898
.024047913076603776
1.3617243756504716
1.6699413407655654
3.273763289372474
.0032742255508328433
.00047005735911867085
.5947346172376061
.7758194711235855
11330359724792768e-27
.47281156113297845
.7426476727676641
1.949632901653231
2.588153335760556
30938703229738647e-26
5.946179784875075
1.9639677702224378
.5270221815509598
1.1144906694736805
.9577007990278815
.0008964346417191148
49.99999999991826
8.192971746082339
.49082727410615495
.06329536525019554
6148819203561745e-28
6253827216981014e-30
3015266177044521e-24
4.84145363824669
.009940144117299545
.0005049663542558013
.5306014857241897
.0013659347928483578
.0002365217370311027
.015676288478179406
33360127229789536e-31
0
0
0
0
0
0
0
0
0
0
0
0
0
0
0
0
0
0
0
1.792824778800716
0
0
0
0
.5790157870869416
1349.4164508352853
.00465190238224402
.10390678078058876
.020831582809446785
.22863762078895222
.5448328837876087
.9611255273052254
1.3618945700032805
1.4182516874144095
.007497092174880558
5.648573009891637
6.704108902598224
.15520453754518226
.3390034862160068
5.628221321635046
3.523654317281212
8796009261671057e-26
16726997023242514e-26
.019999999999997548
.019999999999997548
.9999999999938692
7.999999999607631
.019999999999997548
.019999999999997548
.019999999999997548
.019999999999997548
.019999999999997548
.019999999999997548
.019999999999997548
.019999999999997548
.019999999999997548
.019999999999997548
.019999999999997548
.019999999999997548
.019999999999997548
.019999999999997548
.019999999999997548
.019999999999997548
.019999999999997548
.019999999999997548
.019999999999997548
.019999999999997548
.019999999999997548
.019999999999997548
.019999999999997548
.019999999999997548
.019999999999997548
.019999999999997548
.019999999999997548
.019999999999997548
.019999999999997548
.019999999999997548
.019999999999997548
.019999999999997548
.019999999999997548
.019999999999997548
.019999999999997548
.019999999999997548
.019999999999997548
.019999999999997548
.019999999999997548
.019999999999997548
.019999999999997548
.019999999999997548
.019999999999997548
.019999999999997548
.4999999999984673
3.999999999901908
.019999999999997548
3.999999999901908
.24999999999961683
.0999999999999387
.019999999999997548
.019999999999997548
2.9999999999448232
.019999999999997548
.019999999999997548
.019999999999997548
.019999999999997548
.019999999999997548
.019999999999997548
.019999999999997548
.019999999999997548
.019999999999997548
.019999999999997548
1.4999999999862057
.019999999999997548
.019999999999997548
.019999999999997548
.019999999999997548
.019999999999997548
.019999999999997548
.019999999999997548
.019999999999997548
.019999999999997548
.019999999999997548
.019999999999997548
.019999999999997548
.019999999999997548
.019999999999997548
.019999999999997548
.019999999999997548
.019999999999997548
.019999999999997548
.4999999999984673
.4999999999984673
.24999999999961683
.019999999999997548
.019999999999997548
.019999999999997548
.019999999999997548
.24999999999961683
2.4999999999616827
.34999999999924897
.019999999999997548
.4999999999984673
.019999999999997548
.019999999999997548
.019999999999997548
.019999999999997548
.019999999999997548
2.9999999999448232
.019999999999997548
.019999999999997548
.1999999999997548
.019999999999997548
.9999999999938692
.019999999999997548
.019999999999997548
3.999999999901908
.019999999999997548
.019999999999997548
.019999999999997548
.14999999999986205
.019999999999997548
.019999999999997548
.019999999999997548
.019999999999997548
.019999999999997548
.019999999999997548
.019999999999997548
.019999999999997548
.019999999999997548
.019999999999997548
.019999999999997548
.019999999999997548
.019999999999997548
.019999999999997548
.019999999999997548
.019999999999997548
.019999999999997548
.019999999999997548
.019999999999997548
.019999999999997548
.019999999999997548
.019999999999997548
.019999999999997548
.14999999999986205
.019999999999997548
.019999999999997548
.019999999999997548
.019999999999997548
.019999999999997548
.019999999999997548
.019999999999997548
.019999999999997548
.019999999999997548
.019999999999997548
.9999999999938692
.2999999999994482
1.4999999999862057
.019999999999997548
1e-12
.3299999999993324
.3299999999993324
1.4999999999862057
1.4999999999862057
.9999999999938692
.9999999999938692
.9999999999938692
.9999999999938692
