-7065303978793438e-20
.02382762827472158
-8039022966852487e-21
-1844636606722826e-20
.0012402000286523996
13266679678061125e-23
-12597010974860725e-23
-6562666973360055e-24
-.00014120813476402742
-.00027311949216185624
.00860493870747263
.014761854418032544
-426748260802566e-22
16394060461781935e-24
-29920333586146774e-22
-4284689647792335e-21
-14031786563700945e-23
-45808396773465624e-24
-.004037283210804045
-.0017650111829626905
-.00017987773800027116
-.002252276935176119
-.0016511870345706434
-.0021213803820918187
-27297631455803566e-21
-.0004980973210445198
-25104318803605106e-21
-.00038661073790836886
-.0018391636544611973
-.005389692820830115
6582020378438808e-23
1932421596428645e-23
.0003513133696486831
-34368251487872336e-21
