6147255294928233e-27
39.241184371164046
.1723561575188465
.2543954106768532
12.289118623647322
.3765060879134337
5.986475630721694
.1852154883985005
.0045580961818190244
.2927419210992439
.028084519855216778
8.164796830676744
.7824940895751148
.562084672598368
.007812478675186055
8.553923373328628
.973322648881561
.004422582318689121
.07843911373916841
.004399265375225518
.0020128236938630473
.041127909910799065
.00011406585007462752
24081285891384485e-21
.2874049991082066
41356975305068934e-24
15329360112009014e-30
.005144875359230324
.006527147150804341
.005586686255088976
.002658965248104276
.00019109466650058259
.014206033820306514
.0011523661890648928
.010249895397864982
30922728556276045e-21
.0005057190521962984
.002726507487605475
.0004993039602877201
.00515033609808139
15823551114625386e-21
7.983033190112111
14.649168766406952
.007861645945709908
6627997076699848e-20
.10921367241116572
.0071109450884213445
.007345976822371174
.3765624531609238
8628859115887846e-26
.43561992248917825
3518948452743992e-26
4.185119368555663
18.69464070163102
173326164658878e-23
22900579326501118e-26
.007068672253725484
3.118230153095818
15.19508519915056
27857030611457214e-27
24481971849128266e-27
44.285832517613805
26.242815942195403
8.701939354788404
.0024314491143221937
.0005041674990152035
.0014173881691384523
.006234531019841019
4870113280193793e-24
0
7407092136459317e-27
23.79895709317727
3.405677995464494
8.484427012163485
17.83968725708366
.0014623342165721756
.007871989495679512
.00044440550250989604
1.9940301036669008
.00041038582882413127
.0033508234184243444
.01154811309224751
.001871420897613921
.9509135737828599
1.3825558850589914
.00014568770128157836
.02409566177427297
1.4130694428031332
1.7266508520303592
3.008331040083295
.004076183977771089
.0004281017316967285
.6220984161864586
.716678827901616
10238457944003934e-27
.44422076312912206
.7055873144374727
2.1363065220982684
2.5680513161640937
34536349214221697e-26
6.351958574270242
2.020785038387678
.6192689590785881
1.0313087122674676
.9456356418279367
.0008892422277785662
43.54787467185002
8.494626471390498
.43670433462329805
.06944216498824206
6495458785762421e-28
5954824725519671e-30
30455445289616488e-25
4.868738839679519
.01141453903836249
.0005098670252086048
.48934421692324737
.0013905411367439743
.0002444988659329635
.016663588578389198
32243580018874063e-31
0
0
0
0
0
0
0
0
0
0
0
0
0
0
0
0
0
0
0
1.928911174535932
0
0
0
0
.620207900010034
1324.521590817133
.0043689991410534685
.1023541775616669
.01873307537757154
.21922310211170823
.4793217619601653
.9731585544934035
1.322322187261689
1.4664876948297063
.00806804361816038
5.7904300392610795
6.255147916474789
.13423702294014364
.34109859317188584
5.529544361430968
3.877073734785695
9922718152464999e-26
12905547336923097e-26
.019999999999997544
.019999999999997544
.9999999999938527
7.999999999606576
.019999999999997544
.019999999999997544
.019999999999997544
.019999999999997544
.019999999999997544
.019999999999997544
.019999999999997544
.019999999999997544
.019999999999997544
.019999999999997544
.019999999999997544
.019999999999997544
.019999999999997544
.019999999999997544
.019999999999997544
.019999999999997544
.019999999999997544
.019999999999997544
.019999999999997544
.019999999999997544
.019999999999997544
.019999999999997544
.019999999999997544
.019999999999997544
.019999999999997544
.019999999999997544
.019999999999997544
.019999999999997544
.019999999999997544
.019999999999997544
.019999999999997544
.019999999999997544
.019999999999997544
.019999999999997544
.019999999999997544
.019999999999997544
.019999999999997544
.019999999999997544
.019999999999997544
.019999999999997544
.019999999999997544
.019999999999997544
.019999999999997544
.019999999999997544
.4999999999984632
3.999999999901644
.019999999999997544
3.999999999901644
.2499999999996158
.09999999999993853
.019999999999997544
.019999999999997544
2.9999999999446745
.019999999999997544
.019999999999997544
.019999999999997544
.019999999999997544
.019999999999997544
.019999999999997544
.019999999999997544
.019999999999997544
.019999999999997544
.019999999999997544
1.4999999999861688
.019999999999997544
.019999999999997544
.019999999999997544
.019999999999997544
.019999999999997544
.019999999999997544
.019999999999997544
.019999999999997544
.019999999999997544
.019999999999997544
.019999999999997544
.019999999999997544
.019999999999997544
.019999999999997544
.019999999999997544
.019999999999997544
.019999999999997544
.019999999999997544
.4999999999984632
.4999999999984632
.2499999999996158
.019999999999997544
.019999999999997544
.019999999999997544
.019999999999997544
.2499999999996158
2.4999999999615796
.34999999999924697
.019999999999997544
.4999999999984632
.019999999999997544
.019999999999997544
.019999999999997544
.019999999999997544
.019999999999997544
2.9999999999446745
.019999999999997544
.019999999999997544
.19999999999975412
.019999999999997544
.9999999999938527
.019999999999997544
.019999999999997544
3.999999999901644
.019999999999997544
.019999999999997544
.019999999999997544
.1499999999998617
.019999999999997544
.019999999999997544
.019999999999997544
.019999999999997544
.019999999999997544
.019999999999997544
.019999999999997544
.019999999999997544
.019999999999997544
.019999999999997544
.019999999999997544
.019999999999997544
.019999999999997544
.019999999999997544
.019999999999997544
.019999999999997544
.019999999999997544
.019999999999997544
.019999999999997544
.019999999999997544
.019999999999997544
.019999999999997544
.019999999999997544
.1499999999998617
.019999999999997544
.019999999999997544
.019999999999997544
.019999999999997544
.019999999999997544
.019999999999997544
.019999999999997544
.019999999999997544
.019999999999997544
.019999999999997544
.9999999999938527
.2999999999994467
1.4999999999861688
.019999999999997544
1e-12
.32999999999933055
.32999999999933055
1.4999999999861688
1.4999999999861688
.9999999999938527
.9999999999938527
.9999999999938527
.9999999999938527
