.01462120704652557
.0012352999505628197
8162157469464652e-20
295001036005138e-26
.0037687685233193627
6.702498350997186
.6850886127352296
.04564789857062665
.00845124196090749
.06403855772194776
.750384448035851
.7145851054200718
.059268572302129896
.0009338072714613428
.009907719873104256
.0014608427915466789
.0021679317162916854
.07189879260238359
.004909711643168454
.001930653427151295
.001491587824752726
28196524991420127e-21
.001965840905255639
.04189106865607661
3.94624479049632
8107131053589104e-21
.005574090381460656
.006425664759974284
.0061186592762794
15498648080734329e-22
.0001545724351457141
.01345244975426166
.001178520546246416
.00958420575283558
2917925404296945e-21
.0022280184271786974
.002746718787194033
51980062241378854e-21
.005408366935602815
49011304416553165e-22
.006116659197229524
.006116277347920658
.01987061053469789
.0005737361325365653
.11858156061534848
.007891037890882989
.0005211879234689912
.02558327113808977
.0706645110757911
30179574450974417e-22
.14584856552807182
2551891292588944e-20
8.682323704513955
8.208376179388146
1.1491129182201192
.006806639548524318
.0007096310437002297
.0007965785055248251
.17179047022163318
.09955439164659248
10.024940336152504
7.908590545937303
2.766674494173245
.0016834893671351838
.0003335245095207453
.0013675784679629036
.00592593512137304
.008106775100305467
3.6751309948228115
.0007217468625829199
10.024940336152504
2.974913569361191
9.478960267069603
9.227167557678749
.001391915940265894
.008680323744006931
.0001756440649348605
2.139258283516342
.00019697550156657262
.0017803262057503701
.010781710329883865
3957986552169597e-20
.7129844773981787
.041706547553129095
14521246935198262e-21
.0005013805851070089
.3914200548912504
.36411223423654027
2.553107451798572
.00011727961067566055
.0003812418687319101
.5933916915748753
.825138263255942
.13985747812590335
.00028632631058821926
.1751509352515498
1.144579754326695
.9641007904127962
.0736322643861347
1.1782954860601824
1.8341496201529377
.018420217005043003
.021568932990105382
.00010587268041811579
.0001462242856493067
3.492999382529174
4.37077992437766
.45945750672570435
.0034615821463783326
.00012775952580014414
17869351143345156e-22
45077439406690937e-24
.04374200548596248
.016761707335559865
.00047108701140751466
.367213725892196
264998545481786e-19
.00018707650033071362
.02610366057834534
7251239104002811e-22
0
0
0
0
0
0
0
0
0
0
0
0
0
0
0
0
0
0
0
.08322115103418555
0
0
0
0
.3221549985028476
1243.6088660244463
.004266761682189662
.10079362188221375
.017221802941522115
.20917240491309402
.02060267598825144
.4232134055878681
.014292126094574366
.3822342500420713
.004876803702376403
2.1779972378601653
2.2824875264579103
.002343269567357369
.005241179445745252
.47312319601527875
.3388358780808593
.20956543800409094
.32393488785069163
.018835995322608504
.018835995322608504
.04988057380101139
3104523654466126e-25
.018835995322608504
.018835995322608504
.018835995322608504
.018835995322608504
.018835995322608504
.018835995322608504
.018835995322608504
.018835995322608504
.018835995322608504
.018835995322608504
.018835995322608504
.018835995322608504
.018835995322608504
.018835995322608504
.018835995322608504
.018835995322608504
.018835995322608504
.018835995322608504
.018835995322608504
.018835995322608504
.018835995322608504
.018835995322608504
.018835995322608504
.018835995322608504
.018835995322608504
.018835995322608504
.018835995322608504
.018835995322608504
.018835995322608504
.018835995322608504
.018835995322608504
.018835995322608504
.018835995322608504
.018835995322608504
.018835995322608504
.018835995322608504
.018835995322608504
.018835995322608504
.018835995322608504
.018835995322608504
.018835995322608504
.018835995322608504
.018835995322608504
.018835995322608504
.11166951271719527
2479370040429737e-20
.018835995322608504
2479370040429737e-20
.11814687718872134
.07409568060033914
.018835995322608504
.018835995322608504
.00037247531902919796
.018835995322608504
.018835995322608504
.018835995322608504
.018835995322608504
.018835995322608504
.018835995322608504
.018835995322608504
.018835995322608504
.018835995322608504
.018835995322608504
.016710799415539317
.018835995322608504
.018835995322608504
.018835995322608504
.018835995322608504
.018835995322608504
.018835995322608504
.018835995322608504
.018835995322608504
.018835995322608504
.018835995322608504
.018835995322608504
.018835995322608504
.018835995322608504
.018835995322608504
.018835995322608504
.018835995322608504
.018835995322608504
.018835995322608504
.11166951271719527
.11166951271719527
.11814687718872134
.018835995322608504
.018835995322608504
.018835995322608504
.018835995322608504
.11814687718872134
.0013894913245538812
.12255843384378942
.018835995322608504
.11166951271719527
.018835995322608504
.018835995322608504
.018835995322608504
.018835995322608504
.018835995322608504
.00037247531902919796
.018835995322608504
.018835995322608504
.10980339858676823
.018835995322608504
.04988057380101139
.018835995322608504
.018835995322608504
2479370040429737e-20
.018835995322608504
.018835995322608504
.018835995322608504
.09567106253704977
.018835995322608504
.018835995322608504
.018835995322608504
.018835995322608504
.018835995322608504
.018835995322608504
.018835995322608504
.018835995322608504
.018835995322608504
.018835995322608504
.018835995322608504
.018835995322608504
.018835995322608504
.018835995322608504
.018835995322608504
.018835995322608504
.018835995322608504
.018835995322608504
.018835995322608504
.018835995322608504
.018835995322608504
.018835995322608504
.018835995322608504
.09567106253704977
.018835995322608504
.018835995322608504
.018835995322608504
.018835995322608504
.018835995322608504
.018835995322608504
.018835995322608504
.018835995322608504
.018835995322608504
.018835995322608504
.04988057380101139
.12203936788733845
.016710799415539317
.018835995322608504
999999999997003e-27
.1226960302738228
.1226960302738228
.016710799415539317
.016710799415539317
.04988057380101139
.04988057380101139
.04988057380101139
.04988057380101139
