44.249355667032155
.3367631062405498
1.1783821118962217
47.34089293672121
1.2208361197133761
7.984255334404357
.7845058122241217
.18146252761785076
1.382089398719724
.07518257443258677
23.397546294611708
.8099527914889165
1.6667575137761539
.02067950587068963
9.580849980977042
11.821407511273362
.010712537361373035
.08157351397661963
.017124221088311582
.006693068919238971
.046446465687496705
.014832305536078312
.009866473702626753
1.742081328918309
30.26294707955457
.005103745134888371
.006458072628212154
.007324645546605213
.006694172109266775
.005690211531501123
.00016526567194787294
.014439319613273322
.0012662937639308998
.010258081960331683
.00026703752088665545
.004361131500921052
.003002578438038973
.0024873456223552044
.00907991516753654
.0002094243294157309
17.420284717950064
19.06892588458995
.028658893456509845
.0037946393662847138
.15661518899274068
.010720311992934203
.009287864265820595
.5948850101400407
5.7232413914808555
5.26084399843298
3.7225971141058523
5.341759600311219
21.82169042418361
21.602744484295453
2.0064879063256034
.00793580489882736
9.539266035769243
155.15034204550557
.3401474670023023
.16272328773686037
56.86851349715903
55.55811505735501
18.895981521620545
.006202416127246625
.002288132390434407
.001672368104761987
.011013106789888597
79.61822798581895
79.04038918771195
.038328954352074895
27.958536082592207
3.1860009995976912
105.2836798388081
32.02966600563223
.0015427578206534736
.009918092663853238
.005088092773638384
2.686515535411269
.001029878011240681
.009246332017904443
.011624232089733039
.007914894044828175
10.632411088335989
23.593497794707496
.009780075865600053
.05453362036721884
26.3999237384493
133.50480612258946
7.9518635207613615
.01596788449865877
.009402514148461166
5.105042817275944
1.6809804880807202
12.425183042019706
11.002871421138988
6.2909516740441775
7.685843274643445
6.146625711350032
3.9998484982133697
59.50274395883618
1.9804969383157065
8.216912747601716
5.212354350497317
2.7096465268484997
.0034078591671000136
63.31748627216696
8.643203041894894
2.0912552953609187
.4650478520096744
.015546386423851477
.0001649551668374831
53.79281924571257
98.36345366843376
.0987300050645336
.0033723988966281124
.6481982290730488
.006582082324369942
.006883952201177995
.1781718020532479
4297981138170819e-20
0
0
0
0
0
0
0
0
0
0
0
0
0
0
0
0
0
0
0
3.3815607346245
0
0
0
0
4.276527441900612
1320.4599435547377
.004530434000552491
.1070223475382084
.01828605565733083
.2220985950894012
.8583771385863742
1.189009235567536
1.6384508103478346
18.042683335837612
.016317291100097945
6.08883534118694
6.4258539910954235
.3985999066122782
.8516886119594691
76.83407121394598
85.67515258330803
51.18934216935512
82.17236562282598
3.2889623097850307
2.0631967816788146
1.5757827710481198
1.6570135151133873
2.6833687684042378
1.7234636898807119
2.4840425914593007
2.0719949132900353
1.8039934693915458
2.3491244615096813
1.9817567590004563
1.8762166649015841
1.4061589062425162
2.1183953000202616
1.5348048555569878
2.6548657629537367
2.159355886356633
2.1187507886029873
2.3782728364585712
1.784526545020111
2.2681472336455384
2.77947198367009
2.755311045433374
1.9347120809565914
1.868618256418837
2.2950166493753894
.0254206882762843
1.751411678738109
2.3009763121941007
6.283720144021501
1.9965995546139819
1.8511002685654532
1.2942710576336447
3.2078300314339185
1.4931204911945213
1.642462905347255
3.5175524996976892
1.3741137618059738
1.9425643152908179
1.4900456293643412
2.151661044731949
1.4900252487782506
1.8882777315783301
2.743863038349411
2.0481725461300804
2.384692590456655
1.6970706478597875
2.168957251910854
1.7075502167497942
2.1788615723427895
2.5128527930548112
2.72446212476239
2.4952281365652507
2.1064885255185386
1.924608752643845
3.120351765392169
2.2981049977629375
1.1179138443918828
2.5273662549657407
2.98032091882321
2.110788909117455
1.1839627124292535
1.838949263114655
1.6679363803216978
1.898652941269759
1.4909962882589032
2.403872284376611
2.3072736058405314
1.9598729755200925
1.7288652744399424
2.4322810602365914
2.3529740643225416
1.829432618617847
2.3814050507658324
2.1582511366773045
2.0259457939591434
2.175592213968638
2.2525260471421222
2.0507171884013
2.9569600601962653
2.102447782640495
1.9681720641034153
1.3427528498983372
1.6345423750263726
1.5980851275543788
.7827954086706235
.19670965940725552
2.210670308987769
.012011573969926866
2.7539016854377154
2.254376351546362
2.4501223849066642
1.9043362569519537
.198443095612973
1.4090071053025661
.2053145793322722
1.1817015212732749
3.330538867230893
1.658845768614982
1.7926822489931256
1.8460237495244154
2.196177095863742
1.8151671943220613
2.068843111851964
2.101841568027391
2.4339498369386483
.009997031415791698
1.9837833506869897
1.9570662082972423
1.4494991581167265
2.290123591488958
1.8306250933442763
1.4260554760435886
2.220262603868409
1.8908540277012458
2.2897566512221026
1.7473450400799815
.7769464490351308
1.6699154989248868
4.666520573221626
6.436637980078606
1.509526882320733
1.9584337819104962
2.534919397094516
2.2931548772324217
2.788789932013074
1.9439584805652215
.008088142002593137
1.4508811668069383
1.341800066397711
2.619910851081619
2.612442137164495
1.9434703999873353
1.984345454161215
2.4115493950565803
1.8086860305313417
2.6409488086718444
2.408483607363785
2.3075306973464724
1.6989809037925692
1.5106830989190345
2.253734523577356
1.3187847305130769
.22942426606227564
2.2230657215876946
5.353578622041744
1.6176757932346193
1.8146050726447671
2.023910453643479
2.320647551078603
.9864629178544692
1.8835649155113452
2.3920169019206914
2.3289950250151343
2.3004710315710626
1.4754526222903814
2.0334139274389567
2.712734236813762
1.7696153854301404
2.385659114666016
1.4736213173037636
1.1804806326805104
1.504650429937156
2.024266938361568
2.15516712959576
2.1905775173284088
2.587901798310585
1.4164778805542062
2.342357321926994
2.4096896674391117
2.3669137631111647
2.4188425135551905
1.5920441923158357
1.9284618847731125
3.3178708215885813
1.7715773227172478
2.0087408900641894
.022925461554583276
2.062960956144826
.05893767659502883
1.9435073211897755
1.8312637492005774
.5296272583804734
1.4514589831768694
2.1687674911353936
1.3044266007248755
.05006616878428928
2.028801358387332
1.2245699069623057
1.703739828971473
2.2965530324410026
1.9542259446126238
1.53066663316185
2.566128592289429
3.229442109480034
3.008458530217036
.668608828717372
.01144218671480166
1.8452792742966977
2.2556640928171388
1.9137339844655388
.050148796405952926
2.217078349673098
1.66469774749031
2.314604249504259
1.199622678207932
1.2965775727116013
.006731844340286861
.004303031293230644
2.3759879240367723
.5734570837973482
.1383156745172095
.8345961024812413
.20052790545808086
2.3530793596431234
.11172896099283025
.09512401965371284
1.7567325316653761
.5701583117466905
7.77565029467647
2.0400036249120634
2.0097055685820147
2.409836161181258
2.4773386505562978
2.2364830746492874
2.159569332552797
.11399616046336117
.16840586072513625
1.8283305423466296
2.9674836646840954
1.0468016544918501
2.059370086197703
2.3245555924479793
1.9517297465424857
.009956377691606871
.26699386784579826
2.874612336236899
3.2128994346490685
4.388868096109539
4.364445508749334
2.400122600702405
.011928508784751138
2.7752463720393434
1.261163937385865
.015681227790549267
.010474234326679028
.1604682776630911
.012366850790490927
1.9072839111999658
2.6723172406194693
.01
1.818333992121061
.013716185071942928
.007532390880685539
1.939867900967955
.00955924440172632
.007988468937847106
2.1975484409105563
.007678156086280761
2.236866060898116
2.0956192288228506
1.5336544295735568
1.6666962313094118
.009126631879042146
1.9529317336221652
2.291967994549698
2.4167402004675655
2.414820407393696
2.049888162066842
2.7927568864600105
.011018161766734083
1.4400837166312475
.010863735728298806
.008640969926176283
.010276234577153584
.011817114101556331
.010585433368118834
1.5580013799400156
.07995745813884683
.06329400883972933
.009295547546847903
1.3699755527752833
2.189010118078275
.08872617732991908
1.91033357165705
1.5162197435099138
.0676888434829999
1.9977721625464504
1.6333090916920023
1.7165841159412565
2.8102642245381833
.009030924364278197
1.651442670847344
2.749002355660415
3.615309409510458
.8076753578794824
1.6697131813451591
2.184410842941451
1.5028124144738062
2.2413847588567886
1.6906202098258487
1.9766826386563268
1.9359031396254454
.008690428337178044
.2136880231557343
.21014875224474738
1.866111358036814
1.3858554352369246
1.8998967952233403
1.7827999801973362
1.4263765099053811
2.086690770062297
2.206561797618027
1.7444133450621975
2.0163433950429583
2.2533226740686194
1.9135819609470457
.0065832329125968736
1.5414098335607367
1.815798355629107
1.855992790124432
2.1896290787534296
3.2405819438308083
1.7010779521854729
2.1413617658909825
1.7594970898618054
2.1591475510838154
.12207763974001754
1.8083783697856108
2.3061295440022977
2.329818776723078
1.5176783412034491
2.5069415209614117
1.619350148224135
.229662537795358
.1431090614382528
.1344070770830272
1.4895707479951612
1.992942744972554
1.852905106220003
2.286330612853301
1.4445752543730472
1.8469316073345274
1.4873339408136281
2.0709078354396753
2.4253579015630575
1.8277124163207294
2.1310354678887946
2.4519662752541267
2.0521594095261664
2.008962169650195
3.1067233856102425
2.0801544080370182
2.006665732627564
1.7246628225891347
1.5450267085158895
2.1985481539360086
1.5375426381324404
2.293836701200463
1.711828159851355
1.5081462451379817
2.244362677202606
1.723517738316249
2.2314967298769592
1.248742551396123
2.306635660752658
1.5791306373288931
2.5671091069579552
1.7594522274739914
2.244232539023361
1.7015461729129515
1.9584695017042992
16.64748145181415
16.60955158356991
2.6473838871111686
2.0316862282902686
1.8596029840306763
1.2933365514900905
1.5693431381775134
1.42636841839554
2.689322287499708
1.7205256714314912
1.5607439504827025
2.3596612834991944
1.901735071369958
2.6090591316076157
1.710507458254602
1.828550737707079
1.4708363292672286
1.8295161100599704
1.497601378209707
1.894658787851674
1.2528844050764476
2.014781126952565
2.3134281280997477
1.1232603642958139
1.8714089222682206
1.6593833667850844
2.30012610385746
1.9303607885084193
2.634896054510606
2.0617342359204964
2.152682875491154
2.4707462089015966
1.2428251673230362
2.471903155051732
9.662582598818657
1.6745579483860622
1.5053717826582487
1.5616527601911
3.4699329605141123
2.0263103555993984
2.062260797579081
2.7147274620519086
1.6263503706007565
1.7985384208592583
2.744662688464684
1.3528298640637284
3.1211290514976096
2.5229655242807523
2.683561925571486
2.046365351865708
1.45398532918095
1.6461010770265871
1.6054419432498062
.2679861942695848
2.8574515423463307
1.8812990173208726
2.4369756539194953
1.8572766442098771
2.0372449506794967
2.4643880504313596
2.064052978471833
2.163103048119188
1.8315593185396124
1.5197674416097282
1.380187512870015
1.9901237347539125
2.5419418635159134
1.6687011153119415
1.7795311182932487
1.6018911115551373
1.6226645214946953
2.3671589740422068
3.0979791407670545
2.0625113876837533
1.9340708914608618
1.9863473306855284
2.193236161622662
1.6909269705554855
1.33064076203688
2.1999418802640567
1.7529732047000535
1.6770727740148679
2.177602676056743
.16361294233794083
1.0198079931906774
.12067976007169616
.9948632915159324
.10242181660502615
.8497392642265977
.09004457735413719
2.044644174827526
.1692549465019551
2.665896327125229
.08903545767267294
.9684105696299482
5.575038014048621
.38299701616485543
.11294679424036115
1.1946544148082818
.07154788526662045
.1980200427567012
.03804405514906916
.8958539851941062
.06535661478681509
1.0599306266622865
.10044473430661809
1.2705584599814361
.18933008224868178
.9476147669418105
.05464926128385208
.7333284741561101
.05845834565571856
1.4694713633097733
.00020473895296278655
.0004215369477775223
.11415512788396853
.12003081425551139
