6179193189092939e-27
39.18811748095721
.17110187843540592
.29458422321685135
11.194113216692486
.35542956460135233
5.850783612639553
.22641949885884866
.003227260753168604
.31958442013226257
.029560226952616273
7.830275616106686
.7515205191137322
.625976626625817
.00788218913247744
7.734621117411447
1.0228034171244371
.003865907673843828
.07855764672743927
.004350923880108274
.0017960772022731597
.04103255726994272
.0001395488205455991
18603098218328793e-21
.28795562214716003
4265205536730557e-23
12276278743356577e-30
.005385999087657526
.00675117295923118
.005690410453297694
.0023673041787414285
.0001776753287050107
.014452875449286478
.0013415176408734279
.010553453766029177
3582355624835797e-20
.0004999196547150614
.0028967802682232707
.0005111172178352682
.0048624396594470366
16920226904732502e-21
8.859768202238342
13.473630846575862
.005801762501309817
5650293787119571e-20
.12366694702164735
.007434504101582739
.0075269932845298875
.3954339602469254
8511003436871302e-26
.46618909457585334
28156871222142452e-27
3.980092112376971
17.86813906307519
15739214128449725e-25
2083947381936191e-25
.0070927002313790795
2.7274704328122725
13.867842958317086
26496675333419676e-27
2349101595759551e-26
43.85627714482099
27.355232724505353
9.25346756994239
.0024430990651407524
.0006037813295816513
.0013930984680656905
.006818951101185631
51995958233796665e-25
0
7511555570237515e-27
23.23581907350942
3.4413341676434355
8.679122160287895
16.90962495307441
.0015453045128735706
.008056226971643174
.0004404909829661594
2.084072273819033
.0003847647278072139
.0036079580646024238
.011220949884892374
.0017266139272246327
.9034518305505034
1.5762714567366134
.00013397637860773986
.02681919534372749
1.2990705108589822
1.643280897176251
3.1638706948407522
.0035796862014632383
.0004662827054298689
.6256667256531224
.8056282398995115
11705074842994854e-27
.4616958176685936
.7541770891408496
2.114087852338432
2.8767811092075593
2987081087251469e-25
5.662628905252417
1.9919607154611885
.5370601707536604
1.1822614710292108
.9218739635164872
.0007976539863407825
46.59262463342427
8.549260051856375
.4666003335294478
.06452784393259255
6278721775680384e-28
6748734146419671e-30
3127876870735516e-24
5.491483920612796
.010080504151260663
.0005665226705964988
.5079199236801071
.0012741087372626393
.00023807839099241715
.01572783361550344
34679362762690614e-31
0
0
0
0
0
0
0
0
0
0
0
0
0
0
0
0
0
0
0
1.8285087913040687
0
0
0
0
.6209023668476564
1351.9117158470494
.004575576819690534
.1062139190362879
.019272943616915828
.22394401325448177
.5438152897409144
1.0046461310918775
1.4055118250726961
1.3778266863990254
.0076966138143436304
6.150234031740069
5.8847293611751965
.1481728968451855
.34321547805423747
5.204350738282274
3.804720417369174
10256408023093993e-26
16735439669580631e-26
.01999999999999753
.01999999999999753
.9999999999938208
7.9999999996045315
.01999999999999753
.01999999999999753
.01999999999999753
.01999999999999753
.01999999999999753
.01999999999999753
.01999999999999753
.01999999999999753
.01999999999999753
.01999999999999753
.01999999999999753
.01999999999999753
.01999999999999753
.01999999999999753
.01999999999999753
.01999999999999753
.01999999999999753
.01999999999999753
.01999999999999753
.01999999999999753
.01999999999999753
.01999999999999753
.01999999999999753
.01999999999999753
.01999999999999753
.01999999999999753
.01999999999999753
.01999999999999753
.01999999999999753
.01999999999999753
.01999999999999753
.01999999999999753
.01999999999999753
.01999999999999753
.01999999999999753
.01999999999999753
.01999999999999753
.01999999999999753
.01999999999999753
.01999999999999753
.01999999999999753
.01999999999999753
.01999999999999753
.01999999999999753
.4999999999984552
3.999999999901133
.01999999999999753
3.999999999901133
.2499999999996138
.09999999999993821
.01999999999999753
.01999999999999753
2.999999999944387
.01999999999999753
.01999999999999753
.01999999999999753
.01999999999999753
.01999999999999753
.01999999999999753
.01999999999999753
.01999999999999753
.01999999999999753
.01999999999999753
1.499999999986097
.01999999999999753
.01999999999999753
.01999999999999753
.01999999999999753
.01999999999999753
.01999999999999753
.01999999999999753
.01999999999999753
.01999999999999753
.01999999999999753
.01999999999999753
.01999999999999753
.01999999999999753
.01999999999999753
.01999999999999753
.01999999999999753
.01999999999999753
.01999999999999753
.4999999999984552
.4999999999984552
.2499999999996138
.01999999999999753
.01999999999999753
.01999999999999753
.01999999999999753
.2499999999996138
2.4999999999613802
.349999999999243
.01999999999999753
.4999999999984552
.01999999999999753
.01999999999999753
.01999999999999753
.01999999999999753
.01999999999999753
2.999999999944387
.01999999999999753
.01999999999999753
.19999999999975285
.01999999999999753
.9999999999938208
.01999999999999753
.01999999999999753
3.999999999901133
.01999999999999753
.01999999999999753
.01999999999999753
.14999999999986097
.01999999999999753
.01999999999999753
.01999999999999753
.01999999999999753
.01999999999999753
.01999999999999753
.01999999999999753
.01999999999999753
.01999999999999753
.01999999999999753
.01999999999999753
.01999999999999753
.01999999999999753
.01999999999999753
.01999999999999753
.01999999999999753
.01999999999999753
.01999999999999753
.01999999999999753
.01999999999999753
.01999999999999753
.01999999999999753
.01999999999999753
.14999999999986097
.01999999999999753
.01999999999999753
.01999999999999753
.01999999999999753
.01999999999999753
.01999999999999753
.01999999999999753
.01999999999999753
.01999999999999753
.01999999999999753
.9999999999938208
.2999999999994439
1.499999999986097
.01999999999999753
1e-12
.3299999999993271
.3299999999993271
1.499999999986097
1.499999999986097
.9999999999938208
.9999999999938208
.9999999999938208
.9999999999938208
