1.5043778370392142
.8614101186287644
.016127573718649858
.003386505744808121
525191872912426e-20
.0410971833245856
6.948175014108077
.7572929623092375
.05479591661155914
.07322399910484516
.07169435826627027
5.078028947095327
.7176104230951725
.41206733983221583
.005370676302316588
3.1450374505034038
.426707486768188
.003136244191763624
.07640595723479048
.004696715571703956
.0019325836482745604
.00963395368153729
.00021184502427788174
.0027379082994299173
.3170851205891204
17.168055803669485
.00015166298824062993
.0059109628145779134
.006484775116191908
.005553100447338864
1344326078298032e-21
.0001724091638043713
.014024479926355467
.001301506649614504
.010240657684487684
2355795457611751e-20
.0022509513899864634
.002810151003957803
.00034674360464190224
.004711428751318092
388295197909936e-19
.005569421492082145
.00614011953965733
.019875806869439818
.00033064200104992975
.1174938776543823
.007730380434042418
.0008719772520111837
.044809092902876685
.28468830887063373
.0012462140489242495
.5480809716084757
.009346421693730546
12.040839289734741
11.200384876271936
1.3635759696112424
.006838362103214484
.057536439523062956
.06411481387935819
.2150688108523337
.1320608679757945
29.941628839477143
23.271706435686426
8.303008982403904
.0022359596610689357
.000495820339673442
.0014004878744722266
.006497933138199883
3.288993735693271
7.577183471332499
.021077647549965713
22.056827894598843
3.3423945833918993
9.404643492999325
20.628115165122647
.001498085913753201
.009102136665104968
.000678417578168579
2.1332554900268574
.00031028905647654707
.0028978874706925553
.010988827922824199
.0004078230659738658
.9711060891808435
.6271906489922138
2830765502139793e-20
.006611985829261701
.8774066247732204
.786002616975509
3.414751746134313
.00016823638290480676
6967949135080535e-20
.6745977532249877
.879599240877515
.0827626143709478
.01034670795574404
.31189960274059125
1.6719484082023846
1.5637937122614582
1.9192724605660643
1.5564921201124482
2.052430394955946
.026748877874530435
.037894554791061866
.009001458109972252
.00017800582274729254
6.117840041476349
6.302777769446238
.5544087837915099
.01783318614949842
.004259604377191669
6609081943190739e-20
.0005418648341984214
.09840613261501199
.021493317843021494
.0009123514209993511
.4333914727470488
4864066774140499e-20
.00024214995729939762
.03494727878065714
2218992721502348e-20
0
0
0
0
0
0
0
0
0
0
0
0
0
0
0
0
0
0
0
.7417266429631112
0
0
0
0
.5972543605051093
1311.8418207732589
.004439959322691336
.10306579882897574
.018701704519391595
.21730643995119225
.10857394820708602
.6350651684341627
.1405619803809579
.4398066048987192
.006211630159065718
3.1712418782095204
3.183124545039651
.017413441239387022
.040289989936242415
.8554698251237207
.6221746172925913
.2800509823082909
.4569362785767524
.01940721136440708
.01940721136440708
.2221554434472088
4721919929925105e-20
.01940721136440708
.01940721136440708
.01940721136440708
.01940721136440708
.01940721136440708
.01940721136440708
.01940721136440708
.01940721136440708
.01940721136440708
.01940721136440708
.01940721136440708
.01940721136440708
.01940721136440708
.01940721136440708
.01940721136440708
.01940721136440708
.01940721136440708
.01940721136440708
.01940721136440708
.01940721136440708
.01940721136440708
.01940721136440708
.01940721136440708
.01940721136440708
.01940721136440708
.01940721136440708
.01940721136440708
.01940721136440708
.01940721136440708
.01940721136440708
.01940721136440708
.01940721136440708
.01940721136440708
.01940721136440708
.01940721136440708
.01940721136440708
.01940721136440708
.01940721136440708
.01940721136440708
.01940721136440708
.01940721136440708
.01940721136440708
.01940721136440708
.01940721136440708
.23566685506624332
.009741623109484789
.01940721136440708
.009741623109484789
.17163437002622287
.08603312549693395
.01940721136440708
.01940721136440708
.03289118190714532
.01940721136440708
.01940721136440708
.01940721136440708
.01940721136440708
.01940721136440708
.01940721136440708
.01940721136440708
.01940721136440708
.01940721136440708
.01940721136440708
.15706390768482553
.01940721136440708
.01940721136440708
.01940721136440708
.01940721136440708
.01940721136440708
.01940721136440708
.01940721136440708
.01940721136440708
.01940721136440708
.01940721136440708
.01940721136440708
.01940721136440708
.01940721136440708
.01940721136440708
.01940721136440708
.01940721136440708
.01940721136440708
.01940721136440708
.23566685506624332
.23566685506624332
.17163437002622287
.01940721136440708
.01940721136440708
.01940721136440708
.01940721136440708
.17163437002622287
.05815372125763192
.20672737805520333
.01940721136440708
.23566685506624332
.01940721136440708
.01940721136440708
.01940721136440708
.01940721136440708
.01940721136440708
.03289118190714532
.01940721136440708
.01940721136440708
.14803397365201218
.01940721136440708
.2221554434472088
.01940721136440708
.01940721136440708
.009741623109484789
.01940721136440708
.01940721136440708
.01940721136440708
.11969880372158978
.01940721136440708
.01940721136440708
.01940721136440708
.01940721136440708
.01940721136440708
.01940721136440708
.01940721136440708
.01940721136440708
.01940721136440708
.01940721136440708
.01940721136440708
.01940721136440708
.01940721136440708
.01940721136440708
.01940721136440708
.01940721136440708
.01940721136440708
.01940721136440708
.01940721136440708
.01940721136440708
.01940721136440708
.01940721136440708
.01940721136440708
.11969880372158978
.01940721136440708
.01940721136440708
.01940721136440708
.01940721136440708
.01940721136440708
.01940721136440708
.01940721136440708
.01940721136440708
.01940721136440708
.01940721136440708
.2221554434472088
.19103738145584523
.15706390768482553
.01940721136440708
9999999999984969e-28
.20086799838507013
.20086799838507013
.15706390768482553
.15706390768482553
.2221554434472088
.2221554434472088
.2221554434472088
.2221554434472088
