1.5043778370392142
.8614096259699467
.016129724068230978
.0033865061447759456
52518921016668475e-22
.041097163464679294
6.948175015653627
.7572929625136025
.05480405420413031
.07322397991660294
.0716943582615051
5.078028957413051
.7176104230850608
.4120673406736619
.005370676099722662
3.145037098124728
.42670089912833076
.0031367463153644773
.07640595726124669
.004696715571847162
.0019325836483316116
.00963395151292164
.00021184169610503372
.0027383673646281304
.3170850445038114
17.168055298338935
.00015168862559423245
.005910962814413124
.006484774954664848
.005553100533259406
1344326020361164e-21
.0001724091638043713
.01402447992635547
.0013015066496845486
.010240657684487684
23557954624667867e-21
.0022509513911910307
.002810151004173382
.0003467436053083864
.0047114287519599615
38829519887221405e-21
.005569421253099053
.006140109197464625
.019875809140490967
.0003306420010690924
.11749387765425486
.0077303804629546575
.0008719750226839554
.044808978304357094
.28473862056106347
.001246194920996853
.5480809816403116
.009346420288880984
12.04083927676534
11.200384873377653
1.3635759695245409
.0068383619784058896
.05753643908528782
.0641148425569327
.21506881083385493
.1320608679270303
29.941628839477143
23.271708171290427
8.302987028289667
.0022362710627682426
.0004959052435118382
.0014004878402281268
.006497933126071405
3.288993961738669
7.577183600960963
.021077648393359894
22.05682792392713
3.3423945782931113
9.404496508926478
20.628114666619087
.001498085914756494
.009102136683878555
.0006784175282169204
2.133255438607726
.0003103412705275528
.002898369424977919
.010988828177366747
.0004078925857172776
.9712547245359046
.6272903580007962
2831322156042657e-20
.006612002596065949
.8775449170313788
.7861291160077598
3.414770555126662
.00016823921159730417
6913324347545489e-20
.6745876252634864
.8796138229083833
.08277559643526754
.010348318632931893
.31192641322606146
1.6719480834592757
1.5637937352485638
1.919272487500691
1.5567436433705608
2.0524303907524386
.026753817658797065
.03790018764380786
.009001457878244926
.00017800552446169135
6.117824563998698
6.302846523276794
.5544087243327439
.017836093516186292
.004259604387583728
6609081905561174e-20
.0005419435198352517
.09842246588894125
.02149331639849979
.0009125029359472339
.43339147974074826
48649223526893834e-21
.00024218592382316975
.0349472770755772
22189926831113448e-21
0
0
0
0
0
0
0
0
0
0
0
0
0
0
0
0
0
0
0
.7417266152961489
0
0
0
0
.5972457990430274
1311.8418207732589
.004439959322691336
.10306579882897574
.018701704519391595
.21730643995119225
.10858453532928235
.6350651481449119
.14056197305493412
.4398068051601019
.0062116639763021425
3.1665109522973185
3.179656706687905
.017413425607497805
.040289952602442655
.8554697951518083
.6221745789931619
.2800511622304928
.4569365570548305
.01940721136440708
.01940721136440708
.22215544342168558
47218985177210564e-21
.01940721136440708
.01940721136440708
.01940721136440708
.01940721136440708
.01940721136440708
.01940721136440708
.01940721136440708
.01940721136440708
.01940721136440708
.01940721136440708
.01940721136440708
.01940721136440708
.01940721136440708
.01940721136440708
.01940721136440708
.01940721136440708
.01940721136440708
.01940721136440708
.01940721136440708
.01940721136440708
.01940721136440708
.01940721136440708
.01940721136440708
.01940721136440708
.01940721136440708
.01940721136440708
.01940721136440708
.01940721136440708
.01940721136440708
.01940721136440708
.01940721136440708
.01940721136440708
.01940721136440708
.01940721136440708
.01940721136440708
.01940721136440708
.01940721136440708
.01940721136440708
.01940721136440708
.01940721136440708
.01940721136440708
.01940721136440708
.01940721136440708
.01940721136440708
.23566685506540816
.009741621869510431
.01940721136440708
.009741621869510431
.171634370026204
.08603312549693386
.01940721136440708
.01940721136440708
.03289118093951829
.01940721136440708
.01940721136440708
.01940721136440708
.01940721136440708
.01940721136440708
.01940721136440708
.01940721136440708
.01940721136440708
.01940721136440708
.01940721136440708
.15706390754599753
.01940721136440708
.01940721136440708
.01940721136440708
.01940721136440708
.01940721136440708
.01940721136440708
.01940721136440708
.01940721136440708
.01940721136440708
.01940721136440708
.01940721136440708
.01940721136440708
.01940721136440708
.01940721136440708
.01940721136440708
.01940721136440708
.01940721136440708
.01940721136440708
.23566685506540816
.23566685506540816
.171634370026204
.01940721136440708
.01940721136440708
.01940721136440708
.01940721136440708
.171634370026204
.05815372057906421
.20672737805508068
.01940721136440708
.23566685506540816
.01940721136440708
.01940721136440708
.01940721136440708
.01940721136440708
.01940721136440708
.03289118093951829
.01940721136440708
.01940721136440708
.14803397365200685
.01940721136440708
.22215544342168558
.01940721136440708
.01940721136440708
.009741621869510431
.01940721136440708
.01940721136440708
.01940721136440708
.11969880372158877
.01940721136440708
.01940721136440708
.01940721136440708
.01940721136440708
.01940721136440708
.01940721136440708
.01940721136440708
.01940721136440708
.01940721136440708
.01940721136440708
.01940721136440708
.01940721136440708
.01940721136440708
.01940721136440708
.01940721136440708
.01940721136440708
.01940721136440708
.01940721136440708
.01940721136440708
.01940721136440708
.01940721136440708
.01940721136440708
.01940721136440708
.11969880372158877
.01940721136440708
.01940721136440708
.01940721136440708
.01940721136440708
.01940721136440708
.01940721136440708
.01940721136440708
.01940721136440708
.01940721136440708
.01940721136440708
.22215544342168558
.19103738145579288
.15706390754599753
.01940721136440708
9999999999984969e-28
.2008679983849814
.2008679983849814
.15706390754599753
.15706390754599753
.22215544342168558
.22215544342168558
.22215544342168558
.22215544342168558
