2.986629411327941
.014500302996643111
.001025169587710695
6349769632362594e-20
2491546489279654e-27
.0036567555941651444
6.569763986107167
.782951120758872
.044763100527328376
.014701053400080301
.07054565868705537
.7303824323395499
.6932023760281008
.05959259596329407
.0008204632943230909
.007258850974357676
.0009554736213531046
.0021739858634689056
.07407031152274192
.004862854353964818
.001996717824531136
.0019542802795985462
46790940942451645e-21
.0019147626209532523
.06260844692121455
3.962656260215997
561567790128705e-20
.005657252725304206
.006248026864794679
.005400864233990631
13044447848311267e-22
.00016737313161248609
.013614806274957985
.0012632364747845349
.009941530818485938
33944302639268826e-22
.0024006527304416283
.0027272840481854035
5295541033332194e-20
.004567602576706941
5656918771921489e-21
.005399105275183693
.00539866665021811
.020032084135971618
.0005475486845239975
.11363663699506685
.00762588956144244
.0005136955112778796
.025348094322431326
.077025675783611
3407024957761923e-21
.1431131523378821
25792301804458727e-21
8.593756244680028
8.185362322982336
1.156110174607599
.006589408241603273
.0006839651077394169
.0007592493120252236
.17697417187145292
.11402999636094774
10.178274515627457
7.940478979760855
2.9262042162268234
.0016400130787055346
.00032848910032519553
.0013681256904096936
.006151042844362693
.007379906685268609
3.657189601154221
.0007967642325940702
10.178274515627457
3.242352659143718
9.358937671001739
9.36445436385171
.0014521651475298363
.00889815855182281
.00017989080588490762
2.099756079202596
.00021286363256594175
.0019892321734701246
.010700181320717522
613894000669014e-19
.7153573363779459
.018931875434014596
1605728041604827e-20
.0001941333321130967
.4080926583473571
.37953378579101904
2.4601220426371997
.0001244737546046957
.00041663155514950833
.670620932857567
.8222904657080273
.13380398194143878
.000270988854850693
.181972908668746
1.2722021498872864
1.1008650920355878
.05941997962303314
1.1670297267228955
1.9692448953296566
.01776699924792543
.02163989420252169
9521677023483967e-20
.0001374130145917551
3.5822147829189777
4.553337207867346
.46189807582481357
.003615178414361595
.00011639895022307695
16279926282045102e-22
47248346407019414e-24
.04837072610109637
.015403043110468499
.0005211649278857653
.34374778126803307
26540296325391172e-21
.00018501193280068135
.024772070578101706
7029024378551294e-22
0
0
0
0
0
0
0
0
0
0
0
0
0
0
0
0
0
0
0
.09676278308672205
0
0
0
0
.15807554023484557
1273.5230160411472
.00431026843190662
.10005525429735021
.018155429082606235
.2109589345525522
.019847366967161762
.40976712028544515
.014283369791013833
.3923410104924431
.004217135891285896
2.3164309943254633
2.2078542260518437
.002257165530724244
.005196083492873426
.5288309923105334
.39739814524394285
.20703630475250465
.33698926492741
.018840328123690464
.018840328123690464
.0504574268041373
3346627551621131e-25
.018840328123690464
.018840328123690464
.018840328123690464
.018840328123690464
.018840328123690464
.018840328123690464
.018840328123690464
.018840328123690464
.018840328123690464
.018840328123690464
.018840328123690464
.018840328123690464
.018840328123690464
.018840328123690464
.018840328123690464
.018840328123690464
.018840328123690464
.018840328123690464
.018840328123690464
.018840328123690464
.018840328123690464
.018840328123690464
.018840328123690464
.018840328123690464
.018840328123690464
.018840328123690464
.018840328123690464
.018840328123690464
.018840328123690464
.018840328123690464
.018840328123690464
.018840328123690464
.018840328123690464
.018840328123690464
.018840328123690464
.018840328123690464
.018840328123690464
.018840328123690464
.018840328123690464
.018840328123690464
.018840328123690464
.018840328123690464
.018840328123690464
.018840328123690464
.1123134540589112
25944283870631822e-21
.018840328123690464
25944283870631822e-21
.11848703935187511
.07418094010674216
.018840328123690464
.018840328123690464
.0003854808925488508
.018840328123690464
.018840328123690464
.018840328123690464
.018840328123690464
.018840328123690464
.018840328123690464
.018840328123690464
.018840328123690464
.018840328123690464
.018840328123690464
.017001403773872187
.018840328123690464
.018840328123690464
.018840328123690464
.018840328123690464
.018840328123690464
.018840328123690464
.018840328123690464
.018840328123690464
.018840328123690464
.018840328123690464
.018840328123690464
.018840328123690464
.018840328123690464
.018840328123690464
.018840328123690464
.018840328123690464
.018840328123690464
.018840328123690464
.1123134540589112
.1123134540589112
.11848703935187511
.018840328123690464
.018840328123690464
.018840328123690464
.018840328123690464
.11848703935187511
.0014299027254827382
.12305272539729971
.018840328123690464
.1123134540589112
.018840328123690464
.018840328123690464
.018840328123690464
.018840328123690464
.018840328123690464
.0003854808925488508
.018840328123690464
.018840328123690464
.11005623817487356
.018840328123690464
.0504574268041373
.018840328123690464
.018840328123690464
25944283870631822e-21
.018840328123690464
.018840328123690464
.018840328123690464
.09583623837844628
.018840328123690464
.018840328123690464
.018840328123690464
.018840328123690464
.018840328123690464
.018840328123690464
.018840328123690464
.018840328123690464
.018840328123690464
.018840328123690464
.018840328123690464
.018840328123690464
.018840328123690464
.018840328123690464
.018840328123690464
.018840328123690464
.018840328123690464
.018840328123690464
.018840328123690464
.018840328123690464
.018840328123690464
.018840328123690464
.018840328123690464
.09583623837844628
.018840328123690464
.018840328123690464
.018840328123690464
.018840328123690464
.018840328123690464
.018840328123690464
.018840328123690464
.018840328123690464
.018840328123690464
.018840328123690464
.0504574268041373
.12246113157446696
.017001403773872187
.018840328123690464
9999999999970132e-28
.12316254659817355
.12316254659817355
.017001403773872187
.017001403773872187
.0504574268041373
.0504574268041373
.0504574268041373
.0504574268041373
