-.07636109783320914
-.0359392786203797
-.0002671333910583578
-5288773066208515e-21
-7188822460527912e-23
-14389732696521883e-22
-3214971354958349e-21
15822712219043726e-22
-.000148826358929278
-.00018449307893760847
.007158080202556727
.013904760603194137
6265890438372442e-21
-26666568491960202e-22
-.0016557168533957068
-.005346989799125532
-16593574276956732e-22
3716027910444273e-21
-.0021822119817120197
-.0003804066967804807
-.0004020236458072962
-.002741623261376012
-.001628217033239711
-.0032801255094603776
-.01857941989149923
.0017652198624337882
-.001967532257576283
-.002272323802743655
-.018582344177897087
-.0019886759789465953
-.0002674734258230358
-2556989193331231e-21
-.0005913879811189046
.0005033067654531837
