-15979926782020215e-22
-30735022379644125e-22
3096753861842759e-21
-.07636674646775818
5193341451286857e-21
-2165450952518482e-21
-4273098218950325e-21
-2480206424635485e-21
-.0002600767521939026
34694820284571725e-22
-.00014585039442767126
-3816840779099694e-21
.00014846468849454174
23282334997490767e-23
-35656808810492143e-22
44614392900293135e-22
37617763260072816e-21
-.03642955176408924
3610388360410637e-21
20108175499637884e-23
.003540438081553635
-30475650661164386e-22
-5511610655810926e-21
23882580687373638e-22
-.0016569891327188726
-.0004469040047798152
.00018963972068507037
.0040427157072465076
-.0014318610659227809
-.0013606410240660492
.0009372724041799237
34972445775907953e-22
10531151810797202e-22
.00025702631852339206
0
0
-.0053484170946055945
-.0016654891209173038
-.028339481977518965
8494617188941361e-20
-.16996971037756856
.001570950347604738
13988677034500501e-22
0
0
-3868693294343612e-21
17351680738445514e-22
-.0002526343689217242
-.013591223452628113
-1446020401685476e-22
-4484197288319166e-22
34596821341118664e-23
-1034302988873167e-20
-5357479739899511e-21
23196739369503416e-22
-2607868073165268e-21
-.001425193522025374
-.24405879303144012
-.03933829881264222
-7498339536404144e-21
-19520255320837247e-25
303328169417336e-21
2304243166474288e-21
-5168640072396418e-21
7391200306879019e-21
-.5228308760426013
5007673393026824e-21
-5090030197428723e-21
9853281119767464e-22
-.0017552782024503378
-15119334657631289e-22
-.0018229332692846771
12025750243798718e-22
-.17273630987305802
0
0
0
0
0
0
0
0
-.045352743066332094
-.03988292244011269
-.04265804484302687
-3336916628984877e-20
-.022488994567864764
1223186486178952e-22
-.032912945871052784
0
0
.00033776371070031835
.00016101789842748208
-.0032983664035301664
-.001410442233223335
-6661807120865271e-21
-1461600297229857e-20
-.001950106918347385
-.017315131518543518
-.004317783036056074
-7388654374553072e-22
-.023054455229764122
-1424411703813528e-20
7537960835156134e-20
.0002468241945343673
-11718486685440535e-21
-.015835588973534515
-53308388706276595e-22
-3760288252336328e-20
-.0017635341971828065
7225551748733791e-20
-.04351410221219072
-.038418428747850945
-26153485540021853e-21
-18353347338705529e-22
-.00343441227922255
17086460723807873e-22
-.07579046470607133
24960949442343185e-22
-.09196907162643879
7539203046975306e-21
0
0
0
0
0
0
-.0369428965725155
.0015757481207642715
-.03525146401952309
0
0
0
-.46644686181457395
-.035978290375385726
6135320116191087e-20
8760085875033522e-20
.0032597444899810143
-.04579715228609092
15280372009315872e-21
-.0039362529812164955
.00022696740672672485
-204291401938028e-20
-.0032003160158187516
17823910121483926e-22
.0025310645696013257
-.003414414553096708
-.0002752072945729735
-.00034481863181688504
-.00026144561636585166
-.039344675791098696
-5354198556149722e-21
0
0
9895539706158998e-22
-.00342265896491771
.00016485448920095715
-.0006389972735142629
9984690821572546e-20
-.00027130593532435107
.00024380793622317507
-.03307676365207203
-.07650615152868827
-.07636607931699832
36926020911962563e-22
2922695730460274e-21
-.0011784646959979285
-.07649281696974713
3789233190363161e-21
-15803274090572113e-22
-.07649360552906044
-.07636396047800358
-.025125642443143158
.12128902756550258
11481424293305943e-22
-.15862459089445607
-.005622219626280206
-.04388873679735274
4367390215777356e-21
-.0896775345946293
-.0002457230976061216
-.04547578984122129
-.005760566927107519
.03201187024588511
-.03456637328767232
-.08505826882505996
-.05087553987923328
-.04574242864451028
-.03961056328997442
-.02703274159712277
37390539016105405e-23
-.07649298680072314
-.0017635926006110158
0
0
0
-.059650764882575716
-.006777758935421549
-.032553009116165425
-.028684746859619126
-.04180079639400405
-.0435948382609453
-.04654080764991757
-.05185401681708084
0
-.045359064431295885
-5726035862573342e-21
.09953332770326366
-.03791424798565871
.011018417235010515
3300231775726894e-21
.030690798912923492
-.38150825484882367
-.15010134952600043
-.051822008217989934
-.001919033156429924
-.008560601889892236
-.00047153786070380847
-.036359325875522805
-.001297470078660755
-.030829207722870657
.00024111031258098594
-.05293136208974937
-.00038476733444026557
-.005233004704323649
.0004083866443289309
.00027702193615044234
20265190580820077e-21
-.003514023663020505
-.0016401837269307258
.0004248216070219812
-14645976246539333e-21
2528146676130312e-21
15486183838580986e-21
-.11120284059717893
.023614684808170264
-.03186965664835459
-.014756409040869015
-.006515735706444844
-.03958070301190427
-.07649216609674493
-.10337345129088697
-.014601576759071748
0
-.04038959062703123
-.04010956584280346
-.003218359868126156
-.009192052667063067
-.026716360680995966
0
-.04116337223002941
.02343244309999809
-.049049017896160445
-.03895115503256761
0
-.00969014559047441
-.010419742944483699
0
-.039170370960818934
-.0028716306042220596
-.0034896066381877103
-.0017638646777853172
0
-.03942347926131071
-.0003485489236481765
0
0
0
0
0
-.03998505872545456
0
-.04027372001993571
-.006790043340502884
-.039897987232168516
-.004247480857265914
-.010923525185923945
.00012457253570676772
-.04293214525310608
-.034210932082165066
-.007332141351020305
-.00034801394178801584
-.0002614327574624961
-.04109015326259049
-12700018159626969e-21
-17480976495151568e-22
-.0002743988171213762
-49783409243332975e-21
-2634194483053907e-21
0
0
-.004645009345740739
-.024992772477763377
-.018962407919438908
-.14560493555829002
.012361140715269787
.0015439601707985609
.03072471262625796
-.03250847457476838
5729615944829649e-21
-.03457238155850371
-.0017632429051353895
0
-.005661400771802985
-9091954421295948e-22
2307969564196187e-21
0
0
0
0
0
-.00011331711758658125
-5260507165938464e-21
-.007843167643930444
-8518326475493173e-23
-.005350805025247551
-.0021113267569715607
-13849852402051578e-22
-7997882148261607e-21
0
-.08108970323860439
-.03239894749110894
-.00019207850232695722
.00026051249132109103
-.00023918138133502732
-.0034846355551156147
.00031842364471240474
-.007122406337512515
-20105266480189055e-22
-.003936377016100139
-38655054758539935e-23
-.0004884571403392399
-.003422736115312118
.00027648288490490265
-.0002147126838015634
-448188865936282e-20
8142215309448261e-20
-8151569579187212e-22
2402889831419782e-21
17195724013001878e-22
-.0017647832127791897
3905958568302322e-21
-2304042820186839e-21
-.035790039912914386
-6394742277846111e-22
2064249061945682e-21
-1429294404347844e-21
-5441604432792602e-21
0
0
0
0
-.07224872938014522
-.07224999212907979
-9749213866649895e-21
-1861838818713789e-20
8851572591589688e-20
.0002466084004027023
.0002468026742741446
.0002462930119054764
-.0002656774253113546
3914101013156314e-21
.00027260895256594835
248311176998843e-21
-9769001250353996e-21
-.0016484758944339355
-.00044163935885292244
-.003540038307934955
-225640903151359e-20
-26061429770849878e-22
-.021643513833009175
-.020969720810499602
-.05085641586542824
-.0049548538490458
-51130812156716756e-21
-9012278410151352e-21
-.03452038988342012
-.08105004132639645
-.03723058402346005
-10958058411474873e-21
17461302792296655e-22
0
0
0
0
0
0
0
0
0
0
0
0
0
0
0
0
-.0033968633836480174
8223800985960605e-20
-.004944357027770842
-.001416864075848562
8699236882152998e-20
-1634707983231204e-20
929114661039031e-21
.00031922910897312873
-4647196607207056e-21
-.04712080497117569
-.03868344397573207
23437922152112895e-22
-11520030612263165e-21
-2482315355674244e-21
0
0
0
0
0
0
0
0
0
0
.00021995576127274035
4519099102843509e-20
2066614099080048e-21
.16356548497036358
8207869090417982e-20
-5363506553892834e-21
22508542307800188e-22
-11953374877303566e-22
-24456869970435954e-22
3259064611936891e-21
21959392485531935e-22
-.0004499155604643962
-28599387147489867e-22
0
0
0
0
0
4746351594124589e-21
-34451141277992403e-22
16804875853845896e-22
-24468013287135937e-22
-.037070152884845435
-2819950719615212e-22
-.0054802606464042095
-.00026144461895688016
25202352670705846e-23
33277679357169315e-21
-.1026596378285996
5163115745046374e-21
20137086311797632e-22
-28565004093692346e-22
0
0
