-.003510704936677922
.021125788241373324
.0004657234487106686
.0009940426794746728
.007893917494353902
-7682867082715129e-20
.0007178392690573131
.00030530132803814164
.0003233065391949464
.00036939024804195664
.00791520865668045
.014867314959596523
.0005672783479194354
.0014193256947329543
.0011763328358939263
.00049052941398034
.0013222967770246854
-60789337588130726e-21
-.005403984573658984
.01057661234448987
-.005500415063186148
.009583320693761289
-.0036402536353571002
-.003880127100618349
-.004340991846538105
.0006976351340889716
.014900503612777024
-.003929000994984822
-.0023351357042048827
.020888415930947538
.0003035021597828837
.0005333760826833276
-.004622513023650674
.0016737255612766498
