.007551437564529984
-.003378989946094441
-.0014425980201975585
.0008338252684864926
-.015581738992671361
.0004815392600958724
.000522040041084554
-.0020489264760917792
2925749332910726e-20
52828299374377796e-21
.0011748781851586788
.0005597418777149444
136533485609615e-19
.001283461837428727
-.001511282686379353
-.044894180575879114
-.0020749316867451377
.0013327142076419818
.0005632237172937662
.000519589406786828
.00043911173949369735
.007842039326665206
.0005707353547061316
-.0014312554778777677
-.025275790095924972
.0010189344897606682
.0005426161848801459
.0013139765593707614
.0006245636436262872
9842395997489697e-21
.001321176757685477
8224327348014199e-21
.0009868804512643185
-.00010659343466609104
.001000444561837949
-.001148407635857338
-8804342976497174e-20
-.00010583020574557591
.0010022408525775588
.000501126803555932
.001462311981242525
.012462931598555119
.006683882175869217
.0004428321112134356
-36710045059763625e-21
.0005100749624326068
-793470850804625e-19
-.00035411998318583826
-.0024293523943211036
.00649417993599066
-.000984903302150615
-.001181087074720898
.0011206852489983176
-.003517088025318857
.0016696933361083602
.0017808205195805845
.0003798734291941285
.005611869749539748
.0008246817828921693
-.001126165758040775
.020043378985139804
-.026813095179651275
.03026346216284534
-.0003730815304127656
.009139425532555286
.0019254305963392869
.008766374557092211
-.008319495370416756
.000723129827537765
.00918474235332816
-.0008445263734982849
-.0008736509245165498
.051313016031544194
.00037670898394290454
.0013096266228444045
.0004951994191950204
.0004898287659995072
-.0007438367462247732
-.00011326708368373671
-.0014708951579926492
4390497801986176e-20
-.00037466590065078983
-.006706766477323935
-.024283469537196085
.0031432413494944076
.0012024853206219763
.20941640961459543
.024526715108460564
.27028198994661323
-.0004059201622067206
.0010031103063350944
.02662640434846815
-.04293847799710316
-.0008217696257824293
.01604496188170298
-.006270369828397897
.006525148252736198
.008104437089850982
.0013820364838424578
-.14715533384093654
.10577591081050837
-.08548203373263602
.020984743711826053
-.0035796712963163425
4486958798216693e-20
-.00996269763621159
.06871871986863502
-.0006913033199530529
-.09121910288607582
-.01937424996880417
-.001522775395189087
-.10835490934501195
-.009930934904491177
.006851734194843034
.0005192810467042366
-8151813941861137e-20
-.0038656049634607594
.0002436153712845172
.007208388900608623
-8696491954090391e-20
0
0
0
0
0
0
0
0
0
0
0
0
0
0
0
0
0
0
0
-.02648684290696999
0
0
0
0
-.04031280783830658
.0013232194779475496
.0005638576020396326
.00013662479014841576
.0008078987302272361
-11825082797467138e-29
.002730034601185347
-.26066018392017337
-.0005813383782241719
.002662929524833605
.7587486486581587
-.001034042194375814
.10623663416107511
.0019735435409517035
.008215503138472899
-.0007427902959286841
-.0054747180445809535
-.0011547774025964955
.0010773698683059784
