45.83474276988156
.31771047947890363
1.1991355826007708
47.43817044948024
1.244048907215413
8.340961588366861
.8121415888902328
.17764962419316244
1.4249318916941878
.07929600220290133
21.65674654672893
.7938757348687493
1.7751489073653162
.021333274310500947
9.399249865220906
12.309451593573346
.010692987949340746
.07955982499976286
.01734631522416279
.006909526231241699
.04653479185266367
.01368759201914178
.009435720837056074
1.5765402173087941
30.724693707575945
.00516513264343003
.006499912303359548
.007000974287918114
.0065485813881598475
.006071256904491276
.00017402036805447466
.01414443150600301
.0012818331367509014
.010982892459570468
.00028944942630767926
.004760429795690356
.00280700096236561
.0025402285335608503
.00880067516008591
.00020925669182730633
16.47211640962771
19.558820149351142
.02842666718650695
.00387424355056221
.15157530954198356
.010231190202299305
.008808074141735796
.6200667935782422
5.604820072200506
5.379799714885102
3.713438191319335
5.599277221572846
22.037592794427123
20.959589913757554
2.0011784985109258
.007513246593070006
9.80717266008035
150.1904810430045
.33855148314029837
.1751734060313573
57.346040664019704
54.045445888811344
19.126827232223647
.0062425098732332655
.002366110403870586
.001720262921627008
.01114904057222502
80.89747237346607
82.22084190837818
.042405167221374364
29.62939767818115
3.032987288345084
106.83410540236449
33.86237920631399
.0015386170924487023
.009812888595128095
.005119568177634635
2.576346211012805
.0010332038907204396
.009787970643625521
.011476831628848343
.00814365421995676
11.091100990344612
24.343890926789257
.009646090221332136
.05236004601926435
26.911800471785124
130.03540985458056
7.817608764739732
.015759368969430792
.009434793146588048
5.079837690393631
1.6031665278720921
12.302635883420967
11.730606115471637
6.640713507494883
7.556104137186849
6.070623606823147
3.923126453248683
59.2260972111329
2.1229446480705274
7.902256483473233
5.328641072676406
2.6547042375540597
.0034163336118256038
61.57240946151742
8.659924844683104
2.1243664001221827
.4960921634280822
.016424700449031278
.00017529454555725643
56.74573520686493
98.12931819153802
.09111281159241227
.003394145270899637
.6835261887297551
.00658402354132504
.007072294558480881
.19096981242108121
4213842481682165e-20
0
0
0
0
0
0
0
0
0
0
0
0
0
0
0
0
0
0
0
3.5103055897284436
0
0
0
0
4.41327043844843
1209.6218821768664
.004789484783697471
.10749166947389036
.019399357936508592
.2266424693930058
.8228400840142157
1.1248868613169825
1.6386948034269537
18.3018928317555
.015903837030100607
6.507575135855821
6.454360014723262
.37970212013269267
.8509796026079891
74.79587299337727
93.48822886980373
51.631771368642184
83.95232590406833
3.3939647709321132
2.252662353426737
1.685775392536742
1.7591284873300315
2.6742104510069917
1.697400335116916
2.5022429483806587
2.009198968846857
1.8182905890440233
2.323554773525829
1.9663446415286034
1.8401721231707424
1.4279292662124692
2.2410230461634417
1.5664410114617582
2.6871407805825465
2.074244312330201
2.165122751101504
2.437345258096375
1.7833230221646434
2.2324292416156153
2.9101791784710156
2.6321994805969346
2.0851231543289543
1.8942324208656913
2.486012621114752
.024151024471536667
1.6315392131011923
2.386632411090359
5.881025619922393
1.8723905292852703
2.0379625344335977
1.3356915125212758
3.24802587673936
1.5581193867334753
1.5744063915873467
3.3398022383945474
1.2822624036928503
1.9058934783025308
1.5395023466188174
2.0480098774288775
1.5497147002348923
1.9202434930979044
2.8231695925062144
2.104677882736938
2.302890948874796
1.8436199445250174
2.3001105927732204
1.7616941195714757
2.2672172124660244
2.5505860821983193
2.7011353958253683
2.437866351705299
2.1647981489379964
2.136455222526707
3.2665200758007553
2.4430953024637496
1.1069211180263143
2.4394800109337678
2.9998491974116135
2.049550461052009
1.1122114216855419
1.7563998765590438
1.7196850048949268
1.8754178268878372
1.4681562413189146
2.4038400367046053
2.2856048199359362
1.890470847662108
1.7062933692390947
2.5199905573368713
2.33747667067101
1.8333264228618384
2.436115863592142
2.1674976342253442
2.0293686223270693
2.307997263058328
2.3286930204434295
1.8926965094325545
2.8886658101231055
2.1411394022407437
1.8940174881048304
1.4893671495951495
1.5895118114407076
1.5583086973776554
.753685195019351
.20407919995500096
2.2194179474706828
.01162707475332437
2.5550880559746463
2.158900491130889
2.4529188137709355
1.8509229529773172
.18882169069736357
1.4486266339336182
.19317354462521893
1.1739567532581268
3.158952509629162
1.7079524529991288
1.9217912598475473
1.910973649709278
2.225705357581716
1.7839427839017876
2.0024563262615307
2.1206103555712668
2.649178268689415
.010348845976354453
1.9762772329442166
1.9886171335692153
1.4245897305088806
2.0908781309024795
1.8649324818274424
1.3944224105443552
2.152943234462431
1.8659055582746047
2.2246108915948812
1.8330760489244478
.7511487428366479
1.6956115224035466
4.812553830750246
6.527734703441997
1.5208724231355122
2.087222731108354
2.3727170645746574
2.2901839781005195
2.8633603333567823
2.078068963718153
.007973917234418688
1.483740666177512
1.3701644282537337
2.7485590192158726
2.582846474398868
1.8099048983583192
2.073057926289832
2.268003680293707
1.9176844922183756
2.7457134668494967
2.403285583496955
2.31709814092465
1.7339551145988357
1.4828238148920112
2.163575560759698
1.3069857210834934
.22717325478063558
2.3507859030306215
5.370014728492337
1.5049522443581542
1.7887399941136557
2.0568380037191147
2.157499943965194
.9269760577568507
1.7554791661159002
2.456237543551154
2.2756633999600653
2.107789021676352
1.4635730924249981
1.976647114235112
2.701681261874737
1.8379071255956152
2.3670918459279786
1.550599201214094
1.1985635308975116
1.5272025880725013
2.008168974281551
2.0745857115605024
2.2189524271124763
2.6661187550752223
1.2876598568095274
2.387018619345835
2.298395472951439
2.340578052340986
2.4949345557178195
1.6283665836983172
2.0430306253431603
3.2023498857966355
1.8231667757361862
1.9655376082123703
.024087448933719172
2.1756238363722993
.05713876377711177
1.838034058597972
1.8389557175970987
.5372873390185197
1.325479337326191
2.165293388815434
1.175124001633461
.050705512501619435
2.104708631463143
1.1411849282226418
1.6718845878248747
2.1192362893027
1.939767649644132
1.4914499296551047
2.6036693007982796
3.154255337878483
2.855814856620894
.6095003800661695
.011616017961107361
1.8594927431367676
2.0388476296827722
1.8793959916292367
.048999063765500665
2.299276423495426
1.6820773396645583
2.1867897654245443
1.148357430584557
1.245337275131604
.006586852273807484
.004391133535911813
2.37838787006028
.5697865164947099
.13762014554767885
.8724830404446932
.19409135364383542
2.226531045729507
.10576918466522413
.09336999974527203
1.672282678190766
.569840242157987
8.25640608788866
2.053515773101556
2.087037423819788
2.4664552013967804
2.4066926072854224
2.254489164299547
2.130359219880055
.10113380104324061
.1679282864436255
1.7974998709605117
2.8722532802913046
1.064519465282441
2.0325192500938942
2.3177121143814867
1.902884389556382
.010153760008659625
.29198095560131787
2.9603211231974913
3.453177764512699
4.428287461639409
4.391293036713885
2.4175963754640257
.011358291643865393
2.717883906901731
1.2924732387004028
.01462832228852721
.010773992932751756
.16585792619217066
.012312249123108588
1.8238472317491434
2.854466919295519
.01
1.9033947240292528
.012536425279460835
.007245860662571055
1.8831820777052515
.009069290365994173
.00760570860400527
2.1775473345354017
.007193167467064122
2.1898070692013696
2.1726102645900296
1.564580302745847
1.7148162127805624
.00889038039364298
2.045643969229767
2.25349108183427
2.5079625682276587
2.593651323501017
2.1298689539887916
2.8958978030176703
.010974373569597125
1.539854293964144
.010854771083600808
.008712414950230916
.010135691891119422
.012087634586884912
.010772875041349802
1.4858509087318414
.08363803411071213
.06578687620951959
.009536835248860507
1.2865714233918646
2.0892788871429295
.09287642330647562
1.9683220262007497
1.4950140814312058
.06331071852307849
2.144331049163897
1.706407524363687
1.8582784721515084
2.7804424002792447
.008793957372679483
1.654570624295094
2.74521730898201
3.5217630449616024
.7922812665759548
1.6452684138958324
2.183204017613118
1.449209030550835
2.2403282247764333
1.7232696817492
1.935912601255392
2.1390297740144186
.008521032121516265
.21728532365443454
.18951925889640048
1.8964064146710164
1.4077390871565596
1.928853294272503
1.7465003766542324
1.4724769276673237
2.1564050799297156
2.1319453229724563
1.7172828781987504
1.9429219575865728
2.3105731972629067
1.7167662127707286
.005979846363339665
1.6115453064139837
1.9059350350758637
1.8182176912325332
2.2463079391874063
3.222354993506703
1.7501369595679155
2.125618112693431
1.69914624378698
2.146241235997614
.12014367990595201
1.872561683461849
2.236370406403602
2.43401195249653
1.4500762588353429
2.3977553495581763
1.5978254266761083
.23916985300724486
.1495990627819096
.1318793404598757
1.5931928421475512
1.9467158665794502
1.9058705334035009
2.473878439300548
1.3316537641230908
1.7605192456652368
1.4655556666287344
2.120040625811426
2.2856771932542026
1.5774531715527425
2.0874447639291542
2.3968981164646714
2.079207444173485
2.044166718061537
3.1047211459209194
2.0296336767824505
2.054516869328379
1.6876511996348385
1.5358426784901615
2.0699094067544808
1.5231950594336325
2.214245834522099
1.7102400798583954
1.52753417617551
2.057117865195241
1.6914760096883992
2.2802546417707568
1.2427609647331228
2.3411324364098527
1.5707503049461136
2.5650303500144203
1.748522438880938
2.1391688689887154
1.5738375749119342
1.8900258740872398
15.948206855301772
16.47543984839238
2.7589943719004086
2.0460856125304603
1.8942588953192276
1.3121797451865305
1.5516183476724572
1.3834525012417782
2.796613041515902
1.7561621205159408
1.7002402012811964
2.3257840894624273
1.9629798874718305
2.785067984462233
1.8365769373909484
1.8457858827854359
1.5349648111610825
1.8942952165708773
1.5719923185155127
1.9744268950485824
1.313493329210459
1.9928755664228104
2.3535734919957063
1.1306661746004354
1.7331701274034654
1.524311156405142
2.4102414891951915
1.9073930005576187
2.6321117147212503
2.093284862073088
2.160316821040718
2.479066920025008
1.21943244809066
2.543654035452066
10.478840072016535
1.7804136855289991
1.6112214605009867
1.5422960608317016
3.4784064432580513
1.9387633060350307
2.150150486161758
2.7760602865490918
1.5584563209444386
1.854295632044028
2.7346257469530424
1.365851752458571
3.377000816581727
2.5617881358815677
2.706068311759774
2.0804017605072707
1.4335733583012547
1.6701717772496776
1.6356742641939046
.2648759125411078
2.70893526392966
1.7201485381876178
2.470530854532261
1.6996251310162382
2.0062205539570015
2.577095440942511
2.0526687806634243
2.1014758515544836
1.9030532712017074
1.6161087770351241
1.3606827907204335
2.1037928183616788
2.5661583878558014
1.7994827660224701
1.7606828996701782
1.586190225188267
1.6828865922997822
2.3143304519181127
2.9059026758948887
2.16920005393241
1.9945390422969098
2.0000331631839914
2.3125009582686653
1.6804922693097735
1.2948240025637532
2.062662965615311
1.629163987970489
1.6485542604591878
2.166682688489988
.16480548063518638
1.0058044832487472
.1144394065128581
.9966305585339718
.10169463642897536
.8435858232465241
.09172975008304178
2.2610373628965346
.18153340506966603
2.47860325138295
.08617734669150115
1.0578168261153114
5.340307592452332
.37551115607581653
.11154507137431549
1.2487629042032153
.06918730177491822
.20067950874681556
.038517800293954164
.9663060988893732
.07084971442274207
1.1129922161204897
.10606397856077784
1.2615196223915797
.18816768106948062
.9426648577124379
.05268057491622906
.6515056776807093
.05977982786253196
1.5176139600986436
.00020268788162905254
.00043359488027090807
.10812131320078745
.11845093160607038
