.008494461288793591
.0003706619830760286
241892616487703e-19
8916022974739329e-28
.0014006534521230317
6.296666142646458
.70762726568743
.05008254703146648
.017903265972596775
.07284010274630627
.7327502054082973
.6807330728084987
.050990747183133324
.0008275163971867407
.009999847434189442
.0010989839995052238
.0023374947982488675
.07506034317574438
.005100172413926672
.0020245955477785466
.002681099888114595
5350720466090987e-20
.0020799579180168183
.07859371180679449
3.755936810457822
4202947490142835e-21
.005547266213992274
.006146067676570402
.005507809350620674
12816587951862599e-22
.00016526810169968786
.013335529151056305
.0012563851310998006
.009509005050110791
30554678970121635e-22
.002446856047874781
.002725595352905839
4742211704101539e-20
.005057395399853138
4586034956032023e-21
.005506079265104423
.005505661950636783
.019415591578652212
.0005789443458021041
.11313690508371207
.007678387735231241
.000516272012671469
.02658599861316489
.08954759777157953
28530302791842825e-22
.13518680379184117
23700117249508896e-21
8.454695717556152
8.02928271888393
1.2224230460336456
.006587697783443535
.0007036841247406567
.0007754713349667854
.18477823141829547
.10890543820671433
9.9863885571514
7.5704631612021815
3.1479574279517517
.0017726873392169018
.0003602634273026975
.001388234987106082
.006097524359263081
.006031259522482604
3.439468426290949
.0007177358713609527
9.9863885571514
3.3539768830756014
9.421558620186497
9.189695764011875
.001367432808124002
.009186812284007632
.00016708187317240888
2.228959504571698
.00024840722848559554
.002201420469228336
.010870441985858492
8096751236128313e-20
.7128558364426462
.028480207082931783
194178103887777e-19
.0002809362766833108
.4072469091994953
.3799924018562677
2.563576595212689
.00013642414587669894
.0004000228914476345
.6150178003721246
.7890778030815685
.14289744037862212
.00028167764867461883
.1557089157022835
1.183603269533393
1.0342679481833155
.05449456069618986
1.2940219805613336
1.9842483254209347
.020644308770328045
.024929584393928
8413221009265723e-20
.00012872417680251779
3.703293686743651
4.395588594832245
.4631641078138697
.0034427582493042523
.00010535919149069054
12482372397879645e-22
464516083428291e-22
.055799836213871024
.01427323225598216
.0005428378338930669
.3323739496863188
3382757587520935e-20
.00018275358315630747
.02538304955749652
5921029365567562e-22
0
0
0
0
0
0
0
0
0
0
0
0
0
0
0
0
0
0
0
.0735080321682739
0
0
0
0
.261890685948027
1233.479214796347
.0041262540698003124
.09786195181994596
.01755750597195507
.2112941090224832
.019749876824991245
.4135285088201874
.01325526086244577
.38472375282490257
.004676040791257476
2.341875490844966
2.253321854688827
.002130844080468222
.00562435691306233
.5195831294441532
.36057658447556934
.1896828301892509
.3181275144385263
.018834906112433686
.018834906112433686
.04973700041253924
3190626655128759e-25
.018834906112433686
.018834906112433686
.018834906112433686
.018834906112433686
.018834906112433686
.018834906112433686
.018834906112433686
.018834906112433686
.018834906112433686
.018834906112433686
.018834906112433686
.018834906112433686
.018834906112433686
.018834906112433686
.018834906112433686
.018834906112433686
.018834906112433686
.018834906112433686
.018834906112433686
.018834906112433686
.018834906112433686
.018834906112433686
.018834906112433686
.018834906112433686
.018834906112433686
.018834906112433686
.018834906112433686
.018834906112433686
.018834906112433686
.018834906112433686
.018834906112433686
.018834906112433686
.018834906112433686
.018834906112433686
.018834906112433686
.018834906112433686
.018834906112433686
.018834906112433686
.018834906112433686
.018834906112433686
.018834906112433686
.018834906112433686
.018834906112433686
.018834906112433686
.11150824994929821
24574333773917222e-21
.018834906112433686
24574333773917222e-21
.11806151000161769
.07407425985765707
.018834906112433686
.018834906112433686
.0003695552662387787
.018834906112433686
.018834906112433686
.018834906112433686
.018834906112433686
.018834906112433686
.018834906112433686
.018834906112433686
.018834906112433686
.018834906112433686
.018834906112433686
.016639250145019997
.018834906112433686
.018834906112433686
.018834906112433686
.018834906112433686
.018834906112433686
.018834906112433686
.018834906112433686
.018834906112433686
.018834906112433686
.018834906112433686
.018834906112433686
.018834906112433686
.018834906112433686
.018834906112433686
.018834906112433686
.018834906112433686
.018834906112433686
.018834906112433686
.11150824994929821
.11150824994929821
.11806151000161769
.018834906112433686
.018834906112433686
.018834906112433686
.018834906112433686
.11806151000161769
.0013800040510056203
.12243448514270024
.018834906112433686
.11150824994929821
.018834906112433686
.018834906112433686
.018834906112433686
.018834906112433686
.018834906112433686
.0003695552662387787
.018834906112433686
.018834906112433686
.10973992169114813
.018834906112433686
.04973700041253924
.018834906112433686
.018834906112433686
24574333773917222e-21
.018834906112433686
.018834906112433686
.018834906112433686
.0956295786857894
.018834906112433686
.018834906112433686
.018834906112433686
.018834906112433686
.018834906112433686
.018834906112433686
.018834906112433686
.018834906112433686
.018834906112433686
.018834906112433686
.018834906112433686
.018834906112433686
.018834906112433686
.018834906112433686
.018834906112433686
.018834906112433686
.018834906112433686
.018834906112433686
.018834906112433686
.018834906112433686
.018834906112433686
.018834906112433686
.018834906112433686
.0956295786857894
.018834906112433686
.018834906112433686
.018834906112433686
.018834906112433686
.018834906112433686
.018834906112433686
.018834906112433686
.018834906112433686
.018834906112433686
.018834906112433686
.04973700041253924
.12193356345396217
.016639250145019997
.018834906112433686
999999999997001e-27
.1225790273470002
.1225790273470002
.016639250145019997
.016639250145019997
.04973700041253924
.04973700041253924
.04973700041253924
.04973700041253924
