44.21120888737598
.31584793280488727
1.1782717717563087
47.99685394858122
1.3113212780336578
7.505873026452985
.8145449282768792
.19536522004540907
1.3203420046898964
.08577492527148994
23.459734448996073
.768711883778151
1.5452593512674182
.0204890361138047
9.287360777479464
11.096567464222929
.010610686540728944
.08538876356406407
.01754096555193797
.006495639360610016
.04446406551493253
.014469818239494997
.010207421139867582
1.6320441561956165
30.067121161854725
.004678589088547806
.00635938203622619
.007004439266005803
.006043137717515551
.005199162208161102
.0001767075871768699
.014323041172896856
.001351215127023922
.010186588632879042
.00029617492126437546
.004676996651357194
.002971046313201771
.0025244093477916705
.008787796800774884
.0002150731545295098
17.951599432599505
18.20500779862059
.028568939394285064
.003931919572417252
.14828845103210012
.010374123849391065
.009306849831892127
.5548809778014135
5.72417079398695
4.861141635914228
3.7122948040932346
5.099527060730248
21.388580352218852
19.575456278282452
2.0152443602741825
.007761125759295593
9.659696834599835
167.47177593153927
.3487046651554329
.16974478961838077
53.37857507154791
49.219230253422786
19.628652806728468
.006035270645873673
.0021974943820936552
.0017449634032227648
.010596999876794641
80.6402098967017
80.29715104345875
.040475092581662105
28.231395872845834
3.5945751500186547
106.27494036897254
36.14875135119454
.001514145337278265
.010481911706492783
.005701904195375045
2.7890993472321703
.0011205922384443223
.010005861721689225
.011728122973874239
.008075616299874626
11.10993621414574
24.762861701562887
.009711508136134191
.053381500870762884
25.444138365224653
136.3472980185024
7.604696813076716
.016557149603680488
.009898053701765724
5.355280006888657
1.6285113709969283
12.756911770539107
10.90301078275158
5.819559606119123
7.986817106116723
6.724426329537986
3.6072787526043593
61.950508264079936
2.1516146778744836
7.679936809253697
5.408341393104256
2.586080958347944
.0029796929194405774
61.21628433923591
8.641153432865696
2.205316959206717
.45705465667535056
.016648782466722616
.00016993475639873228
55.99955670412477
106.23853236464453
.0931496424021728
.003565412179166691
.5930931273031493
.006397139917035076
.00692886472107079
.18061678785818475
4093319566093822e-20
0
0
0
0
0
0
0
0
0
0
0
0
0
0
0
0
0
0
0
3.3991544059226397
0
0
0
0
4.717402135775007
1309.7800513930647
.004381496828461922
.10391551859697705
.018643582152357688
.22436438786705645
.8121050727863275
1.1596703347341337
1.6091443455409624
18.239350698213954
.016313327208655602
6.5580423588612025
6.346981822662628
.36116041565010915
.9058023109810144
85.78636133043919
92.58359055705935
47.90633387951627
78.69386976919006
3.475766992452332
1.8916799181469925
1.569427844055749
1.8049684073648393
2.576937282046606
1.7833661641403864
2.580448000911598
2.1750013733201685
1.8109446155370876
2.1884051037198335
1.8388874340487504
1.83174975662986
1.426880271025
1.9672484804648536
1.559114090015605
2.6150373875099047
1.936933749520079
2.2819181364268113
2.2264649268583385
1.8460796201406278
2.5129410908731558
2.745647737241619
2.478957235441569
2.136689396809181
1.7780063736515856
2.6608191999366646
.0251863000480432
1.7738758193690838
2.335013264495296
5.9242227548641955
2.0266449562828472
2.027490717072264
1.3034103744095171
3.087544634908645
1.4715148648744778
1.7062181338994606
3.1201200586444275
1.3135404929124224
1.959424115908744
1.4797373985302449
1.8959655778228408
1.5007043247974368
1.9591792846633898
2.538793519041776
1.9083469928379646
2.124980080818591
1.8639123837097806
2.196515048225506
1.7907990777190048
2.1719152031326785
2.773745322933136
2.872738487061514
2.3693181514823896
2.017635716203813
2.0699438897685996
2.7309131378984755
2.380270858777342
1.128481059387454
2.8313518388295336
2.843973952578859
2.2129252894418068
1.171588437041596
1.7088688710256756
1.830709001613782
1.9694497828720818
1.582078932196797
2.3841962898571953
2.238538990936642
1.8683163213343599
1.702357158454182
2.616234070509953
2.4529302369703605
1.8878058931659298
2.2889371088822825
2.342632260291499
2.2951928140892197
2.726620567553825
2.3936765339519663
1.9669636994802777
2.907897213501626
2.1663613137057265
1.869074418309926
1.3085803760966896
1.5254299125997672
1.504944237131785
.7160291730162619
.18396389698226992
2.0514947754584827
.011598841546766527
2.5421740288381853
2.155540914893717
2.4849792773007584
1.9046329337773371
.19552271059844115
1.5957247320747703
.21442612575225042
1.2180382007927204
3.033103449518799
1.8308102208313068
1.7931589852910583
1.99717067647054
2.115390734909716
1.7924339066175923
1.9269631769277886
2.190603726502034
2.3548591964711507
.01046656187930388
1.9069742303071167
2.180470970935336
1.4562410990432324
2.2699583034480093
1.8068375789078654
1.4044943587888565
2.37657703202695
1.8930446792381288
2.0576706860884295
1.9210867958774738
.7410384422641979
1.6935615423931651
4.571226080760137
6.72032888596916
1.5149290595465084
2.0358113910706823
2.6121347433396873
2.570375753856259
2.8630985589624824
1.9597353149789105
.008791761512699284
1.5406885829998611
1.4158824284147757
2.693313451249668
2.2014966875543593
1.9278073201916859
1.93800548022138
2.3949090236310395
2.0181101611335914
2.6750712771824934
2.1564140934135194
2.422544049223888
1.728969384123729
1.6257274824278165
2.156229705303565
1.280734294937424
.20945755893756157
2.355797196120424
5.735504295479684
1.554016432622507
1.764753299771856
2.0247270535121697
2.440505254040962
1.0448970304241598
1.6499783720625132
2.146375336142916
2.1523907790682935
2.2467836085016315
1.3458662578487657
2.2563394812441415
2.6495593610777144
1.7463958654816683
2.4748274296643635
1.4673148017367852
1.2127800591110327
1.5308073741289157
1.9587184862871976
2.2315583705869093
2.309803642853979
2.871455121252547
1.3670343088343
2.3653611625097795
2.1467651779675916
2.1447863383183674
2.454505182228236
1.8199172043167562
1.9915992197995387
2.8982707614503873
1.7758828717393984
2.0067848417556986
.02353182389296334
2.058501350151898
.060040245246299535
1.8255925103053767
1.8794221199275682
.5188101826790258
1.430884881910813
2.1296636157232895
1.2622596456397903
.04909766479885389
2.0670594232106265
1.1681544638730281
1.5035498666402851
2.1237328544981824
1.926910570640815
1.4653133568460908
2.476608746736694
3.4892117433024237
2.951377142473542
.6972024678256772
.011030528233593817
2.08320120350188
2.2566349854436667
1.9114470967968717
.047242806024016995
2.328151005511121
1.7422842200574407
2.202332888399896
1.2436810733799746
1.2999661908035014
.006443236589528221
.004303025777252301
2.3951342732927645
.5957877714383513
.13738859667362532
.8497381172555554
.20018749622302606
2.4644621604987753
.1107818082468547
.09347086887039614
1.6809864342905207
.641465064068389
8.0718222468947
2.184912861856323
2.1816748738817626
2.4064663608862547
2.3226071333660823
2.1018981562372505
1.9327446617105526
.12665849917751892
.16097042868887726
1.8809658595134284
3.0463384032419496
1.007402852881633
2.0480852952025077
2.41174600219567
1.9778200348128625
.010179709959907073
.31059719307030925
2.9858450762190403
3.6399315480879313
4.225028661152643
4.260691675899788
2.2845976783706976
.011304323405401367
3.0745406291455177
1.3248539352607596
.014639350206238529
.010818333338503785
.1650445951987745
.012174280285723451
1.8494441223968054
2.669953302623035
.01
1.7520944822234379
.014411077972276582
.006644942939335796
1.8912629592972219
.0093700076072798
.007655096589391767
2.3935063643548324
.007371523070777176
2.423457638531381
2.128270831802564
1.6450689541293984
1.6956915012922675
.009404496729819745
1.961945820549889
2.4657407085312353
2.422169486617309
2.312914636674446
2.208873041272409
2.789235894069038
.010436743675233508
1.3757600216193882
.010946323720448537
.009096783058404206
.010117760186569834
.013319080804583274
.01037544841601679
1.3970391260892163
.08525653141073973
.07255539461857377
.009362726890234473
1.3591055832463586
2.396893928660381
.09561480865985486
1.9029166105706998
1.5282692699431315
.06491303925951436
2.131094819110008
1.7494456564399918
1.6423349205351
2.8940273796437945
.00889350540942312
1.640844918793076
2.5803530269906974
3.2988004615072426
.8361537832448318
1.666373848653493
2.0838936718231156
1.5069384003224633
2.2658085274639514
1.7481138017327413
1.9104668916520606
2.0870880186186103
.008765271647728922
.21933832413479357
.20801866679077222
1.7947696878601347
1.4499854337169087
1.8942112120935461
1.6446014093089305
1.4688373012966853
2.119576603206997
2.0570400284429033
1.7787589273308404
2.0854752262941414
2.18892203743717
1.7688185285858167
.006235217120218641
1.5544135962057888
1.9282797712363096
1.9747921296129882
2.024460856820533
3.1546485844683643
1.6709567050483138
1.99009835454662
1.8324404579769686
2.1606212077994185
.11498636099111711
1.8251762313508195
2.3893154017269733
2.2264517976801677
1.591707809034389
2.584760085368351
1.6739694347273453
.2279351681655395
.1395868462302519
.11984055556854592
1.819801506822566
2.098876858911923
1.8732122512853242
2.372636398082082
1.418430276258438
1.8255305538991498
1.544904174028069
1.9462057415053484
2.3752964242713235
1.6936265086438933
2.1531216894501175
2.442659572224645
2.0737762356235354
2.307724387143873
3.396807197892633
1.9824689981466599
1.9031906832066037
1.8666196381717448
1.440184350499968
2.1010540679473744
1.5199952092023659
2.191059864493531
1.8956994947626753
1.605386669487022
2.3817366896899035
1.7461434613241429
2.3831641753154966
1.351824982794435
2.221621637003958
1.580924419547152
2.4364336503582695
1.6081545299791664
2.2960873736270626
1.6954847031583353
2.0387214964231584
16.128659784137966
17.62130776758845
2.337677518024973
2.1425668701702727
1.6962527487981724
1.4112127266534593
1.5801171535815177
1.5078687528404355
2.637813251455128
1.7330381769039183
1.7043236989717054
2.184618326179284
1.7827420315293356
2.9052588859017394
1.7166062691801574
1.768021720553657
1.4743655733706071
1.8445455343214545
1.4901790587424826
1.8354873818309063
1.42087762210495
1.8998520716737086
2.2525763273151704
1.1707177511760236
1.8411472368469863
1.6989185517334826
2.3894715374897033
1.8206362482285128
2.7761103437993886
1.9104783582978564
1.91292853393872
2.557286107910575
1.1949171572157553
2.4935925449571843
11.27891035965834
1.7797706149618575
1.684151288865537
1.5843189993145148
3.5218146281627463
1.9096531834067338
1.9791788455538146
2.9081878044539353
1.4432239198751793
1.8944387724029113
2.8883173530788415
1.3846494292692217
3.114572635748789
2.457296428445009
2.398435425833832
1.965470398147119
1.326338754327066
1.69564311041528
1.70082727624135
.29485894257924544
2.8171110585382038
1.8190515880898195
2.4653266777313214
1.6631149707721893
1.9910687916779573
2.528236986740538
2.017186301092456
2.1028630614551105
1.9950814311194613
1.6550530279967122
1.3994479670254054
1.8211628171139165
2.363936204975577
1.8212815791951436
1.8426218718482488
1.5086230087320731
1.643415014317403
2.623199731400346
3.055494294130065
2.025283949581719
2.1613169502669836
1.9242568366418258
2.3622299620395077
1.670251991655363
1.3150964368101752
2.288021685163913
1.8477170419873263
1.6235246264585774
2.2889988632811287
.15156120494764355
1.0383344388587423
.1191819615243829
.926931694213688
.1020195081550393
.8964852864190156
.08942139655821624
2.0310454246002556
.16621108497793768
2.4436309410292525
.08728896076431887
1.0096070086705726
6.038360354958094
.34310976519076014
.11464467871893513
1.2993285335021587
.07061964659056155
.21196461327149474
.04134686532239861
.9085530245997876
.06933996195106203
1.1311549076653533
.09664959061029382
1.3775762592227891
.1719950742015424
.9680353788586454
.048122369270282246
.6807473833150878
.058609095846839335
1.405399045573111
.00021714325486159506
.00040731038943936495
.1135634645733202
.12938315943740844
