.004680361842344472
3460121601591493e-20
-8103104124304973e-21
3841722812503362e-20
-13940440555956982e-21
51907639023318294e-22
-3490677763887734e-22
-1465456703245602e-20
.006192593634239358
-.0007881781806536313
.008369919172481751
.014817431505625497
-15343185617861945e-23
-39950502275554824e-24
.0041449854505586255
-3623556187387033e-21
-7224262394619581e-20
-7217610177436999e-20
.012775515457695
.022684593545847995
.004330079263078826
.04803316326452075
.04788941665807308
.04817638351745021
-.019073859698774263
.00042654782594403045
.00013275274494757707
-.022334930752631616
.03483200667003569
.029149199386410286
-32418790192922545e-25
13777867739356961e-25
.0006684149562201102
.0003353533386836843
