39.44949652713329
.1549736066943495
.30361010714586434
11.403719508977767
.3774340899826027
5.613976145964499
.20696179907767442
.0030225060633897933
.3241278555430734
.02754671664236614
7.783608072190386
.7046263578633511
.5685714748141366
.008662457429337937
7.796020856015968
.9665144791285482
.00417777466617845
.07874522651137608
.004242519422774782
.001799759057020102
.0398277952445016
.0001478853012879907
1234490945035971e-20
.26605795900672985
0
0
.005294180809853496
.006427616253129424
.0062269731219050375
.0021463322078609155
.0001901694270065543
.013787799757900563
.0013208268968789565
.010281875061097607
3411052212481185e-20
.0004693081709257939
.002864994563399117
.0004922481305857473
.005173752286017709
17392570519067816e-21
8.984710990070951
13.907584934846554
.005340895091188973
5779905368412915e-20
.11793482969994454
.007243254865690944
.007471473351657697
.3836065906386656
0
.4670368227259193
0
3.87029198876532
17.304756988308917
0
0
.007121104341436598
2.995997106239947
14.512000037170278
0
0
40.227073039078476
27.51045663166129
9.135216624692745
.0027225914163380434
.0006463203989968689
.0014479866841831722
.006743434228405571
0
0
0
23.87631666444504
3.5961737080646463
9.450927905328813
16.745683156194048
.001509347434348633
.008123646436113421
.00046551813996868714
2.1097489516315058
.00039960233179294255
.003437279322275281
.01137820880158713
.001711354442569146
.868455047942797
1.4786663218027218
.00013789986910458423
.02633033986838855
1.2264581434151625
1.668197592355656
3.1097585778098047
.0034707461124319767
.00041987146710669197
.6413204367419307
.8156944105263528
0
.47380034060775933
.8657441328327513
2.2885452838251794
2.8099006009945278
0
5.887143680039205
2.124116022027673
.5100579986637899
1.1300102927755347
.9272748328952131
.0007713779543681089
50
8.254233308894042
.4607405031113872
.06555310492667907
0
0
0
5.3110432703260715
.009309342352731063
.0005019757895432735
.507816838960885
.0013696267282509072
.00023656355191016578
.015711752589810835
0
0
0
0
0
0
0
0
0
0
0
0
0
0
0
0
0
0
0
0
1.7732630400889446
0
0
0
0
.57888065074111
1339.5282254095664
.004533987501679432
.10951702738039668
.01832856042156461
.22432695764949384
.5648413782141056
.9845783188876752
1.3662803113960833
1.4118931085983837
.007836489600394158
6.151046968744374
5.840798482824492
.14686297291081918
.3579266414098339
5.3857152053752655
3.8272483613081762
0
0
.02
.02
1
8
.02
.02
.02
.02
.02
.02
.02
.02
.02
.02
.02
.02
.02
.02
.02
.02
.02
.02
.02
.02
.02
.02
.02
.02
.02
.02
.02
.02
.02
.02
.02
.02
.02
.02
.02
.02
.02
.02
.02
.02
.02
.02
.02
.02
.5
4
.02
4
.25
.1
.02
.02
3
.02
.02
.02
.02
.02
.02
.02
.02
.02
.02
1.5
.02
.02
.02
.02
.02
.02
.02
.02
.02
.02
.02
.02
.02
.02
.02
.02
.02
.02
.5
.5
.25
.02
.02
.02
.02
.25
2.5
.35
.02
.5
.02
.02
.02
.02
.02
3
.02
.02
.2
.02
1
.02
.02
4
.02
.02
.02
.15
.02
.02
.02
.02
.02
.02
.02
.02
.02
.02
.02
.02
.02
.02
.02
.02
.02
.02
.02
.02
.02
.02
.02
.15
.02
.02
.02
.02
.02
.02
.02
.02
.02
.02
1
.3
1.5
.02
1e-12
.33
.33
1.5
1.5
1
1
1
1
