.007894735461884376
.0002911761973499437
19238967838858788e-21
5527952772873423e-28
.0011187021149298602
6.304383709727476
.7150748390243011
.04313001101844542
.017926120942275182
.06768811626830802
.6906401992796646
.6489636553236512
.05222090811224516
.0009079131520016681
.006925228121135064
.000815615604842839
.002127366271504968
.0741437703696415
.0047659369831930965
.0020103549410374387
.0027067992507280036
651804014737021e-19
.0017292692096548949
.08260653623065378
3.790520187903795
423317044851517e-20
.005575386325533147
.00594150261838684
.005906668434270564
1267033928742865e-21
.0001789843529384508
.012976809057847821
.001242655364415517
.009677133231060597
31687361961172275e-22
.0023223768541009134
.002695054563960981
49457840151900684e-21
.0048550277454400435
54529194774775955e-22
.005904926165092989
.00590447647705619
.020965611593339806
.000543862898463532
.10810440259621217
.007384321365394497
.0005527146133542538
.02628755122313065
.06792472708430704
27149091536600916e-22
.1272918738655264
21124308184752525e-21
8.285929840072093
7.852396065024097
1.1694752035722067
.006603931236403524
.0006484017497571214
.000717258575137395
.18023478214209243
.11018393827997341
9.588455421497862
7.603708767388246
2.6639367890185466
.0016836107107422093
.0003186023739392965
.0014172734229877032
.00605300188350423
.006955992362883258
3.4882343970092533
.0008239096467936015
9.588455421497862
3.384950089075705
9.588455421497862
8.792266838963402
.0014160782815308903
.008870015490093046
.00017560313652876465
2.117645902281707
.00019882301765252025
.0016879373985966611
.010850207671244222
8038266647815223e-20
.6191062905133665
.030197933694624358
207075683502785e-19
.0003841881840185525
.31391542820210605
.2908693576971152
2.4265614041822117
.00015418483582985428
.00040927313053746857
.653542152410059
.8171647076620615
.12446687309777513
.000222772360444117
.1741356626879914
1.3041209451036222
1.1241428209147575
.06475892075625017
1.363984290597277
2.089421298231291
.020620307570517988
.025800009072798162
8529232014806867e-20
.00012934302145773882
3.8956898866743352
4.306958884445648
.4572876022834898
.002988785287589554
.00012117239036339016
18279840042898442e-22
4580345561286426e-23
.05743521848167745
.014371263931922233
.0004237661952445214
.3412816797300322
3520773134326041e-20
.00016054735990976226
.025195037619615897
7276623899610001e-22
0
0
0
0
0
0
0
0
0
0
0
0
0
0
0
0
0
0
0
.09340964441531241
0
0
0
0
.2769335091576473
1260.741657063191
.004267313526912339
.10307560225838455
.017250535822342185
.2111327965668616
.018269379184418313
.3846899847982167
.012697678315294874
.38193852155663477
.004726545874224941
2.2913890209701213
2.165697291406859
.0019469302132101387
.004692091756886668
.547735741878923
.4017678140475895
.2035458971075606
.33271175974858924
.01882366691717472
.01882366691717472
.04827358579758386
22199678998130683e-26
.01882366691717472
.01882366691717472
.01882366691717472
.01882366691717472
.01882366691717472
.01882366691717472
.01882366691717472
.01882366691717472
.01882366691717472
.01882366691717472
.01882366691717472
.01882366691717472
.01882366691717472
.01882366691717472
.01882366691717472
.01882366691717472
.01882366691717472
.01882366691717472
.01882366691717472
.01882366691717472
.01882366691717472
.01882366691717472
.01882366691717472
.01882366691717472
.01882366691717472
.01882366691717472
.01882366691717472
.01882366691717472
.01882366691717472
.01882366691717472
.01882366691717472
.01882366691717472
.01882366691717472
.01882366691717472
.01882366691717472
.01882366691717472
.01882366691717472
.01882366691717472
.01882366691717472
.01882366691717472
.01882366691717472
.01882366691717472
.01882366691717472
.01882366691717472
.10985649227118927
21676662906326776e-21
.01882366691717472
21676662906326776e-21
.11718389352867799
.07385351477239407
.01882366691717472
.01882366691717472
.00033729552151199715
.01882366691717472
.01882366691717472
.01882366691717472
.01882366691717472
.01882366691717472
.01882366691717472
.01882366691717472
.01882366691717472
.01882366691717472
.01882366691717472
.01590914971796668
.01882366691717472
.01882366691717472
.01882366691717472
.01882366691717472
.01882366691717472
.01882366691717472
.01882366691717472
.01882366691717472
.01882366691717472
.01882366691717472
.01882366691717472
.01882366691717472
.01882366691717472
.01882366691717472
.01882366691717472
.01882366691717472
.01882366691717472
.01882366691717472
.10985649227118927
.10985649227118927
.11718389352867799
.01882366691717472
.01882366691717472
.01882366691717472
.01882366691717472
.11718389352867799
.001279706430096528
.12116218795770964
.01882366691717472
.10985649227118927
.01882366691717472
.01882366691717472
.01882366691717472
.01882366691717472
.01882366691717472
.00033729552151199715
.01882366691717472
.01882366691717472
.10908683224227489
.01882366691717472
.04827358579758386
.01882366691717472
.01882366691717472
21676662906326776e-21
.01882366691717472
.01882366691717472
.01882366691717472
.09520242512669387
.01882366691717472
.01882366691717472
.01882366691717472
.01882366691717472
.01882366691717472
.01882366691717472
.01882366691717472
.01882366691717472
.01882366691717472
.01882366691717472
.01882366691717472
.01882366691717472
.01882366691717472
.01882366691717472
.01882366691717472
.01882366691717472
.01882366691717472
.01882366691717472
.01882366691717472
.01882366691717472
.01882366691717472
.01882366691717472
.01882366691717472
.09520242512669387
.01882366691717472
.01882366691717472
.01882366691717472
.01882366691717472
.01882366691717472
.01882366691717472
.01882366691717472
.01882366691717472
.01882366691717472
.01882366691717472
.04827358579758386
.1208466863167926
.01590914971796668
.01882366691717472
999999999996968e-27
.12137766402355876
.12137766402355876
.01590914971796668
.01590914971796668
.04827358579758386
.04827358579758386
.04827358579758386
.04827358579758386
