3.007123974014161
.00477091887583187
.0001549704768427826
9183693223089905e-21
35650258844691104e-29
.0005597198947435737
6.463623353254686
.7110616426991958
.040234569696609095
.02190724328973614
.06450404810585877
.7260494233894226
.695708443032992
.061195641508415506
.0009871764015845434
.007446715923860089
.001115383997811526
.0019065390366249644
.07091519289844202
.0046372713550941885
.0018942232574678053
.0031714330245418455
7097702484788011e-20
.0017518179480713486
.08839057199406795
4.138713089243074
5478005308967672e-21
.005146385792325505
.006388047918247391
.00584470187395053
12794133330935806e-22
.0001683273945988607
.013252885468189557
.0012117072907015301
.010206705838180882
3479584800751164e-21
.002385341504323047
.002709401466333428
54140691076102885e-21
.004850398401287787
5298560697991432e-21
.005842991410737135
.005842596369689669
.020540167106337576
.0005793528419206839
.11538031021078816
.008056845113247963
.0005111987084392742
.02543092284643325
.05654927004750233
2891259317367996e-21
.14933324663146796
22477186931478162e-21
8.760883780129813
8.267707461596205
1.1853467860093674
.006574763055392748
.0006953800519109655
.0007695593398730719
.17870295369230715
.1037400509168203
9.905013679811184
7.955923737817201
2.5950800824541096
.0015551609621098684
.00027319258161424793
.001419375647343991
.005892161320684337
.00890650587067745
3.8718515575232226
.0007928670284705869
9.905013679811184
3.2400803801168427
9.687649934047528
9.140309231859202
.0013953497493122036
.008978231068140077
.00018215840108677683
2.156074283708456
.00019712242364296572
.0015470720277250185
.010586255152866798
804238714706032e-19
.665074958524047
.03883216847940991
13894471461093624e-21
.0004546358354173065
.35328747303909075
.3253604216666178
2.497098524801707
.00012344725528824353
.0004377594757695866
.6611947084755853
.7591790149991658
.11450929644667389
.0002310245175706802
.1654576522838848
1.1785645310509596
1.0163173790446818
.07937277055247559
1.2890396883449693
2.0386495693460143
.015274969958596013
.02111708933841215
947418328822563e-19
.00012502735178727614
3.815668141048327
4.366737451210954
.46531432258146355
.00294979768337768
.0001298810650496063
20243147243204045e-22
5244958827925843e-23
.04608253221347249
.014362573539225362
.000405135725888629
.3684239589651894
26175586638729076e-21
.00019005698868750022
.024725854503015086
7729103680337675e-22
0
0
0
0
0
0
0
0
0
0
0
0
0
0
0
0
0
0
0
.09386957505261384
0
0
0
0
.15191493609071705
1251.3367026943429
.004439885216449872
.10078477082524002
.01889199426673684
.21407717129398157
.019006411593296597
.4038325156035554
.014163554081538436
.36698685869628
.004461753763679285
2.1617471549908673
2.303199112341347
.0021834166189658847
.004754399558977433
.5221603085066564
.3345234661396261
.18240758912794855
.3248028448775057
.018832607220435633
.018832607220435633
.04943363168910161
2801472158665408e-25
.018832607220435633
.018832607220435633
.018832607220435633
.018832607220435633
.018832607220435633
.018832607220435633
.018832607220435633
.018832607220435633
.018832607220435633
.018832607220435633
.018832607220435633
.018832607220435633
.018832607220435633
.018832607220435633
.018832607220435633
.018832607220435633
.018832607220435633
.018832607220435633
.018832607220435633
.018832607220435633
.018832607220435633
.018832607220435633
.018832607220435633
.018832607220435633
.018832607220435633
.018832607220435633
.018832607220435633
.018832607220435633
.018832607220435633
.018832607220435633
.018832607220435633
.018832607220435633
.018832607220435633
.018832607220435633
.018832607220435633
.018832607220435633
.018832607220435633
.018832607220435633
.018832607220435633
.018832607220435633
.018832607220435633
.018832607220435633
.018832607220435633
.018832607220435633
.11116839282859586
23875924504304215e-21
.018832607220435633
23875924504304215e-21
.11788150491581774
.07402906516537351
.018832607220435633
.018832607220435633
.0003623657896173801
.018832607220435633
.018832607220435633
.018832607220435633
.018832607220435633
.018832607220435633
.018832607220435633
.018832607220435633
.018832607220435633
.018832607220435633
.018832607220435633
.016486334544775175
.018832607220435633
.018832607220435633
.018832607220435633
.018832607220435633
.018832607220435633
.018832607220435633
.018832607220435633
.018832607220435633
.018832607220435633
.018832607220435633
.018832607220435633
.018832607220435633
.018832607220435633
.018832607220435633
.018832607220435633
.018832607220435633
.018832607220435633
.018832607220435633
.11116839282859586
.11116839282859586
.11788150491581774
.018832607220435633
.018832607220435633
.018832607220435633
.018832607220435633
.11788150491581774
.0013582522479309216
.12217320643185253
.018832607220435633
.11116839282859586
.018832607220435633
.018832607220435633
.018832607220435633
.018832607220435633
.018832607220435633
.0003623657896173801
.018832607220435633
.018832607220435633
.10960604978455368
.018832607220435633
.04943363168910161
.018832607220435633
.018832607220435633
23875924504304215e-21
.018832607220435633
.018832607220435633
.018832607220435633
.09554207228975137
.018832607220435633
.018832607220435633
.018832607220435633
.018832607220435633
.018832607220435633
.018832607220435633
.018832607220435633
.018832607220435633
.018832607220435633
.018832607220435633
.018832607220435633
.018832607220435633
.018832607220435633
.018832607220435633
.018832607220435633
.018832607220435633
.018832607220435633
.018832607220435633
.018832607220435633
.018832607220435633
.018832607220435633
.018832607220435633
.018832607220435633
.09554207228975137
.018832607220435633
.018832607220435633
.018832607220435633
.018832607220435633
.018832607220435633
.018832607220435633
.018832607220435633
.018832607220435633
.018832607220435633
.018832607220435633
.04943363168910161
.12171050099183035
.016486334544775175
.018832607220435633
9999999999969938e-28
.1223323770660088
.1223323770660088
.016486334544775175
.016486334544775175
.04943363168910161
.04943363168910161
.04943363168910161
.04943363168910161
