.0003519285307836753
.00031787554885416336
.0004601766098991113
-.030741074914691413
-.00012928116697911808
-7187413530686566e-20
.00038235236076892475
.0003460544021972593
-.0005729236745581707
-.0001371135078581563
-.00047741877400125134
-.00029941974637582983
.00012912328092686603
-.0004488583135398153
-.00014799613208997124
.00034638729587444146
-.000308467872893672
.09997063626326454
.18385051664023272
-3001006143918955e-20
.00017360944311770615
-29842966953827318e-21
.00034839367401290604
-.0005745817747931965
.00048755381780218415
-.00016961652824089483
-.006698388625755369
.22040928559444234
5245481719596788e-20
.1837272863043863
.007168509660219809
.000299757116416407
.00038095738488038474
-.00031596033834195515
0
0
-.0003729907191132113
-.000982170675927672
.20991782922004915
.0002270368090147519
.029082464944607082
.20872061137754286
-.0009334901951063299
0
0
-.0003314528162278527
-.0007114393864011923
-.0005814622954826219
54838088878993784e-21
.0003185917405250665
.0003942603721991796
.00048522695814702234
-.00019298824079365065
.0003191955121608511
-.0005371761538962322
-.00032296100447231285
.20187665821143624
.18177702468328588
-.006556509600940029
.0003137538842268305
-.0004401025269715165
.00038196281739109655
-.00033468994217723065
-.00018576538078354937
.1845658061787764
.10138953304593051
.0002996885793774699
-.000670736380256626
-.0005819352966868388
.00826839260289813
-.0005811458450396521
.008512896458972711
-.0064513530630221855
.0009119304125664111
0
0
0
0
0
0
0
0
.10456049666778822
.14070302729274944
.10286389655666649
-.0006234287916382226
-.0025670331228574007
.0004919229543586689
.128131324781028
0
0
.19415533732824983
.19317774267413426
.0008168296768874015
.18315742214531194
-14572469782006887e-21
.0002858979744407589
-.001174318402302263
-.09232588375674865
-.02860451759986365
.0002124612403542095
.06071662634187267
-.00032488252128961865
.00031521693290630527
.16120003939954122
-.0003196961949614049
.19370769154321443
-.0001080687752312911
-.006532756204163999
.11264989020778005
-.006582337583665794
.11440120015996372
.12526385146960053
-.0004812838515552011
-.09292478765547187
.000431997428599944
-.00016735130398162133
.16138785596140104
-.000324396496171822
.04769761901862721
.19351948592765666
0
0
0
0
0
0
-.007837197331266449
-.0010526223431018094
.10050859412016663
0
0
0
.1147007634957266
.18416416105730066
-.0005544657770682469
24335404474713376e-21
.00325056690782753
.10050718250024737
-.00018154891777765494
.0005099445939779275
-.00014260663032856399
.0002510751199686808
.1416952901687223
-.00011323541702804703
.0034097000230403672
.0004556192393892135
.00012191958178202466
.13933710715070405
-14112390301321115e-21
.14238745722965196
-.00019311540821681763
0
0
.18385060877161286
.000384497021694704
-.0008920624258115584
-.00025743864686928494
.00024366842769121857
-.00015245490943316685
-12486841180274216e-21
.5607630043767448
-.0071854472595988764
-.0065953915510611645
-.0005826908585766536
-8419271086220799e-20
.19470179109838134
.0004642612042772175
-5723359099992994e-20
.18388838361324636
-.006581155037767799
-.0004971685341529683
.0024879736112894376
.126035177970787
-.09219949026239872
.08961632534869074
.10721648699274974
.24449126093680373
-.0005551889924553786
.13374839211038836
.0003085397997753434
.10405780908795406
.3119501926715341
.18864360573168107
.07264676256876212
.0691180499960343
.0992152658391057
.2060943737280383
.1451037489966377
-.01962600110687119
.18388771945723362
-.006459981203353765
.11266317987189789
0
0
0
.06478258251034504
-.008386569613920212
.12014953505559359
.0001859867292834022
.10523978325806062
-.0008800657683291695
.09634300971054696
.19278995012129396
0
.009425535240700547
.18460426550750275
.06023486454734586
.1146398760001332
.009423489636380275
.19351921882494988
.03799306409171581
-.37352277514131904
-.09992266099469507
.10382351259490713
-.0024898342776321536
-.005664191067562238
474154073269569e-19
.07119293356607724
-.002524216103091186
.1064903261983859
-.0004487865476883898
.1612398682498173
.16026865559067918
-.0010674603206628998
19145141980045543e-21
-35813473356169356e-21
-.00026024679876333114
-.0018580494814602253
.0003662479552329106
.1937243127779254
.1934779877734633
-.09220099563371094
.1935320388071905
.1832071021776298
-.44526091173191057
.11601379532437989
.1356736637894662
.22133811345367518
.10783286819025231
.20234267488179422
-.07410391568228225
.14500264210988142
0
.19749780819446092
.19701080131236293
.10539275544242084
-.017699089365026652
.13230297699422955
0
.19430039974034305
.01706730273405784
.12672783545563052
-.0033275912645856606
0
.19967811310839562
.1975810531881102
0
.1983569684163143
-.006688873545395299
-.0001232219318709264
.10440876878598587
0
-.0042576532848232875
.13933659701405243
0
0
0
0
0
.19857021520601992
0
.1344929572544256
-.014700438821367151
.3374934725014875
-.010838771954840641
.19808059105355896
-.00011879160728901368
.10564772713806067
.24350432504228142
.1142016436413293
.13966840899327346
-.0005816970988513712
.0015102108421752268
-.006475862071973858
.1041744728852713
-.006421154484294958
-.006553073175149721
.0005196687937871359
0
0
-.008185873513367133
.19355244032194524
.13199192712503555
-.096052696957012
-.051273698377142525
.07083695548054207
.17428154886322186
.11582116281338681
-.0064030797013421865
.104690835820938
-.09275549809689093
0
-.01346535529536075
-.006674619788109277
.00031143094443857885
0
0
0
0
0
-.0006321372434062191
.0002040465255569487
.11673756195179819
18757868169206864e-21
.10434972324578357
.20799498001640981
-.00029559002426660807
-9239775283503533e-21
0
.010139013922458123
.06978511105825833
.00025218224359983344
.00028497645984285264
.16148522258210668
.2014787300124055
.25011126376835985
.1837847677764224
-9220684367562873e-20
-.00024356715030175383
-.00016900590698188246
2249396835701844e-20
9152100129308179e-20
5585710838894734e-20
-9562562526745825e-20
-.0002772849166204744
-.00011153726777324572
.00032041158529586575
.000266232806494327
-.0003903244987900661
.21022642055701712
-.0005706512296009466
-6439307260334125e-20
.11817893413660027
-.0005356065305911226
-.0002968904986363649
.0003142261326464382
.0003088484048201122
0
0
0
0
.07139249311573323
.06054072103366514
.00036114544312465925
-57203786879297636e-21
-.00032111551635736243
-.0004718622196015378
.161485247709183
.16120015502064494
-.000310208591933174
-.00014330227185818821
-.0004383668983604964
.0003889184540084185
-.00016972299501210082
-.00030561870533597687
.19368011773437432
-.0009618536681812768
.00030981443532202176
-.00031742129859901695
.5609537532078263
.013084645127974793
.09136431517961266
.06174282423697018
-.00021081550546182975
-5040043320151024e-20
.19525173106605867
-.0004836001922245629
.11261251586617024
-.006504563433437998
.00038431951110718765
0
0
0
0
0
0
0
0
0
0
0
0
0
0
0
0
.2015421673814818
42484228163481545e-21
.13955688722139567
-.0005810588179599465
-.0006623600378225109
.00034498220085912536
.0004810515178563526
.0001539845136587978
-.00010804114484557812
.09452038115046985
-.0072107976916980804
-.0001935028268739578
-.0064730926427097515
-3299591847488254e-20
0
0
0
0
0
0
0
0
0
0
-.00013707183281437652
.0001346075052334958
-9747657049282861e-20
.0006102024928643124
-.00033523194906117206
.0003176715012219714
-.0001321857825795948
-.00043147628975618744
4230242096995152e-20
-.00016632844702727393
-.0005817530674391613
.00046381546122799445
.0003181961103657853
0
0
0
0
0
.0003200328791495424
.0003254472973648023
8487623420113566e-20
-.0004631718242602021
.05953628528063874
-.00028989687633656656
.23507452253498018
-.0003157161722146267
-.0003060592549574725
.001578496567114822
-.015501513368593345
.0003146960968179069
-9035154196365075e-20
.0002294893268246747
0
0
