1.514479698331714
.8432232625786392
.01353957289058252
.0024392001231817706
40363560885779416e-22
.036286008774325494
6.780867299816315
.6941429481239075
.05446612660391019
.0721909112419926
.06754470980063294
4.827216050231505
.7236466634927028
.37507298045608767
.00545618293862505
3.3644626700745404
.4425007180392639
.0030027530178848905
.07773284342644605
.00468469519312215
.0018868784917902236
.01161103014788975
.00019104173653996896
.002630042629463794
.2940518727108266
16.212215313922194
.00017210911899214108
.005759808244926345
.005972261307865255
.005954799717910584
12368326684742216e-22
.00017118934917212207
.013952258493930779
.001212066235750327
.010518438844162894
2060860221528376e-20
.002287167256381822
.0027719596130773745
.0003154422352680372
.0052074093973969015
3141583518310623e-20
.005954401339660111
.006174793428585282
.02024639114156149
.00035265454875910867
.1115241072619312
.007966197251037572
.0008242454357511056
.05032169665592476
.2764118345813842
.0010031662621106745
.5860885031511052
.00907709469202281
12.210100118624048
11.337920378795339
1.3235047811704306
.006558896485277579
.06069925041107288
.06752843281715186
.2277112344480735
.1315039779288635
29.806937355577148
23.417923374783708
7.981407708499398
.002280325057126409
.0005142944669334871
.0014862545869693989
.006325567014526848
3.5931128733411586
8.051152084021508
.022322549361923058
22.08738097860011
3.152904595378502
10.009917588235837
20.705933948447925
.0014050316903324615
.009183747912691418
.0006375680094455914
2.2488929267366267
.00031890684528714983
.002942675716443937
.01071037014500204
.000402510762790657
.9402256073404225
.7162416362818763
25208807771399025e-21
.00948821383521319
.9072635120951758
.8131906870337293
3.5627671831248366
.00015120781209383076
7378834116686534e-20
.565808051558192
.7933854042646233
.07298166393387448
.010081888385401843
.27166591002190293
1.5559308567661936
1.4470850378863893
2.2412381122518914
1.6152382993593999
2.0867789356798596
.027404777353944046
.034128071362305334
.009251271709243024
.00018518154661325298
6.514445193148757
6.083571966565657
.5478674752882252
.01705114630916658
.004290751030300408
6857061945077648e-20
.0005100324928196586
.08767759129895518
.02015251340208819
.0007940853956477735
.4456061068033317
4680332025110277e-20
.00025844499042957986
.03684444022135096
22913587586181993e-21
0
0
0
0
0
0
0
0
0
0
0
0
0
0
0
0
0
0
0
.7256973817068246
0
0
0
0
.5317891203483588
1319.931727894145
.004575371247013899
.10597610819148974
.01944746414914063
.22586840278986578
.10817339779305793
.6834529120320045
.1322072545429449
.40795658380436656
.006474258955805692
2.880550006873412
3.378168873870109
.01841553890668697
.042605042130508856
.7935649815057023
.577302610621758
.23947425422008342
.4242558862145674
.019403290781327107
.019403290781327107
.21992253674991089
43322817156301056e-21
.019403290781327107
.019403290781327107
.019403290781327107
.019403290781327107
.019403290781327107
.019403290781327107
.019403290781327107
.019403290781327107
.019403290781327107
.019403290781327107
.019403290781327107
.019403290781327107
.019403290781327107
.019403290781327107
.019403290781327107
.019403290781327107
.019403290781327107
.019403290781327107
.019403290781327107
.019403290781327107
.019403290781327107
.019403290781327107
.019403290781327107
.019403290781327107
.019403290781327107
.019403290781327107
.019403290781327107
.019403290781327107
.019403290781327107
.019403290781327107
.019403290781327107
.019403290781327107
.019403290781327107
.019403290781327107
.019403290781327107
.019403290781327107
.019403290781327107
.019403290781327107
.019403290781327107
.019403290781327107
.019403290781327107
.019403290781327107
.019403290781327107
.019403290781327107
.23447951857273036
.009354727104950406
.019403290781327107
.009354727104950406
.1712014602416584
.08594625990946046
.019403290781327107
.019403290781327107
.03190851655159699
.019403290781327107
.019403290781327107
.019403290781327107
.019403290781327107
.019403290781327107
.019403290781327107
.019403290781327107
.019403290781327107
.019403290781327107
.019403290781327107
.15470177893902562
.019403290781327107
.019403290781327107
.019403290781327107
.019403290781327107
.019403290781327107
.019403290781327107
.019403290781327107
.019403290781327107
.019403290781327107
.019403290781327107
.019403290781327107
.019403290781327107
.019403290781327107
.019403290781327107
.019403290781327107
.019403290781327107
.019403290781327107
.019403290781327107
.23447951857273036
.23447951857273036
.1712014602416584
.019403290781327107
.019403290781327107
.019403290781327107
.019403290781327107
.1712014602416584
.056702887108144785
.20599775261664602
.019403290781327107
.23447951857273036
.019403290781327107
.019403290781327107
.019403290781327107
.019403290781327107
.019403290781327107
.03190851655159699
.019403290781327107
.019403290781327107
.1477351918413341
.019403290781327107
.21992253674991089
.019403290781327107
.019403290781327107
.009354727104950406
.019403290781327107
.019403290781327107
.019403290781327107
.11951756396320885
.019403290781327107
.019403290781327107
.019403290781327107
.019403290781327107
.019403290781327107
.019403290781327107
.019403290781327107
.019403290781327107
.019403290781327107
.019403290781327107
.019403290781327107
.019403290781327107
.019403290781327107
.019403290781327107
.019403290781327107
.019403290781327107
.019403290781327107
.019403290781327107
.019403290781327107
.019403290781327107
.019403290781327107
.019403290781327107
.019403290781327107
.11951756396320885
.019403290781327107
.019403290781327107
.019403290781327107
.019403290781327107
.019403290781327107
.019403290781327107
.019403290781327107
.019403290781327107
.019403290781327107
.019403290781327107
.21992253674991089
.19045930786231896
.15470177893902562
.019403290781327107
999999999998484e-27
.20019949678193796
.20019949678193796
.15470177893902562
.15470177893902562
.21992253674991089
.21992253674991089
.21992253674991089
.21992253674991089
