0
41.645440859717915
.1618468238140554
.311557247321897
11.035052535124285
.37653200041382473
5.395241279730488
.21513068271918379
.0026081854248523693
.34303040213743424
.025855948729853664
7.654999596427357
.7927393680218975
.6335453866206198
.008883540685859158
8.031703075466137
1.1563784581939196
.0037671053549372885
.07794283994823932
.00441404155156197
.0018450767303257955
.04315415876854367
.0001384047782633931
23291615519381704e-21
.2791049000921781
0
0
.005024012800049922
.0069887478569780215
.006389342853731769
.0024480927636054794
.00017184298666535967
.013457100493499331
.0012588790844556823
.01129990597964447
36027748100167594e-21
.0004738231066428186
.002739414878895843
.0005050470763052794
.005579558137882587
164847747778873e-19
8.739008984178763
14.042378831211073
.0062869349047924555
5807285392638793e-20
.11945430021391544
.007657832219340895
.007138062944567792
.4023087661064842
0
.46427614431937686
0
4.18336593841735
18.238064960112712
0
0
.007116492911031827
3.2484426628283773
13.139379050618821
0
0
45.11123723415145
28.067916777164168
9.333919727575086
.002421402894828572
.0006206688000287215
.0013622590022273424
.00682483485222436
0
0
0
23.641379880367936
3.1626915962824618
9.873551591023904
16.46956422305838
.0014738903547445417
.008166878297385511
.0003765829799004578
2.155208385033762
.00037571667924674387
.0033325385306892685
.011922540199476363
.001628232962719421
.988953571725497
1.5181983332792726
.00013533090142303105
.026178979508080766
1.344814494878655
1.7129760029001715
3.2761161045049065
.003499904339188488
.0004735149188021644
.5992753864299242
.7323795293193214
0
.5005688043710292
.7615219969430262
2.0592112967166942
2.4537223137544726
0
5.847667143545455
1.8123064515614704
.5490749999148954
1.1571180348963281
.9868268971202517
.0008744524035819999
50
8.068418440589477
.41438160027087834
.06509353946056738
0
0
0
4.82680281268882
.009968987621076654
.0005047966409503113
.5672420708163908
.001329419487552147
.0002482270108970706
.016981918956491086
0
0
0
0
0
0
0
0
0
0
0
0
0
0
0
0
0
0
0
0
1.8385636903493388
0
0
0
0
.6232113307145993
1285.6559911756417
.004813447816822661
.10354640443564407
.018381402017622266
.22830745239577785
.5511896882751706
1.0680571009698672
1.460502774103799
1.2991454278766488
.007752021971895568
5.787784574153104
5.80417440850842
.14695383103733664
.35160998946065875
5.3165693173934
3.615909643145392
0
0
.02
.02
1
8
.02
.02
.02
.02
.02
.02
.02
.02
.02
.02
.02
.02
.02
.02
.02
.02
.02
.02
.02
.02
.02
.02
.02
.02
.02
.02
.02
.02
.02
.02
.02
.02
.02
.02
.02
.02
.02
.02
.02
.02
.02
.02
.02
.02
.5
4
.02
4
.25
.1
.02
.02
3
.02
.02
.02
.02
.02
.02
.02
.02
.02
.02
1.5
.02
.02
.02
.02
.02
.02
.02
.02
.02
.02
.02
.02
.02
.02
.02
.02
.02
.02
.5
.5
.25
.02
.02
.02
.02
.25
2.5
.35
.02
.5
.02
.02
.02
.02
.02
3
.02
.02
.2
.02
1
.02
.02
4
.02
.02
.02
.15
.02
.02
.02
.02
.02
.02
.02
.02
.02
.02
.02
.02
.02
.02
.02
.02
.02
.02
.02
.02
.02
.02
.02
.15
.02
.02
.02
.02
.02
.02
.02
.02
.02
.02
1
.3
1.5
.02
1e-12
.33
.33
1.5
1.5
1
1
1
1
