45.51870474849172
.33727056424951346
1.1050435068293194
47.62430553833445
1.3862095374617616
8.230911831934847
.8181274531041292
.17514189852922354
1.3718517424954002
.0765928884196337
22.592643073792605
.8159133927872982
1.517249109492598
.019863025162390635
9.1077245932904
12.62691113304407
.010749798285303999
.08309928967030548
.01755852222222768
.0065713634515181685
.042738932634554756
.01419514719041563
.009972332024148886
1.5770822529454402
30.738484986954955
.005038649790300473
.005949828879212064
.006992478728972746
.006647906112280078
.005100517192448105
.00018851775022914871
.015081797130333101
.00134900071653016
.011122449412259306
.0002890803540413395
.004832560761172806
.0029030405614349866
.0024065865282706057
.009209410429965264
.00020815307251948218
18.381555499190736
18.3204299748054
.029007989099697127
.0036479022777034394
.13736110554641034
.010279155169450098
.008877132575491815
.6170677679523416
5.438984165996285
4.833718019122613
3.866060916451692
4.674498764649067
21.581933213464872
20.220982453190892
1.9133280420322725
.007660904253646129
10.22725781446193
162.57044910733632
.3427413182069933
.16817594976118946
54.63971334276762
57.56675634110735
19.460682952129456
.0061127615384507054
.002189486269099901
.001655306095323233
.011046465612942362
86.39106647411947
82.94142625243168
.03839897074211632
29.137438320963636
3.3906082481795106
108.19640101838061
34.20694080562053
.0014937892060280626
.010036304575489208
.005353975831678743
2.8491801087997346
.0010573491967667457
.009754258039959631
.011092259867747681
.008042177104797757
11.11945169464304
25.21210053211174
.009011566433680887
.05299241167601691
26.25747861770759
132.26658975470608
7.63595295853531
.014914572082766772
.009281257121781308
5.212035806201747
1.6483566716880582
12.246791270864524
10.468130629743087
6.286989456528029
7.717434283615362
6.560136020592738
3.8819392837697255
63.76544373968996
2.2564114201322947
7.641781438828402
5.414356322878591
2.668112738617162
.003497908514959714
64.74721154712049
8.540973737279163
2.013540272810121
.469575044634448
.016769146962348495
.0001842789457651181
54.113895467061454
97.90091343531799
.09850474394082027
.0033677110002300103
.647231873028007
.0063272691549166645
.006887280950800637
.18545291860389043
4174187400192724e-20
0
0
0
0
0
0
0
0
0
0
0
0
0
0
0
0
0
0
0
3.3338183448738596
0
0
0
0
4.498905567744287
1261.035753031537
.004625088489887942
.10428475416773901
.020637599088353088
.23647441952192585
.8445777225455291
1.1118760983206202
1.6448773462112418
19.48987713154895
.016721589999467365
6.281945779330898
6.826169598773309
.3867838585958112
.8272490889412915
80.34515249275903
86.50912410393344
49.25223978313165
82.73792213183295
3.1506627680782753
2.1531462710283877
1.6808526132518717
1.6531922941069916
2.8834647521610237
1.7885559074122577
2.707082305159183
1.9556646050298516
1.8143213148070279
2.2207101872894466
2.0362296748805795
1.9850256116191523
1.3376831108384681
1.9951498262700023
1.5605877506755241
2.5424918092297344
1.9915611264311128
2.205973456789261
2.2712317974373892
1.776030779364877
2.4860127037787785
2.781274287283363
2.731513254074452
2.1569745477717026
1.777839090510845
2.5256002287844326
.023575530862750188
1.6885161187935396
2.3178869515000873
5.930820773865742
2.009247332856592
2.0729870568546915
1.2975390488950005
2.9921755703083455
1.4818856779411396
1.5962330407597567
3.154817028605162
1.2642233610156723
2.00193788989709
1.491120699957482
1.9957867946669905
1.5629830404352354
1.8026392913648506
2.7283786913850414
2.1024607272869593
2.2513123766962466
1.8395812771082078
2.1520943287463523
1.5998315720971386
2.1905434247987956
2.4634461368122875
3.062906877186175
2.503082009174555
2.0766400333056385
2.0595651763316103
3.108643451306423
2.288216100423626
1.1441816613022584
2.6409713729964177
2.896760247146312
2.200609885719822
1.2051232040946798
1.7444866704129254
1.8607214165237012
1.9108047549369989
1.533741806255046
2.3538696156771413
2.124570642476961
1.8201124507233197
1.7133444791975885
2.6252926787351507
2.5894776769131616
1.766689552650075
2.3987697021439454
2.5657492413945264
2.134392742146055
2.490466262342776
2.150299818750265
2.036314389824515
3.0419844282986985
1.9990389857598274
1.8355722213698837
1.3059311858422895
1.504960535048597
1.5763640066457518
.7411413226937106
.18572950766498963
1.9586261312455249
.012272479454526529
2.3528687147347895
2.199715843177367
2.3858246264472145
1.8739870476123424
.1955356695047247
1.459921096603232
.22150968161642892
1.0978632878215142
3.0893350420370735
1.7810280953111832
1.7147423558915684
1.8685055905986714
2.1870201820104676
1.8263457807714756
2.0056345494021373
2.0791748297139394
2.442479813232346
.01026501099259258
1.9988871341506813
2.0310028143515724
1.4799342757288276
2.38447821714814
1.8222865811760232
1.4932237682088103
2.223819020455901
1.822315632171208
2.067005708787299
1.9182386608547974
.7464077312889172
1.7489315933983698
4.803235071672665
6.4971191323881445
1.4916792417717364
2.1159484945143436
2.308773994591047
2.4792625987035297
2.803847365329909
1.9556130171500135
.008546212358029118
1.4780375687725766
1.3241137703702073
2.789533818971579
2.600286720898471
1.8600268010144043
1.9199487285918082
2.271961950476821
2.0158057563763037
2.870487631780348
2.201196094493747
2.337610573101991
1.7381554714680523
1.6048498804504274
2.367324325744674
1.247914576003549
.22240230980952516
2.213039899403765
5.667744978500351
1.5463421912134592
1.7286780864731486
2.1535911844751325
2.227867707587074
.9863452195718797
1.631358241604644
2.184126732446244
2.125577370844092
2.151838953101666
1.4414132760163256
2.0837117748148675
2.615871522009098
1.9155764816014706
2.510993275134729
1.4504580221334036
1.1551040221250826
1.4080566107947
2.0939980542128502
2.1309688486494465
2.1472829686423616
2.840054013865859
1.2973029902101298
2.3763048424403865
2.1962035405142175
2.376095978155605
2.459372037629651
1.7068525373878707
2.026126436962381
3.168744469508975
1.8394298496168244
1.9843958436562112
.023200215967356
2.0680574602629243
.06066298997162596
1.8669635552168442
1.8361380927686333
.5760583368411806
1.3975464905407506
2.03107275436853
1.3328705681295692
.0478212207606549
2.0523795131174967
1.055573580006465
1.5239001903807365
2.167004775441424
1.9370140677367662
1.563164269435735
2.4333834860500856
3.234655234457088
2.8095842953321593
.6687248434920331
.011894531023444139
2.01357412192931
2.0762169067593006
1.9890137677072983
.049624357436727676
2.5081949628049154
1.7103468220227804
2.1812420747683454
1.2489365502617042
1.2406907457604763
.0065084628779764515
.004316427755935936
2.407317735795223
.5635914383206796
.14011913667764983
.8088699923371669
.18859310928050227
2.2734104575344416
.10959578927188478
.08953611363256075
1.8608825641766238
.6229903605740033
8.630794869631151
2.031386515127759
2.1557357289195944
2.5213761820410356
2.3564670415867375
2.2486036111264123
2.0797613142645237
.12272138678715494
.17191441854054815
1.8606846899802978
3.041311666121621
1.0795360944390566
2.039156508627276
2.2467444271883
1.9311437223864791
.010514611301403928
.28663332548206794
2.7769510396099646
3.5253914316605846
4.242933832125073
4.307679433560872
2.420143091406813
.010746744088878251
2.8613481081155183
1.2994245232690862
.015061927138031287
.011368067457752316
.15701765677150262
.01205397196436656
1.901782447259125
2.7812939164645956
.01
1.8066728476428595
.014486929564089413
.007268685780509823
2.030874703994463
.009443942887993006
.007985226369385477
2.132996220686488
.007616280636832803
2.329998176363296
2.192541423968672
1.5572424386824715
1.5893819139146435
.0094266216493005
2.1406391756702425
2.2819702414854683
2.4746262697785095
2.2855812151219617
2.2041179443835586
2.8524450891124506
.01089344281162606
1.475452035422714
.010261416405030291
.0088158924159036
.010258329977647886
.012001873757275896
.010568137895212534
1.415206091533415
.08711969543483963
.06849086332828289
.009148438258612257
1.359552926162231
2.2087701042432677
.09422542768575466
2.035154629025624
1.4422945087372068
.06143461403490191
2.1068994872800046
1.6160064914615793
1.6754950754341145
2.918592583569475
.008886562636698486
1.693274137736652
2.636218977180765
3.561520998511842
.8079678751618794
1.6741137887543374
2.178979115608716
1.5258421496842143
2.230062248324734
1.7848326721233967
1.9212382819432372
2.0180198779604175
.008469377978185663
.19788908748932055
.19214454089088454
1.9833235687723776
1.4473679297606008
1.9408800908705393
1.78884778837374
1.457778622538826
2.1054723864282
2.2311710447865587
1.771097953771005
2.0095655022146968
2.254967532551517
1.767816512196347
.006302464089064923
1.5681751391620784
2.0512440982783136
1.7635259591078363
2.190192412880606
3.2142134388054613
1.7059133203447425
2.0266563954363224
1.759424709987018
2.25775881945562
.11354332728824232
1.8113080112843705
2.340920238582895
2.225436817467298
1.6392100829174445
2.4301957747283054
1.6334998733265014
.22539802252079244
.14961673095574393
.12792663075022967
1.7334946678291383
2.1199504738223065
1.992616749284794
2.598750666013783
1.4948740092110944
1.8373567390549264
1.5084653474124181
2.0553434998577873
2.351629080642397
1.6569690841300053
2.3460570602063746
2.3533473740320314
1.9479704285339083
2.2213794020192217
3.320134047586204
2.0707123894696795
2.012767179790816
1.823108072208188
1.4582403214525845
2.089427489513115
1.6359948538613331
2.157567526737287
1.8233136938178292
1.5898765627577214
2.401246434437133
1.7706267020608593
2.32679449635752
1.4170731911072085
2.2298306735232347
1.6127215122306162
2.588012571685263
1.818150905458704
2.1614784158014153
1.6328364729862186
2.0158178561955498
17.33783287506282
16.58590643550394
2.5024841548252255
1.9999698456640858
1.786879434167072
1.3932472991356317
1.4989858763896504
1.4929387008180992
2.690141930704359
1.7659247266667275
1.6449533597027846
2.419411534122119
1.9602313694012163
2.7556530339669787
1.795201072835131
1.8971400650189396
1.5187405283867257
1.8595643035674456
1.5009147318397043
1.9113664971672661
1.3113341795584148
1.917980463941252
2.177777850777092
1.2326666879470625
1.7686869919338097
1.5297025857044346
2.321504505162694
2.029019590368184
2.714996757395136
2.002154347100439
2.0563804440442586
2.6977639582109947
1.2513087923480861
2.4943049966278585
11.1247182177004
1.7648156149358285
1.5731201603851197
1.6217139438136048
3.418954955672311
1.8564099034929198
2.1442885507607214
2.8959474066193662
1.5715286391881496
1.8457331420269187
2.7325009140125434
1.445608419295192
3.2250292989291185
2.656748513470569
2.6808324089409257
2.0234080653165307
1.3321097900417302
1.7093404995399946
1.6954458762361075
.27507681196257167
2.708959854233011
1.8464970797816038
2.4874121072847184
1.6882777566815652
1.8330547700151145
2.693386473156318
1.9851564387315803
2.1899559332385543
1.9349373035340642
1.6386032688030476
1.486476646500781
1.9119892869062844
2.725075498543101
1.8029971842820005
1.8203157068158795
1.4955012824208034
1.6586543910099647
2.451843534698974
2.9537523363271205
1.9735443479588612
2.018218963808106
1.8240752819549306
2.358681883603717
1.663581478321511
1.2315669973662215
2.184349290627892
1.7665392452978863
1.5955292032316064
2.359988694487049
.1606041646139787
1.0210694047414377
.1333780431665939
.957327294242326
.10185543875745896
.8395579983225859
.08880285349789306
2.032621821364942
.16975422753613176
2.4545354354604356
.08530852168645825
.9867962950110362
5.940546781203493
.3550518392869067
.11413643925120469
1.2485633772741107
.06462961776282831
.21102322011873054
.0415421208111018
.8620125842957181
.0679967141261019
1.108215762282454
.11097111422076533
1.2890833919437121
.18217675237667366
.942947873889302
.05063219225471567
.6939805832497716
.060379983660011266
1.4590432817108647
.0002117139502326661
.00041983486374720284
.11805032313098085
.13075531189197584
