-.0005063232531076987
-.0016141179322190806
-8316998731969482e-21
-20081323747648955e-21
-.001915026700919928
-52779274125654373e-24
.00046021480115354327
-537885644728065e-21
.000680997539660067
-.0004670567215233961
.010826433929494768
.017438100097931262
22694182187957888e-22
2317460683066878e-21
.0011170389093282517
-.0017347895654047756
4793341154295206e-22
4803270245681402e-22
.001230158742651565
.0009090008943208803
-.0043456311386539225
2573335781658913e-20
.001189019779668111
.0004408283965894666
-.002463185217903591
-.0017650776470415595
.0008381697287665358
-.0028017582249861388
-.0008461620383242557
.0005542883827806072
.0004603837105308971
3151013281702376e-22
-.0005666717785193278
.00035686528205266523
