3.015611688132653
.012077423420227877
.0009024059987897901
323907151118894e-19
1627385616338911e-27
.0030123619664534636
6.332806053553223
.6529631786975298
.04527992767677439
.012073192557661426
.07132495656509645
.7472854135564732
.7136859675522397
.05965339230024269
.0008357022033875899
.0049676188732777765
.0004879817214445598
.002385998600564171
.06938307639740882
.004931911045483656
.0021159638517029102
.001670183917091627
32334956367753775e-21
.0019583672715383685
.053707666355849865
3.9347306875452763
58832378292910835e-22
.005457937793915375
.005862514248155106
.005062784166537335
13786214540096665e-22
.0001884495773053095
.01333892149688256
.0010780634392721302
.009473597746348993
3501138089942542e-21
.0024628483986171307
.002586332349670807
5025688812442859e-20
.005441598521275613
5100930079130567e-21
.005060922370195619
.0050605407498748554
.020887194724406866
.000597364904814405
.09864325537544522
.008091693175580764
.0004664970650738733
.027736771799329752
.07640138380954017
2813845436701008e-21
.1417666497260325
23223103999121067e-21
9.138225254324038
8.739201898420273
1.1728466121042842
.006814624975038284
.000686895430043732
.0007540652257235443
.16094756697546242
.1139339975064997
9.791844158231292
7.744431448847073
2.7333385323056576
.0016570913968029907
.00024165963602528178
.0014093733328353895
.005601139636250035
.007725797968183965
3.6561652826150177
.0008830136495831411
9.791844158231292
3.1991810623153496
9.060656038629423
9.013902287786886
.0013303121635288488
.008358008982191774
.0001522131792012845
2.1321763998765078
.00023461329559395122
.0019071571981258192
.010970414720603117
55586562227820214e-21
.6553152485834471
.04968384055079755
2167639424724087e-20
.0005758672780155983
.37286727635943734
.3486937543016208
2.4544316896342115
.0001397262127078829
.0004402949882414308
.7445536533183934
.7409329440262046
.13073193179881232
.00025666716902636086
.13966606854283667
1.136970425615457
1.001912325651769
.07175815301270937
1.26504737543182
1.9166077851793093
.02078666397881689
.020011291847233555
8694545636251949e-20
.00014772442268726554
3.6032511647807635
4.229910318641366
.4288181316317303
.00339612141628577
.00012577685106534748
1803891045852793e-21
5168851606310016e-23
.048963942296896455
.01808335646919906
.0005116585535002107
.30346368294878046
3052325884069856e-20
.0001603696535396103
.028141311117610257
7136700148525236e-22
0
0
0
0
0
0
0
0
0
0
0
0
0
0
0
0
0
0
0
.07845713447548637
0
0
0
0
.23603143461967552
1214.330173257181
.0039233399133805765
.09375545242982163
.017751002059990244
.21272863120776672
.01739220367296172
.39412021206859715
.01205501710826391
.3694160599739059
.004441273201721601
2.3084023490470367
2.1731041519536123
.001730517811368004
.005000497167632256
.4743037863225035
.3685030391136713
.2130741558849979
.26930628524161465
.018829410576042784
.018829410576042784
.04901586165679662
2662800752468455e-25
.018829410576042784
.018829410576042784
.018829410576042784
.018829410576042784
.018829410576042784
.018829410576042784
.018829410576042784
.018829410576042784
.018829410576042784
.018829410576042784
.018829410576042784
.018829410576042784
.018829410576042784
.018829410576042784
.018829410576042784
.018829410576042784
.018829410576042784
.018829410576042784
.018829410576042784
.018829410576042784
.018829410576042784
.018829410576042784
.018829410576042784
.018829410576042784
.018829410576042784
.018829410576042784
.018829410576042784
.018829410576042784
.018829410576042784
.018829410576042784
.018829410576042784
.018829410576042784
.018829410576042784
.018829410576042784
.018829410576042784
.018829410576042784
.018829410576042784
.018829410576042784
.018829410576042784
.018829410576042784
.018829410576042784
.018829410576042784
.018829410576042784
.018829410576042784
.11069761331728444
23089651840981405e-21
.018829410576042784
23089651840981405e-21
.11763163418970768
.07396625807240526
.018829410576042784
.018829410576042784
.00035329499108176547
.018829410576042784
.018829410576042784
.018829410576042784
.018829410576042784
.018829410576042784
.018829410576042784
.018829410576042784
.018829410576042784
.018829410576042784
.018829410576042784
.01627783685017798
.018829410576042784
.018829410576042784
.018829410576042784
.018829410576042784
.018829410576042784
.018829410576042784
.018829410576042784
.018829410576042784
.018829410576042784
.018829410576042784
.018829410576042784
.018829410576042784
.018829410576042784
.018829410576042784
.018829410576042784
.018829410576042784
.018829410576042784
.018829410576042784
.11069761331728444
.11069761331728444
.11763163418970768
.018829410576042784
.018829410576042784
.018829410576042784
.018829410576042784
.11763163418970768
.001329796626090805
.1218108059199499
.018829410576042784
.11069761331728444
.018829410576042784
.018829410576042784
.018829410576042784
.018829410576042784
.018829410576042784
.00035329499108176547
.018829410576042784
.018829410576042784
.10942014673060481
.018829410576042784
.04901586165679662
.018829410576042784
.018829410576042784
23089651840981405e-21
.018829410576042784
.018829410576042784
.018829410576042784
.09542050964110906
.018829410576042784
.018829410576042784
.018829410576042784
.018829410576042784
.018829410576042784
.018829410576042784
.018829410576042784
.018829410576042784
.018829410576042784
.018829410576042784
.018829410576042784
.018829410576042784
.018829410576042784
.018829410576042784
.018829410576042784
.018829410576042784
.018829410576042784
.018829410576042784
.018829410576042784
.018829410576042784
.018829410576042784
.018829410576042784
.018829410576042784
.09542050964110906
.018829410576042784
.018829410576042784
.018829410576042784
.018829410576042784
.018829410576042784
.018829410576042784
.018829410576042784
.018829410576042784
.018829410576042784
.018829410576042784
.04901586165679662
.1214009824955885
.01627783685017798
.018829410576042784
9999999999969827e-28
.12199021082158006
.12199021082158006
.01627783685017798
.01627783685017798
.04901586165679662
.04901586165679662
.04901586165679662
.04901586165679662
