6158326925601925e-27
39.56791703971939
.17770642898300423
.2446224088935823
10.891562407918027
.37294962555796857
5.719725981601533
.18604305752556305
.004536534243745367
.28360420045357665
.030423055565478394
7.805187493719282
.7760016964042991
.571535806755788
.007759826481142214
8.825993011368295
.8721606873591671
.004198133787320566
.07367786501254499
.004444644095620195
.001917757939605488
.03871312389396289
.00010487370775064644
2005628019406934e-20
.28105438603995314
39632312212137225e-24
13294283019155542e-30
.005160384615002802
.006335751889245881
.0053331809314711995
.002563768628207657
.00020016506990243416
.014168221486987072
.0011454893379143787
.010062549715278854
3546074437710689e-20
.000525305172560634
.002748652663272481
.0004756207558780111
.005798381748790187
15141265434749338e-21
8.717173902803486
14.18891995288753
.00726583819079903
677113782378764e-19
.10769732864240493
.007959910883957975
.006727296810484067
.40721815244020215
814357740218298e-25
.4305856394463062
32358092810619464e-27
4.013924575897941
19.071555867306586
17584027841471776e-25
22631337418393288e-26
.007340507368707056
3.109762634902678
14.915680869349385
25462289773816362e-27
2459338848686818e-26
41.67618506579046
26.68552605902356
8.969044651943548
.00240781883728808
.00044541589540703086
.001446039338256839
.0061884379099774655
5331109950055167e-24
0
763143555815047e-26
22.589033698401533
3.3966273254899018
8.386229595252852
18.133480212124173
.0014155371273969412
.0075711981432799984
.00045023026207078497
2.119229714840525
.00042328988854557726
.00347188869661262
.011520784363843779
.0017388615935490853
.8760570442880615
1.3805170346830729
.00015446934150492087
.023119762937885698
1.3243534934923245
1.7440177172515607
3.044643910770319
.003795763040508422
.0004451400780736914
.6940646429740566
.7688618131412804
11965621319165326e-27
.4990870123103337
.7305271775464255
2.1259980501341285
2.6282600310766413
33143293243529235e-26
6.021748997109347
1.9414052034755294
.6042023899859641
1.031345927116015
.9317252600132379
.0009026868756336072
43.34794021699141
7.991721799832967
.4457027246103075
.06745744979259831
6213697985675203e-28
674429538871185e-29
32839074393676252e-25
4.791190269857049
.011894662319934727
.0005221793181110768
.4528475609329301
.0014215587886861072
.0002292117194247093
.01769611001278485
3179172028754874e-30
0
0
0
0
0
0
0
0
0
0
0
0
0
0
0
0
0
0
0
1.8834391055599013
0
0
0
0
.576282459942905
1289.8228209034435
.004167246656538336
.09958405447815549
.018854548832848952
.22595357443466818
.5001637291262969
.9775670997151615
1.2780326414702554
1.6251989120614567
.007551114422491266
6.182047136320265
5.840013638838888
.1268391212524594
.37112902570861506
5.02956002162258
3.812927381159765
11477184885935333e-26
1442993671713406e-25
.019999999999997537
.019999999999997537
.9999999999938417
7.999999999605867
.019999999999997537
.019999999999997537
.019999999999997537
.019999999999997537
.019999999999997537
.019999999999997537
.019999999999997537
.019999999999997537
.019999999999997537
.019999999999997537
.019999999999997537
.019999999999997537
.019999999999997537
.019999999999997537
.019999999999997537
.019999999999997537
.019999999999997537
.019999999999997537
.019999999999997537
.019999999999997537
.019999999999997537
.019999999999997537
.019999999999997537
.019999999999997537
.019999999999997537
.019999999999997537
.019999999999997537
.019999999999997537
.019999999999997537
.019999999999997537
.019999999999997537
.019999999999997537
.019999999999997537
.019999999999997537
.019999999999997537
.019999999999997537
.019999999999997537
.019999999999997537
.019999999999997537
.019999999999997537
.019999999999997537
.019999999999997537
.019999999999997537
.019999999999997537
.4999999999984604
3.999999999901467
.019999999999997537
3.999999999901467
.2499999999996151
.09999999999993842
.019999999999997537
.019999999999997537
2.999999999944575
.019999999999997537
.019999999999997537
.019999999999997537
.019999999999997537
.019999999999997537
.019999999999997537
.019999999999997537
.019999999999997537
.019999999999997537
.019999999999997537
1.4999999999861438
.019999999999997537
.019999999999997537
.019999999999997537
.019999999999997537
.019999999999997537
.019999999999997537
.019999999999997537
.019999999999997537
.019999999999997537
.019999999999997537
.019999999999997537
.019999999999997537
.019999999999997537
.019999999999997537
.019999999999997537
.019999999999997537
.019999999999997537
.019999999999997537
.4999999999984604
.4999999999984604
.2499999999996151
.019999999999997537
.019999999999997537
.019999999999997537
.019999999999997537
.2499999999996151
2.4999999999615103
.3499999999992456
.019999999999997537
.4999999999984604
.019999999999997537
.019999999999997537
.019999999999997537
.019999999999997537
.019999999999997537
2.999999999944575
.019999999999997537
.019999999999997537
.19999999999975368
.019999999999997537
.9999999999938417
.019999999999997537
.019999999999997537
3.999999999901467
.019999999999997537
.019999999999997537
.019999999999997537
.14999999999986144
.019999999999997537
.019999999999997537
.019999999999997537
.019999999999997537
.019999999999997537
.019999999999997537
.019999999999997537
.019999999999997537
.019999999999997537
.019999999999997537
.019999999999997537
.019999999999997537
.019999999999997537
.019999999999997537
.019999999999997537
.019999999999997537
.019999999999997537
.019999999999997537
.019999999999997537
.019999999999997537
.019999999999997537
.019999999999997537
.019999999999997537
.14999999999986144
.019999999999997537
.019999999999997537
.019999999999997537
.019999999999997537
.019999999999997537
.019999999999997537
.019999999999997537
.019999999999997537
.019999999999997537
.019999999999997537
.9999999999938417
.2999999999994457
1.4999999999861438
.019999999999997537
1e-12
.3299999999993294
.3299999999993294
1.4999999999861438
1.4999999999861438
.9999999999938417
.9999999999938417
.9999999999938417
.9999999999938417
