1.4849563567213113
.8011787836701207
.016030189564420042
.0020752241233944783
59439575340126535e-22
.03832043803696951
6.688122213452928
.6286084395366521
.05648636682418049
.05809659413003766
.07270800784920141
5.217605728105417
.7397973959865688
.3963928641619332
.005456065491529595
2.695585194172004
.2633203324247997
.003514362002776478
.07164295947872497
.004771052821637213
.0020516816693457417
.008461484963947979
.0001467794378210357
.002875577287691257
.283168627743338
16.86246815398943
.00015076845550459535
.005714242923447605
.006091970240716393
.005209181213052153
1426945988393274e-21
.00019430778480708708
.013753603657049217
.0011117822571448416
.009768096934814448
24169110463034348e-21
.0023036884295451966
.002667510910206129
.0003314067226976969
.005619613302759235
34784740838359325e-21
.00524299095433509
.005426241546762735
.02086049503304819
.00035694775112360037
.10208489305433045
.008222151617112141
.0008054482717340831
.04922560568825311
.2888018203077864
.0012241032844083793
.5575334684199689
.01020007862734357
12.89270640621578
12.102962375552075
1.3872267087263968
.007079906776081286
.06677146980029039
.07355167951610286
.19677888197492235
.13268529522603434
30.200581910382514
23.72805681162176
8.343629762799328
.0022755222002805824
.00037548173499599364
.0014489450090798303
.005893289175467179
3.2033093198385387
7.319713090596708
.02125722610079371
21.67692871382825
3.3011033691356677
8.921692247199461
20.32530777067394
.0013734571116872378
.008560115739229504
.0005885414152434847
2.167932253766077
.0003518427766335662
.0028677660507073926
.011278550596081249
.0003921642751552261
.9121227479870508
.7342076613924161
3335504888147508e-20
.008522482119915074
.8485232608309516
.7656849374128467
3.384883324103985
.00017150380512924687
5594397965235926e-20
.73473527713146
.7930257468451378
.08035783818515374
.010752662666389213
.25359845658096386
1.6138952976242618
1.511539084529768
2.0919565514854366
1.5590752615711383
1.9935114171302422
.028916822033649515
.032946039399244606
.009613520521127657
.0001968340253497945
6.222752889458744
5.923130242572228
.5125219529579352
.018138830685690915
.003836105001838244
6755108293324541e-20
.0005502404659093267
.0905558047835976
.024170452255361914
.0008854381017764315
.3842188083404167
5134784331258455e-20
.00021993949495381372
.038145818177994825
2169713204829677e-20
0
0
0
0
0
0
0
0
0
0
0
0
0
0
0
0
0
0
0
.748540111345748
0
0
0
0
.5644548049707436
1252.0794556826843
.004045302843811761
.09666998188041662
.0183028186950829
.21934162111471517
.10290376027361325
.6218984801574738
.1304763588057146
.4271569711373673
.006166597757432999
3.098025748609907
3.099799182431112
.014253890857158313
.04168473639957701
.8169190559994405
.6161058744373723
.29243228995882176
.3685601464718282
.019414751164125374
.019414751164125374
.22651231238228842
553866022895918e-19
.019414751164125374
.019414751164125374
.019414751164125374
.019414751164125374
.019414751164125374
.019414751164125374
.019414751164125374
.019414751164125374
.019414751164125374
.019414751164125374
.019414751164125374
.019414751164125374
.019414751164125374
.019414751164125374
.019414751164125374
.019414751164125374
.019414751164125374
.019414751164125374
.019414751164125374
.019414751164125374
.019414751164125374
.019414751164125374
.019414751164125374
.019414751164125374
.019414751164125374
.019414751164125374
.019414751164125374
.019414751164125374
.019414751164125374
.019414751164125374
.019414751164125374
.019414751164125374
.019414751164125374
.019414751164125374
.019414751164125374
.019414751164125374
.019414751164125374
.019414751164125374
.019414751164125374
.019414751164125374
.019414751164125374
.019414751164125374
.019414751164125374
.019414751164125374
.23796650913645148
.010530393200168443
.019414751164125374
.010530393200168443
.17246974510172672
.08620037692708843
.019414751164125374
.019414751164125374
.03486620582307279
.019414751164125374
.019414751164125374
.019414751164125374
.019414751164125374
.019414751164125374
.019414751164125374
.019414751164125374
.019414751164125374
.019414751164125374
.019414751164125374
.1617072518753586
.019414751164125374
.019414751164125374
.019414751164125374
.019414751164125374
.019414751164125374
.019414751164125374
.019414751164125374
.019414751164125374
.019414751164125374
.019414751164125374
.019414751164125374
.019414751164125374
.019414751164125374
.019414751164125374
.019414751164125374
.019414751164125374
.019414751164125374
.019414751164125374
.23796650913645148
.23796650913645148
.17246974510172672
.019414751164125374
.019414751164125374
.019414751164125374
.019414751164125374
.17246974510172672
.06104833920507837
.20813739946889143
.019414751164125374
.23796650913645148
.019414751164125374
.019414751164125374
.019414751164125374
.019414751164125374
.019414751164125374
.03486620582307279
.019414751164125374
.019414751164125374
.1486100997378295
.019414751164125374
.22651231238228842
.019414751164125374
.019414751164125374
.010530393200168443
.019414751164125374
.019414751164125374
.019414751164125374
.12004802137019488
.019414751164125374
.019414751164125374
.019414751164125374
.019414751164125374
.019414751164125374
.019414751164125374
.019414751164125374
.019414751164125374
.019414751164125374
.019414751164125374
.019414751164125374
.019414751164125374
.019414751164125374
.019414751164125374
.019414751164125374
.019414751164125374
.019414751164125374
.019414751164125374
.019414751164125374
.019414751164125374
.019414751164125374
.019414751164125374
.019414751164125374
.12004802137019488
.019414751164125374
.019414751164125374
.019414751164125374
.019414751164125374
.019414751164125374
.019414751164125374
.019414751164125374
.019414751164125374
.019414751164125374
.019414751164125374
.22651231238228842
.19215369971003157
.1617072518753586
.019414751164125374
9999999999985126e-28
.20215951455497175
.20215951455497175
.1617072518753586
.1617072518753586
.22651231238228842
.22651231238228842
.22651231238228842
.22651231238228842
