1.519776570221083
.6756530974671815
.014364210238715171
.0018019077041622196
40320549905722795e-22
.034531063305892944
6.6808671909696455
.6299971482398712
.056745134035471705
.0544283065570542
.07272606862473203
4.812941660440644
.7390730028500114
.3671939478320545
.005061508972898112
2.434418222889172
.23664464758339682
.0034991662630117697
.07159181137845257
.004775673085240452
.0020535484313072335
.007951236826944867
.0001386419221002735
.002871101811291899
.26528397853290214
17.068753324320557
.00014309607794597853
.005708934003479952
.006086674221734845
.005205924122725433
1423362722177449e-21
.00019417251586834402
.013744028427920076
.0011110034130647592
.00976129680157693
2230702643424343e-20
.002311523066236956
.0026656354740859545
.00030712505726444394
.005615496250278849
3204185883044178e-20
.005229669084861887
.005355897433257023
.02097966106434998
.0003630881628250031
.10200194357585622
.008223004283991782
.000790836826514682
.04796157756217149
.27790988900385133
.0010647676059772852
.5547849696985857
.008883073407983076
12.794497722219512
12.034085904474633
1.3838380423409302
.007074399982593709
.06022919575087784
.06632511164155735
.1962085889451773
.13239272579579794
29.736312397052224
23.292404777981513
8.239033283128695
.0022687997120250545
.00037148245486384154
.001452931644618494
.005860115274323867
2.7395832397449165
7.165684759622691
.019902585009716648
21.6616432857188
3.2987584178634397
8.912738966466366
20.31156603130104
.001372406984768795
.008559447553960998
.0005881274559093699
2.1676202698344564
.00035026284635745905
.0028546637313333987
.011271799980903222
.0003684866674698234
.9111238335026136
.7077376806163367
3307722586163053e-20
.008146440600660946
.8381245721385816
.7582377759388147
3.366183001767265
.0001693088756455793
5972912367871304e-20
.7340055108754906
.7941691234515132
.08195932176120507
.009908319615285733
.251473719681426
1.6080871653081426
1.5026885200817193
1.961337258005357
1.5552523662552349
1.991917892296865
.028619252427139096
.03241939816874407
.008665815974971066
.00019481555354112454
6.111118874246824
5.880418206674811
.511438529133439
.017569729986554455
.0035919640161563232
6267729418214686e-20
.0004542361447416671
.08885570267688016
.024051271682546314
.0008797567482229373
.3822017440466281
5052091477606986e-20
.00021971283690444852
.03794851138973253
2031492535997216e-20
0
0
0
0
0
0
0
0
0
0
0
0
0
0
0
0
0
0
0
.7219486197123063
0
0
0
0
.5617451015564024
1251.207805748969
.00404248665835351
.09660268392826517
.018290076971201105
.2191889238488684
.09914600094835765
.6156486652148735
.12374846568163271
.42595759983293724
.006154483242964958
3.1067893679490166
3.0968077998080665
.013620657417468991
.03981748269634012
.8104893698397658
.611552693227226
.29158023518791043
.3675048896852012
.019401235355293513
.019401235355293513
.2187608416872632
4191374527650216e-20
.019401235355293513
.019401235355293513
.019401235355293513
.019401235355293513
.019401235355293513
.019401235355293513
.019401235355293513
.019401235355293513
.019401235355293513
.019401235355293513
.019401235355293513
.019401235355293513
.019401235355293513
.019401235355293513
.019401235355293513
.019401235355293513
.019401235355293513
.019401235355293513
.019401235355293513
.019401235355293513
.019401235355293513
.019401235355293513
.019401235355293513
.019401235355293513
.019401235355293513
.019401235355293513
.019401235355293513
.019401235355293513
.019401235355293513
.019401235355293513
.019401235355293513
.019401235355293513
.019401235355293513
.019401235355293513
.019401235355293513
.019401235355293513
.019401235355293513
.019401235355293513
.019401235355293513
.019401235355293513
.019401235355293513
.019401235355293513
.019401235355293513
.019401235355293513
.23385934362488892
.00916123403342692
.019401235355293513
.00916123403342692
.17097490254631081
.08590074733530491
.019401235355293513
.019401235355293513
.03140780805969826
.019401235355293513
.019401235355293513
.019401235355293513
.019401235355293513
.019401235355293513
.019401235355293513
.019401235355293513
.019401235355293513
.019401235355293513
.019401235355293513
.15347800513896515
.019401235355293513
.019401235355293513
.019401235355293513
.019401235355293513
.019401235355293513
.019401235355293513
.019401235355293513
.019401235355293513
.019401235355293513
.019401235355293513
.019401235355293513
.019401235355293513
.019401235355293513
.019401235355293513
.019401235355293513
.019401235355293513
.019401235355293513
.019401235355293513
.23385934362488892
.23385934362488892
.17097490254631081
.019401235355293513
.019401235355293513
.019401235355293513
.019401235355293513
.17097490254631081
.05595876718246533
.2056162076068001
.019401235355293513
.23385934362488892
.019401235355293513
.019401235355293513
.019401235355293513
.019401235355293513
.019401235355293513
.03140780805969826
.019401235355293513
.019401235355293513
.14757876794490005
.019401235355293513
.2187608416872632
.019401235355293513
.019401235355293513
.00916123403342692
.019401235355293513
.019401235355293513
.019401235355293513
.11942264132172682
.019401235355293513
.019401235355293513
.019401235355293513
.019401235355293513
.019401235355293513
.019401235355293513
.019401235355293513
.019401235355293513
.019401235355293513
.019401235355293513
.019401235355293513
.019401235355293513
.019401235355293513
.019401235355293513
.019401235355293513
.019401235355293513
.019401235355293513
.019401235355293513
.019401235355293513
.019401235355293513
.019401235355293513
.019401235355293513
.019401235355293513
.11942264132172682
.019401235355293513
.019401235355293513
.019401235355293513
.019401235355293513
.019401235355293513
.019401235355293513
.019401235355293513
.019401235355293513
.019401235355293513
.019401235355293513
.2187608416872632
.19015689737412453
.15347800513896515
.019401235355293513
9999999999984777e-28
.1998498613363951
.1998498613363951
.15347800513896515
.15347800513896515
.2187608416872632
.2187608416872632
.2187608416872632
.2187608416872632
