2.9819622120896265
.012786779059724012
.000942260834700229
34706135711440745e-21
22246775256515295e-28
.0030984199440272724
6.341337159995159
.6528764836133137
.045851015027148584
.012373082624598767
.0713654796674673
.7485429504817858
.7142244273045409
.05974935794118771
.0008370484258645263
.005349618980577903
.0005251046225944757
.002421008646035027
.06943204725013843
.004929010609425532
.0021148189679875804
.0017152294593747565
3316723404440022e-20
.001988129327238626
.05517002536676621
3.962583927376375
59747684516003795e-22
.005464009071699041
.005867296007951472
.005066056103104044
13794871940878509e-22
.00018857644392054353
.01334790192977059
.0010787930499094112
.009479975484981234
35064479354101816e-22
.00246168344394153
.0025880880612393414
5033362773217653e-20
.005445448275613173
510510978023336e-20
.005064181266631474
.005063790173400221
.020893731147595008
.0005927023883081094
.0987167552623721
.008095796302243006
.00046832039983365164
.027860762888699445
.07904506733493294
3217003341361939e-21
.15150533245578843
26556173717631976e-21
9.21060637463519
8.81355620585911
1.1785224952934532
.006819981834735918
.0007598117755596752
.0008339762748326058
.1618747214826719
.11443343945648217
10.240503838804976
8.087336636173124
2.8545640841335405
.0016782180453244514
.0002456061579143262
.0014101988675812138
.005607180036460084
.008184854271399606
3.6852005292048147
.0008904441262053081
10.240503838804976
3.201384302072646
9.060403280241625
9.482990003566012
.0013312732870354547
.00836355517478051
.0001630632226270696
2.132942036112914
.00023821010007096167
.0019364633465656427
.010977388941612437
5791329276221575e-20
.6644107216403886
.05325291982587554
21975899168300495e-21
.0006118669695943773
.3824223134889307
.35778731381153056
2.4831229282632217
.0001395037456757963
.0004351305505980387
.7445574840979009
.748087880763029
.13094965814000042
.0002806011834462524
.14262573010179594
1.152720744695488
1.0149989938594262
.07271113762136643
1.2748223191231942
1.9185985223956081
.02098918153759632
.020255361114155834
9643482032726496e-20
.00014765394444377918
3.618030192184996
4.2643347572450025
.43094255047267727
.003548937476181017
.00012754904190747914
18320013779014885e-22
6017121244036073e-23
.04967417087464017
.018249346717307623
.0005223681568503345
.3050962608074229
3091977314247126e-20
.00016259212850469647
.028415524481519537
7237763038550839e-22
0
0
0
0
0
0
0
0
0
0
0
0
0
0
0
0
0
0
0
.08395950844020311
0
0
0
0
.2523987606616233
1215.1476797944592
.003925981168697943
.09381857010321458
.01776295231910993
.2128718435321481
.018170622358530033
.39793882747266157
.012728500330092584
.37173546885057995
.004546394732926615
2.332923943892307
2.19659692741329
.0018154009212500825
.005246753713626492
.48250606764250986
.37458439841517416
.215927361007063
.27289250461143894
.018842086837061418
.018842086837061418
.05069328361358498
34854460780556405e-26
.018842086837061418
.018842086837061418
.018842086837061418
.018842086837061418
.018842086837061418
.018842086837061418
.018842086837061418
.018842086837061418
.018842086837061418
.018842086837061418
.018842086837061418
.018842086837061418
.018842086837061418
.018842086837061418
.018842086837061418
.018842086837061418
.018842086837061418
.018842086837061418
.018842086837061418
.018842086837061418
.018842086837061418
.018842086837061418
.018842086837061418
.018842086837061418
.018842086837061418
.018842086837061418
.018842086837061418
.018842086837061418
.018842086837061418
.018842086837061418
.018842086837061418
.018842086837061418
.018842086837061418
.018842086837061418
.018842086837061418
.018842086837061418
.018842086837061418
.018842086837061418
.018842086837061418
.018842086837061418
.018842086837061418
.018842086837061418
.018842086837061418
.018842086837061418
.11257582758631625
26416292113217454e-21
.018842086837061418
26416292113217454e-21
.11862536887490212
.07421556988064737
.018842086837061418
.018842086837061418
.00039082173537787726
.018842086837061418
.018842086837061418
.018842086837061418
.018842086837061418
.018842086837061418
.018842086837061418
.018842086837061418
.018842086837061418
.018842086837061418
.018842086837061418
.017120536198852194
.018842086837061418
.018842086837061418
.018842086837061418
.018842086837061418
.018842086837061418
.018842086837061418
.018842086837061418
.018842086837061418
.018842086837061418
.018842086837061418
.018842086837061418
.018842086837061418
.018842086837061418
.018842086837061418
.018842086837061418
.018842086837061418
.018842086837061418
.018842086837061418
.11257582758631625
.11257582758631625
.11862536887490212
.018842086837061418
.018842086837061418
.018842086837061418
.018842086837061418
.11862536887490212
.0014465040122459182
.12325389150600766
.018842086837061418
.11257582758631625
.018842086837061418
.018842086837061418
.018842086837061418
.018842086837061418
.018842086837061418
.00039082173537787726
.018842086837061418
.018842086837061418
.11015901632055979
.018842086837061418
.05069328361358498
.018842086837061418
.018842086837061418
26416292113217454e-21
.018842086837061418
.018842086837061418
.018842086837061418
.09590335470023145
.018842086837061418
.018842086837061418
.018842086837061418
.018842086837061418
.018842086837061418
.018842086837061418
.018842086837061418
.018842086837061418
.018842086837061418
.018842086837061418
.018842086837061418
.018842086837061418
.018842086837061418
.018842086837061418
.018842086837061418
.018842086837061418
.018842086837061418
.018842086837061418
.018842086837061418
.018842086837061418
.018842086837061418
.018842086837061418
.018842086837061418
.09590335470023145
.018842086837061418
.018842086837061418
.018842086837061418
.018842086837061418
.018842086837061418
.018842086837061418
.018842086837061418
.018842086837061418
.018842086837061418
.018842086837061418
.05069328361358498
.1226327129337389
.017120536198852194
.018842086837061418
9999999999970162e-28
.12335237900839456
.12335237900839456
.017120536198852194
.017120536198852194
.05069328361358498
.05069328361358498
.05069328361358498
.05069328361358498
