-.3052468338758184
.19584957060067076
-9348146386171557e-21
-20806025536813434e-21
.08418733184358831
5223468110876725e-21
-1790342295768529e-21
.08419104496460492
-.2997658300825998
-.00023023353897375722
.010364282197936208
.01892569690139924
1212460530067687e-21
10501520914827415e-22
-.004545825547783544
-.0010404055662297492
-1893249278987917e-22
873566391736705e-21
.0002006636003720405
-.005368253580410827
-.19377804566887213
.08675429632954172
.09675740784518728
-.29973894109355864
.08720270456527866
.19878633680483104
-.0013823328682397453
.19893048030601093
.19940126239167322
.08815797457566525
7039653152872226e-22
9136290438604542e-22
.0006502499075984664
.0003950312986214857
