44.20941651613144
.3341704626039846
1.1732818526170716
45.802033527009534
1.3498824560579108
8.016843941824119
.7970535905548466
.18724361066852455
1.3784175304317055
.07581074134652768
22.219339420467676
.7555970057154245
1.6565616693336789
.019964621822213133
9.365169987512097
12.553181605271055
.01039399854042154
.08256374160685934
.016159217643840356
.0066698687808465105
.047483986493028714
.01532271786380579
.010333262798474418
1.6303968903964299
29.646856490248805
.0051112590703596625
.006305216403453807
.007110802198148978
.006317709563294202
.005312574692514105
.00016999995828475027
.015163158093565252
.0013049649788570545
.010840723699151676
.0002725884568014819
.004735367868878021
.0027201308868118296
.002342252728060875
.008398846875128478
.00020262090058838968
17.074534531300234
18.19992343292921
.029144559814136693
.004099838194009875
.1543797517823599
.010940298726825861
.009142048091590338
.5991492888219588
5.442988375722058
4.969532595887674
3.910504654197624
5.532658978851494
22.25264212145587
20.11888132566786
1.9961185019560024
.007893517142299166
9.202087794313396
158.73862435854028
.3320037238714351
.16142053885342936
56.15529249991364
55.74543136945069
19.30777969381855
.005831640836736196
.0022806151216177833
.0017191585823596413
.011375185524097001
81.289614742255
83.13802684123601
.03909097652778079
26.768103629512414
3.3234787927998406
104.33568347504273
35.08323256911269
.0015530293397060595
.010179077877882407
.005219253596736948
2.74165096038192
.001030943159054867
.00960885270142516
.012044243104944919
.007788558580683307
10.732874496803456
22.532728409299256
.009579993236884497
.052319385154109534
26.037566487746176
143.9377853656361
8.007057204949746
.016120090909876993
.009433187463667813
4.978530660496703
1.6398063304350665
12.084422500910888
11.314534846585671
6.432061034949933
7.350606588360936
6.649589440636624
4.3419260528597645
60.836646163544415
1.9691158010697902
8.201707054830889
5.414355885354254
2.706180445331787
.0033745742878531484
64.45367215234336
8.404323922049553
2.1065509696318014
.4910419872384
.017048408759771653
.00017094184623902005
53.4034417207276
106.59512863261354
.08911498047999403
.0033702686084753557
.6668969749543864
.006752059328358569
.006687809617490357
.18017122252723133
4166057384347055e-20
0
0
0
0
0
0
0
0
0
0
0
0
0
0
0
0
0
0
0
3.430283415923571
0
0
0
0
4.218428133583355
1265.6792552009367
.005004811658347249
.1121733305772687
.01771486879868932
.2230817622452995
.7969227492592015
1.1687236488928892
1.6626421951741752
18.04654325648077
.01579499540788081
6.4671168988537415
6.485896922269455
.4005816855804774
.8589912825002207
77.34515907471211
90.09181325181976
50.69461497474722
79.4355395308014
3.6061040948386296
2.0455616711717144
1.6414858301021538
1.6962678621127107
2.6844133659631018
1.7813763394434126
2.4399782787135993
2.0719833872682574
1.884951626103683
2.249138181424653
1.9382015999812323
1.76906254884741
1.4083856136560156
2.184916693981909
1.484461220363845
2.6770789877394368
2.0187023542385583
2.1660328673752933
2.2995969387689845
1.6555818375911777
2.1912168773452994
2.8886555033831445
2.7229911665069695
2.0295284824766844
1.8993002760431894
2.4008483798007343
.02470002420117791
1.791017366680924
2.2531454326846085
5.975348083319797
1.989422921361259
1.9677706007307545
1.2755679325417097
3.2230050574547344
1.4721402374917767
1.6094199955674167
3.206382012616331
1.2956109113702203
1.8243967362426605
1.4704313423506155
2.140584912726771
1.4934382470041283
1.8750871315254098
2.681415282689431
2.149721987209512
2.4550214903416236
1.7849260951445796
2.2316996762914143
1.612921311060994
2.1948038968167354
2.629727931977803
2.7036281570801073
2.575441849329518
2.129987723671756
1.9661976205128113
3.101242129421363
2.406754521166916
1.0576688399097838
2.5481943871101858
2.7461879161215745
2.145860541418768
1.168298385798998
1.8025459528022802
1.677257283434281
1.9642372474288434
1.5354420457976599
2.2293239156259474
2.3443723477233047
1.8780530560442539
1.6068665273255265
2.525531102246538
2.450696734604804
1.8707935999932954
2.196994568934564
2.3428164529326057
2.0679145536262022
2.3467670782405707
2.178553861995027
2.0339507456873087
2.84572249779799
2.0827157101223404
1.9965285012823843
1.3396493109502319
1.5667644706744486
1.6731339008773665
.8014657117656099
.18370741297118945
2.263084169520526
.011467179286138643
2.628524892972417
2.1701997261924655
2.3205312226746964
1.9526308447401988
.1980662950250864
1.4601530774120275
.2083373719286992
1.2035512450270174
3.2007411181051313
1.7206589303167947
1.8760530542431841
1.8568751065253746
2.3456099774778716
1.8105644177668954
2.1320535034326094
2.1089634436668234
2.5873215561743437
.009802662362051174
2.0777045956714266
1.9580609169612788
1.5024448562061552
2.3069261839032813
1.8666955465095558
1.3503906401616126
2.1960771070069547
1.8090335656050152
2.130029476071562
1.8343288222655394
.7894277486006169
1.7169591749018853
4.96300552440037
6.696532051464933
1.4702330244933723
2.0849425625471403
2.6929751228002967
2.38048941556071
2.815851762019576
2.0689001636160937
.008118569584457877
1.4851112425942399
1.265918939432202
2.9085208836637335
2.479620504953984
1.8069831806729593
1.9054911798412435
2.3180308072108176
1.9118813121843965
2.746732187629268
2.239665468259465
2.4227625204913847
1.6265568861439608
1.5288774752225436
2.3820202387922
1.3087514640707383
.22714519414620926
2.193770728216508
5.337059078333521
1.4897124916606703
1.89991604479055
1.9874243760079389
2.350646886202179
.9381315406726096
1.6778429437839137
2.2628566125839282
2.308056580877895
2.207074802244868
1.5068909878671275
2.008081427982993
2.633975292817319
1.7865839889720916
2.350599649797309
1.5245199881887839
1.1444335384284066
1.4558378448213323
1.8784064912182306
2.2004100795056236
2.0951447544484503
2.7159197145011262
1.2921073759827455
2.408486802570174
2.3448422674368743
2.283353110154396
2.5344948140561554
1.621203424286842
1.822747618880582
3.290995416579303
1.7266012343764683
1.9996825611474582
.024635561229076754
2.000261015532009
.058259414462931584
1.8871773939632228
1.9127774324413633
.5507680054361292
1.449785326808644
2.1411553780237393
1.2557579953361955
.04958700696555534
2.1150884742125413
1.231789016292577
1.773576699888091
2.158253190457529
2.1010117261668597
1.614389450988544
2.522648029916904
3.177476509582897
2.8516048214628467
.6192159081535982
.011763189807198034
2.0680737985174056
2.1683788154528743
1.8580904608364177
.04779552491724229
2.363052632434375
1.6752424009560547
2.3019861105564265
1.1931486026509999
1.2557062783605544
.006575384388424913
.00474705020122798
2.2392135759020046
.5928960504781314
.1470197407113788
.809909520164329
.1950373280805526
2.280346248788799
.11030137036192494
.08954414723900612
1.692795913898139
.6120533999674812
8.15062584899125
1.8828911633052194
2.1339940803196287
2.5310107654841802
2.3679536365867593
2.1420470417317974
2.052626055598873
.10209905827636907
.16845194460578364
1.7925906650228052
2.88697547654161
1.1057998557056608
1.919847557861017
2.2819333351684756
1.9785531192328256
.010180976498939698
.2811537055581483
3.005077893188855
3.4411524492580305
4.445836063979356
4.3496832224891175
2.451125938200297
.01158542438621712
2.7024479044338494
1.2857975777861437
.014913231222592319
.010596248871828699
.16385929880448058
.012136726436218725
1.7365501225496165
2.880674807931518
.01
1.969318289548982
.013108016182230597
.0073387383680565115
1.8640124109540814
.009251107078520846
.007800968984450924
2.377412655977921
.007364484062296057
2.2297694877942007
2.050115136168872
1.5754455280547213
1.6357799889242375
.008904524470082194
2.1021491446300806
2.2872305445861367
2.4542801188244625
2.305407357314713
2.0842399784354244
2.7890409463266552
.011650280323535003
1.4389820340013642
.010504753681336038
.008867491113668224
.009594272743696277
.011692938286422563
.010462044225129878
1.450179610818447
.08162564481851622
.0642771685029389
.009631325895218673
1.305432106076359
2.2819604520777754
.09024610454675833
1.982816067038218
1.5665752717537238
.06445456950497773
2.160613622227825
1.6685299491674348
1.696170674227749
2.817872476188205
.009437605686892099
1.6972352151751813
2.6214810992384447
3.46456676136709
.8431280783961912
1.7059829242434654
2.2317885229660304
1.4922259373156939
2.2635373742500926
1.731110316955733
1.7104740772219968
2.1184076531105216
.008221663404672492
.21826530435871466
.20966993295388825
2.014524040658339
1.3650464252269365
1.9064022412109636
1.7263915697573498
1.4433821913788618
2.116438553703669
2.229170368794063
1.7317822562558582
2.034585552482214
2.2574460423058875
1.8753677965883901
.005890444080541005
1.528531453126601
1.93308190793327
1.785524910989728
2.1505806440873054
3.0250517855405645
1.700467096226052
2.043068999778373
1.8269544717906239
2.1654984282354195
.11642475905396561
1.6822901604270477
2.304076612241192
2.339215489739284
1.5015609806597976
2.482603570236764
1.573325172932545
.24857675567155296
.14905459336961754
.1375025303189768
1.7000559718686503
1.9252265064065157
1.8387473011079754
2.4557978621184042
1.4427972036931207
1.941482708892598
1.551258606704968
2.09435018125423
2.332970865816779
1.7143975120205783
2.225317937204216
2.4563159853475285
2.055506416221853
2.086549850537284
2.800631445573809
2.0659832827989493
2.087256911096135
1.7089605120551106
1.527321473731303
1.990657050158272
1.522324471482955
2.1769792675662583
1.8178232332518482
1.5586605047112507
2.1349185270806523
1.736052262451658
2.2422773400801597
1.296661058995401
2.3329754387730457
1.6364328879850458
2.6293727731672654
1.795063832492717
2.302359468381492
1.5930583347920517
2.0480499170033135
17.750050614140257
15.526913627080003
2.786597685081132
2.157440145579461
1.9783752059666335
1.2988563538644322
1.4754507383464344
1.490677334226064
2.856527402322027
1.6911572737476614
1.5906183842947281
2.335333267996311
1.9097684416959873
2.801115333819201
1.7161326340049183
1.8193312524173872
1.5714389066454937
1.8609392841889965
1.5608143841668314
1.8855556138052754
1.2616409860122026
1.8958107012359235
2.3750774749167034
1.1858516927299128
1.883625348584132
1.607644694274772
2.327353004914078
1.8549516022838564
2.6844322229021524
2.146028682952586
2.047059052061971
2.396225998264283
1.2584735758577126
2.3944915170433596
10.46639479387388
1.7286966197874016
1.5933982300112735
1.623941397815281
3.3715253494357587
2.03160958234832
2.137143283434962
2.7893279984278503
1.6520179324443924
1.8389040683364866
2.699532319701358
1.3571366457437455
3.1337194252534455
2.5642431774787835
2.5914225193270273
2.0964917868115145
1.4230156290969647
1.6471425826910349
1.6829736877433596
.2682204817270411
2.7947109170230697
1.8216837353908413
2.3898174803187144
1.8045195019376903
1.9057806528130576
2.4560077167957073
2.073323020776739
2.0880898449112024
1.856542992994272
1.532198066039975
1.4349366460326836
2.0930679612729115
2.5484392092017676
1.8618080348159658
1.837873041465812
1.578091942106272
1.6643126964724086
2.2960554341073185
3.292262274156582
2.0340086515254074
2.055253514577755
2.049228906393154
2.3444968742655687
1.6721797730563255
1.3016947019838585
2.065872246362129
1.6368376247235403
1.6155244335675487
2.3235435742532244
.15900062891720107
.954909790057947
.11478956132014372
.9769646811217496
.101595240242399
.8501548569347512
.09098059975456564
2.073845693141544
.1694888090616372
2.6373982659640594
.0857010207669203
1.0170610004394611
5.830805816019917
.3634256777112728
.10955257910966978
1.2928957433401749
.06874839914915802
.20777743957868697
.03946551948702084
.8642477659813942
.06671351344560314
1.092329281909682
.10678749547183997
1.1901052973502229
.17224757391144843
.9188580216162858
.053264217408352695
.6689619076778046
.05897741876071233
1.415415375255396
.00021342832201480904
.0004167821861227446
.11529417397782434
.11664101272396774
