1.5190485857695029
.4550441505627393
.008589611997122435
.0016151723795148627
2461421859694866e-21
.020901822797110437
6.768550658432439
.6809505691283292
.05621796237621414
.057243288589554533
.06716960035390476
4.674460794962684
.7573616376386553
.3305444077281133
.004721419704147932
2.689324853775742
.2646222100923704
.0034274896313384023
.0729794214476216
.004664429767589125
.0018765351001866395
.008251424916729661
.0001478265822887484
.0028257902682406566
.2791246420600081
17.63412338045877
.00013140534355766004
.005623240974580749
.006203276729606221
.0058803984140903985
14906206105254312e-22
.00018281838495011541
.013755665132452532
.0012039028045763625
.010333796399469576
18577100654118543e-21
.0021218164640592575
.002732225089818185
.0002662886181151392
.00513855544313322
2952207710848496e-20
.00590752540340247
.006085708891204735
.020272421807325608
.0003340296584102241
.11126960150600183
.007210858968098729
.0009220337869574907
.048484408294324724
.2694986839015647
.0010097803683016538
.5364125880226785
.008622639510536847
12.570559751065929
11.650738300430868
1.4804292109939736
.0074612855690537345
.05770409728320458
.06326500378913368
.21672575329285332
.12968334501545972
29.74601885640663
23.064669273274514
8.307093908758134
.0021758428964650882
.00044428496748612976
.001451001166630479
.006229961044484597
2.427067063296032
7.180067633381887
.018444750221851682
22.61197078822302
3.6853324596580146
9.180172540005353
21.24134347961969
.0014001635792290884
.009018422799753005
.0005927559188263148
2.1956992817653234
.0003349125713978882
.0026184900507227635
.010902606715320052
.00035586473302508877
.9459827523420734
.6527065061260975
29879170027203095e-21
.007346270439833548
.8019933263145205
.7189248742651172
3.3957262822818137
.0001730301074132753
50024754195310514e-21
.6235716777617935
.8335204388880427
.08993854449469452
.009916624920398054
.2856142844918135
1.5777684723389647
1.4779008088665484
1.821029706168831
1.552707365220756
2.0455228552696094
.024793764662633368
.033841386267238184
.008878801713966537
.00018433564319641926
6.122855881867126
5.980327440675368
.5427946541940925
.016105203502205425
.003395746487523306
6073030208470334e-20
.00045663483431801017
.09822917585558182
.019481976704148828
.0007979062242195976
.45987745421585813
5165635206339979e-20
.0002431145948283751
.034724011592170895
1881422401106015e-20
0
0
0
0
0
0
0
0
0
0
0
0
0
0
0
0
0
0
0
.7366515958370915
0
0
0
0
.5502445103258526
1367.7135402103963
.00415965687996792
.09966131741238667
.01887873343516684
.2142193628023287
.10469502236202344
.6418601758493503
.1363945993758042
.4208150078172249
.006314097882938698
2.7666110137960658
3.406866377149541
.015146556181064395
.03679438784542852
.8200755853496883
.5737748759570721
.2512352786914361
.43639120282383137
.01940151783330179
.01940151783330179
.21892004371326998
4195112465909857e-20
.01940151783330179
.01940151783330179
.01940151783330179
.01940151783330179
.01940151783330179
.01940151783330179
.01940151783330179
.01940151783330179
.01940151783330179
.01940151783330179
.01940151783330179
.01940151783330179
.01940151783330179
.01940151783330179
.01940151783330179
.01940151783330179
.01940151783330179
.01940151783330179
.01940151783330179
.01940151783330179
.01940151783330179
.01940151783330179
.01940151783330179
.01940151783330179
.01940151783330179
.01940151783330179
.01940151783330179
.01940151783330179
.01940151783330179
.01940151783330179
.01940151783330179
.01940151783330179
.01940151783330179
.01940151783330179
.01940151783330179
.01940151783330179
.01940151783330179
.01940151783330179
.01940151783330179
.01940151783330179
.01940151783330179
.01940151783330179
.01940151783330179
.01940151783330179
.2339444752046206
.009186202574105433
.01940151783330179
.009186202574105433
.17100602184083602
.08590700099990257
.01940151783330179
.01940151783330179
.03147480630041466
.01940151783330179
.01940151783330179
.01940151783330179
.01940151783330179
.01940151783330179
.01940151783330179
.01940151783330179
.01940151783330179
.01940151783330179
.01940151783330179
.15364527167761233
.01940151783330179
.01940151783330179
.01940151783330179
.01940151783330179
.01940151783330179
.01940151783330179
.01940151783330179
.01940151783330179
.01940151783330179
.01940151783330179
.01940151783330179
.01940151783330179
.01940151783330179
.01940151783330179
.01940151783330179
.01940151783330179
.01940151783330179
.01940151783330179
.2339444752046206
.2339444752046206
.17100602184083602
.01940151783330179
.01940151783330179
.01940151783330179
.01940151783330179
.17100602184083602
.056059357377442595
.20566860274547807
.01940151783330179
.2339444752046206
.01940151783330179
.01940151783330179
.01940151783330179
.01940151783330179
.01940151783330179
.03147480630041466
.01940151783330179
.01940151783330179
.1476002564117446
.01940151783330179
.21892004371326998
.01940151783330179
.01940151783330179
.009186202574105433
.01940151783330179
.01940151783330179
.01940151783330179
.11943568268037066
.01940151783330179
.01940151783330179
.01940151783330179
.01940151783330179
.01940151783330179
.01940151783330179
.01940151783330179
.01940151783330179
.01940151783330179
.01940151783330179
.01940151783330179
.01940151783330179
.01940151783330179
.01940151783330179
.01940151783330179
.01940151783330179
.01940151783330179
.01940151783330179
.01940151783330179
.01940151783330179
.01940151783330179
.01940151783330179
.01940151783330179
.11943568268037066
.01940151783330179
.01940151783330179
.01940151783330179
.01940151783330179
.01940151783330179
.01940151783330179
.01940151783330179
.01940151783330179
.01940151783330179
.01940151783330179
.21892004371326998
.1901984305811121
.15364527167761233
.01940151783330179
99999999999848e-26
.19989787691588518
.19989787691588518
.15364527167761233
.15364527167761233
.21892004371326998
.21892004371326998
.21892004371326998
.21892004371326998
