2.9856320845464435
.006756887861600109
.0003754431158467011
19223647820772577e-21
9292657690255815e-28
.0011320507481661956
6.406512604588445
.7046989834384453
.048042192390140896
.013968994216808694
.06595041694324145
.7655134792065511
.7316354377603113
.05441840382657139
.0008104663787514094
.005316761763200346
.0005246131463422597
.0025242431500455396
.07075209798659624
.004816042811581812
.0019365800175135226
.002248408629426317
45077174094590424e-21
.0020859196419725566
.07455878504975144
4.032247021303134
5601738072636444e-21
.005384184083349386
.005975539614924514
.005721187433640002
14444738949791051e-22
.00017753392364703227
.013358029769360439
.0011688793272002602
.010035092835914831
3006110424349775e-21
.002260106033193598
.0026524682684294977
44542941836511696e-21
.004983228742894681
4862400920262504e-21
.00571921530075611
.005718783052455061
.020091288972067484
.0005468537359283732
.10766430853242796
.007090625628258089
.0005606591814521953
.029117863010853916
.08330767372776428
30486480062560744e-22
.1361212893354095
25385588512338036e-21
9.023394872346362
8.57298951437125
1.2682276587893755
.007188278233518068
.0007180984308977753
.0007853571780937748
.1807024046586749
.11287904805840676
10.191572206047418
8.037345622774417
2.8674474904081375
.0016927702071379157
.0003216457442306162
.0014016319445355483
.005991860118908435
.0080595409998316
3.745602558215992
.000936698526055911
10.191572206047418
3.5755492457399995
9.475136048312292
9.469090894918988
.0013581480091023252
.008799280710733602
.0001506115315020685
2.1630612633500683
.000244478585086802
.0019037529458443166
.010619640830278223
7612620278222228e-20
.7416253719115651
.02546228736297659
1872349199847513e-20
.00026458768293129706
.3975266914462923
.3698977941531634
2.506603021468904
.00012738359504386773
.00035785480365944174
.642074458623287
.7822433396917573
.15038072292278468
.0002907177533291386
.16942630609863715
1.1837396386094607
1.029067756032937
.0743831076952559
1.241443601324119
1.968411351590425
.017875754661598017
.020590567312516
.00010025372087407829
.00014414904191135486
3.689838338646723
4.362988051437547
.4663642399219288
.003510949327401945
.00012025203749386614
1983257023147671e-21
55693767233031884e-24
.05205571460607511
.014806306795864749
.0005015038757535655
.3666091567084392
3059416901670694e-20
.0002009856718077076
.025668367731368304
7579068862128193e-22
0
0
0
0
0
0
0
0
0
0
0
0
0
0
0
0
0
0
0
.12280073704746106
0
0
0
0
.198603723385119
1328.1788615238681
.004039419203465543
.09678054008179979
.01833303096281058
.20802720821159468
.020128755963110926
.41180284714645005
.014166911672954814
.36573492618527437
.004604506256736806
2.137126419646843
2.448124277173268
.0020342006595539634
.0048570883442251135
.5007024244037602
.36193623725391944
.1840722583647495
.3186657685999937
.018840703926719753
.018840703926719753
.050507864270483885
36522569183385344e-26
.018840703926719753
.018840703926719753
.018840703926719753
.018840703926719753
.018840703926719753
.018840703926719753
.018840703926719753
.018840703926719753
.018840703926719753
.018840703926719753
.018840703926719753
.018840703926719753
.018840703926719753
.018840703926719753
.018840703926719753
.018840703926719753
.018840703926719753
.018840703926719753
.018840703926719753
.018840703926719753
.018840703926719753
.018840703926719753
.018840703926719753
.018840703926719753
.018840703926719753
.018840703926719753
.018840703926719753
.018840703926719753
.018840703926719753
.018840703926719753
.018840703926719753
.018840703926719753
.018840703926719753
.018840703926719753
.018840703926719753
.018840703926719753
.018840703926719753
.018840703926719753
.018840703926719753
.018840703926719753
.018840703926719753
.018840703926719753
.018840703926719753
.018840703926719753
.11236948693706621
26067401657474743e-21
.018840703926719753
26067401657474743e-21
.11851658641768023
.07418833875243055
.018840703926719753
.018840703926719753
.0003867060628623927
.018840703926719753
.018840703926719753
.018840703926719753
.018840703926719753
.018840703926719753
.018840703926719753
.018840703926719753
.018840703926719753
.018840703926719753
.018840703926719753
.017027014438103828
.018840703926719753
.018840703926719753
.018840703926719753
.018840703926719753
.018840703926719753
.018840703926719753
.018840703926719753
.018840703926719753
.018840703926719753
.018840703926719753
.018840703926719753
.018840703926719753
.018840703926719753
.018840703926719753
.018840703926719753
.018840703926719753
.018840703926719753
.018840703926719753
.11236948693706621
.11236948693706621
.11851658641768023
.018840703926719753
.018840703926719753
.018840703926719753
.018840703926719753
.11851658641768023
.0014335868792768824
.1230956894457553
.018840703926719753
.11236948693706621
.018840703926719753
.018840703926719753
.018840703926719753
.018840703926719753
.018840703926719753
.0003867060628623927
.018840703926719753
.018840703926719753
.11007819307844476
.018840703926719753
.050507864270483885
.018840703926719753
.018840703926719753
26067401657474743e-21
.018840703926719753
.018840703926719753
.018840703926719753
.09585057654259511
.018840703926719753
.018840703926719753
.018840703926719753
.018840703926719753
.018840703926719753
.018840703926719753
.018840703926719753
.018840703926719753
.018840703926719753
.018840703926719753
.018840703926719753
.018840703926719753
.018840703926719753
.018840703926719753
.018840703926719753
.018840703926719753
.018840703926719753
.018840703926719753
.018840703926719753
.018840703926719753
.018840703926719753
.018840703926719753
.018840703926719753
.09585057654259511
.018840703926719753
.018840703926719753
.018840703926719753
.018840703926719753
.018840703926719753
.018840703926719753
.018840703926719753
.018840703926719753
.018840703926719753
.018840703926719753
.050507864270483885
.12249777891923297
.017027014438103828
.018840703926719753
9999999999970142e-28
.12320309081321812
.12320309081321812
.017027014438103828
.017027014438103828
.050507864270483885
.050507864270483885
.050507864270483885
.050507864270483885
