3.04427805369299
.006058210011184133
.0003456758374249956
168252324334361e-19
4587126227920536e-28
.0010655476683084863
6.390646598517153
.7048317982888472
.04721369385972552
.013348993502525504
.06588608261352868
.7634317016979176
.730667753014848
.054276945296919094
.0008083524611388561
.004683196345814322
.0004649356091431678
.0024719670068301127
.07066438887151377
.00482097954397648
.0019385299665927024
.0021519549202855203
4344334656605213e-20
.0020411924181791136
.07133793083436955
3.9763233490356957
54656831864722325e-22
.005373909866155696
.005966956033142818
.005714728038645298
14428932589551373e-22
.0001773258137985508
.013342370328272575
.0011675011815173322
.0100233294505207
29987871998915456e-22
.0022619426568436726
.0026493312570657636
44433288948789415e-21
.004977119879247541
4856390296981056e-21
.005712779666671821
.0057123651526278145
.020083131173806435
.0005543292029719717
.10752406825045985
.0070845167126084236
.0005570471972698718
.02889255522752262
.0788329811040364
2421523413397512e-21
.12179047374207765
2006008768148066e-20
8.89979815396265
8.447150727986015
1.2576971634382585
.007178487881298294
.0006021187607968915
.000658581018944722
.17894854739871882
.11204070928371364
9.40962595076013
7.44001186568446
2.656662625961697
.0016620273221666466
.0003144007347183722
.001400254838329793
.005979591984153757
.007275716522106473
3.691281563616544
.0009211435137612498
9.40962595076013
3.571232635473912
9.40962595076013
8.691539071744083
.0013564294616367166
.00878913498207595
.00013428600815485427
2.1618136191052466
.00023925373128601922
.0018627998841481423
.010607937192246144
7142444334700298e-20
.7268454335800448
.021968179227662685
18318530643488073e-21
.0002307367532823466
.3820783296820859
.3553198296760245
2.4568348272138403
.00012746031842147314
.0003681101799021011
.6450662852178173
.7694647003583328
.1503116203737471
.0002498369521713392
.16372261820044526
1.1570233031039006
1.006490699334259
.0725169434278877
1.2265606322561697
1.9647118718579721
.017604906827103212
.020208525154027747
8377347810460231e-20
.00014424846782477887
3.664490144830829
4.304435556893174
.46282322414961563
.003265894494703824
.00011705607931362485
1925808394566279e-21
42641775502692696e-24
.050834218954473584
.014569623781000917
.0004856622384298246
.36316891223970915
29971292337438343e-21
.00019736645234505346
.02520739151283838
7373913160683617e-22
0
0
0
0
0
0
0
0
0
0
0
0
0
0
0
0
0
0
0
.11209820709897976
0
0
0
0
.17298000658999665
1326.621928050397
.00403468406789499
.09666709085685046
.018311540401258174
.2077833521066377
.018723961263623926
.4050304529927049
.012896484553680511
.36138137676373155
.004421241362262689
2.0989099025651767
2.4031555497025505
.0018715401319742374
.004466596034031411
.48605688019925075
.3518954650128236
.17958115574057282
.3108346895910651
.018818618254784262
.018818618254784262
.04763091664723582
19651612923905447e-26
.018818618254784262
.018818618254784262
.018818618254784262
.018818618254784262
.018818618254784262
.018818618254784262
.018818618254784262
.018818618254784262
.018818618254784262
.018818618254784262
.018818618254784262
.018818618254784262
.018818618254784262
.018818618254784262
.018818618254784262
.018818618254784262
.018818618254784262
.018818618254784262
.018818618254784262
.018818618254784262
.018818618254784262
.018818618254784262
.018818618254784262
.018818618254784262
.018818618254784262
.018818618254784262
.018818618254784262
.018818618254784262
.018818618254784262
.018818618254784262
.018818618254784262
.018818618254784262
.018818618254784262
.018818618254784262
.018818618254784262
.018818618254784262
.018818618254784262
.018818618254784262
.018818618254784262
.018818618254784262
.018818618254784262
.018818618254784262
.018818618254784262
.018818618254784262
.10912231585564061
20581607841735016e-21
.018818618254784262
20581607841735016e-21
.11679163238441807
.07375452735686791
.018818618254784262
.018818618254784262
.00032420952459564167
.018818618254784262
.018818618254784262
.018818618254784262
.018818618254784262
.018818618254784262
.018818618254784262
.018818618254784262
.018818618254784262
.018818618254784262
.018818618254784262
.015593028251504463
.018818618254784262
.018818618254784262
.018818618254784262
.018818618254784262
.018818618254784262
.018818618254784262
.018818618254784262
.018818618254784262
.018818618254784262
.018818618254784262
.018818618254784262
.018818618254784262
.018818618254784262
.018818618254784262
.018818618254784262
.018818618254784262
.018818618254784262
.018818618254784262
.10912231585564061
.10912231585564061
.11679163238441807
.018818618254784262
.018818618254784262
.018818618254784262
.018818618254784262
.11679163238441807
.0012379293949018083
.12059477056311804
.018818618254784262
.10912231585564061
.018818618254784262
.018818618254784262
.018818618254784262
.018818618254784262
.018818618254784262
.00032420952459564167
.018818618254784262
.018818618254784262
.10879460701007754
.018818618254784262
.04763091664723582
.018818618254784262
.018818618254784262
20581607841735016e-21
.018818618254784262
.018818618254784262
.018818618254784262
.09501108690660189
.018818618254784262
.018818618254784262
.018818618254784262
.018818618254784262
.018818618254784262
.018818618254784262
.018818618254784262
.018818618254784262
.018818618254784262
.018818618254784262
.018818618254784262
.018818618254784262
.018818618254784262
.018818618254784262
.018818618254784262
.018818618254784262
.018818618254784262
.018818618254784262
.018818618254784262
.018818618254784262
.018818618254784262
.018818618254784262
.018818618254784262
.09501108690660189
.018818618254784262
.018818618254784262
.018818618254784262
.018818618254784262
.018818618254784262
.018818618254784262
.018818618254784262
.018818618254784262
.018818618254784262
.018818618254784262
.04763091664723582
.12036142671202904
.015593028251504463
.018818618254784262
9999999999969556e-28
.12084164444523425
.12084164444523425
.015593028251504463
.015593028251504463
.04763091664723582
.04763091664723582
.04763091664723582
.04763091664723582
