3.04427805369299
.006058207702782616
.00034553150198586433
1682594465122335e-20
4587114127934162e-28
.0010655578834373929
6.390646598529202
.7048318001982828
.04719199141525578
.013348989047236113
.06588608241163621
.7634316539758852
.7306677530121053
.05427694190501041
.0008083525519561928
.0046831441091160254
.00046561899705676425
.002470766008918623
.07066438887322377
.004820979543912284
.001938529966567102
.0021519542298444345
4350850032735305e-20
.0020401586494803595
.071337908663009
3.9762743244353747
5462880427766654e-21
.0053739098422912355
.005966954759068492
.005714727983108236
14428932489075884e-22
.0001773258137985508
.013342370328272577
.0011675011771960148
.0100233294505207
2998787011677714e-21
.002261942666269645
.0026493312420678406
4443328617919235e-20
.004977119879747939
4856390003021025e-21
.005712779658885043
.005712365150737244
.020083180955066168
.0005543292045409101
.10752406824647057
.00708451668582084
.0005569812202061345
.028889114552229637
.07879152522191167
2425090279631724e-21
.12053052741765401
20060065640708046e-21
8.899790338460214
8.447150394741552
1.257697207014427
.0071784848758057115
.0006021190830111719
.0006585795490794347
.1789485526347227
.1120407055118747
9.40962595076013
7.439995435420664
2.6573756236617423
.0016613101251803748
.000314240580463413
.0014002544120277536
.005979588886745379
.007275610268059047
3.6912753261500444
.0009211297220307158
9.40962595076013
3.57123257906399
9.40962595076013
8.61971598026848
.0013564296060833082
.008789133435111908
.00013282118294127916
2.1618122556619057
.00023913273031110936
.0018618550096330538
.01060793702772883
7138813859187638e-20
.7264995824753052
.021957655904441792
18300802956723827e-21
.0002307369807287986
.38189741043055586
.35514301210307503
2.4567548064777722
.0001274045707490917
.0003679567574096506
.6459937475999008
.7680211342197991
.1502738281758891
.0002497145508021767
.16368077587601768
1.1570202963565572
1.0064906187751057
.07251634752261094
1.225535955715696
1.9647126381826183
.017588255798089664
.020190732397000307
8377351055446143e-20
.00014423144448004439
3.664058049648436
4.304256395029501
.46282317790853483
.003264258370081879
.00011705512843343221
1925797013570489e-21
4260508208502305e-23
.05078820634294278
.0145697201063973
.0004854214561174702
.36316905117031273
2994357582756391e-20
.00019727740121188534
.02520759544813021
7373858320769135e-22
0
0
0
0
0
0
0
0
0
0
0
0
0
0
0
0
0
0
0
.11209856138166514
0
0
0
0
.17322144878475118
1326.621928050397
.00403468406789499
.09666709085685046
.018311540401258174
.2077833521066377
.018717606723440253
.4050312164081458
.012896475322416558
.3613977650576792
.004420865873204204
2.0989138445569533
2.403158683220308
.0018715380857545797
.004466592375876746
.4860567787435661
.3518954371915388
.17962269666797967
.31090625768188984
.018818618254784262
.018818618254784262
.047630916647235816
19651612923905878e-26
.018818618254784262
.018818618254784262
.018818618254784262
.018818618254784262
.018818618254784262
.018818618254784262
.018818618254784262
.018818618254784262
.018818618254784262
.018818618254784262
.018818618254784262
.018818618254784262
.018818618254784262
.018818618254784262
.018818618254784262
.018818618254784262
.018818618254784262
.018818618254784262
.018818618254784262
.018818618254784262
.018818618254784262
.018818618254784262
.018818618254784262
.018818618254784262
.018818618254784262
.018818618254784262
.018818618254784262
.018818618254784262
.018818618254784262
.018818618254784262
.018818618254784262
.018818618254784262
.018818618254784262
.018818618254784262
.018818618254784262
.018818618254784262
.018818618254784262
.018818618254784262
.018818618254784262
.018818618254784262
.018818618254784262
.018818618254784262
.018818618254784262
.018818618254784262
.10912231585564061
20581607841738343e-21
.018818618254784262
20581607841738343e-21
.11679163238441807
.07375452735686791
.018818618254784262
.018818618254784262
.00032420952459560486
.018818618254784262
.018818618254784262
.018818618254784262
.018818618254784262
.018818618254784262
.018818618254784262
.018818618254784262
.018818618254784262
.018818618254784262
.018818618254784262
.015593028251504507
.018818618254784262
.018818618254784262
.018818618254784262
.018818618254784262
.018818618254784262
.018818618254784262
.018818618254784262
.018818618254784262
.018818618254784262
.018818618254784262
.018818618254784262
.018818618254784262
.018818618254784262
.018818618254784262
.018818618254784262
.018818618254784262
.018818618254784262
.018818618254784262
.10912231585564061
.10912231585564061
.11679163238441807
.018818618254784262
.018818618254784262
.018818618254784262
.018818618254784262
.11679163238441807
.0012379293949018083
.12059477056311804
.018818618254784262
.10912231585564061
.018818618254784262
.018818618254784262
.018818618254784262
.018818618254784262
.018818618254784262
.00032420952459560486
.018818618254784262
.018818618254784262
.10879460701007754
.018818618254784262
.047630916647235816
.018818618254784262
.018818618254784262
20581607841738343e-21
.018818618254784262
.018818618254784262
.018818618254784262
.09501108690660189
.018818618254784262
.018818618254784262
.018818618254784262
.018818618254784262
.018818618254784262
.018818618254784262
.018818618254784262
.018818618254784262
.018818618254784262
.018818618254784262
.018818618254784262
.018818618254784262
.018818618254784262
.018818618254784262
.018818618254784262
.018818618254784262
.018818618254784262
.018818618254784262
.018818618254784262
.018818618254784262
.018818618254784262
.018818618254784262
.018818618254784262
.09501108690660189
.018818618254784262
.018818618254784262
.018818618254784262
.018818618254784262
.018818618254784262
.018818618254784262
.018818618254784262
.018818618254784262
.018818618254784262
.018818618254784262
.047630916647235816
.12036142671202904
.015593028251504507
.018818618254784262
9999999999969556e-28
.12084164444523425
.12084164444523425
.015593028251504507
.015593028251504507
.047630916647235816
.047630916647235816
.047630916647235816
.047630916647235816
