1.4865261482842396
.532783264926697
.00961296539021418
.001863607813850228
3573940020103006e-21
.023324910158876614
6.775810409572598
.6795945198271103
.05596602374107857
.06037330567905914
.0671533681254591
5.008182270054367
.7580555174665801
.3540343683592142
.005039726700963528
2.93617554506324
.2912076348846647
.0034374098057367666
.07302844044424724
.004660218597391291
.0018748634974449356
.008636898350037538
.0001543541067545639
.0028286588247557307
.2925258943732221
17.514809935844315
.00014175721776654224
.00562812832391753
.0062083996721791854
.005883855114192191
1494062810906928e-21
.00018293733699751533
.013764615825905933
.001204691367237485
.010340520150016208
1993214451004629e-20
.0021151230726664198
.002734021067631094
.0002848905755517081
.00514205665669918
3171345339347983e-20
.005921351154714525
.006171662980897259
.02016306563485531
.0003287105690779911
.11135409738316844
.007211137372522849
.0009395223307829717
.049819508306506034
.27952212765972
.0011519512042350013
.5388675786282857
.00981135335351713
12.661761216894822
11.710646969225353
1.4835470352028581
.007466749569686733
.06355456552296522
.06969728514634037
.21725537172863932
.12992739173138268
30.179651356210137
23.471961806209965
8.399393306094861
.002179805342949443
.00044854512211569235
.0014478163620800606
.006265898975029338
2.8763798152839986
7.350400975522276
.019893824706237018
22.62682203190237
3.687793603585265
9.202444635597091
21.255231758719333
.0014011665503191888
.009019326942857502
.0005931769146779031
2.1958284650790754
.00033588790927672254
.0026263586942638683
.01090860216800778
.0003721775728183118
.9451871623891995
.6822162155239868
30174430711334944e-21
.007757121700961136
.8096275145180744
.7240194756117168
3.4138276646561763
.00017555214203944134
50260660261236205e-21
.6250449347657859
.8320388250649914
.08818088655733781
.010695463075379621
.2874979319595036
1.5812852331875558
1.4844761506719009
1.9619992604168066
1.5563010314273313
2.0470655704651635
.02502900526599417
.03437843832163123
.009778728045112203
.00018634033539797272
6.23984236166456
6.020357945541913
.5436521099330759
.016558334765709296
.003693620483375243
6617206232462062e-20
.000554943254473155
.10011308845204624
.019569039300366464
.0008017855312786681
.462145181747207
5248040698242756e-20
.00024274849762186254
.034893101855842885
20248288606326788e-21
0
0
0
0
0
0
0
0
0
0
0
0
0
0
0
0
0
0
0
.7587094133390774
0
0
0
0
.5540917848367453
1368.6034571638904
.004162363403716769
.09972616307879659
.018891017078232816
.2143587468452001
.10830758209164516
.6480811059168445
.14326745641890834
.4218195180554902
.00633213961989095
2.7978306351071622
3.4448642926139508
.0157950137297798
.03839036292575712
.8253987393655919
.577206228095442
.25184843093021914
.43747220672209763
.019414141631440625
.019414141631440625
.22615689944238768
5441804487022453e-20
.019414141631440625
.019414141631440625
.019414141631440625
.019414141631440625
.019414141631440625
.019414141631440625
.019414141631440625
.019414141631440625
.019414141631440625
.019414141631440625
.019414141631440625
.019414141631440625
.019414141631440625
.019414141631440625
.019414141631440625
.019414141631440625
.019414141631440625
.019414141631440625
.019414141631440625
.019414141631440625
.019414141631440625
.019414141631440625
.019414141631440625
.019414141631440625
.019414141631440625
.019414141631440625
.019414141631440625
.019414141631440625
.019414141631440625
.019414141631440625
.019414141631440625
.019414141631440625
.019414141631440625
.019414141631440625
.019414141631440625
.019414141631440625
.019414141631440625
.019414141631440625
.019414141631440625
.019414141631440625
.019414141631440625
.019414141631440625
.019414141631440625
.019414141631440625
.2377797964774117
.010462450423972347
.019414141631440625
.010462450423972347
.1724020726859573
.08618684632279797
.019414141631440625
.019414141631440625
.034700524762261695
.019414141631440625
.019414141631440625
.019414141631440625
.019414141631440625
.019414141631440625
.019414141631440625
.019414141631440625
.019414141631440625
.019414141631440625
.019414141631440625
.16132648569994196
.019414141631440625
.019414141631440625
.019414141631440625
.019414141631440625
.019414141631440625
.019414141631440625
.019414141631440625
.019414141631440625
.019414141631440625
.019414141631440625
.019414141631440625
.019414141631440625
.019414141631440625
.019414141631440625
.019414141631440625
.019414141631440625
.019414141631440625
.019414141631440625
.2377797964774117
.2377797964774117
.1724020726859573
.019414141631440625
.019414141631440625
.019414141631440625
.019414141631440625
.1724020726859573
.06080774736093912
.20802307311517587
.019414141631440625
.2377797964774117
.019414141631440625
.019414141631440625
.019414141631440625
.019414141631440625
.019414141631440625
.034700524762261695
.019414141631440625
.019414141631440625
.148563449577176
.019414141631440625
.22615689944238768
.019414141631440625
.019414141631440625
.010462450423972347
.019414141631440625
.019414141631440625
.019414141631440625
.12001975711487822
.019414141631440625
.019414141631440625
.019414141631440625
.019414141631440625
.019414141631440625
.019414141631440625
.019414141631440625
.019414141631440625
.019414141631440625
.019414141631440625
.019414141631440625
.019414141631440625
.019414141631440625
.019414141631440625
.019414141631440625
.019414141631440625
.019414141631440625
.019414141631440625
.019414141631440625
.019414141631440625
.019414141631440625
.019414141631440625
.019414141631440625
.12001975711487822
.019414141631440625
.019414141631440625
.019414141631440625
.019414141631440625
.019414141631440625
.019414141631440625
.019414141631440625
.019414141631440625
.019414141631440625
.019414141631440625
.22615689944238768
.1920632279219178
.16132648569994196
.019414141631440625
9999999999985124e-28
.20205481562934355
.20205481562934355
.16132648569994196
.16132648569994196
.22615689944238768
.22615689944238768
.22615689944238768
.22615689944238768
