46.987794860881145
.3309773119280182
1.1410130425391942
48.7317759531298
1.368093834168403
7.670156438831951
.855922460736
.19431753689183798
1.3768939504464077
.07749508793025364
23.870732280325825
.7892155410499262
1.634977083410243
.01837652610105754
9.198709032114865
12.176341744099146
.011091192164774456
.08044803034264017
.017167483621304797
.006641087692706068
.04374174834816114
.01524716916952988
.010190204723866657
1.6330973718978905
30.58787320727739
.004634245311546909
.006531207847615248
.006848448397171461
.0060477730392373315
.005537354559720846
.0001919753597560485
.01452663689695156
.0013565300706631063
.01052776458320114
.0002692980085681083
.004419380704930188
.0029332405391624206
.0024729829030943375
.008947838377936335
.00021891118935831762
18.847260055913846
18.490126196057883
.030038148783216496
.003989310016082142
.1472676254396509
.009976051280588523
.009059963830708588
.5845867108203393
5.787800457820365
4.86810306560773
3.751798542094654
5.223641984194336
21.322806340435697
19.367157697647446
1.9936221100879037
.008073047716949841
9.177088615643381
157.8156575079785
.3545645921112615
.17684973500813672
52.768556820521056
53.349057748450356
18.431363554005447
.006075484469297998
.0022424977075831457
.0017354003203191863
.01078825188905686
85.03680453100904
84.41499612876167
.04147939174290073
29.741271638024248
3.3150627924247975
102.41873862358513
34.43396953554243
.001540787331912193
.01051518448003128
.005780055284772351
2.5850157053227165
.0011127195298340977
.009803740054835862
.011684690434113743
.008486862079218754
11.296204409439435
24.81117608409032
.009306140342413088
.054167485381662495
28.139216116845517
132.2271001815081
7.718400465121674
.016489626992445994
.009724367786294074
5.225007239268603
1.6152173658615503
13.106903858833359
11.313620928381862
6.452829962843174
8.018632205854988
6.647117369360327
3.670492614805286
59.57696496236154
2.155506399567262
7.48712532920989
5.126285478622486
2.5525277224435654
.003090956985621095
60.54371557878743
8.7693425050669
2.1759813625293782
.49042513341668653
.017430601782644706
.0001880919792828753
56.89190010704845
112.04338454927745
.09327700436903434
.003524989962747214
.6398030106565136
.006548407430787122
.007371885996489487
.1870371634817567
4460859452472198e-20
0
0
0
0
0
0
0
0
0
0
0
0
0
0
0
0
0
0
0
3.3973351634270363
0
0
0
0
4.705953178941045
1334.5245433553082
.00455013013244403
.10827086640228968
.019569223595079614
.22686375707035938
.8325441167801163
1.1664943877230476
1.7516670801676024
19.360850651012804
.016417725085964445
5.998226699734064
6.340041450741916
.367509530226266
.9015815945015434
78.6253605133646
88.72397212306781
46.53394706631319
80.3239809325301
3.456194030369794
1.9525133545188187
1.5909398867023996
1.790850148508709
2.465298214869189
1.6942892602740856
2.562758993074996
2.205977641825175
1.8578686481892943
2.2168774279718675
1.9519222573007822
2.003871003033867
1.3607132018201147
2.05018254449856
1.6257802143410507
2.805532842825329
1.9742902735250276
2.1538015502832315
2.325625939460096
1.7785120789614386
2.462395658062002
2.754730469484861
2.526932306359623
2.0432295818477706
1.6974436968202846
2.560834571380227
.02561160455458762
1.8092490096643155
2.3238019412497826
5.954433486105164
2.104762018198352
2.0113045576759006
1.2963976667868795
2.8466899888626895
1.3781451933382787
1.6335599582875668
3.201831037730348
1.243818869109634
2.042948282086112
1.5114057573775246
2.025224115675409
1.4234793797132514
1.9080210225417293
2.7423558569356965
2.057237014301141
2.190173068643727
1.8565085875251155
2.256300577485267
1.7655678993478485
2.347802410051395
2.6371221060752212
3.079871989442272
2.4265813754193553
2.152718846404893
2.0989480400735268
3.0784513039824404
2.4469881812263474
1.0345668824841803
2.4997881779352387
2.8788654055504157
2.152779714470479
1.1915099329841443
1.7536673513476027
1.677580802093592
1.9566937915976714
1.5607840819358338
2.2562937045888383
2.0881266734378245
2.0212045247357056
1.691974080983042
2.5270993538463933
2.5626830871791713
2.0193704756463213
2.176898429906946
2.425507570088393
2.2701215273405233
2.4869285551754667
2.3097891155208727
1.8411598666600582
3.0712450117387804
2.1991589476916444
1.9839388410328034
1.2582285913645819
1.506881026300852
1.667810397480676
.7656459333308732
.19049498127166345
2.0140277347824758
.011735869768908136
2.484410456069937
2.2909112332753616
2.533696152477888
1.818663425031636
.18752805490464913
1.4127064373389948
.19982781341012754
1.1755210135745509
3.063601478814879
1.788263110905691
1.804091732971638
1.8557513710699258
2.1963707534729675
1.7755767276891288
1.9488262444835969
2.163616857413266
2.285522194628435
.010058480816855002
1.886869433406902
2.034584015169494
1.391725219914595
2.288879051449632
1.8274667948827403
1.3764126108091297
2.2681897015448635
1.91934141888776
2.029392899471069
1.9783490558259171
.7523652906190752
1.7491530489414946
4.871820100523854
6.292290793176566
1.4560526515126564
2.0969200023696226
2.5207861931403586
2.6505762552194887
2.7711799013019682
1.9653370339216556
.008789787849805102
1.6449197122887127
1.4364187283842884
2.8041549732275906
2.2144675723603826
1.823828468054303
1.9423771486131258
2.3021571419095403
1.909343024282229
2.531533729203781
2.0786231246199307
2.504243917435696
1.6912829796469933
1.5705688469962102
2.1204769623202284
1.2455554770208062
.2190838618757474
2.2651622783166454
5.430846412973148
1.533717215735759
1.7442319292102872
2.0749345449789107
2.3494492706800627
.9627566490496152
1.6863588805425498
2.180066011572996
2.116324237091504
2.2737393712250475
1.402854272782313
2.095184267986637
2.5142158185891
1.7947094717708723
2.489009353907368
1.4806954698931614
1.192206456810028
1.5707369108186282
2.015233453094651
2.293152057278229
2.279833807254688
2.787689019572256
1.2923360653827365
2.4151328414076993
2.1175062647086036
2.2756204930013193
2.5305174372888217
1.737141602827658
1.801278324847096
2.9029987489294644
1.8807706173946348
2.160536187918525
.023130691711307848
2.1926534301643437
.0569809206395586
1.7857019554078093
1.8785210246157735
.556903367461271
1.4133334633632049
2.0834017109882215
1.1996747559053291
.048508261413733995
2.0865482547011394
1.1395145254942647
1.6368250399800441
2.2180285674727953
1.9561246451116632
1.4311411856855492
2.3088848117241096
3.397007800602312
2.9530040747633386
.7228456315740218
.01136130255399907
2.0155556265115138
2.30081473232668
1.8983486841255257
.052917956732221064
2.3878022639663445
1.7039123880877352
2.065074126461943
1.2577350887746348
1.3608464373363474
.006056715931289683
.004404997411119416
2.437409071788855
.5583140083830181
.14541401060658016
.8730791592493088
.20006663108708803
2.252157653730568
.10977759479799981
.096290622985366
1.8110914936080444
.5972130222735369
8.50830271612044
2.0625991895298577
2.301997434568256
2.613426352929285
2.2677484671618218
2.0619414968166985
1.995215143500264
.12196989823691919
.16417517095912976
1.9468503376590447
3.044175705184845
1.0252772318666172
2.109226770287669
2.3280164261433214
1.8241716661223966
.010177022986750413
.2720256240335332
3.0090116706732393
3.7313132315464
4.259466044785703
4.165779346108409
2.3772899082072474
.011122769031191785
3.0770303559280787
1.3124756580950532
.014660299832431096
.010452432133691387
.1615975808258854
.012800891928122213
1.7451424229324182
2.7123027290193744
.01
1.8407647788041739
.013897363021865478
.007297164239066277
2.0062292418533403
.008835642687989535
.008107793940636685
2.253070913958866
.00703881498961941
2.3822565255339163
2.233355980148192
1.6335622939344543
1.6440412704850544
.009425481578461374
2.076652708900004
2.4964313113453693
2.404490914831306
2.318726132995689
2.3436772716779024
2.6514656797233886
.010670368077273
1.3331747309211683
.011278057727762327
.00961782833024384
.010496073093992968
.012626457939769685
.010676851455268536
1.3958816535570018
.09299876276654984
.06645611126849016
.009567246386716778
1.4111663216056516
2.339212397434252
.09494276112031887
1.9272452561627056
1.4801875260051207
.06357048361244313
2.197445601857814
1.7487011818603335
1.8179953162805322
2.85147739256677
.009041142400823253
1.5755825210134837
2.3969857880649568
3.310427368467988
.8129524363828441
1.6415711469565093
2.1058374380136184
1.5202322290948678
2.1822585743025074
1.6582149081669004
1.7637087686054929
2.0534473952071104
.009168169406721669
.21113207810354964
.19098449949219046
1.9046197944569045
1.4658815266494714
1.9076318235237244
1.7071921579123555
1.5137371902390415
2.2724675265072873
2.139479851209523
1.7255409746378787
1.9962567247182113
2.08932296763689
1.6985192374440483
.006238995696028391
1.5459942800714108
2.0820693114628313
2.010944413984924
2.162337757069974
3.2226777411070864
1.6352762371379772
1.8998388057408035
1.8098269521536765
2.2388829720355705
.11303904051486109
1.8278333152236728
2.351631496501689
2.316096945734817
1.593355592051249
2.607879704806082
1.6607152313094102
.22999289504830073
.1439587025088427
.1243442765355007
1.6210230042525953
1.9367336400537392
1.914271046582467
2.4476505895533647
1.4614127020835288
1.8196008110377844
1.5382887528898108
1.9720745121501508
2.393737770121473
1.7461532233289478
2.2180986066641037
2.465984159134325
2.1439898929288685
2.240808478818416
3.1164722507665292
2.0060626469226293
1.9045669689956661
1.7820058239845418
1.4472997512616854
2.0802858472667056
1.5635637754127738
2.219276542564614
1.8946930207913628
1.573815396013645
2.2734970143906286
1.7173262943233325
2.3580849850154735
1.3605509614444986
2.3396902526537158
1.5887119603453193
2.340251396856635
1.7066023641189056
2.256271571018498
1.6595791566147002
2.0410120681227344
14.607714308899672
17.41039875264956
2.490265408210337
2.036491416598285
1.6906663359101843
1.3774521506190625
1.5384296091315488
1.6185487007458055
2.5492685324436715
1.7837568784505955
1.6404850942163696
2.2417984256228904
1.884715355449518
2.867102675128914
1.647044813389709
1.8456061649669637
1.480952454680243
1.8753851440732168
1.5154499041580998
1.8731138207694003
1.3037027606248388
1.8594945995932564
2.205583966244791
1.2736030373284242
1.8479339337388465
1.5073379270591623
2.46597445941338
1.8514292932376124
2.7310122689132883
1.9171416707486426
1.9610570632408972
2.551187768228758
1.2187513519185373
2.5057403955919075
10.714994883242099
1.805605651544417
1.7128532169807476
1.5866849466715023
3.521252413208631
1.9693330677194247
1.8173711830339132
2.787849637925221
1.4868676392560938
1.8259610238081319
2.8425423678713755
1.4350427896293008
3.1649258482434424
2.5184818610228863
2.4210894559164475
2.0068058391193015
1.3770063862051225
1.6404999303413825
1.785695928907206
.2805532852229266
2.7517172359011317
1.7692481895914003
2.3640610972113616
1.7281621426522948
2.002348340479391
2.5247220456438066
2.0716038509656114
2.0766970215832687
1.8851249921333535
1.6877910943118497
1.4726539676066321
1.9868160206086893
2.340633644342184
1.766435234526481
1.9282794054451384
1.5695562126066802
1.6498634830871106
2.5764067903861503
2.972488817874403
2.0956577334056323
2.1905467153312372
1.8315110943085315
2.1993065320206973
1.6466144240360423
1.3214782009060688
2.056177863955735
1.8578157408268474
1.7390131578141685
2.2619641633635474
.1646625029508563
1.0523880508082928
.11763789679911647
.9522686407375606
.09945240456522908
.9000098946331762
.0914954227629973
2.200239605745417
.16346567470252282
2.6014489880991842
.0839952398393527
.9637391961803673
6.166732774819006
.3320886633700008
.1098209364894614
1.2083171261618357
.06759348377364333
.21069637873936622
.04349915088792492
.9084395955250759
.06860475994917344
1.1031896418956668
.09454621240041416
1.2429974595812814
.17640746974950558
.9885571575757219
.045758152957268886
.6653715582329383
.05558241695375642
1.3863014900504467
.00020712426673861586
.0004026030953311345
.11482584961598445
.12282803992749058
