39.51414224205109
.1654022929722204
.2897949645856354
10.838537543516805
.37812419050421286
5.878877851017016
.21683319685097807
.002511493212914726
.34067789422008493
.027200547536658695
7.930840379668087
.7728464745579643
.6710711328047605
.009386228282159131
8.226670460690958
1.1239097801618745
.0036875623634335213
.07479122975275022
.004119336382646687
.0017707274654808036
.04043767014791493
.00014161270946806234
12116055470376375e-21
.28812869871989166
0
0
.00478841840659269
.006931528144035638
.006162736784144793
.0023716114286534548
.00016671016682594835
.01447329301438096
.0012416613138992632
.010747414096397092
35828689300278514e-21
.00046143119304124585
.0029179884970786194
.0005090802952318484
.0055405709847973356
14605896326716399e-21
9.762742923631679
15.02116188508809
.005858913974016973
5723760973568304e-20
.11839805006679252
.0077487988868684245
.00673278071441014
.39577168243872674
0
.44251636023097574
0
3.968642936333954
17.963524337914016
0
0
.006977721295035319
3.1328880700690482
14.492603214367357
0
0
40.94795333912162
28.17245101149568
9.646687529879292
.00247076957987193
.0006083957096441589
.0014720937701390737
.006610158192426084
0
0
0
24.29446797480415
3.2252998349738418
9.101626205225626
18.095820357967387
.0013783028547666235
.00833230164890858
.0004056371697568272
2.2456979013996947
.00037700177276967704
.0033215636182499365
.011236064356400741
.0016353281852517737
.8793221761187192
1.475814300860753
.00013229100803085307
.02457842409142497
1.2772272964365485
1.5817963866155609
3.364283005010815
.0035105937159608924
.0004353013215071152
.5810730713875506
.7085098865966901
0
.4755857335982834
.7886735602431425
1.88433263556082
2.7225779301423856
0
6.174843746237016
1.9406629257732655
.5118005802118399
1.1224188776054518
.9147675818220108
.0008308067597835459
47.26450696359019
8.123918581616483
.45013234649828465
.06386424380025436
0
0
0
5.027183175355231
.010227126939576269
.00047736286964267585
.5483452401954484
.0013426092418961175
.0002442056183968448
.015551543904196554
0
0
0
0
0
0
0
0
0
0
0
0
0
0
0
0
0
0
0
0
1.834567858652246
0
0
0
0
.5794320968616047
1306.2969718529087
.004605559204523021
.1045852073088903
.020657597309719392
.21532946100171182
.5625540100212576
.9988198035138075
1.4213552931723779
1.3975778936187289
.00768282556872163
5.7215248185725915
6.346551505708939
.1523509259146397
.37191414439338194
5.309372055609646
3.669965393034246
0
0
.02
.02
1
8
.02
.02
.02
.02
.02
.02
.02
.02
.02
.02
.02
.02
.02
.02
.02
.02
.02
.02
.02
.02
.02
.02
.02
.02
.02
.02
.02
.02
.02
.02
.02
.02
.02
.02
.02
.02
.02
.02
.02
.02
.02
.02
.02
.02
.5
4
.02
4
.25
.1
.02
.02
3
.02
.02
.02
.02
.02
.02
.02
.02
.02
.02
1.5
.02
.02
.02
.02
.02
.02
.02
.02
.02
.02
.02
.02
.02
.02
.02
.02
.02
.02
.5
.5
.25
.02
.02
.02
.02
.25
2.5
.35
.02
.5
.02
.02
.02
.02
.02
3
.02
.02
.2
.02
1
.02
.02
4
.02
.02
.02
.15
.02
.02
.02
.02
.02
.02
.02
.02
.02
.02
.02
.02
.02
.02
.02
.02
.02
.02
.02
.02
.02
.02
.02
.15
.02
.02
.02
.02
.02
.02
.02
.02
.02
.02
1
.3
1.5
.02
1e-12
.33
.33
1.5
1.5
1
1
1
1
