-26837779562860055e-24
-.0002862895423802852
-11483613152585469e-23
14666288608572748e-22
4376131035708807e-23
193109668326818e-21
60604632481035095e-22
-45307031327421685e-23
9010829759044938e-21
31530961379188163e-23
.00011261389638440159
-16946017088210533e-22
4669379746098232e-22
38057306998636505e-24
15064838784676702e-23
16521079812748843e-23
-.007285605544545556
-.031625608078574244
-.007455963273566639
711473499047951e-23
-.012006604537710857
10475392147378823e-23
-27916012270657365e-22
-21947958982602057e-23
.0011757803294950683
-5403080678343863e-23
.023133043252308656
.005920441180170751
-.01154607816742505
.010666527062687817
.027599611992756186
23495815256183878e-23
-.0002322156967108734
8047863941434337e-21
0
0
-.01192841378542392
.003065284848540782
-.028671693211475155
-34253473020652547e-23
.060896542208128866
-.02200296208087164
4722622757202835e-23
0
0
-.0003024925523120992
15909285609466373e-23
-.0003069970618349735
-.010565900873973653
25442317138417054e-24
23769861745128388e-24
2523422646879846e-22
14881775300615307e-23
14926485449074978e-24
-4295669469177195e-23
6379307922032675e-23
.0241296163233538
.030794240982257057
-.1365230943663313
27383641804953464e-23
15700324117852692e-24
-11374963197363834e-24
2764323026296598e-24
1443521062409775e-22
23822139694597347e-22
-.013414135052658772
58310956534593943e-24
29823780467712166e-23
5196006460787685e-20
-6165072219466856e-20
4776685295308285e-22
-.011533993992360722
33723981039159777e-22
.008635644188107031
0
0
0
0
0
0
0
0
.00311634604746449
.26814094354830476
-.0005846399204832338
.0104789752760552
-.0016594126683092784
-11645836554107097e-23
.02516681723444078
0
0
-.00011388240226663545
.010641591312485774
.023384875042455323
.0011767938212398682
-1971399518107278e-21
-25869580224349713e-21
.003049287096005545
-.01470850214556328
-.03873468744713386
1426024697749743e-23
-22611760822662962e-21
-13892669911816802e-21
-.000546746693407038
1801826021075128e-21
3348010912879817e-21
-.02283825349905237
29124091098908583e-21
-5770868220507794e-20
-.007254469345266793
-.0224877118947343
.011987986005345433
.038720193606450654
-6001737577505095e-20
.02381670409969223
-.0007083513819849898
-8750391259474541e-20
.019517661676277952
11798290048588049e-23
.03050897685842348
-.00027842901133650185
0
0
0
0
0
0
.010032081241417839
-.022037954545724256
-.06845318075757192
0
0
0
-.00992053666994797
-14755398272550285e-21
-5137777313804354e-20
-.00039390203081539804
.002796850845527573
.01477675297891924
10499979269601799e-21
-.013371644591887992
-.00026004847736602
-.007455502937854241
-.01169095665705158
752111063547075e-22
.0027707198970282018
11093232598992883e-21
-.00047186431317009013
-.05995137619548829
-.0003332519576497529
-.13284526571403624
12244377562368575e-23
0
0
-.007279583384820423
25242684178312306e-23
-.0010975413387991032
-.00022765926210037416
-.00020336117559869188
-34840571666480053e-22
6897180394425352e-21
-.00015379645719454193
-28630637191002028e-21
.011020432123915147
-23704078897294647e-22
-1378501674955282e-22
.0020383941556638752
12439176863947214e-22
12686501046711227e-22
-.007456030705608183
.011020075765541868
37134384797208105e-22
-.011594889802069413
-.12273995128656846
.02334266077480935
-.1194816666873582
-.06107410131117505
.028968952085781683
-.007280164099983154
.027767655798622993
-21869489570497545e-21
.024540740806303727
.03330870281044646
.11387908175437252
.019479509541416386
.023500939642569635
.00807338784862916
-.020312851214678344
-.13418082059900527
.019596022136741102
-.007456779105896415
-.00011056552753454434
-.007254605070747911
0
0
0
.01455280489462083
.016197456049220627
-.02310728821309068
3523394701270092e-22
.03410801065477944
-.0020389837107434726
-.04018800577745353
.015880170323809322
0
.032693331569350656
-7337757990790713e-21
.0060265178685645765
-.12432513129719787
.011172577928594052
.02366242971284085
.03739801993234611
-.35974746417825365
-.12908239231479263
.0012270959793848897
-.0021656387286895875
-.005334529625884251
-.0011318908758920442
.034648643759667176
-.002625532433793284
-.05974100410859184
-.0003306844421837044
7089780297871132e-20
-.00027032198327155913
-.01444128336009074
-.00719519745956444
4352457071744753e-20
-.007465001806439871
-.007243411362468544
-.02216142835727916
-.00020646188547120042
-23115691434914425e-21
.023317002674422247
-.0004927438682815335
.02747098950246058
.10400376635672473
.001592253977789935
-.0025221653345196783
.017078262485376926
.015157581505372896
2380286589874188e-21
-.06162256810216957
-.013748251556182124
0
.006752452133760624
.0068148433565758315
.015022176733799871
.01067379582413974
-.010698142818271191
0
.005013686870808921
.020509016953587877
.016855416413668473
.007976194962951374
0
.009033516602020727
.0069271105036901506
0
.007903774052579473
-.011840406489999745
-.0007508493621247619
-.007250840130066041
0
.007475075479573409
2746427658155862e-20
0
0
0
0
0
.007443926312442942
0
.006592560239198005
.016413800620576895
.006889319129147407
.0264121687535857
.007491421231545098
-.0005296905707786765
-.012419823281710488
-.012556529468602556
.033877817931363234
-.00029953454392063353
11046782595903316e-23
.026317703261639923
-.00010453477422780855
-.006802655769729517
-.02176146541861928
-.02237488835212976
13639577547306205e-24
0
0
.022451604779398053
.011169494468035196
-.10826798114912596
-.14386773879729897
.01922710269012755
-.01205995489802506
.07496599249185423
.024694652265682425
6698504980643137e-21
.01932087864541537
-.0072540890988147
0
.017018159683872807
-7654835492523289e-23
-11879741727798997e-23
0
0
0
0
0
4106485824276245e-20
-.0003023785567027346
.004714445346679854
9540809281564268e-23
.023552685904869933
.0021722059858842366
-3687649265272573e-21
-.007456114099697606
0
.01665384477882045
-.1367451718758365
-.0007313396907713709
-.00029377817648483897
-.00028889206465195454
.03054233520802802
.011656025826951832
.023739730966148148
-3497128324084825e-21
81938385202719e-21
-55367578191226985e-25
52349762460883424e-24
10635444458446968e-23
-2784241349719108e-21
8329449363042547e-22
2843293459274993e-23
-1582343091109948e-21
3151942597002047e-22
-5460770846157582e-22
-.00011150772770700215
-.013448696289560984
1102725471089038e-22
10313920277168014e-23
-.03283720563773814
-.00011282903271970448
9511998553374474e-20
29473984394264207e-23
11728218700655254e-23
0
0
0
0
-.00036405462828709856
-.00036597441418555746
-11846309559210388e-21
-.00031815240014645784
-.0005473110315095998
22076387333273566e-23
.021552168754180683
10809793758023362e-22
22005862680740596e-23
9558309224944825e-22
27715236147925377e-21
-57222548331429476e-25
-5353443824624361e-23
-4512554248039248e-22
.010639189137606118
.0027098871014305617
-24263844468638258e-24
13246932260072995e-23
.024381674085366494
.03439355675256439
-.004842878523613869
.011360153985274254
-.0005392877583883998
-.000303533072224394
.02019569337115156
.02396284006546504
.010809449212767965
-1145188039908479e-20
-.007456120675954448
0
0
0
0
0
0
0
0
0
0
0
0
0
0
0
0
.01679132101869143
1154542958516765e-22
-.011167641307892546
.0017242417761476378
-.00023184539790894074
-.0007119983941629261
10540226634272716e-23
-58867459505723104e-22
-27613169010533118e-24
-.01668054485756775
-.00014912653264788868
2682286822732788e-23
-13095994950188955e-21
-6009304364543568e-21
0
0
0
0
0
0
0
0
0
0
-15857759310598915e-21
21514659430173923e-23
7441746543234305e-23
-.058339875865738425
.02363901897104834
14534102601347128e-23
8116311504573019e-23
-40371570131366805e-22
910446781668757e-22
30948705457978766e-21
-592339085586934e-22
5220432206572997e-20
21196761685696392e-23
0
0
0
0
0
-.00030283999394531197
9506274628471753e-23
11236073053682949e-23
-.00030064357533587374
-.00952044848346564
4808101689914313e-22
-.012840066930282307
-.00033263231495448103
7964645328608168e-23
.019029903221092888
.01742526808238968
-4116939099930763e-21
.02367403709520785
3321076507862709e-23
0
0
