40.2983097126432
.15769783382607358
.3093290545478979
10.527227672685898
.3758218739404792
5.757484362312732
.19796301339142475
.0028251725218635857
.32150725668428237
.027651102023797815
7.742369945979062
.7767995543926963
.6320192794850632
.008600358706446059
7.905516898655839
1.0831588342810659
.0038936444859409567
.08041957405206568
.004413182965728733
.0018400076435788817
.04173389049021349
.0001441184318389115
23044305963602512e-21
.27230155629303443
0
0
.005194366536060994
.006795116586222356
.006157886777298352
.002283853022529666
.00018054430664847748
.014288762435985437
.0013297000136836062
.011297449815525855
3495417222803239e-20
.00048743240350319846
.0028309210849444795
.0005170708472579845
.005345119382919504
1539229855392621e-20
9.02310577999359
13.172045129757759
.005322549466549312
622177290860936e-19
.11744568084888025
.007893084314271478
.0069199535520236945
.39103173364061167
0
.43375693406969057
0
3.8379744330584207
18.158101842318505
0
0
.007109709504609529
3.12667032825373
13.378066157939912
0
0
42.554545785523885
29.448217385933443
8.905401939284394
.002363271677167544
.0006599707534480737
.0014810754071041018
.006527031383107209
0
0
0
22.228989950038287
3.3767126345492464
9.718097259364514
16.083993996698755
.0014145871697174093
.008151861799352797
.0004169590295853553
2.1750730906883606
.00037462415544477055
.00331045581224111
.010669315048614434
.0015688581497622005
.8868552090786648
1.3956725631482727
.0001298553758817792
.026443788040683338
1.417463934385349
1.4721205921208675
3.2495986365231095
.0033189472700493475
.0004236329302661567
.6285619392685361
.7781429623706237
0
.4746965446000496
.7833637970451292
1.9461984983114835
2.5650370530711255
0
5.982664920920228
2.0313146126755544
.5578859557287279
1.1390128378721087
.9693989169461663
.0008612108271714061
50
7.909046320609737
.4440442531769279
.06366232910580494
0
0
0
5.198948925190797
.009620174156736534
.0004905859675852924
.5194748587604032
.0013286771953761837
.00023997422297918953
.01625801681654924
0
0
0
0
0
0
0
0
0
0
0
0
0
0
0
0
0
0
0
0
1.920420299926748
0
0
0
0
.6254466331078448
1268.9490873228117
.004559932828233133
.11009297759881251
.01974309326277174
.2222299002776647
.548897471249626
.996762679718199
1.3557266179547316
1.4491260616527086
.007520029311268132
5.626063539387324
6.598843906189112
.15308584696548957
.349916157096402
5.161126144329456
3.719244323156828
0
0
.02
.02
1
8
.02
.02
.02
.02
.02
.02
.02
.02
.02
.02
.02
.02
.02
.02
.02
.02
.02
.02
.02
.02
.02
.02
.02
.02
.02
.02
.02
.02
.02
.02
.02
.02
.02
.02
.02
.02
.02
.02
.02
.02
.02
.02
.02
.02
.5
4
.02
4
.25
.1
.02
.02
3
.02
.02
.02
.02
.02
.02
.02
.02
.02
.02
1.5
.02
.02
.02
.02
.02
.02
.02
.02
.02
.02
.02
.02
.02
.02
.02
.02
.02
.02
.5
.5
.25
.02
.02
.02
.02
.25
2.5
.35
.02
.5
.02
.02
.02
.02
.02
3
.02
.02
.2
.02
1
.02
.02
4
.02
.02
.02
.15
.02
.02
.02
.02
.02
.02
.02
.02
.02
.02
.02
.02
.02
.02
.02
.02
.02
.02
.02
.02
.02
.02
.02
.15
.02
.02
.02
.02
.02
.02
.02
.02
.02
.02
1
.3
1.5
.02
1e-12
.33
.33
1.5
1.5
1
1
1
1
