.026479008277766697
-.08690713734241927
-.0002403075971287636
.0011124167546670998
-.011805409133365669
13363621939831137e-21
-3815564822005041e-21
-4544298025683991e-20
-.00018178091210813168
.00011207494232901591
-.000269325922549062
-14600667768593755e-21
1928862499113553e-20
-6842135494295539e-20
.0030842621642917954
.004285942748215772
-.00023131191824069157
-2335123843441961e-21
-3588355277778001e-21
-.00014869073965836726
-.0003321173479084097
-.0001612911023241765
3929454991561109e-20
-.0020483793080062354
-.03302386610628757
-.00036884062920890395
-23058925140767357e-22
14558447636021936e-23
-.0003548383896093443
3724907773554009e-20
-35382350423173148e-22
13874547990575511e-22
-7205482014026556e-23
-20431221899937288e-22
-5517739228744349e-24
-327727763887323e-20
-22303066017160895e-22
-20824655799059718e-22
2333550700768234e-21
57945867250569765e-24
-.0004428250930003059
.011689187353033526
.002671622028693448
-1939320624960189e-21
31794629335582024e-23
3133963108017344e-21
35688368177806454e-21
-.0001445084212757112
-.0006429734824903598
-.08486853018147127
-.00033209657900988137
-.0010008457420188142
.0019394732703165597
.0006326974824756049
-.00018577640361149123
5724366882282402e-22
.0051819190091673
.0061363133037033975
-6108083773436077e-20
19115408891023574e-22
.025483297500524346
-.02467395014414537
.022590362633179147
-.00037784799389311945
-8624895824326392e-20
-.0006221010384210646
-.0005569208568641222
-.02174695217146003
.0007549732801601349
-.00011578559112836283
.0008514085367935838
.0002978202900692169
.19200711273500878
.005111308368983959
-6762827758320238e-20
-6750516997868042e-20
-10216853716079051e-23
.0001215868653106746
-11167131027696133e-23
-45140076295386666e-21
-4419469581428133e-21
-5859660128695201e-20
-.1254211656226344
-.019142080702316995
-.00013175187208162373
-4305941806264565e-20
.21098655114169854
.01498114883440615
.2241711645977565
-5886363757172737e-20
-.00010949156291071935
.0011710692054835831
-.5380980918330496
-.000491411887183941
-.24908907709608433
-.007425276640978165
-.00032654898398551825
.00021613831359422703
-7586113928046429e-20
-.1396617346933261
.09549737403279492
-.0015949034830618303
.005810581561644822
-.0005202502326784208
-.0003933022756054357
.003377803549690421
.12353405054154229
-.0008211799841525825
-.004131792128036265
8306984821733402e-20
-.001345159686066096
.005438348304638196
-.018161062631294998
656641484769323e-19
-48328602883463064e-21
.0038347192473483648
-45498403949242935e-21
-.0037392788007950483
.0001248881450559006
27272514151338316e-23
0
0
0
0
0
0
0
0
0
0
0
0
0
0
0
0
0
0
0
-.02902014322899257
0
0
0
0
-.005751313243022089
14015211800928922e-22
-34936200947073586e-22
-.00013049139928158807
-3361603825677345e-21
10909778831817754e-27
-.2585909842996703
-.27720013084058326
-.00020435529792127405
.002441075395150936
.8010037512800263
-.1047711665876116
-.08161205157867886
.002300765878204903
.0071892184631825165
-.00027613635862555917
-.0008681572734882284
-.003288630484931458
-.003255387237612074
