39.273153259917905
.15489364499412156
.3046522892176815
11.858245260392573
.3701214954152142
5.753338103168233
.22362900687599818
.0035485220879875505
.33682780009068247
.028719912847806933
8.025291107682802
.6995006016243794
.5760750987305222
.008476853821261067
8.013750909653796
1.0666270273658702
.003813297908947725
.07469494399989114
.0042657859699062745
.0018747321095999383
.04197694532886689
.0001342990906806576
15925717835822892e-21
.28746746026970593
0
0
.005183678016865941
.006473574449085992
.0058813883156081095
.002317476209898798
.0001834090005785049
.014268991087417308
.0012470538598401393
.010095116716906386
34703532377430575e-21
.0004868178401813376
.0028381074784947845
.0005075327107553829
.0056050618345943
1606370854330473e-20
10.014202520959639
13.231115201698055
.006021131693468064
5832596226809834e-20
.12155693196085601
.007615130681441484
.007322752760031542
.38588448026407385
0
.44752513610824984
0
3.807188977860288
17.791142644861537
0
0
.00752949307994971
2.9968997821353347
13.513387160635352
0
0
44.83574665714227
27.841031627051034
9.558022648770862
.0023716177227190694
.0006235752920317548
.0013671901445911267
.006915546249010761
0
0
0
23.266808069966217
3.5451904367642753
9.581655674967775
17.418562700110765
.0014822134776621629
.008877925967838549
.00045706188593242945
2.095132184697189
.0004062811134803967
.0035448862210299987
.011110240445145149
.0017578579485046744
.8551433178473372
1.5672210639527886
.0001328729334411097
.026338210765110726
1.260293844313797
1.5288758890933727
3.272894702231546
.0034709067524760725
.0004265126917782461
.5942370545516705
.7931971207262548
0
.4786443081313217
.756917196531803
2.2252651890144497
2.667494994712163
0
5.421977738742942
1.9108846570209301
.5047875871937021
1.1356332233478934
.9813228913621667
.0008071459012087182
48.12796842366023
8.264469967497456
.46904719760515773
.06522414642919955
0
0
0
5.400965867637589
.010402449761781053
.0005360289133464817
.5017052802592913
.0013332463242171609
.000227119493172773
.014985063861240879
0
0
0
0
0
0
0
0
0
0
0
0
0
0
0
0
0
0
0
0
1.839227416613292
0
0
0
0
.6457283581514939
1384.4612020278319
.00468194280702207
.10876478910797299
.019579384782046138
.230466541819276
.5402665669739125
.9937620851948261
1.4032218597367572
1.470511017333342
.008124333044431288
5.804954655978229
5.997131522473267
.14821601311198332
.37186292554832523
5.106409547257091
3.738285218532278
0
0
.02
.02
1
8
.02
.02
.02
.02
.02
.02
.02
.02
.02
.02
.02
.02
.02
.02
.02
.02
.02
.02
.02
.02
.02
.02
.02
.02
.02
.02
.02
.02
.02
.02
.02
.02
.02
.02
.02
.02
.02
.02
.02
.02
.02
.02
.02
.02
.5
4
.02
4
.25
.1
.02
.02
3
.02
.02
.02
.02
.02
.02
.02
.02
.02
.02
1.5
.02
.02
.02
.02
.02
.02
.02
.02
.02
.02
.02
.02
.02
.02
.02
.02
.02
.02
.5
.5
.25
.02
.02
.02
.02
.25
2.5
.35
.02
.5
.02
.02
.02
.02
.02
3
.02
.02
.2
.02
1
.02
.02
4
.02
.02
.02
.15
.02
.02
.02
.02
.02
.02
.02
.02
.02
.02
.02
.02
.02
.02
.02
.02
.02
.02
.02
.02
.02
.02
.02
.15
.02
.02
.02
.02
.02
.02
.02
.02
.02
.02
1
.3
1.5
.02
1e-12
.33
.33
1.5
1.5
1
1
1
1
