0
41.416785983157126
.16244741044198466
.3071761817393326
13.062323184654648
.3573967305114904
5.5592296109264225
.2120671302333018
.003332774933252459
.3205283925324264
.027343755454771957
8.7335769034702
.7657328571250542
.5848811467302243
.008943674690654855
8.29709757886639
.9970072947539464
.0038735653902494754
.0800356804266528
.004425696757750147
.0018107329518677882
.04262747538205494
.00013968498017394838
16461202512754508e-21
.2950835715525022
0
0
.005593134740912417
.006258020819438586
.005950745740417518
.002325948371954124
.00018130152511653874
.013318572375098661
.001434441899829534
.010474354490019244
34446799917474756e-21
.00045486135568261756
.0029078751602423505
.00048640450477851615
.005175960209829761
1590385539453022e-20
9.02950184863978
13.376164809490001
.005963702818241962
56389060739547064e-21
.12227633760622594
.0074768432606546935
.007688014323666138
.3602689541071586
0
.4450208869111363
0
3.7181370298983834
17.82657840889612
0
0
.007134078681286723
2.978566544343997
13.599196650114452
0
0
41.233105237518
27.65082597189678
8.83948656221391
.0025877237151722106
.0005916099996462305
.0013606789739203523
.00687125722169419
0
0
0
24.169644243787346
3.646172781181011
9.639479546288317
17.436076962246837
.0015210206730628035
.008263896941658895
.000451497189463596
2.2734831023441617
.00039583613952319475
.0038643328632991907
.011424006438337712
.0016878810359706965
.8720401739953291
1.5438795503129321
.0001311282378611829
.02504083304661749
1.3318929432080364
1.6488400372811318
3.127316344492762
.0036309740545842134
.00044290134271318064
.6395856804024298
.7517162003316992
0
.48205352261211437
.7606843907023552
2.183850360408254
2.7421312224608854
0
5.908845475472048
2.1580582213045796
.5137805488160136
1.1220209888497428
.9257852997177369
.0008162711084555985
50
8.410686477065818
.4501546180528927
.06718069639973229
0
0
0
5.109338244051594
.009735359977466298
.0005458953443938776
.542394318244665
.0012789121086636168
.00022386157304235944
.014377007594156664
0
0
0
0
0
0
0
0
0
0
0
0
0
0
0
0
0
0
0
0
1.9022707798196736
0
0
0
0
.6151944038878165
1337.4456990358053
.004824779367925495
.10948882523158449
.018568365793078325
.23014051076343786
.5439679569154184
1.0043195300675143
1.3309201757473983
1.3946217889234764
.007557884224621761
6.038171426746344
6.288880177304602
.14003906083249992
.35454858760811836
5.495733179101606
3.7177326016343084
0
0
.02
.02
1
8
.02
.02
.02
.02
.02
.02
.02
.02
.02
.02
.02
.02
.02
.02
.02
.02
.02
.02
.02
.02
.02
.02
.02
.02
.02
.02
.02
.02
.02
.02
.02
.02
.02
.02
.02
.02
.02
.02
.02
.02
.02
.02
.02
.02
.5
4
.02
4
.25
.1
.02
.02
3
.02
.02
.02
.02
.02
.02
.02
.02
.02
.02
1.5
.02
.02
.02
.02
.02
.02
.02
.02
.02
.02
.02
.02
.02
.02
.02
.02
.02
.02
.5
.5
.25
.02
.02
.02
.02
.25
2.5
.35
.02
.5
.02
.02
.02
.02
.02
3
.02
.02
.2
.02
1
.02
.02
4
.02
.02
.02
.15
.02
.02
.02
.02
.02
.02
.02
.02
.02
.02
.02
.02
.02
.02
.02
.02
.02
.02
.02
.02
.02
.02
.02
.15
.02
.02
.02
.02
.02
.02
.02
.02
.02
.02
1
.3
1.5
.02
1e-12
.33
.33
1.5
1.5
1
1
1
1
