60883146024335e-25
41.416785983116206
.16244741043396002
.307176181733343
13.062323183491973
.3573967305096618
5.5592296109681865
.21206713024349344
.0033327749332553954
.32052839254206067
.02734375545556779
8.733576903836466
.765732857124932
.5848811467548269
.008943674690988394
8.297097578859747
.997007295256225
.003873565390008932
.08003568042664348
.004425696757752016
.0018107329518685248
.042627475382039606
.00013968498024985318
1646120251192675e-20
.2950835715800332
4002482886220204e-23
11388434305753185e-30
.005593134740939042
.006258020819437318
.005950745740417105
.002325948371914176
.00018130152511651668
.013318572375097038
.0014344418998293584
.010474354490017967
3444679991895758e-20
.0004548613557069019
.0029078751602419927
.00048640450479749966
.0051759602098291006
1590385539605946e-20
9.029501848498395
13.376164809471184
.005963702818323457
5638906074070658e-20
.12227633760617607
.007476843260654355
.00768801432363171
.3602689541070666
7897191269491504e-26
.44502088712493737
26139561648852297e-27
3.7181370298006104
17.826578408843602
14831008654813186e-25
203612251011839e-24
.007134078681285513
2.978566544303504
13.599196649601014
25009793451339194e-27
22651370656915823e-27
41.233105237304855
27.6508259720978
8.839486563143339
.0025877237150441247
.0005916099996092309
.0013606789739147387
.006871257221709304
54509159173422245e-25
0
7094607083171007e-27
24.169644243644953
3.646172781181114
9.639479551209398
17.436076963910057
.0015210206730625845
.008263896941699388
.00045149718954428985
2.2734831023460647
.0003958361394970307
.00386433286305276
.01142400643833734
.0016878810358560113
.8720401739334134
1.5438795501932128
.00013112823785666524
.02504083304655109
1.3318929431034392
1.6488400370644605
3.1273163446418386
.0036309740545359373
.0004429013426920669
.6395856807196814
.7517162003291535
1092124782313294e-26
.48205352257362427
.7606843906624877
2.1838503603216597
2.742131223513117
3394772168569614e-25
5.9088454751361175
2.1580582213374266
.5137805487692613
1.1220209887775032
.9257852996957848
.0008162711084404996
49.99999999991882
8.410686477044145
.45015461805810364
.06718069639424598
7149834923754408e-28
5989597838312433e-30
3162850603447221e-24
5.109338243621983
.00973535997898845
.0005458953444345522
.5423943182519925
.0012789121085685614
.00022386157302659945
.014377007596520615
31582678553850737e-31
0
0
0
0
0
0
0
0
0
0
0
0
0
0
0
0
0
0
0
1.902270779813217
0
0
0
0
.6151944041802159
1337.4456990356425
.004824779367924908
.10948882523157115
.018568365793076063
.23014051076340983
.5439679568926247
1.0043195300648593
1.3309201757250888
1.3946217889002446
.0075578842246077915
6.038171426737831
6.288880177294629
.14003906082551057
.35454858759128843
5.495733177589739
3.717732600586709
8702275258825385e-26
14644838530491468e-26
.019999999999997565
.019999999999997565
.9999999999939116
7.999999999610348
.019999999999997565
.019999999999997565
.019999999999997565
.019999999999997565
.019999999999997565
.019999999999997565
.019999999999997565
.019999999999997565
.019999999999997565
.019999999999997565
.019999999999997565
.019999999999997565
.019999999999997565
.019999999999997565
.019999999999997565
.019999999999997565
.019999999999997565
.019999999999997565
.019999999999997565
.019999999999997565
.019999999999997565
.019999999999997565
.019999999999997565
.019999999999997565
.019999999999997565
.019999999999997565
.019999999999997565
.019999999999997565
.019999999999997565
.019999999999997565
.019999999999997565
.019999999999997565
.019999999999997565
.019999999999997565
.019999999999997565
.019999999999997565
.019999999999997565
.019999999999997565
.019999999999997565
.019999999999997565
.019999999999997565
.019999999999997565
.019999999999997565
.019999999999997565
.49999999999847794
3.999999999902587
.019999999999997565
3.999999999902587
.24999999999961947
.09999999999993912
.019999999999997565
.019999999999997565
2.999999999945205
.019999999999997565
.019999999999997565
.019999999999997565
.019999999999997565
.019999999999997565
.019999999999997565
.019999999999997565
.019999999999997565
.019999999999997565
.019999999999997565
1.4999999999863012
.019999999999997565
.019999999999997565
.019999999999997565
.019999999999997565
.019999999999997565
.019999999999997565
.019999999999997565
.019999999999997565
.019999999999997565
.019999999999997565
.019999999999997565
.019999999999997565
.019999999999997565
.019999999999997565
.019999999999997565
.019999999999997565
.019999999999997565
.019999999999997565
.49999999999847794
.49999999999847794
.24999999999961947
.019999999999997565
.019999999999997565
.019999999999997565
.019999999999997565
.24999999999961947
2.4999999999619478
.34999999999925413
.019999999999997565
.49999999999847794
.019999999999997565
.019999999999997565
.019999999999997565
.019999999999997565
.019999999999997565
2.999999999945205
.019999999999997565
.019999999999997565
.19999999999975648
.019999999999997565
.9999999999939116
.019999999999997565
.019999999999997565
3.999999999902587
.019999999999997565
.019999999999997565
.019999999999997565
.149999999999863
.019999999999997565
.019999999999997565
.019999999999997565
.019999999999997565
.019999999999997565
.019999999999997565
.019999999999997565
.019999999999997565
.019999999999997565
.019999999999997565
.019999999999997565
.019999999999997565
.019999999999997565
.019999999999997565
.019999999999997565
.019999999999997565
.019999999999997565
.019999999999997565
.019999999999997565
.019999999999997565
.019999999999997565
.019999999999997565
.019999999999997565
.149999999999863
.019999999999997565
.019999999999997565
.019999999999997565
.019999999999997565
.019999999999997565
.019999999999997565
.019999999999997565
.019999999999997565
.019999999999997565
.019999999999997565
.9999999999939116
.29999999999945204
1.4999999999863012
.019999999999997565
1e-12
.329999999999337
.329999999999337
1.4999999999863012
1.4999999999863012
.9999999999939116
.9999999999939116
.9999999999939116
.9999999999939116
