1.4851707151288451
.4559003113636533
.007142561238441398
.001466984140416472
3160902072314366e-21
.018024308163422046
6.6167682316331495
.7085438374661283
.061139559029242216
.06512885951425633
.06699448613957171
4.713852970566618
.7306640260180266
.32007944424745294
.0051818814521275985
2.9389676361528156
.34266450967694845
.003160235128030197
.07782751964390239
.004780209624020906
.0019495961418923935
.009056291760615015
.0001827529821280987
.0028439120158899574
.2803637905632892
16.94020608797628
.00014392469723270492
.006167991917694922
.006012820561884976
.005808704865697658
13674450177231512e-22
.0001759954706455512
.012928765315991847
.0013922137632167272
.010167807476185755
187261178869156e-19
.0020799374560791363
.0028220173365961073
.00027557060453526705
.005017049339985491
3002109064014244e-20
.005826869129277255
.006641280308684117
.021394067068115242
.00032605572913616844
.11586086113491452
.007815859182421293
.0008796268566540152
.0412342987407211
.2866191606241233
.0012624121895447988
.5820556769331294
.009512836598557119
12.165469910526355
11.307032605001055
1.3718499669970854
.006873187523232913
.06687286968700944
.07429169442746873
.21038194435723198
.1257687635173559
30.197723798282063
23.882086732641874
7.976489870387605
.0023924253560391115
.000491765235057246
.0013607399334244316
.0065768941150690235
3.204205370803877
7.393526820544768
.01976756559848407
22.87749047527415
3.543072343611467
10.248231115926929
21.479612319204897
.0014756620679984393
.009223387740488819
.0007223514989686471
2.3176628687306704
.00032125668371304204
.0031339328758839533
.011194850677684396
.0003511756514306543
.9243560926359743
.6777194597923318
3225581844934898e-20
.007309773339701255
.8511321117643575
.7624037191918421
3.4035522735382275
.00019745259904342644
60269533011054817e-21
.6775606860651329
.8145181235097976
.08097414733917195
.010963880659397473
.28881081467801334
1.7189903659250985
1.6034466308132151
1.986325445662719
1.7698181467234138
2.2188735721824324
.028324215900148816
.04289851323900298
.009816072820071764
.00016221322093355596
6.607786598524111
6.2278194715093385
.5489648586808521
.01813182855982988
.004386812397476119
5851942698345885e-20
.0006678876040738749
.10870838724349803
.02047211201549328
.0008837191011923452
.46353760487218504
5698653369000883e-20
.00022199146424030432
.032693924366970786
20174720539667117e-21
0
0
0
0
0
0
0
0
0
0
0
0
0
0
0
0
0
0
0
.7539320487491702
0
0
0
0
.5938191211663727
1298.303206059296
.004683574463189265
.10628445919584696
.01802493279376867
.22340507968562853
.11085919549271468
.6386695429768472
.136967877932449
.407570213764109
.00627425549426949
3.071891150249618
3.3779976175564794
.016505707045395095
.04162124569804847
.9094597763252636
.6119821492402757
.25198192018440485
.4242565490606777
.01941466792999928
.01941466792999928
.22646366272018512
55319888006924365e-21
.01941466792999928
.01941466792999928
.01941466792999928
.01941466792999928
.01941466792999928
.01941466792999928
.01941466792999928
.01941466792999928
.01941466792999928
.01941466792999928
.01941466792999928
.01941466792999928
.01941466792999928
.01941466792999928
.01941466792999928
.01941466792999928
.01941466792999928
.01941466792999928
.01941466792999928
.01941466792999928
.01941466792999928
.01941466792999928
.01941466792999928
.01941466792999928
.01941466792999928
.01941466792999928
.01941466792999928
.01941466792999928
.01941466792999928
.01941466792999928
.01941466792999928
.01941466792999928
.01941466792999928
.01941466792999928
.01941466792999928
.01941466792999928
.01941466792999928
.01941466792999928
.01941466792999928
.01941466792999928
.01941466792999928
.01941466792999928
.01941466792999928
.01941466792999928
.23794099848765804
.01052069296869456
.01941466792999928
.01052069296869456
.17246050244091335
.08619852916512576
.01941466792999928
.01941466792999928
.03484288344887575
.01941466792999928
.01941466792999928
.01941466792999928
.01941466792999928
.01941466792999928
.01941466792999928
.01941466792999928
.01941466792999928
.01941466792999928
.01941466792999928
.161654926180885
.01941466792999928
.01941466792999928
.01941466792999928
.01941466792999928
.01941466792999928
.01941466792999928
.01941466792999928
.01941466792999928
.01941466792999928
.01941466792999928
.01941466792999928
.01941466792999928
.01941466792999928
.01941466792999928
.01941466792999928
.01941466792999928
.01941466792999928
.01941466792999928
.23794099848765804
.23794099848765804
.17246050244091335
.01941466792999928
.01941466792999928
.01941466792999928
.01941466792999928
.17246050244091335
.061014787760039525
.20812178297014416
.01941466792999928
.23794099848765804
.01941466792999928
.01941466792999928
.01941466792999928
.01941466792999928
.01941466792999928
.03484288344887575
.01941466792999928
.01941466792999928
.14860372859475088
.01941466792999928
.22646366272018512
.01941466792999928
.01941466792999928
.01052069296869456
.01941466792999928
.01941466792999928
.01941466792999928
.12004416140734234
.01941466792999928
.01941466792999928
.01941466792999928
.01941466792999928
.01941466792999928
.01941466792999928
.01941466792999928
.01941466792999928
.01941466792999928
.01941466792999928
.01941466792999928
.01941466792999928
.01941466792999928
.01941466792999928
.01941466792999928
.01941466792999928
.01941466792999928
.01941466792999928
.01941466792999928
.01941466792999928
.01941466792999928
.01941466792999928
.01941466792999928
.12004416140734234
.01941466792999928
.01941466792999928
.01941466792999928
.01941466792999928
.01941466792999928
.01941466792999928
.01941466792999928
.01941466792999928
.01941466792999928
.01941466792999928
.22646366272018512
.192141342435616
.161654926180885
.01941466792999928
999999999998514e-27
.20214521350402914
.20214521350402914
.161654926180885
.161654926180885
.22646366272018512
.22646366272018512
.22646366272018512
.22646366272018512
