.007553007207758603
.00037340527526872334
2101151765388772e-20
1009048072489403e-27
.0014197183514030776
6.758305750704864
.7628097168213052
.04975518523160084
.016665136720813534
.0659381445535597
.7405005157247305
.7106660997958051
.058892284414226274
.0008687493000820337
.005474973628551237
.0006080483122020553
.0023738204688849886
.06969253519679923
.004792936272721114
.0020217536438728394
.002303233925453892
5061320830080337e-20
.0019522127026495402
.07203800590016722
4.086378928365126
6083431213610426e-21
.0058160023171393875
.00590867049689422
.0057510126542058984
1225057101531074e-21
.00017001655494757026
.013468049117663878
.0012230742691712994
.010106159108994353
3279227323771417e-21
.002254718531621816
.002740625382659688
54014683541221666e-21
.004711133369694078
5045050112205771e-21
.005749350302285137
.0057489176891091665
.020006542638285756
.0005555453948416675
.11052137793388273
.007535370369658163
.0004982641159335837
.023287836567001317
.08214212153505178
330637505998151e-20
.13984959124089258
25065865379692857e-21
8.662175828482818
8.226336977677265
1.192606233474551
.006745899376840468
.000696414935561449
.0007697091013853576
.19107266420415786
.10972205806725684
10.249746877240014
7.876627899995568
3.057167577489881
.0018659297086528674
.00039487052626309687
.0014301831255562397
.0063348819587479436
.007872835756995733
3.787866087101532
.0008681993059872183
10.249746877240014
3.393765652343789
9.39294331214939
9.470222243074295
.001419775996771412
.009039280406913928
.0001648948013333263
2.2270999174770125
.0002356062477391329
.002003836878307705
.010914877529944408
7777531993820231e-20
.7344664002238813
.01717366240011439
1726130011918815e-20
.00016260675337424714
.446238998023288
.4179158046327796
2.629525359339725
.00012709070997653853
.0003797802915302573
.6299934595963653
.7808780412599959
.14380123829571703
.00031163021711884284
.18852634721316994
1.2783974102979783
1.0962028410831777
.06999306675306328
1.1741721795793736
1.8553937444219286
.01821087994386886
.0222309928767511
99033205437167e-18
.00011076190803824608
3.481948703406233
4.542329789574221
.4468976364549249
.004103949819865845
.00012052403856424337
16432578446471514e-22
5576901631830204e-23
.05086868235974253
.015822660847471845
.0005197142973099913
.3380622731205354
28460052104447678e-21
.00019751042026668246
.025981662425881926
7229878456694843e-22
0
0
0
0
0
0
0
0
0
0
0
0
0
0
0
0
0
0
0
.10022642534972886
0
0
0
0
.2505278259580296
1253.9455819335826
.0042555006090343435
.0988993374119299
.0177332063679702
.19557638356523588
.02055107629129644
.4125514329018502
.014670853826135942
.3459158433077975
.0048733651560536155
2.3137610483242255
2.297033574397061
.002203638038647484
.005549418878047921
.5372139328586395
.394178964743302
.1890682864887287
.31773635531675404
.018842348076088755
.018842348076088755
.050728735622111026
3600591107765682e-25
.018842348076088755
.018842348076088755
.018842348076088755
.018842348076088755
.018842348076088755
.018842348076088755
.018842348076088755
.018842348076088755
.018842348076088755
.018842348076088755
.018842348076088755
.018842348076088755
.018842348076088755
.018842348076088755
.018842348076088755
.018842348076088755
.018842348076088755
.018842348076088755
.018842348076088755
.018842348076088755
.018842348076088755
.018842348076088755
.018842348076088755
.018842348076088755
.018842348076088755
.018842348076088755
.018842348076088755
.018842348076088755
.018842348076088755
.018842348076088755
.018842348076088755
.018842348076088755
.018842348076088755
.018842348076088755
.018842348076088755
.018842348076088755
.018842348076088755
.018842348076088755
.018842348076088755
.018842348076088755
.018842348076088755
.018842348076088755
.018842348076088755
.018842348076088755
.11261489544216988
26532701613357066e-21
.018842348076088755
26532701613357066e-21
.11864593192332153
.07422071493167791
.018842348076088755
.018842348076088755
.00039183193189464287
.018842348076088755
.018842348076088755
.018842348076088755
.018842348076088755
.018842348076088755
.018842348076088755
.018842348076088755
.018842348076088755
.018842348076088755
.018842348076088755
.017138864649134184
.018842348076088755
.018842348076088755
.018842348076088755
.018842348076088755
.018842348076088755
.018842348076088755
.018842348076088755
.018842348076088755
.018842348076088755
.018842348076088755
.018842348076088755
.018842348076088755
.018842348076088755
.018842348076088755
.018842348076088755
.018842348076088755
.018842348076088755
.018842348076088755
.11261489544216988
.11261489544216988
.11864593192332153
.018842348076088755
.018842348076088755
.018842348076088755
.018842348076088755
.11864593192332153
.0014493592916451268
.12328381085904633
.018842348076088755
.11261489544216988
.018842348076088755
.018842348076088755
.018842348076088755
.018842348076088755
.018842348076088755
.00039183193189464287
.018842348076088755
.018842348076088755
.11017429145131259
.018842348076088755
.050728735622111026
.018842348076088755
.018842348076088755
26532701613357066e-21
.018842348076088755
.018842348076088755
.018842348076088755
.0959133279288987
.018842348076088755
.018842348076088755
.018842348076088755
.018842348076088755
.018842348076088755
.018842348076088755
.018842348076088755
.018842348076088755
.018842348076088755
.018842348076088755
.018842348076088755
.018842348076088755
.018842348076088755
.018842348076088755
.018842348076088755
.018842348076088755
.018842348076088755
.018842348076088755
.018842348076088755
.018842348076088755
.018842348076088755
.018842348076088755
.018842348076088755
.0959133279288987
.018842348076088755
.018842348076088755
.018842348076088755
.018842348076088755
.018842348076088755
.018842348076088755
.018842348076088755
.018842348076088755
.018842348076088755
.018842348076088755
.050728735622111026
.12265822502878412
.017138864649134184
.018842348076088755
9999999999970237e-28
.12338060939662959
.12338060939662959
.017138864649134184
.017138864649134184
.050728735622111026
.050728735622111026
.050728735622111026
.050728735622111026
