3.0282331528153015
.010559482042428086
.0006524698631165483
33164842437723384e-21
10161351706986667e-28
.002166639594047751
6.712737179526164
.7402590419191846
.055681306238950255
.016550995120100696
.06737869884996413
.7275578296806141
.6860894997593819
.053644521066544534
.0008695666763573856
.00781533740384701
.0010432908498917298
.0025210990787011907
.07250681565755018
.0049616553833434825
.001930129290311211
.002301179148511886
4707093747108352e-20
.0022072772869401957
.06505117382692857
3.8608442852624534
7884485039333541e-21
.0052475278475805145
.006092265079867311
.005946564488965238
12015103328380375e-22
.00016784266922389445
.013069546632528049
.0012004930687475074
.009952186135662086
32060060079493873e-22
.002523906975093408
.002652525911589394
5184462209016163e-20
.0053165713186623335
474553109813876e-20
.005944966825603359
.005944571715396667
.02082540779643116
.0005507634195870399
.10792254911963728
.008065120288676121
.00047981846969884115
.022273032133208723
.07104907108955262
2554897049278876e-21
.14359835682280328
21268686679105278e-21
8.379515901041874
8.015818453652365
1.0617427873898972
.006175730291500037
.0006754843448899377
.0007494211913308705
.18799680026062135
.11153684519106483
9.623557962462648
7.679753956057022
2.586759677428816
.0018721311014989253
.00034263379084659525
.001435475071672659
.005259255081795754
.007618103482790042
3.568547154188507
.0007930881812349209
9.623557962462648
3.1003822134081496
9.623557962462648
8.877988106815229
.0013949777815063862
.008759348542100486
.00015724869506527695
2.127036569372824
.0002447440415488909
.0022391319556449036
.010655891707979379
7782668975097136e-20
.781743543121951
.025819317582843927
14901373723940954e-21
.0002413002800224504
.44444631158327996
.41770719404502654
2.607289915061581
9924461511414361e-20
.00030850199856884803
.5449040202562815
.755107247301028
.13329049437297688
.00027008530321062364
.17496511906049825
1.1551531929689751
.9918856440011169
.07929177169980887
1.173991061465215
1.868331276078309
.017052125501987033
.019694138011959572
8785499166845428e-20
.00013563766192731822
3.5276315261976814
4.3602896515967675
.46699833492460413
.003725306531530243
.00012911610875958568
19826937421472317e-22
44915052777366366e-24
.04456609913272354
.015867290618234046
.0005319961263299441
.358753863647027
25873069086089074e-21
.00021400296741974268
.025803331920089902
8082565726962559e-22
0
0
0
0
0
0
0
0
0
0
0
0
0
0
0
0
0
0
0
.08802723026845334
0
0
0
0
.19847681728140115
1288.4396765624647
.004428001474214723
.09689058881240266
.01941939693836969
.21004662234312563
.021063877836480876
.39693523671196695
.013295796930184274
.3564822601136964
.004615303686560778
2.1476218938751974
2.4320501335434046
.0021017448618747287
.005004691745730673
.47793383994089894
.34765609605204845
.18030850943519558
.3140519485803508
.01882465808110627
.01882465808110627
.04840134186305513
243801351725474e-24
.01882465808110627
.01882465808110627
.01882465808110627
.01882465808110627
.01882465808110627
.01882465808110627
.01882465808110627
.01882465808110627
.01882465808110627
.01882465808110627
.01882465808110627
.01882465808110627
.01882465808110627
.01882465808110627
.01882465808110627
.01882465808110627
.01882465808110627
.01882465808110627
.01882465808110627
.01882465808110627
.01882465808110627
.01882465808110627
.01882465808110627
.01882465808110627
.01882465808110627
.01882465808110627
.01882465808110627
.01882465808110627
.01882465808110627
.01882465808110627
.01882465808110627
.01882465808110627
.01882465808110627
.01882465808110627
.01882465808110627
.01882465808110627
.01882465808110627
.01882465808110627
.01882465808110627
.01882465808110627
.01882465808110627
.01882465808110627
.01882465808110627
.01882465808110627
.11000126503261407
21978583820309434e-21
.01882465808110627
21978583820309434e-21
.11726105063216631
.07387296074880438
.01882465808110627
.01882465808110627
.00034029917091649446
.01882465808110627
.01882465808110627
.01882465808110627
.01882465808110627
.01882465808110627
.01882465808110627
.01882465808110627
.01882465808110627
.01882465808110627
.01882465808110627
.015972964120330446
.01882465808110627
.01882465808110627
.01882465808110627
.01882465808110627
.01882465808110627
.01882465808110627
.01882465808110627
.01882465808110627
.01882465808110627
.01882465808110627
.01882465808110627
.01882465808110627
.01882465808110627
.01882465808110627
.01882465808110627
.01882465808110627
.01882465808110627
.01882465808110627
.11000126503261407
.11000126503261407
.11726105063216631
.01882465808110627
.01882465808110627
.01882465808110627
.01882465808110627
.11726105063216631
.0012887359331599307
.12127390123887817
.01882465808110627
.11000126503261407
.01882465808110627
.01882465808110627
.01882465808110627
.01882465808110627
.01882465808110627
.00034029917091649446
.01882465808110627
.01882465808110627
.10914428744508448
.01882465808110627
.04840134186305513
.01882465808110627
.01882465808110627
21978583820309434e-21
.01882465808110627
.01882465808110627
.01882465808110627
.09524002879879137
.01882465808110627
.01882465808110627
.01882465808110627
.01882465808110627
.01882465808110627
.01882465808110627
.01882465808110627
.01882465808110627
.01882465808110627
.01882465808110627
.01882465808110627
.01882465808110627
.01882465808110627
.01882465808110627
.01882465808110627
.01882465808110627
.01882465808110627
.01882465808110627
.01882465808110627
.01882465808110627
.01882465808110627
.01882465808110627
.01882465808110627
.09524002879879137
.01882465808110627
.01882465808110627
.01882465808110627
.01882465808110627
.01882465808110627
.01882465808110627
.01882465808110627
.01882465808110627
.01882465808110627
.01882465808110627
.04840134186305513
.120942179219874
.015972964120330446
.01882465808110627
9999999999969748e-28
.12148317546838518
.12148317546838518
.015972964120330446
.015972964120330446
.04840134186305513
.04840134186305513
.04840134186305513
.04840134186305513
