1.5080540980091373
.7794307176814519
.01384751305325433
.0029123993098865526
4208177108964644e-21
.03657024497748121
7.122060328327901
.7185767697764939
.061064384804223534
.07342894615783996
.06851330074968442
4.853053544761871
.7109136630235738
.3600375164002723
.0054108767160947
3.25708697760186
.45006122246836855
.003209109606299524
.07484748293267005
.004790998182838584
.0018653877458699097
.009446491864213195
.0001780453357134163
.0027590554356826274
.27801213875821246
16.336845539884838
.00017421521487161196
.005509315986284507
.006324799150837176
.006119442022697903
12357463617402763e-22
.00017302402977608893
.013473030905639899
.001237794406880569
.010259413384010409
2146947736799266e-20
.0023673755314001493
.002735225738258707
.00032783663373133116
.005489360119602129
31182717818188143e-21
.006120067971306161
.006322455648523286
.020614494320544147
.0003313018790560199
.11171216374027773
.008203961680102862
.0008433573216469537
.04375505237734801
.26273833527990775
.001091537477540209
.5769165509325179
.00896594491973089
11.849426948122938
11.142498021674768
1.266979000503301
.006410301292425567
.06369893218292373
.07088859396662262
.23048915474457418
.12993523817011818
29.892612026544835
23.618366460151186
7.225055136130899
.002270858963446776
.00048296823665153183
.0014680220012745241
.0058468101079818275
3.2600019539017255
7.592412846518292
.01940129243316657
21.53744461726402
3.1982699466391264
10.2621158408685
20.138776854741536
.0014404419299594202
.008953562073902735
.0006132000091453428
2.1660738085014466
.0003114711432081409
.00287499189630918
.010950976583643999
.0003804125518520984
.9335575909912917
.6745398815565612
24761419003832036e-21
.007352723020374801
.8652845752696801
.774806937383825
3.5494586940689934
.0001465024423816355
4648776227199463e-20
.5503859913543514
.8203514588571388
.07303357863580588
.010132057976271645
.2919670539437534
1.483776450872151
1.3867559995024543
2.2136835961946058
1.4943129295099806
1.9426781130839363
.024502185416896815
.03407705208574445
.009191595957478793
.0001818305804665277
6.257389447922941
6.011182566802064
.5579180741202916
.016766203897507614
.004151663671885729
6803448409522854e-20
.0005090913272630032
.08677887291045583
.02100131851848313
.0007913735879420541
.4540135406579715
4584562430205665e-20
.00024847866425078177
.03449512959730383
2264394553926238e-20
0
0
0
0
0
0
0
0
0
0
0
0
0
0
0
0
0
0
0
.7402873395245346
0
0
0
0
.5736248165383516
1328.2144405245133
.00456469604879534
.09988164875122657
.020018883234514916
.2165308644669115
.10951265964674135
.6210174177469029
.13728114345844417
.41600776233327735
.006519962925745956
2.753420553994346
3.3778036207203233
.017148128221800046
.041353231418244846
.7670197288174042
.5422044823266746
.2515650866057955
.4396239633120704
.019405784497392914
.019405784497392914
.22134045643753475
4583333913458449e-20
.019405784497392914
.019405784497392914
.019405784497392914
.019405784497392914
.019405784497392914
.019405784497392914
.019405784497392914
.019405784497392914
.019405784497392914
.019405784497392914
.019405784497392914
.019405784497392914
.019405784497392914
.019405784497392914
.019405784497392914
.019405784497392914
.019405784497392914
.019405784497392914
.019405784497392914
.019405784497392914
.019405784497392914
.019405784497392914
.019405784497392914
.019405784497392914
.019405784497392914
.019405784497392914
.019405784497392914
.019405784497392914
.019405784497392914
.019405784497392914
.019405784497392914
.019405784497392914
.019405784497392914
.019405784497392914
.019405784497392914
.019405784497392914
.019405784497392914
.019405784497392914
.019405784497392914
.019405784497392914
.019405784497392914
.019405784497392914
.019405784497392914
.019405784497392914
.23523408121983488
.009601210511580032
.019405784497392914
.009601210511580032
.17147669998707965
.08600150329652026
.019405784497392914
.019405784497392914
.0325326019522906
.019405784497392914
.019405784497392914
.019405784497392914
.019405784497392914
.019405784497392914
.019405784497392914
.019405784497392914
.019405784497392914
.019405784497392914
.019405784497392914
.15620092285730838
.019405784497392914
.019405784497392914
.019405784497392914
.019405784497392914
.019405784497392914
.019405784497392914
.019405784497392914
.019405784497392914
.019405784497392914
.019405784497392914
.019405784497392914
.019405784497392914
.019405784497392914
.019405784497392914
.019405784497392914
.019405784497392914
.019405784497392914
.019405784497392914
.23523408121983488
.23523408121983488
.17147669998707965
.019405784497392914
.019405784497392914
.019405784497392914
.019405784497392914
.17147669998707965
.05762365254220005
.2064615579043434
.019405784497392914
.23523408121983488
.019405784497392914
.019405784497392914
.019405784497392914
.019405784497392914
.019405784497392914
.0325326019522906
.019405784497392914
.019405784497392914
.14792517159207272
.019405784497392914
.22134045643753475
.019405784497392914
.019405784497392914
.009601210511580032
.019405784497392914
.019405784497392914
.019405784497392914
.1196328153732359
.019405784497392914
.019405784497392914
.019405784497392914
.019405784497392914
.019405784497392914
.019405784497392914
.019405784497392914
.019405784497392914
.019405784497392914
.019405784497392914
.019405784497392914
.019405784497392914
.019405784497392914
.019405784497392914
.019405784497392914
.019405784497392914
.019405784497392914
.019405784497392914
.019405784497392914
.019405784497392914
.019405784497392914
.019405784497392914
.019405784497392914
.1196328153732359
.019405784497392914
.019405784497392914
.019405784497392914
.019405784497392914
.019405784497392914
.019405784497392914
.019405784497392914
.019405784497392914
.019405784497392914
.019405784497392914
.22134045643753475
.1908268081779257
.15620092285730838
.019405784497392914
9999999999984949e-28
.2006244622919946
.2006244622919946
.15620092285730838
.15620092285730838
.22134045643753475
.22134045643753475
.22134045643753475
.22134045643753475
