3.0282331528153015
.010558516368882359
.0006558246521606708
3315902764884424e-20
958445325220087e-27
.0021664906348227986
6.712737203083011
.7402590216469346
.05599523625766491
.016550877156103292
.06737870461282351
.727511967418436
.6860894892628565
.0536411336718797
.0008695113322264716
.007791826895619279
.0010159652663673505
.00253696850602472
.07250681558920855
.004961655412447055
.0019301293014749817
.0023011629345034393
45965280574633674e-21
.002221440903826458
.065050704151917
3.861470827780737
7937853741613963e-21
.00524752788740166
.006092272825718994
.005946565601623072
12015103921583937e-22
.0001678426692237404
.013069546632516534
.0012004930578002003
.009952186135652954
3205803479486699e-21
.0025239068584667294
.0026525258748092287
51841382611160955e-21
.005316571309381001
4745228736698176e-21
.005944967085395983
.005944571776634736
.02082535172934577
.0005507634207500043
.10792254879517998
.008065120858219732
.0004799258278930219
.02227794571674052
.07152794038972077
2489322578250284e-21
.14367260868126638
21220526742408002e-21
8.379522236696843
8.015821682128514
1.0617431362709449
.006175735776075692
.0006750509993461889
.0007489551761435997
.1879968726857331
.1115368779849101
9.623557962462648
7.682767928879384
2.576147249452421
.001882400608244148
.00034486591956335046
.0014354772211415433
.005259243244108159
.0076194032942145775
3.5686306698149117
.0007932423416857147
9.623557962462648
3.1003824686116923
9.623557962462648
8.881631129585818
.0013949777309925082
.008759314460408552
.00015733572172047108
2.127039146544342
.00024631098645243505
.0022538158861606754
.010655895222751765
7834399354433146e-20
.7863666385544462
.025962776214726212
14942921808461665e-21
.00024114205803606507
.4471378611379377
.42033939197739095
2.6080197780746377
9882885660324637e-20
.0003103049219501743
.5323125811959377
.7549565329607698
.1340955317697522
.00027169651207664957
.17561532378667138
1.1551888645103496
.9918861017073926
.07930827991777153
1.1762161898740968
1.8683323288110212
.017088225021297778
.019717690279917592
8779871482328882e-20
.00013566388989662932
3.5284206107003517
4.362512335051038
.4669988935381263
.0037489768313652538
.00012914316233586848
19831184519469424e-22
4486377562547166e-23
.044636845659087473
.01586747697125399
.0005354387244394304
.3587541327852989
25925089611750935e-21
.00021523028427081783
.025803621591828026
8084266545786945e-22
0
0
0
0
0
0
0
0
0
0
0
0
0
0
0
0
0
0
0
.08802578920965672
0
0
0
0
.19438271846936397
1288.4396765612826
.00442800147421066
.09689058881231376
.01941939693835187
.2100466223429329
.02114816265272037
.3969361843423166
.013295452494547166
.3564495943107532
.004613251690704381
2.147586302137216
2.432020263484813
.0021016880663178327
.005004541134326532
.47793144586485786
.3476538516273594
.1802924538546516
.31402357364509054
.018824658081088994
.018824658081088994
.04840103404341925
2299720815965407e-25
.018824658081088994
.018824658081088994
.018824658081088994
.018824658081088994
.018824658081088994
.018824658081088994
.018824658081088994
.018824658081088994
.018824658081088994
.018824658081088994
.018824658081088994
.018824658081088994
.018824658081088994
.018824658081088994
.018824658081088994
.018824658081088994
.018824658081088994
.018824658081088994
.018824658081088994
.018824658081088994
.018824658081088994
.018824658081088994
.018824658081088994
.018824658081088994
.018824658081088994
.018824658081088994
.018824658081088994
.018824658081088994
.018824658081088994
.018824658081088994
.018824658081088994
.018824658081088994
.018824658081088994
.018824658081088994
.018824658081088994
.018824658081088994
.018824658081088994
.018824658081088994
.018824658081088994
.018824658081088994
.018824658081088994
.018824658081088994
.018824658081088994
.018824658081088994
.1100012235686712
21928801771776494e-21
.018824658081088994
21928801771776494e-21
.11726104794130983
.07387296070608279
.018824658081088994
.018824658081088994
.0003400811229627408
.018824658081088994
.018824658081088994
.018824658081088994
.018824658081088994
.018824658081088994
.018824658081088994
.018824658081088994
.018824658081088994
.018824658081088994
.018824658081088994
.015972421482054175
.018824658081088994
.018824658081088994
.018824658081088994
.018824658081088994
.018824658081088994
.018824658081088994
.018824658081088994
.018824658081088994
.018824658081088994
.018824658081088994
.018824658081088994
.018824658081088994
.018824658081088994
.018824658081088994
.018824658081088994
.018824658081088994
.018824658081088994
.018824658081088994
.1100012235686712
.1100012235686712
.11726104794130983
.018824658081088994
.018824658081088994
.018824658081088994
.018824658081088994
.11726104794130983
.0012883591530798131
.12127389043514031
.018824658081088994
.1100012235686712
.018824658081088994
.018824658081088994
.018824658081088994
.018824658081088994
.018824658081088994
.0003400811229627408
.018824658081088994
.018824658081088994
.10914428642456056
.018824658081088994
.04840103404341925
.018824658081088994
.018824658081088994
21928801771776494e-21
.018824658081088994
.018824658081088994
.018824658081088994
.0952400285184965
.018824658081088994
.018824658081088994
.018824658081088994
.018824658081088994
.018824658081088994
.018824658081088994
.018824658081088994
.018824658081088994
.018824658081088994
.018824658081088994
.018824658081088994
.018824658081088994
.018824658081088994
.018824658081088994
.018824658081088994
.018824658081088994
.018824658081088994
.018824658081088994
.018824658081088994
.018824658081088994
.018824658081088994
.018824658081088994
.018824658081088994
.0952400285184965
.018824658081088994
.018824658081088994
.018824658081088994
.018824658081088994
.018824658081088994
.018824658081088994
.018824658081088994
.018824658081088994
.018824658081088994
.018824658081088994
.04840103404341925
.12094217343469274
.015972421482054175
.018824658081088994
9999999999969748e-28
.12148316693357396
.12148316693357396
.015972421482054175
.015972421482054175
.04840103404341925
.04840103404341925
.04840103404341925
.04840103404341925
