.010936680975787897
.0006823034858178456
43357652932510934e-21
16016022280220545e-28
.0024726283010571525
6.19089878334348
.7381835081486269
.04973227012861605
.012702532017561158
.0668877396642284
.7180734879382145
.6777546724413501
.05197462612086775
.0008279892304742113
.0068008141864289474
.0008085444728492915
.0022938894954255586
.07572058054018838
.004761476923488565
.002021435382124869
.001805563141112072
43650034549637427e-21
.001977515148240617
.05955353557267439
4.111447177384442
6181659006616707e-21
.005510971791274877
.0058822929905422185
.006128776466474435
14210106645695826e-22
.00016993522325080108
.01396616037951861
.0012301004294578064
.010271169574586946
2940818647409437e-21
.002335289330165081
.0027222304144587516
4792255464796307e-20
.004716016983469671
4837980417829938e-21
.006126871730544086
.006126413273721845
.01951081100115233
.0005885296312664504
.11305379656218663
.00748535489631544
.0005799180681919056
.026767519095817344
.07830197548629933
2813108941714121e-21
.13008421094641542
23592222673095085e-21
8.624429741551666
8.198789138640548
1.1739503426276725
.007226113229070733
.0006740931294028557
.0007453907897919486
.17611389202747155
.10748124034245475
10.08664154898235
7.934478283763671
2.8505462395952788
.0017415252180708954
.00035626814198566874
.0013506399887486414
.005987712336691134
.00843270575804231
3.824747264559035
.0008057892936594283
10.08664154898235
3.1768585035675856
9.868023162837357
9.264403485116514
.001350309476892644
.009134311169917678
.00014941907053373516
2.076383972807231
.00024076957763848405
.0020718984223014377
.010612128557253448
650827407141077e-19
.737534915171865
.019434957442425474
17226354131398543e-21
.00017211615348458012
.4148265910471332
.38619240813039724
2.4919742889284464
.00010494484651772058
.00032863794589016427
.5733126707107143
.799875014208689
.1357070858514643
.0002888723633478813
.18253112894552734
1.250574449331321
1.0763418714732447
.066117318801966
1.2437316635127427
1.988726156070664
.016362461795151488
.02218314892037296
9285332125036928e-20
.00014177951626913261
3.671209548791003
4.568924966242818
.4564953319753544
.00414407023237471
.00012290171902692152
17963908110140555e-22
49118390791557254e-24
.048009375713524094
.015209517628013588
.0004913616760293678
.33160207325437285
29377515344567164e-21
.00018166184551683648
.023261360556854557
7195568271403632e-22
0
0
0
0
0
0
0
0
0
0
0
0
0
0
0
0
0
0
0
.09495952844496008
0
0
0
0
.19306970404750817
1220.7322466745873
.0043008855484465095
.10176934134780073
.018551920149908772
.21008447362945898
.020810000909003337
.41167255244725875
.013872202827886197
.37897932935588596
.004404920522464212
2.210264809112668
2.3500736791612877
.0021485845937771818
.005537275411000711
.5354729321982917
.3753878587180053
.20005602158255778
.3277564072635621
.01883773870890023
.01883773870890023
.05011163712151457
31612369494457064e-26
.01883773870890023
.01883773870890023
.01883773870890023
.01883773870890023
.01883773870890023
.01883773870890023
.01883773870890023
.01883773870890023
.01883773870890023
.01883773870890023
.01883773870890023
.01883773870890023
.01883773870890023
.01883773870890023
.01883773870890023
.01883773870890023
.01883773870890023
.01883773870890023
.01883773870890023
.01883773870890023
.01883773870890023
.01883773870890023
.01883773870890023
.01883773870890023
.01883773870890023
.01883773870890023
.01883773870890023
.01883773870890023
.01883773870890023
.01883773870890023
.01883773870890023
.01883773870890023
.01883773870890023
.01883773870890023
.01883773870890023
.01883773870890023
.01883773870890023
.01883773870890023
.01883773870890023
.01883773870890023
.01883773870890023
.01883773870890023
.01883773870890023
.01883773870890023
.11192815054521783
2521996289773168e-20
.01883773870890023
2521996289773168e-20
.11828363738122667
.07412997694112691
.01883773870890023
.01883773870890023
.00037750381650069145
.01883773870890023
.01883773870890023
.01883773870890023
.01883773870890023
.01883773870890023
.01883773870890023
.01883773870890023
.01883773870890023
.01883773870890023
.01883773870890023
.01682669309469709
.01883773870890023
.01883773870890023
.01883773870890023
.01883773870890023
.01883773870890023
.01883773870890023
.01883773870890023
.01883773870890023
.01883773870890023
.01883773870890023
.01883773870890023
.01883773870890023
.01883773870890023
.01883773870890023
.01883773870890023
.01883773870890023
.01883773870890023
.01883773870890023
.11192815054521783
.11192815054521783
.11828363738122667
.01883773870890023
.01883773870890023
.01883773870890023
.01883773870890023
.11828363738122667
.0014053367811936042
.12275708629536272
.01883773870890023
.11192815054521783
.01883773870890023
.01883773870890023
.01883773870890023
.01883773870890023
.01883773870890023
.00037750381650069145
.01883773870890023
.01883773870890023
.10990506962246699
.01883773870890023
.05011163712151457
.01883773870890023
.01883773870890023
2521996289773168e-20
.01883773870890023
.01883773870890023
.01883773870890023
.09573749428319651
.01883773870890023
.01883773870890023
.01883773870890023
.01883773870890023
.01883773870890023
.01883773870890023
.01883773870890023
.01883773870890023
.01883773870890023
.01883773870890023
.01883773870890023
.01883773870890023
.01883773870890023
.01883773870890023
.01883773870890023
.01883773870890023
.01883773870890023
.01883773870890023
.01883773870890023
.01883773870890023
.01883773870890023
.01883773870890023
.01883773870890023
.09573749428319651
.01883773870890023
.01883773870890023
.01883773870890023
.01883773870890023
.01883773870890023
.01883773870890023
.01883773870890023
.01883773870890023
.01883773870890023
.01883773870890023
.05011163712151457
.12220890412057026
.01682669309469709
.01883773870890023
9999999999970073e-28
.12288353443946054
.12288353443946054
.01682669309469709
.01682669309469709
.05011163712151457
.05011163712151457
.05011163712151457
.05011163712151457
