46.113888024585805
.3168720162989899
1.1677765999881333
47.836274868556856
1.2891821316944985
7.381451223848096
.8537615170397933
.19808423011035484
1.3399015850572864
.0785823616926211
23.73110804531182
.7689181924790176
1.5892894946733942
.01996146893979906
9.316378477004342
11.506621779612804
.010568008001097778
.08563978419864693
.016634742991260023
.006648484038307902
.04317691318033706
.015132600244988394
.010090139765369955
1.727260081626737
29.512446920054547
.00473459005795932
.006310498275814808
.00669866552926167
.0067146143166136076
.005244279097118733
.00018170766427732756
.015003849514700643
.001321948037404595
.010999564861276895
.00028170814421439507
.004490615009967006
.002970669965509731
.0024110325793040206
.00825646560636155
.00022457833546374995
18.675919073449595
17.653863251489366
.027906604893624752
.003926173569611398
.14730020883095385
.0101420869744035
.009873137125973735
.5879400676811435
5.321341656485315
4.694927754265869
3.776495639928077
4.895315381186342
21.67822237072994
20.37064194953615
1.9802745025412212
.008436933155043218
8.887407064656315
160.44053717914807
.3484534051791333
.17378376236218004
54.55400398640962
51.53506130638149
18.375287114906293
.005831395325624266
.0022348633498743614
.001675624359405551
.01073385689210246
83.72799115013893
81.92211540416643
.03929747767067439
27.855008760149996
3.403674611641418
109.08592740052053
36.06629386072305
.0014999476843731276
.010452691418598538
.005304830513639292
2.589813594366522
.001108434493274226
.009871329793580585
.011440687155189165
.008596288629274657
10.881274072433348
24.540251205575753
.010419145466785662
.0553456901945952
25.87376723569482
134.28166092119105
7.440328188896615
.01613067437017154
.009383910487922895
4.94221187684609
1.6588417239013793
12.166377490704168
11.27751822249259
6.311183221634522
8.844837594238292
6.625342165969925
3.698213514508157
62.935134972433154
2.16026045892875
7.336935143156617
5.555136584415984
2.6724658154563916
.0031616954672794495
60.367831494977736
8.963675495820338
2.150064531677642
.5033229724506935
.016969764538431138
.0001897604776384725
53.08051679194716
104.95769753880843
.09672096050878419
.003449624218857855
.5921342490480113
.006594875058973884
.0069967540059947715
.18868247835377963
4364453752723095e-20
0
0
0
0
0
0
0
0
0
0
0
0
0
0
0
0
0
0
0
3.3216495930915815
0
0
0
0
4.626098953395458
1296.049664493786
.004566243979607254
.10804836283212482
.019696546848421443
.22304638245162706
.850576972990028
1.1662730470686493
1.6466950141053074
18.233124585118397
.016508329692784707
6.185682697814736
6.627748933282027
.36483549326306997
.8769123322541441
80.91660371983804
86.74357287068
49.75332043325505
77.63385031716027
3.5423406678975202
1.875359719872694
1.6281521890684942
1.7445263810659992
2.581483600230517
1.6956737474134365
2.465717679906539
2.102195903903129
1.9177525014209265
2.3835278742864747
1.9415962868416816
1.8939867509156973
1.4224322607687203
2.0548730735050738
1.543421504544973
2.6568970179409663
1.8551686389272495
2.2331349367434585
2.2553113612617213
1.702272120648113
2.4787509758647537
2.8035652739755217
2.5676764384094177
1.892169344384651
1.7880101007751372
2.346786204777527
.02439939499600146
1.7420630140437496
2.4099934124155373
6.045173087153501
1.9038321908559583
2.024194104240507
1.314256237487786
3.058069123224302
1.376245244816553
1.66438345664391
3.0849914407046213
1.299572417282278
1.997049376108382
1.5247878554134557
2.0325028001062218
1.4926584752294465
2.0220902708263964
2.633196752931883
2.035028311043268
2.125630512014466
1.7701341813854303
2.1294151675016137
1.7846543372971821
2.236575263838193
2.7207678150451633
2.969470661391375
2.3578134368263832
2.099956436433313
1.9695704522066473
2.9427827940015012
2.395015948902139
1.055606068961346
2.7045977996390573
2.8618512027036958
2.111776511294142
1.1178237862196807
1.723237540816995
1.8667543116349283
1.9881632416123576
1.497902905349327
2.3261076208199425
2.1798653918219286
1.9342398670462218
1.620616133454514
2.5544906272426062
2.5611784702375906
2.0393155332618513
2.363499539577602
2.402062033129892
1.9909752965279486
2.5047332280947314
2.416158450195197
1.8902513083925563
3.0590474164238333
2.1322095948136996
1.8751881047676253
1.300160400003972
1.5863703811338192
1.4975839418378298
.7642670557588916
.17444557876109995
2.0566777885424843
.011340787992906493
2.5146318106162804
2.2324568821861273
2.486331170159746
1.9059441318990231
.20041825512280975
1.477623470100483
.21065630923295312
1.1782515704277774
3.0319993261769564
1.7336271192715897
1.8359953342741073
1.9427439012146015
2.1029797029351767
1.6788078801732567
1.9978693582572562
2.175765763436992
2.401111441378431
.009956309660212303
1.9813281419633526
1.9647275160029711
1.4610621594373787
2.3852070519019994
1.7918631969870813
1.350316478815934
2.4050886036806616
1.9384850956405844
1.9014129071292771
1.9918148398163464
.7357152191537417
1.714090837836797
4.72943569660813
6.736292892964776
1.5621714586190172
2.0804874711231585
2.7238097177372356
2.647692476556087
2.8088803381835334
1.9598593927016963
.008540976488636514
1.525648818863011
1.415931387671646
2.6335559320039734
2.3509328772882436
1.8565559124213553
1.9159896743301026
2.350909284809062
1.9091886223442094
2.652331637243731
2.0652972826869522
2.575874016464704
1.8079663938272643
1.60839668211784
2.170729517672146
1.2191179703162767
.22050859659361682
2.228991459863594
5.335936764932939
1.588481770282604
1.7409639244982194
2.091983493836717
2.2971066801002555
.9851737902481701
1.7301029727950599
2.1843333893570693
2.029911865335885
2.391216169317507
1.4116025433211348
2.0124748077585832
2.580038294247967
1.7407339904048271
2.568267079595227
1.532116296343741
1.2061002610371698
1.5744367242032915
1.9863363800116258
2.356345989689669
2.208504901209724
2.8283983530046606
1.3151901362492553
2.324753259532063
2.1909298681469753
2.267048337567679
2.4574271969498844
1.7135879477908047
1.8236095033899848
2.7619392981841573
1.8296909201656149
2.11641304842478
.023672622304913644
2.0716865415956014
.05726322154144878
1.9256122350897846
1.8530699659772814
.5295937286455222
1.38508304140756
2.1648819886802846
1.2559457710796982
.04820123833247579
1.9520906078700802
1.0966464199844357
1.5720394690688557
2.1872155107396942
1.851914160579205
1.5139240412078077
2.3886355282416147
3.3858683268376994
2.9292842083623745
.6954609824026127
.011768388587490547
2.0304969274906237
2.2352865749174224
2.018390374269697
.047659277781771404
2.3910187351650656
1.8088888404107861
2.1837355490814825
1.276058452320849
1.3459965881744302
.006193289316050462
.004411464658442973
2.4043372357106136
.584514630361187
.14258872049121424
.815739272154146
.2058011837570142
2.342582279197913
.11698540205186181
.0947735983063519
1.774518240056844
.6185556216601545
8.115077455730027
2.14788206592472
2.1321318553742605
2.4314135308481135
2.2757276551868153
2.098693302015134
2.043504454718405
.12115920203115273
.16325353348274874
1.9090759866873628
3.0480623073917723
1.0436390467399934
2.0235518560318186
2.4532476551729197
2.034292455480011
.010175536252615823
.28874375627204474
2.9945683808354877
3.439486634513379
4.264934242115135
4.120187627271927
2.2917658207227305
.011362223299703355
3.123418808652771
1.35934771808538
.014406566245319576
.010702053597954193
.1583131953248186
.012775597924903617
1.8087177132101984
2.683802773848443
.01
1.8198158231516752
.014306352028103708
.007212229055336546
1.9340310692665568
.009259763077455328
.008230522112233376
2.219403381092098
.006983954092921277
2.347651738857713
2.222288442001871
1.7349624188622932
1.5725540582297128
.009568212932832042
1.955586946422627
2.3297383872726964
2.504202332469239
2.2685582751089854
2.3177927257133524
2.7672379501739237
.011099575396023804
1.420657428013686
.010868327986930002
.00974730652326082
.01064925906448077
.012968893165469123
.010669169890420655
1.46545387087702
.09325297299848918
.0690557355773416
.009454808710743928
1.4011652761203284
2.2690057706729068
.09486667055881677
1.8864257366167234
1.516919446547586
.06590127803203882
2.321444567817028
1.6891752199045138
1.7464586988523345
2.918200816608382
.009004040441587575
1.6007465445862044
2.671297378217703
3.558892543167278
.819715844991886
1.5146465425783706
2.1574668645928368
1.5437891029013002
2.1350860105615026
1.7473011131244869
1.9403521600503044
2.007859900880391
.009154844845487337
.2120438091700166
.20393498998363555
1.9771456315722313
1.4709254429457215
1.9059990462004006
1.6489467053537934
1.459893994004642
2.222664309183032
2.1547395155685374
1.7746719925461534
2.067784427086626
2.1961915419471385
1.8100185866017102
.006210816188546065
1.5959586107694488
2.0957588885288017
1.8823154267020417
2.2066724034105585
3.1061899478821404
1.7182871768785077
1.9714116050753574
1.8440211107709585
2.1688833378570056
.10964916450899129
1.9071460353650629
2.348475221460062
2.2836643207859506
1.5993136726866777
2.489772678795922
1.7083158408558472
.23595663588115298
.1538357075136656
.12792879742992186
1.6693844100717075
2.1931787221815
1.8744344147824437
2.525372610598466
1.470961029884816
1.8945797706705574
1.5381566853032584
2.1308746243509677
2.2574551926792283
1.7670983738280195
2.3024210377425987
2.5124094005999695
1.927497667232226
2.3363421671546525
3.1580841694049084
2.081197058839214
1.892888049415051
1.9472472718774063
1.4235722617968507
2.161859156106333
1.546691336912887
2.1687079727253376
1.8816377131122983
1.612384683273574
2.28464761161309
1.7461009093217117
2.3851267342636513
1.3656552107397222
2.2744125978275713
1.5898188961724156
2.420067392118935
1.7864878338387615
2.210951567079106
1.66917180348406
2.087794278381575
15.357770379309821
18.727975893333458
2.362350780387617
2.2073309509020484
1.6619628924464211
1.4329226970101923
1.566111123175726
1.5518743287847474
2.4895783133277507
1.7377657488629494
1.7822955688320496
2.2551693879852475
1.9036268786851647
2.805282235456328
1.694948055816285
1.8084718145125158
1.4099501968504806
1.9023579320030564
1.5035597553533997
1.8181997955703686
1.180995006464722
1.9287061591233527
2.2185904991511802
1.217658984296183
1.9466387765161137
1.5277483171571549
2.3096109118489956
1.7950480335787888
2.7012104588413
1.825915038279814
1.9131944188479153
2.5962976309825962
1.2454305902506833
2.812182080237492
10.460073409394491
1.8532226308220965
1.703991119069295
1.659354090742218
3.4741359507701737
1.937682117112054
1.944317066715325
2.9422559400292685
1.5626432904771699
1.8626651555777947
2.777476867926297
1.347689705183846
3.1749035275752737
2.568532784943652
2.6271262691674977
2.012796773548673
1.3167512239695747
1.686764583705439
1.793994116871189
.28857469820830006
2.880937821083409
1.855484944786413
2.4164804795579062
1.731497404438008
2.0303578373191957
2.6615533270321574
2.081648157554875
2.117014165538227
1.8141755856612367
1.632235432082563
1.4306094266126455
1.8791394004997033
2.501533683643721
1.8095543823223712
1.8196382228678938
1.5781962908193883
1.6769928570870463
2.6660697038978025
2.9955538376900046
1.9836219875178416
2.0725281806787663
1.817766741331556
2.3008417293540386
1.6757534987732605
1.2653091086642638
2.1374044394033844
1.7682048787654812
1.7220904438462221
2.483965594027422
.1702698743950153
.9844282439419351
.11991936652224178
.9493028064395546
.10466652954357651
.9004080258836112
.09057046858456239
2.170367562116855
.16155540803585958
2.512606762523227
.08838156767985648
1.0023607891175221
5.9896184368511225
.33380169699913403
.11129973502886349
1.2506626992470653
.07095608438414937
.21349309297650404
.041848202812546344
.9247713556380475
.06949700861125398
1.0719982606069214
.10321403738920304
1.287315447054875
.18298718004830766
.9682261561524623
.0491370968740105
.7050415725826045
.056932623236415854
1.4254588641054051
.0002027506078599964
.00039795745358359456
.11205103047834364
.13156631483961617
