45.449685070813686
.3273319615381918
1.173211228413045
48.351327188351874
1.336339055302694
7.856824604494316
.8030914262078992
.19105156984173094
1.3637879504906187
.08003453534208034
22.722793562925034
.8161333977327144
1.5430831455570588
.019278233952757833
9.681430058168758
11.760965840141225
.010337217951868512
.08257393907655548
.01627384370540186
.006831425217506894
.044553387745562875
.015389384734849854
.010251336770120736
1.67544144799564
28.715814560521967
.004838140367109879
.005936813341942326
.006957388241692482
.006414480980381482
.0051788571385176585
.0001808039363722437
.0148187596092195
.0012925270005026675
.010251382312897787
.0002874485190034241
.0044646203556019445
.002929306278372943
.0024135200161891483
.008270915236405683
.0002137438300140266
17.97343125455674
17.396495700215063
.02812021499332247
.003851591747664325
.14870730776233063
.010510461199224693
.00918651141405039
.5766784903661487
5.638147414076039
4.8531930300014245
3.763303638075714
5.21386907790976
22.350269545788294
20.52783070795142
2.0168262168946365
.008288478924717348
9.898100164640667
173.831081776637
.3235426675706466
.1850919119656384
54.241087674826986
51.357152880745105
18.626199558098612
.006167199127953727
.0021666752565571313
.0017456673677818323
.010087288805111483
85.8455887690294
80.531842898839
.040735394047287266
29.539684705777074
3.546753884392935
110.18834153493
36.01756831804084
.0015360041658102805
.010641175633022651
.00524757080887564
2.5247710459095116
.0010820937350339253
.009917879494973105
.01219518823513747
.008619495360367335
11.035596630994712
24.87976230707108
.009132772845431713
.056655729699520034
26.36231948479268
141.52963621745369
7.537752945167383
.015723314102230775
.00933128741258107
5.553792639037949
1.5835387289512495
12.965224865041865
10.559882084679044
6.496658576315543
8.090982459014826
6.8341931672357585
3.738176550249755
61.54930612007578
2.0326135480327214
7.229860352348594
5.23002747797699
2.620223006627873
.0030540138117860455
59.793967647156656
8.745393274402076
2.1189392682881003
.4941123153927522
.017531456453429052
.0001723819550964271
54.655434577323156
108.18067149917465
.09769720629118281
.0035446311156819067
.6103472298221883
.006768865109131484
.006628067073761516
.1974714651084455
420211494482969e-19
0
0
0
0
0
0
0
0
0
0
0
0
0
0
0
0
0
0
0
3.2890939077250856
0
0
0
0
4.518459186074041
1298.5717589904957
.004399885716784662
.10692384816894415
.018838928478539477
.2207515614299056
.8668624384811555
1.166005493528236
1.5837896099928819
18.695542639558195
.015557057395138445
5.9152867891599
6.335318386158713
.3553712703988474
.8904730454686293
80.04955519725198
89.90164081744354
47.62833897709229
76.07945277600099
3.5860283050579564
1.855377962615659
1.5801787665775977
1.820359608875021
2.625387154610867
1.706551854651639
2.5258235862740896
2.111063644936783
1.9314740211239034
2.166546995639216
1.9515591769579754
1.8973238888476747
1.3449558546155225
2.0414327229482816
1.546378284953833
2.6392318682714406
1.9536053378888165
2.307794047061477
2.149029882846052
1.8245342918042642
2.514914396332954
2.6556954719633246
2.6177171598205384
2.1088381310770665
1.7825665611314159
2.447872787975116
.024257299066491662
1.8129152718792196
2.3124118906062274
5.9589124304491525
2.0166200422899947
1.970561839352577
1.2287380693999783
2.9286895992730115
1.4990288572687476
1.561159817494122
2.9777113936513406
1.3030044417567055
2.035043443650232
1.5493752364049949
2.0111141171686104
1.4850740386964782
1.9254437726966713
2.631180086175904
2.1077204301700556
2.1611602838991053
1.8705012324731418
2.257965228995903
1.7367547538708332
2.17795754521671
2.6793203923017654
3.021245340648732
2.428110387641251
2.0416750126790686
2.1074042724956823
2.9791576470071135
2.5099628775130824
1.1089257110715305
2.8939125097992013
2.886125853238788
2.0762660782990654
1.1656156788573824
1.7661398845920897
1.8114774510017837
2.025968714235037
1.5814852646440707
2.4393220830897757
2.24442668541632
1.918756884088128
1.7279573611873806
2.6841899681901817
2.540225025079176
2.0104062163013023
2.179569862712727
2.3667539497976864
2.2133961601292076
2.5733977011034823
2.3390270746747563
1.9382699904857468
3.1943699610390732
2.226307379397554
1.8431725067036422
1.3307263939655378
1.6048778872023008
1.52552341665876
.7407766904362969
.1825201819457796
2.1276434935628212
.011441748104924798
2.573289424575849
2.2791670541530222
2.4533084948565005
1.7905120649999158
.18848094699557472
1.5189060071253537
.2083870572365087
1.2626582975986753
3.033775160849756
1.782030563440605
1.8520207978786452
1.9224180687716665
2.149483495980408
1.7093194556259335
2.0094034835609973
2.2806491687063923
2.279031505738063
.010341137236798229
1.9004235119646753
1.953302792533222
1.4761210608079864
2.3335206604141616
1.8978719238251587
1.3895497289771386
2.112234535169049
2.0056768872942947
2.0321948215093486
1.9363878292111134
.759698037038055
1.771911222265584
4.667609286430355
6.2703915902743095
1.5211073361973584
2.202225967862116
2.6304408678226863
2.7811689592722155
2.8825654616138454
1.9167095366399673
.009124318667249824
1.6317968992998588
1.4677755687978633
2.5768375860962336
2.3064390487345716
1.7765950144757268
1.8142908812648213
2.372106445355825
2.054359379263563
2.6667839830943825
2.1347450902144707
2.3292898496263077
1.7518396875619022
1.627502103166388
2.181397712244569
1.2720237450958038
.2255107482202354
2.3260756015352517
5.5284877050187236
1.5858028681636696
1.6898431990966487
2.213599034226672
2.383369631986952
.9644812475908944
1.6354128224325155
2.280910541321126
2.154338590266708
2.260516741901475
1.4525906506812718
2.1719759936919543
2.4977326038009555
1.7662922952880795
2.425302275419446
1.420018848493565
1.213777435300409
1.5720168818293359
1.9384733499681326
2.331047013398662
2.446250464945865
2.7753472627687423
1.344350877949038
2.4413791274342973
2.2476643831118444
2.2914467967448178
2.436321107032033
1.7582792769804394
1.8756824203341294
3.083816941004093
1.8022875794089623
2.1155578662045067
.024501907372329077
2.1459987291542766
.06235297803765848
1.8566953753895037
1.9201938545341117
.543078577981702
1.4252994492058955
2.2148656768502706
1.2839136735383627
.04790116675779188
2.117261596405847
1.0971412822400743
1.614591924976781
2.230335783224089
1.9077773192497745
1.4418683324133028
2.5003321977850175
3.40226792139165
2.7820107054792453
.6787042573079832
.01194109242191939
1.9746196883990677
2.071764995646844
1.8580821270974894
.048437086218047085
2.3057829217170855
1.6692206693183713
2.214931676444962
1.2999549797783405
1.3211516535617913
.006306123194869857
.004428267646636643
2.395483764475862
.5885903326091887
.14337119768360548
.8432333627067422
.19812271027752193
2.279724522004862
.11304826430025659
.09975243831069464
1.852135550101248
.5839526120556879
8.405990768044118
2.0949160093757873
2.268894219566232
2.4294827925430167
2.308180216502757
2.1119500088454375
2.068657028265548
.13095154141180476
.17091016648966756
1.9067117676584397
3.1857235040569827
1.0251894722461847
2.108610371968808
2.3903005205464134
2.0635958781245
.011007523727091977
.2959502148167578
2.9416931236906247
3.4741649786810456
4.511810230935562
4.2271693866268025
2.3804313094665788
.01141733686322347
3.127991904115682
1.3926279861333093
.015091523233638464
.01029150063747201
.16707999668127027
.01209206195453115
1.77186040265091
2.724872973686231
.01
1.865085029471462
.014299179003396743
.00740002350984825
1.849709344820729
.009571895811626267
.007520273962845745
2.3080937048643553
.0071268258745682605
2.359133214618711
2.2144627960827217
1.5891874471622947
1.646122954377796
.009073213355308259
2.0864107467386424
2.4217755863214236
2.5597831586648687
2.4178861609604008
2.1451032725255756
2.7331779562794587
.010623672087692045
1.4137460091666338
.012074132610514708
.009645271956668257
.010617025906100634
.01223403215807626
.010385464804463371
1.3874064375947837
.09284133756073323
.06705679380659137
.009068324660622273
1.3566126214509373
2.384526012998329
.09604201686520497
2.029347225827791
1.5846604273838083
.0641571790151069
2.1346099450523495
1.820716662933109
1.770208793585228
2.879618691432548
.009269927753137206
1.6916537947871009
2.6103632014959106
3.4018613482777615
.79481332531441
1.6084692932659628
2.2059848888056712
1.5638286158035277
2.1396876287417714
1.7737186249863008
1.7591660145066124
2.108106680224877
.00906583947762211
.19629681881723998
.19307860623849485
1.905122222687161
1.5614347389573118
2.0131195774270254
1.6800204460126458
1.423628918778396
2.191165201007436
2.047097275369429
1.7678273637715336
2.051970583931146
2.0902801035989733
1.7409353141108785
.0061560146971645045
1.5834047122910784
2.032891878070403
1.8522150158032826
2.068390882357594
3.3612305740807313
1.644149020908328
1.9067660823855839
1.9400240935149826
2.224918607071826
.11550511155484036
1.8760022986284044
2.370608508820685
2.2634707215744743
1.6118554227975757
2.619629991820523
1.6656875941091813
.2346900435537137
.15537664463305173
.1295450519759253
1.7510773935105806
2.037097236679755
1.911838369559861
2.385691459665007
1.4186120705761511
1.8079743408092794
1.500594371734966
1.985248914077555
2.437743148635407
1.6703073232494599
2.2161506534093007
2.283886396169725
2.1557768556930617
2.387419783628264
3.1357896095481443
2.0788147780924735
2.1158883170839164
1.7978111430861798
1.3588456751905937
2.0294998653805774
1.6595391116897291
2.278656718748905
1.9305456733626247
1.7266292910440146
2.2947305494734485
1.8087568090355253
2.302254603758143
1.4125828956811721
2.383268554281702
1.6324197963818452
2.3425763465481837
1.684147398321382
2.141059428693598
1.660779805512383
2.171582274383552
15.565289193153868
17.138061559414925
2.5602074015353065
2.176331463924865
1.639051980517823
1.3405842946166462
1.6075483377586006
1.435912939370564
2.5764082120465197
1.714230611651996
1.7039347592510738
2.166424869660497
1.8901290167470353
2.916817790926833
1.732688726782812
1.822908973909675
1.512779704598326
1.847374206916968
1.42610924820815
1.766783220011473
1.2532808612600752
1.903377191142508
2.200401267334263
1.2481091147153451
1.8570889722731798
1.502977419858008
2.323479193380663
1.9731901934780172
2.8437557741638084
1.8924045915473002
2.0362826195566375
2.457323397038269
1.2839581059432015
2.5856264495764893
10.910182971125113
1.8396311100215557
1.6576825046874402
1.5750766627985515
3.527731830509935
1.8946180590918384
1.8724798681361192
2.939059862707642
1.4787844520324407
1.851064126149277
2.8165036243135346
1.391653641939967
3.3244724907480134
2.5907384371998936
2.424204418541983
2.048437540593897
1.3675099863784006
1.705989208556007
1.8198891286215562
.30105677751452
2.70217559857854
1.8658780977645844
2.4488616860842876
1.6911343749127836
1.9362574722682446
2.4878463112498506
2.1040166706518644
2.0919273511838874
1.8501339450625414
1.687860918497047
1.3472598347701972
2.011705014770391
2.302214287365592
1.7522207381559898
1.8278076471987441
1.5272334041416833
1.687255843376062
2.6334692272559272
2.8270658712180947
2.044874377781287
2.0641995556624675
1.954642206562053
2.362635526286012
1.7082339500852186
1.3284327639007831
2.1972900249578347
1.8560112960097763
1.6860641218115053
2.2893259924957263
.1666465721502632
.9744765692897639
.12620961337983552
.9316030993428028
.10089232858740338
.9070081094823241
.08773302910501386
2.0256941719328037
.17028106623752445
2.428634772220651
.08494451878773472
1.0306244103861535
6.10725203715431
.35523292648639654
.11256954206702573
1.2224543317004972
.06567005132800767
.2175861922700058
.04124547570635061
.9051938689747412
.07451787580938357
1.1318153997722236
.10053226039829284
1.2612852124669047
.17038747209154678
1.0174232928431197
.04831421150551674
.6925380076130297
.057799390358426066
1.4547580151915847
.0002095581097557738
.00036928484776021326
.10990262276162067
.1213179295659867
