.017252544686346502
-.007282951270899116
18727056886492958e-21
-.02687616988037924
-.01454005357741347
-7943991063755652e-21
1451225560695224e-20
-.0031426013943279514
-908221068175394e-20
10917320913876572e-22
-.00023258126971369437
-1980612320045591e-20
34488077758503206e-22
-.0002577382584707191
.0015370321968181419
-.008220653529133736
-.0033076143639560714
11722235021637912e-23
14347317705827675e-21
1866349975280558e-20
-5486339750165253e-20
-.0001413760384995858
2463011733259212e-20
-.002085017536126749
-.03475783450182062
280225529454499e-22
13869940653119001e-21
14475505829947482e-21
13959222850288685e-21
-1013481541813255e-21
5382286614174349e-21
3299208737225034e-23
1413527329652484e-20
-844309117981487e-21
141456900074283e-19
4948558856500583e-23
5671505289381047e-23
14155349633146996e-21
13942200741610798e-21
13974059801483214e-21
-.000585318109696328
.010911917535893082
.0013433712211067662
14371319305508976e-21
5074648152343721e-21
-.00013796907588858886
-16227725808799688e-21
.002574432848733269
.00045197381526347364
-.1890177997257998
-.001146063974987552
-.0008335454627088127
-.006024799059069274
.0005933829087193587
-9788158489349824e-20
11565940442291453e-21
-.0010308097417301902
-.0049239450096231745
-.0005301947607384866
2651093477699665e-20
.02391115801539382
-.028718266174117126
.017428406716951055
-.003350333799593821
-.003367508176234965
159405377768202e-19
-.00026675180692323507
-.006896255423145769
-.0001370822125968075
-17287414856249267e-21
.0014631829991204298
.004441765758191211
.018244451927136383
.003017831729974157
-8706250800364795e-22
6005106306688282e-21
13848995246035936e-21
.0008144172776834962
-15170378397743581e-22
-.0031191108419390537
-13726469832489807e-22
-.003309661675191975
.029898736278834843
-.025360837200187142
-.0033443317682017274
.00018647616080204327
.2119758171911715
.014214929879834175
.28904850730067555
-.00024093518686787562
-.0032630624674798584
.0008232012936483375
-.0370159738633859
-.0012686351952499084
-.0063974678815681245
-.007853291657090294
-.0003881880679686361
-.0003497744076057989
.00033514875159400433
-.13509509133783446
.05047251867543883
.11523189843716959
-.0008945043280027585
.0006802131878055455
-.003064591376876516
-.0037648274086305345
.1402067237934743
-.0003329213628335029
-.09526946229386216
773561917055744e-20
1450986797454235e-20
.00686984050066146
-.0009816038001618295
-6571083821639921e-20
-.0033627159906595375
-.007759600652528819
.0004555740427343377
-.0022062601329096883
.00010317430073750544
-7483933244745481e-22
0
0
0
0
0
0
0
0
0
0
0
0
0
0
0
0
0
0
0
-.029259100236546442
0
0
0
0
-.013058924081317026
14472323090520166e-21
1407980579890038e-20
14565008415065166e-23
-8123273250200431e-22
0
-.010299744637797937
-.3004162545400705
-.00013532815427968114
.0029197841299713205
.7517243750520314
-.00035922404463665033
.003239542075810935
.002992962914927564
.009042190591564673
-.0008803712952207318
.0025315833673332897
-56642189194279144e-21
-.00037975650283580904
