14985678735767419e-21
13713249907078396e-21
6122423191430862e-21
24062957904927225e-21
-7963285699234513e-22
-12705995047095366e-23
286875208217997e-19
-6272461734705461e-22
1956617180608807e-20
1390112491213753e-20
.00015231105170027893
8844114845274441e-21
-661928325526351e-21
-7503036615382213e-23
5728057622699199e-21
1432558747726854e-20
-37101823233621804e-21
-.005779689420985041
-15095460248001667e-21
5723213941694197e-21
-7534989077215602e-20
13664779697910936e-21
-37858683176585272e-22
-8034000529596945e-22
-.005140929286731197
-9189377701828996e-22
-.003382821551625028
-.0021191481769926046
-.005133571791335022
.0018036022355742561
.004921797585630618
10699744154569195e-21
-24294453775322674e-21
21900368632827907e-21
0
0
.0014260892500367749
-.003317481618350928
-.021347665467900748
-5493632453238235e-22
.01819287656318905
-.005236745964485587
5341967060910681e-21
0
0
13952805712591493e-21
-15702690411283648e-21
2351879775671657e-20
-.004434645343367685
1746565820301677e-23
-7813562887409275e-22
13511538537533583e-21
13671458596857324e-21
5739394485066721e-21
5726202295946614e-21
1432311027975131e-20
-.0018523958666556823
-.0026166196926832074
.05270140965150596
57898413672612265e-22
-9287670495500825e-23
14099387504994254e-21
-15633934340926793e-21
-7450771041453222e-22
16638450935550675e-21
-.008641604064386495
-10524905553127334e-23
5496182805223785e-21
45827454536400624e-21
-.00062941633648369
-.00013498469624671544
6336992527785549e-22
9554481829936893e-21
-.01014410307822694
0
0
0
0
0
0
0
0
-.008770253991978148
-.0006147636221017765
.2034041977792856
.0006250775035944174
-.004262989918430866
-7820128298697071e-22
-.004961431723708418
0
0
7627119883956674e-21
.16147752599753618
-33132282190172705e-21
.001289954122114135
-20842388718762153e-22
-26302686888134154e-21
-.013123806366362421
-.03832837526121402
-.013378052075654656
-6607835101027124e-22
-.0037136749158786213
-30087281763318114e-22
-.0003275751752335985
7080147506943393e-21
25311329314648694e-22
-.0051578808426048905
13624010007752953e-21
.002263875289707342
8089963813428493e-21
.0021336440496968253
-.0047545563995448365
.011731714786752922
-7678699088686943e-20
14157583791411663e-21
.00019884747646793904
-15553782815287034e-21
-.003799685442287902
5462707181839774e-21
-.06749341982048578
-.0033797972368086616
0
0
0
0
0
0
-.0010020037047757525
-.0008972738610609321
-.0021955962921129672
0
0
0
-.008611588973717645
.00227238918562933
19431671248770747e-21
-.0005179714864873236
.003222514688107836
-.010974196397870875
-4522921775000661e-21
-.028445355059242172
.00047154405055180586
-14657428626892435e-21
-.034844618686542116
-15700370386083816e-23
.002368368134209301
.00013124927365557257
-.00011208094485573864
.0006967619519407771
-8321830425584396e-22
-.1907234216681048
1396461617213306e-20
0
0
5910407211826616e-23
14150504565327431e-21
-.0002905075174480391
-.00022912093646869564
24850203995126893e-21
1579966584668634e-20
18735635490258018e-21
-.004937157762429654
.0001402525656898353
.00012574694448819548
13171793353862756e-21
1461798692724859e-20
2539071138934048e-20
8662924055284198e-21
-27394587246355733e-21
14199896428341399e-21
3412321054455021e-20
5068732116976117e-21
.010498859496274505
-.07705737683616042
-.003299399436131252
-.13908526314036615
.213530404258009
-.00632919471968944
-1407104378890906e-20
.0032207724254575626
-.0012194573122916717
.05113947377338954
-.08649041085057523
.07199311557473996
-.0021486408859336097
-.009095688866014365
-.004821259780021064
.015408134155626077
-.005485702387988504
-.009580550574613739
-15394774702107842e-21
6932784360100979e-21
-13300594334452538e-21
0
0
0
.0008854282498150123
-.007440206657681001
-.00453335263823119
28966230100662825e-21
.05111620491047411
-.001142284832836103
-.028272409057505696
-.002175685046634945
0
.010952697788608632
20850276573305824e-21
8428735788421346e-20
-.003471763730061867
.01016862863089699
-.003377496230846048
.03937299151682421
-.27738447118341425
-.11061586488925591
-.012310875686747968
-.0023834547962745646
-.006321669622090225
.11315210985462018
-.001394014979541835
-.002703251320406188
-.09635297709175047
-.002066788515553976
.00010235304475361049
-3856640458132868e-20
-.02917005738646668
.002356433338536638
16591404060398714e-21
.0025572949831058887
-.00048075168462727584
-.004843317503452973
.0020447101171438237
.0005829143796052355
11719080596341301e-21
-.003533593794345944
.002260098736391983
.07747529842602298
-.0013420879492372628
-.005037433710984239
-.01178627283657927
-.0025351190845821566
6946622342536984e-21
.09679836174652671
-.4143059717410319
0
-.003792952539164391
-.003181878632903747
-.004172687884294921
-.010338627498785941
-.0007628254584879416
0
-.0050747720212338775
.01851817162112329
-.012909641141531392
-.003233110074813072
0
-.0017134173531765523
-.0036146707642275553
0
.1553667193524512
-.006042826275702629
.00019428201924113513
3108600898497135e-20
0
-.00360942577791817
-16444845034868405e-21
0
0
0
0
0
-.003025691764670945
0
-.003704514272281178
-.007284661053427727
-.003496942495159035
-.004035585433219755
-.0030291032485285606
-.00010150514482601584
-.008861350849643509
-.005740521174592856
-.0033578837375843936
-.0001592295000959471
14111468971215451e-21
-.005225007610287121
.002300943336032116
-15533235308416322e-21
.0023082135254418766
.002256775570779846
-15683996497647313e-21
0
0
-.0007453769543721222
-.003952083565949637
.013237636196139118
-.1655099054993975
.01086730316966137
.0017551614375078252
.07748883367169322
.012753614322793939
-.00016921215699360626
.0016823880549684633
2591172201985232e-20
0
-.005540481021881544
-.0031335540865329047
-9045395146625214e-22
0
0
0
0
0
5739964165376562e-20
23228455992847755e-21
.001874718254286377
6375080003006398e-21
-.005184013084204557
-.013351642484778943
-.0033291694704257525
8419154760418138e-23
0
-.007312776809095123
-.0001013327019467355
-.00025031644261500643
-.0002703275940987437
2748219786970273e-20
-.00038132025124820333
-.0057042508964670925
-.00020448026409044718
-.00028988100374379474
14107649568334789e-21
-625325897569155e-21
-1560302270653822e-20
-7345300326727266e-22
3005029218296144e-20
-15119964799098644e-21
-7592537004710167e-22
-.00021800187194183563
14168535234897919e-21
-16402264511591805e-21
6412570916828417e-21
-.0008252026723145922
-6852197605823482e-22
-7298473377251781e-22
-.0046152802948442664
-46527062382529874e-23
-8115611099727259e-22
-7208773055490667e-22
6289062251755504e-21
0
0
0
0
-.006872309739827741
-.00687291679941283
-82999522701383e-19
-16920998801562617e-21
22352239160916186e-22
-.0002577972283685282
6785028398032949e-21
-.004233484513895922
1465119986484036e-20
-8037630516721566e-24
3536666303857651e-20
9678001011686927e-24
-20622048153594052e-24
13807102467215841e-21
.0005123364942919282
-.0032995144651186653
-8305906327338568e-22
5740721435469933e-21
-.0002086659198439482
-.004588725729840934
-.11498711812894494
.04980666056653126
5907592012929461e-20
-.0004355324630366558
-.0035944191515795295
-18139023703830864e-21
.00012987960370092376
.0023048909114352333
14252990508405263e-21
0
0
0
0
0
0
0
0
0
0
0
0
0
0
0
0
-.0005578706604302125
-26914894213323044e-21
-.03753459995593341
-.0053833093226557365
1968355259986853e-21
-702419612660353e-21
-.0002535231682714773
-14914022373883042e-21
-15629687799160022e-21
.08416184997131489
6644897627829928e-20
6362644090095891e-21
.0023039062378456807
-7529857609074727e-21
0
0
0
0
0
0
0
0
0
0
-29552702885803214e-22
-6635243179552274e-22
-8308817482246852e-22
-.003944891529319024
-3633426540310177e-21
14136173223609827e-21
-15720573038399293e-21
20693124711422264e-22
14148298605625592e-21
6382326109109987e-21
23179202926858195e-21
2304232224904321e-20
-79776496310944e-20
0
0
0
0
0
6347107375385299e-21
2291214312147918e-20
-24879453301123213e-24
-1556600619886541e-20
.05141669220140119
1845533461054547e-20
.0014824205423328344
-14336126227853745e-23
-1563126772765352e-20
-.004286747675200561
-.585919949842776
14353987706047269e-21
14107304482643795e-21
5579042779709536e-21
0
0
