0
41.483797071163394
.16793798521178205
.2985656484347422
10.628509357041727
.34813215769138767
6.358877003829004
.19133469189699634
.0028104650552458225
.35523502401410223
.02892147682985112
8.536917534791524
.8078344958334902
.6042737209755181
.009582830097985022
7.989153537918112
1.0831107442520869
.0038062379769189265
.0779386614937447
.004072701442641462
.001736653260118299
.042612708909247184
.00013591965379945628
17133120950737876e-21
.2787697073509464
0
0
.005312038811466094
.006837087318851645
.005967795413300444
.002406263410100385
.0001601557099423974
.014103593880872872
.001335809083570225
.010509983111258581
3532788761414556e-20
.0004959302671157337
.0026528352704701507
.0005131654382576567
.005287085045441543
1580187834130786e-20
8.6150984597762
14.863859090001178
.0063531707110709825
6195644057891284e-20
.12789541440676608
.007936379199749821
.0072117072563831755
.39937697453682786
0
.44516229937182067
0
4.062007976004062
18.9110446212138
0
0
.006914163511022244
3.2650971755975364
13.278471870750492
0
0
44.510053410375974
28.546131109352924
9.351280079474854
.0025751587518077603
.0006527543815268474
.0013959410517701595
.006470866519255436
0
0
0
23.70980887190545
3.115630933211233
9.380037855012485
16.26695223784216
.0015455219678380202
.008064119217573454
.00037447714813747723
2.1961680820761904
.00035666342324616415
.003171874640240857
.011647103861454408
.0015155367424663354
.8639847350692026
1.321034683339278
.00012637021894808563
.024371684437660388
1.2405742442835392
1.7577240414595727
3.3799175830292123
.0034121713628376448
.00041352082349009785
.6057484845501635
.7874185985235581
0
.5146415606281509
.8047414050123682
1.9563950878802379
2.3945079592594953
0
5.687211444724225
1.9135052598859004
.5663152378749621
1.1818340393467608
.9622477928845636
.0008678894308932612
50
8.33527768451324
.41401609771349923
.07215174960744898
0
0
0
4.462389200290367
.010088869260033096
.0005055116216872633
.5422550800741206
.0012764731776964177
.00026164123195608147
.016668967906119915
0
0
0
0
0
0
0
0
0
0
0
0
0
0
0
0
0
0
0
0
1.9166977891570751
0
0
0
0
.5901484337662439
1321.0820015111326
.004662746866696977
.10675735949271818
.01915290973394938
.23767536443109624
.5619790514027727
.9845567320983899
1.4524343614537811
1.4903766345035194
.008235912439877839
6.098501347978789
5.9172572903463125
.1400293516372403
.35487431271671693
5.62024350491622
3.7820927169647143
0
0
.02
.02
1
8
.02
.02
.02
.02
.02
.02
.02
.02
.02
.02
.02
.02
.02
.02
.02
.02
.02
.02
.02
.02
.02
.02
.02
.02
.02
.02
.02
.02
.02
.02
.02
.02
.02
.02
.02
.02
.02
.02
.02
.02
.02
.02
.02
.02
.5
4
.02
4
.25
.1
.02
.02
3
.02
.02
.02
.02
.02
.02
.02
.02
.02
.02
1.5
.02
.02
.02
.02
.02
.02
.02
.02
.02
.02
.02
.02
.02
.02
.02
.02
.02
.02
.5
.5
.25
.02
.02
.02
.02
.25
2.5
.35
.02
.5
.02
.02
.02
.02
.02
3
.02
.02
.2
.02
1
.02
.02
4
.02
.02
.02
.15
.02
.02
.02
.02
.02
.02
.02
.02
.02
.02
.02
.02
.02
.02
.02
.02
.02
.02
.02
.02
.02
.02
.02
.15
.02
.02
.02
.02
.02
.02
.02
.02
.02
.02
1
.3
1.5
.02
1e-12
.33
.33
1.5
1.5
1
1
1
1
