2.993593556875866
.005819293266501148
.00022558815865965853
13952211454739917e-21
4873906779461507e-28
.0007552760210170317
7.056429834913454
.6828472232744933
.04341960482959669
.01613057777081016
.06752869706806564
.780746288146659
.7426815723008674
.05512444128282485
.0010410275228522564
.007329421837327192
.001033468203326377
.0021035153087750483
.07344947486441845
.004568516673483914
.0019434145905908708
.0028627894546541847
5258063891653447e-20
.0019661040555625114
.07177017175614853
4.014772810857374
66264107016285615e-22
.005604484131580993
.006330418811315573
.005661865414715082
1401058627980007e-21
.00015084834303457305
.013283931311249489
.0012577085941304963
.009899201018206396
31649059541930644e-22
.0024610638175758767
.002497179953585224
5079164779177854e-20
.004965182335916505
5242590276561018e-21
.005660005154899035
.005659615032920022
.019571199055777158
.0006059497828803972
.11674927781848984
.007968668806761713
.00048396695621512505
.027714402344255287
.07649915495407025
30383224055638885e-22
.14804783122121765
25562421234825738e-21
9.047908331129404
8.713179596018596
1.1871528838439753
.006414579667242128
.0007553492303678845
.0008367249312114328
.19830339986583023
.10531207803750975
10.085419241655117
8.025208090525018
2.695286594212517
.0017024196646173997
.0003566874210225677
.0013591446867127807
.005887998148849623
.007884082947905853
3.725914960639175
.0008096288658809554
10.085419241655117
2.9362361811941775
9.642517096396487
9.262207751829088
.0014526766467632501
.0088551190157302
.00016239522208503628
2.172933118381748
.00019393450805846793
.0017057897535715089
.011105714998857937
7000883276167953e-20
.6855379732566793
.0437701983860452
14681409823006542e-21
.0005023039011750355
.3803251731807136
.356716035532422
2.6039838793164294
.0001164822444466472
.00036163875640600577
.6201982815358471
.8032116202252478
.12027363963074343
.0002660416068042588
.17740086321585288
1.143282971692946
.9565986886068901
.07303207599822541
1.2093526123208693
1.8806601743410256
.018839519262720275
.022098511214590832
.00010632986348875601
.00014376729168149067
3.5691872501345063
4.413885363194892
.4490455749969203
.0038960734276725743
.00012621607373544346
16785325512545187e-22
5095948142447644e-23
.04523243607665806
.015147872155190001
.0004764196986759426
.3666581875939902
26367150337492757e-21
.00021484266364149695
.02646486127174942
6705495682010218e-22
0
0
0
0
0
0
0
0
0
0
0
0
0
0
0
0
0
0
0
.06970669549686277
0
0
0
0
.2825359915563714
1244.3075964858733
.004391772304887359
.10055317780850341
.018039842378823456
.22386291019094565
.020214786874840233
.3996265681962246
.014705843332250192
.3866101350057064
.004855098803143361
2.2930807615084485
2.21407005506239
.0019965000918499144
.004953376234975196
.48134078469628855
.33125134887388547
.21202780267906424
.3286984359623273
.018837704170710977
.018837704170710977
.050107661445229226
31378024639004686e-26
.018837704170710977
.018837704170710977
.018837704170710977
.018837704170710977
.018837704170710977
.018837704170710977
.018837704170710977
.018837704170710977
.018837704170710977
.018837704170710977
.018837704170710977
.018837704170710977
.018837704170710977
.018837704170710977
.018837704170710977
.018837704170710977
.018837704170710977
.018837704170710977
.018837704170710977
.018837704170710977
.018837704170710977
.018837704170710977
.018837704170710977
.018837704170710977
.018837704170710977
.018837704170710977
.018837704170710977
.018837704170710977
.018837704170710977
.018837704170710977
.018837704170710977
.018837704170710977
.018837704170710977
.018837704170710977
.018837704170710977
.018837704170710977
.018837704170710977
.018837704170710977
.018837704170710977
.018837704170710977
.018837704170710977
.018837704170710977
.018837704170710977
.018837704170710977
.11192310805161883
25271108380366628e-21
.018837704170710977
25271108380366628e-21
.11828093239493552
.07412929746612916
.018837704170710977
.018837704170710977
.0003777280940709673
.018837704170710977
.018837704170710977
.018837704170710977
.018837704170710977
.018837704170710977
.018837704170710977
.018837704170710977
.018837704170710977
.018837704170710977
.018837704170710977
.0168254060044011
.018837704170710977
.018837704170710977
.018837704170710977
.018837704170710977
.018837704170710977
.018837704170710977
.018837704170710977
.018837704170710977
.018837704170710977
.018837704170710977
.018837704170710977
.018837704170710977
.018837704170710977
.018837704170710977
.018837704170710977
.018837704170710977
.018837704170710977
.018837704170710977
.11192310805161883
.11192310805161883
.11828093239493552
.018837704170710977
.018837704170710977
.018837704170710977
.018837704170710977
.11828093239493552
.0014056328179451526
.12275317084305193
.018837704170710977
.11192310805161883
.018837704170710977
.018837704170710977
.018837704170710977
.018837704170710977
.018837704170710977
.0003777280940709673
.018837704170710977
.018837704170710977
.10990305679898756
.018837704170710977
.050107661445229226
.018837704170710977
.018837704170710977
25271108380366628e-21
.018837704170710977
.018837704170710977
.018837704170710977
.09573617842390822
.018837704170710977
.018837704170710977
.018837704170710977
.018837704170710977
.018837704170710977
.018837704170710977
.018837704170710977
.018837704170710977
.018837704170710977
.018837704170710977
.018837704170710977
.018837704170710977
.018837704170710977
.018837704170710977
.018837704170710977
.018837704170710977
.018837704170710977
.018837704170710977
.018837704170710977
.018837704170710977
.018837704170710977
.018837704170710977
.018837704170710977
.09573617842390822
.018837704170710977
.018837704170710977
.018837704170710977
.018837704170710977
.018837704170710977
.018837704170710977
.018837704170710977
.018837704170710977
.018837704170710977
.018837704170710977
.050107661445229226
.12220555567951309
.0168254060044011
.018837704170710977
9999999999970063e-28
.12287983538534179
.12287983538534179
.0168254060044011
.0168254060044011
.050107661445229226
.050107661445229226
.050107661445229226
.050107661445229226
