.01865566973597559
-.033033712189370526
-.0014757617357153067
.08754345409304304
-.010986982682785099
-.00011564376267248421
-.0014034134635140987
-.03027090470922357
-.0018233215320910359
-.0016156433930893668
-.0002780063405977588
-4013800799381884e-20
-.001422735248988903
-.0005060209352637984
-.001395889241385541
-.030054070026673187
-.044021875527536405
-.0009248073552756091
-.0005111394472799692
-.0015671581454124446
-.030559207961058456
-.026628650362823515
-.0008402293241578666
-.03228696308363828
-.05526899440122502
-.026626374317991166
-.0010927533298772318
-.0005594184733288552
.0001322319379447287
-.001090445978407139
-.0014026469471635954
-.0006533944336921231
-.0011233739927634723
-912390403799547e-19
-.0016395238349670327
-.0016402333715677259
45538897107466205e-21
2058093164765999e-20
-.000510692535221335
-.00013538179637285369
-.002527934584510359
-.026298902653272373
-.0013793427360166012
-.0012592102214066148
-.001208969861542057
-40493410114044e-18
-.0011171776422752929
.020223886127583687
-.0033610459863679756
-.1607132611805054
-.030420886533535488
-.030583918034866323
-.04211683290932991
-.0014326439739821303
-.0005043470786519388
-.0021852514230038846
-.02816047689694237
-.0026105597062922696
.00022675155222854352
-.0013671745627322825
.028437727773570745
-.03082050252638209
.05814673131655904
-.0017127874341268936
-.0017368640323727252
-.0013973738054082762
-.0004629537562282352
-.00664967510218094
-.000671897690511573
-.0007949206667795276
-.0016032161745875401
-.030222682199453885
.13403279123025408
.0023239581853953576
-3284780161958119e-20
-.0017814859899622014
-.0006769837182187795
-.030339753382743393
-.00032438343232429824
-.0016450782945790342
-6955273144685246e-20
-.0028023583351577423
-.01253877224586742
-.2530639082453546
-.0012635816593206794
-.0008811926262960608
.2866800923328778
-.21983876995956117
.1862112603849252
-.0008296556569270042
-.00012101108375431891
-.22839917457734285
-.05125467908578802
-.0024403692576127774
-.04658962975504717
-.00786712932437612
.0024766985170734533
-.0007541940199952503
-.00176929092440776
-.10625731329573415
.07406878665908127
-.09020733074537268
-.22268559420297193
-.02602878261883575
-.0008616197129553251
-.02931120038437985
-.08236750839299581
-.0014531037263362343
-.028147963990768767
-54070598937757404e-21
-.0015891670137298873
-.026052389771161463
-.031453297533139184
-.0010505820664258449
-.0009752346517838382
-.03805641210969267
-.0024244908690682224
-.02662874351896901
-.00045761169881721966
-17158685403140186e-22
0
0
0
0
0
0
0
0
0
0
0
0
0
0
0
0
0
0
0
-.03478216466312196
0
0
0
0
-.2638251224928334
-.0012667053603021086
-.001570681269056401
-.0013985767527244272
-3934706530698756e-21
2412025035130994e-28
-.01397085239959069
-.26352212537660225
-.001571841337079895
.0037239944664080667
.7736411879587989
.0025736113346374427
-.030362061178629895
.0023040218610464696
.0071124408741024304
-.0035484833080657334
-.0028958365355626105
-.0013429189842691614
-.025869734704446565
