0
40.13537599918808
.15948647470010532
.2649731124056508
12.055126268470243
.38455855975322784
5.718301009040782
.1859051235401612
.004942586172600219
.3045839534000063
.027623628746988257
8.377379235530926
.838117489351577
.5796873966483739
.008443623769639214
9.00797434189453
.9861150911590145
.004373969896673483
.07373371008603374
.004393183419970112
.002032932075384025
.04271641064893119
.0001113593449825565
23692085448742235e-21
.30857943950949457
0
0
.005092821263528996
.0064259089821923545
.005392002245559485
.0026292472249817254
.00019174979468800004
.014786808891048123
.0011525146415982664
.010055185262543644
3352515861283525e-20
.0005180265840056788
.0028295344687859296
.0004775599507681789
.00519213138640439
15350406801220236e-21
8.395787722612228
14.089653471351316
.006631712959177163
6823413920900848e-20
.11057147794892916
.007554930162106175
.0075506408773587455
.37411911810545856
0
.4381164292538208
0
4.02420441787948
18.653405770291357
0
0
.007524920148668821
2.9302534642584015
15.206008107135201
0
0
41.00726260139971
25.48872495737577
8.631600370662976
.002511855455978032
.0005193821445016411
.0014954497051743387
.006542833916049348
0
0
0
21.81843121862122
3.408758984768032
8.975029450983795
17.43488676430645
.0014678839627392413
.00747430016088076
.0004555768769323348
2.0612883448310995
.0004220535003138177
.0034639152324760355
.011783883768400047
.001812226090878375
.9077412932336568
1.4914393225888798
.0001466786046695753
.024223105118008726
1.3158085523058702
1.7278664940439634
2.949630171385831
.003985770991350892
.0004205718953473383
.6799105952588088
.7875188826784908
0
.5150977680722084
.7655174516769444
2.0418643870285966
2.584825146837753
0
5.930189422527369
1.9276883072681708
.5765009814128859
1.0698347496916814
.9779628040973516
.0009239272694328873
44.281503467939
8.55986591386255
.435043570051046
.07241976315673569
0
0
0
4.693494923003171
.010687709767977657
.0004776344593637997
.4864216895568303
.0014022288736893823
.0002804568974558618
.015852097500227105
0
0
0
0
0
0
0
0
0
0
0
0
0
0
0
0
0
0
0
0
1.8329841289418836
0
0
0
0
.6293582704329848
1286.8124883556804
.004380223334942686
.10393890432210655
.018705930029858753
.22201822016211376
.4847516697788136
.9299804836210745
1.3502730513020378
1.5181993635683984
.007627459165073619
5.848110307180293
6.4100392726045055
.12440487270533604
.36100297944170073
5.568438395790324
3.634846787219769
0
0
.02
.02
1
8
.02
.02
.02
.02
.02
.02
.02
.02
.02
.02
.02
.02
.02
.02
.02
.02
.02
.02
.02
.02
.02
.02
.02
.02
.02
.02
.02
.02
.02
.02
.02
.02
.02
.02
.02
.02
.02
.02
.02
.02
.02
.02
.02
.02
.5
4
.02
4
.25
.1
.02
.02
3
.02
.02
.02
.02
.02
.02
.02
.02
.02
.02
1.5
.02
.02
.02
.02
.02
.02
.02
.02
.02
.02
.02
.02
.02
.02
.02
.02
.02
.02
.5
.5
.25
.02
.02
.02
.02
.25
2.5
.35
.02
.5
.02
.02
.02
.02
.02
3
.02
.02
.2
.02
1
.02
.02
4
.02
.02
.02
.15
.02
.02
.02
.02
.02
.02
.02
.02
.02
.02
.02
.02
.02
.02
.02
.02
.02
.02
.02
.02
.02
.02
.02
.15
.02
.02
.02
.02
.02
.02
.02
.02
.02
.02
1
.3
1.5
.02
1e-12
.33
.33
1.5
1.5
1
1
1
1
