1.484522049190608
.7168286125165655
.01345465308742883
.0022771029662052534
6287097890216972e-21
.03735203116942997
6.694528678301847
.6365105800470819
.057200070003199606
.05284588641364201
.06877232424805754
4.5667925149562345
.7983176990399938
.3240803173764403
.0049391599896665885
2.370538331031021
.25670033040502954
.0036734438369642676
.07172723675334731
.0047253362313133835
.0021817652483607187
.00921380935430542
.0001515914562540792
.0029298923764654026
.289078308441547
16.462347389664828
.00016441419352576948
.0056837673698604055
.006178209587771234
.0052673616601695995
15502203766490979e-22
.00018614038138146865
.014354212107828493
.001118584423410141
.009761033041598494
1862233806369554e-20
.0022089093804066135
.0027459887934597614
.00027399484501931505
.005032581740327386
29528155177035385e-21
.0053211555236966366
.0056478564763518
.020234406219762087
.00036395418458278736
.10484818302314895
.007780475706792906
.0009570891185277006
.04867248049927167
.28375812682008805
.001241135177996522
.527896422092782
.01022275582594741
12.576069263223276
11.73456386127533
1.407397951259735
.00725998109706147
.06524066238249113
.07132426603085314
.20078628633586273
.12486763988132844
30.20637267745856
23.97392604303218
8.394364375416705
.0023840011808752507
.00044924810829951087
.0014871716841144435
.006294358247359739
3.493963675032563
7.5809214201485515
.02106507199296444
20.952874685334088
3.3124814693074125
9.511015062194858
19.576350179112477
.0014236321996259518
.00848138398241483
.0005918428185391794
2.1170965034696785
.00035146382511846356
.0028766295061651557
.011540961732394427
.0003984472378900829
.9824433183189761
.6902385227729328
31214336839139504e-21
.007023068479553081
.9252727646477406
.8350359144129488
3.456023647183307
.00017772028755571882
5639638006154351e-20
.7169656635633878
.847832917588054
.07917780645523013
.011214294515467932
.299579604056165
1.6217768171131632
1.5052839512622205
2.182041101357589
1.533790452059653
1.9816710859621973
.027761885360909944
.03232507082072064
.010174438561461182
.00022068919567684
6.293407132326373
6.34478883809391
.5145993182435479
.020598511670038667
.004108151581585294
6284839423882112e-20
.0005260947317691021
.08602643334765117
.022002166505088416
.0008177213495049768
.41261277733468565
49535537068654184e-21
.0002933269189281445
.03440140760025568
23925168211041957e-21
0
0
0
0
0
0
0
0
0
0
0
0
0
0
0
0
0
0
0
.7499566213714441
0
0
0
0
.5976550067501634
1249.1680632304308
.00425208423864372
.10089827459807131
.01815870656973599
.21552329697714093
.10024174388640972
.595266010352381
.13954735271252122
.43326347949293437
.006292057573172246
2.9627133300069683
3.448124181522831
.01485619005864724
.04277828906131867
.8660328190968688
.561627894863041
.29897052796532625
.4137370675792862
.01941491980430882
.01941491980430882
.22661061793300505
5558373919228643e-20
.01941491980430882
.01941491980430882
.01941491980430882
.01941491980430882
.01941491980430882
.01941491980430882
.01941491980430882
.01941491980430882
.01941491980430882
.01941491980430882
.01941491980430882
.01941491980430882
.01941491980430882
.01941491980430882
.01941491980430882
.01941491980430882
.01941491980430882
.01941491980430882
.01941491980430882
.01941491980430882
.01941491980430882
.01941491980430882
.01941491980430882
.01941491980430882
.01941491980430882
.01941491980430882
.01941491980430882
.01941491980430882
.01941491980430882
.01941491980430882
.01941491980430882
.01941491980430882
.01941491980430882
.01941491980430882
.01941491980430882
.01941491980430882
.01941491980430882
.01941491980430882
.01941491980430882
.01941491980430882
.01941491980430882
.01941491980430882
.01941491980430882
.01941491980430882
.23801818377074563
.010547984075612407
.01941491980430882
.010547984075612407
.17248847205413245
.08620412075186537
.01941491980430882
.01941491980430882
.03491076251920314
.01941491980430882
.01941491980430882
.01941491980430882
.01941491980430882
.01941491980430882
.01941491980430882
.01941491980430882
.01941491980430882
.01941491980430882
.01941491980430882
.16181231631266552
.01941491980430882
.01941491980430882
.01941491980430882
.01941491980430882
.01941491980430882
.01941491980430882
.01941491980430882
.01941491980430882
.01941491980430882
.01941491980430882
.01941491980430882
.01941491980430882
.01941491980430882
.01941491980430882
.01941491980430882
.01941491980430882
.01941491980430882
.01941491980430882
.23801818377074563
.23801818377074563
.17248847205413245
.01941491980430882
.01941491980430882
.01941491980430882
.01941491980430882
.17248847205413245
.06111384217876724
.20816903900780137
.01941491980430882
.23801818377074563
.01941491980430882
.01941491980430882
.01941491980430882
.01941491980430882
.01941491980430882
.03491076251920314
.01941491980430882
.01941491980430882
.14862300869217734
.01941491980430882
.22661061793300505
.01941491980430882
.01941491980430882
.010547984075612407
.01941491980430882
.01941491980430882
.01941491980430882
.12005584226232346
.01941491980430882
.01941491980430882
.01941491980430882
.01941491980430882
.01941491980430882
.01941491980430882
.01941491980430882
.01941491980430882
.01941491980430882
.01941491980430882
.01941491980430882
.01941491980430882
.01941491980430882
.01941491980430882
.01941491980430882
.01941491980430882
.01941491980430882
.01941491980430882
.01941491980430882
.01941491980430882
.01941491980430882
.01941491980430882
.01941491980430882
.12005584226232346
.01941491980430882
.01941491980430882
.01941491980430882
.01941491980430882
.01941491980430882
.01941491980430882
.01941491980430882
.01941491980430882
.01941491980430882
.01941491980430882
.22661061793300505
.19217873681022396
.16181231631266552
.01941491980430882
9999999999985159e-28
.20218848940301037
.20218848940301037
.16181231631266552
.16181231631266552
.22661061793300505
.22661061793300505
.22661061793300505
.22661061793300505
