1.5090342473982232
.6359013428039257
.012456046741373095
.002061178809552442
4787201631496249e-21
.034720555701680686
6.689385729598964
.6375200626873069
.05738881288358699
.05028847885258463
.06878108499411421
4.296342477074452
.7977757614804211
.3051811757598926
.004666047142065727
2.190857948379577
.23631562641750986
.0036639728483622864
.07169099452343079
.004728557393879428
.00218319404491172
.008826076596240313
.00014552127300268477
.0029274483499736716
.2763571843870043
16.64005527734204
.0001600403680891676
.005679981528544269
.006174442368285174
.005265047801964376
15463229204493733e-22
.0001860491501133159
.014347176380074256
.001118032244687378
.009756248961447195
17523974887375625e-21
.002213946090689627
.002744628798910006
.0002585058975644415
.005029994834142316
27759496849789883e-21
.005307657337820048
.005561191927057616
.02032273443812836
.0003683562855593995
.10478797459911882
.00778086443841276
.000946354179109351
.047911953462985976
.2766990475845765
.001124062150164345
.5261298174870073
.009274333950430124
12.508343394419517
11.687834456730185
1.4051063669107489
.007256066985735017
.0606685619693262
.06631050500460914
.2003911930086168
.124683055436516
29.87954336802369
23.679688835579107
8.31931048110788
.0023800539699577366
.0004465394195804046
.0014906213063680222
.006272218812965554
3.1790832972958913
7.4811470733396215
.020289032098090236
20.942515549060396
3.310824420659155
9.49537393472537
19.566861121471504
.0014228593664641549
.008481911956397789
.000591542100754211
2.11696098886774
.00035052280971777414
.002868903531959962
.011536135587125594
.00038173973123501397
.9820365682666594
.6672467981681305
3095648774035055e-20
.006740167067985691
.9184850549047665
.8303264950959779
3.4429342969095003
.0001757913074650808
5787760176753629e-20
.7158234141754959
.8486918828826083
.08032832712497404
.010589182882878316
.2980639776070438
1.619220596278123
1.5000784327764127
2.103307029421244
1.5302537193505652
1.9805236533138364
.02752874390474298
.03190649198361408
.009463567603373855
.00021949853077360697
6.22276212749007
6.3127114823492
.513889069244876
.02015747346174592
.003958373003247541
6036029322246402e-20
.0004619507677903023
.08475941973946594
.02192177420967342
.0008141667473262913
.41108141754783034
48892639343055554e-21
.00029349334455769876
.034268547556628
23072707833316227e-21
0
0
0
0
0
0
0
0
0
0
0
0
0
0
0
0
0
0
0
.7319290282192129
0
0
0
0
.5944276234370566
1248.5558162146845
.004250000190898311
.10084882195087758
.01814980655521082
.21541766387677427
.09768488135709222
.5911229001754132
.13447485862542163
.43244516208695055
.006283348413647263
2.955712660312716
3.434145661032099
.014394433282624837
.041428423256394
.8618377079306422
.5591042795447431
.2983898405395533
.41293414057585354
.019405404089761654
.019405404089761654
.22112341993755222
4568605448281782e-20
.019405404089761654
.019405404089761654
.019405404089761654
.019405404089761654
.019405404089761654
.019405404089761654
.019405404089761654
.019405404089761654
.019405404089761654
.019405404089761654
.019405404089761654
.019405404089761654
.019405404089761654
.019405404089761654
.019405404089761654
.019405404089761654
.019405404089761654
.019405404089761654
.019405404089761654
.019405404089761654
.019405404089761654
.019405404089761654
.019405404089761654
.019405404089761654
.019405404089761654
.019405404089761654
.019405404089761654
.019405404089761654
.019405404089761654
.019405404089761654
.019405404089761654
.019405404089761654
.019405404089761654
.019405404089761654
.019405404089761654
.019405404089761654
.019405404089761654
.019405404089761654
.019405404089761654
.019405404089761654
.019405404089761654
.019405404089761654
.019405404089761654
.019405404089761654
.2351188131023246
.009562851587033993
.019405404089761654
.009562851587033993
.1714346862737242
.08599307426878065
.019405404089761654
.019405404089761654
.032435664339967606
.019405404089761654
.019405404089761654
.019405404089761654
.019405404089761654
.019405404089761654
.019405404089761654
.019405404089761654
.019405404089761654
.019405404089761654
.019405404089761654
.15597080230380775
.019405404089761654
.019405404089761654
.019405404089761654
.019405404089761654
.019405404089761654
.019405404089761654
.019405404089761654
.019405404089761654
.019405404089761654
.019405404089761654
.019405404089761654
.019405404089761654
.019405404089761654
.019405404089761654
.019405404089761654
.019405404089761654
.019405404089761654
.019405404089761654
.2351188131023246
.2351188131023246
.1714346862737242
.019405404089761654
.019405404089761654
.019405404089761654
.019405404089761654
.1714346862737242
.05748119751332937
.20639073990806567
.019405404089761654
.2351188131023246
.019405404089761654
.019405404089761654
.019405404089761654
.019405404089761654
.019405404089761654
.032435664339967606
.019405404089761654
.019405404089761654
.14789617644405348
.019405404089761654
.22112341993755222
.019405404089761654
.019405404089761654
.009562851587033993
.019405404089761654
.019405404089761654
.019405404089761654
.11961522790048035
.019405404089761654
.019405404089761654
.019405404089761654
.019405404089761654
.019405404089761654
.019405404089761654
.019405404089761654
.019405404089761654
.019405404089761654
.019405404089761654
.019405404089761654
.019405404089761654
.019405404089761654
.019405404089761654
.019405404089761654
.019405404089761654
.019405404089761654
.019405404089761654
.019405404089761654
.019405404089761654
.019405404089761654
.019405404089761654
.019405404089761654
.11961522790048035
.019405404089761654
.019405404089761654
.019405404089761654
.019405404089761654
.019405404089761654
.019405404089761654
.019405404089761654
.019405404089761654
.019405404089761654
.019405404089761654
.22112341993755222
.190770703268517
.15597080230380775
.019405404089761654
9999999999984914e-28
.20055957860727097
.20055957860727097
.15597080230380775
.15597080230380775
.22112341993755222
.22112341993755222
.22112341993755222
.22112341993755222
