1.515162296950127
.6174799395454428
.012220325741978344
.0020110970702981916
4473297393097462e-21
.034102399178803935
6.68809447145523
.6377668199100665
.057424114046350255
.049684064581233756
.06878280143307608
4.230370656996769
.7976414064395051
.30056550413979466
.004599078935442959
2.146954974359505
.2313622643301227
.0036610281138609387
.071681923339765
.004729356276189213
.0021835483339568873
.00873360908695811
.00014407118048696504
.0029262027266707424
.2733311785244906
16.682609204253318
.00015877011788311185
.005679031544357655
.006173500888164307
.005264468881838574
15454548981890306e-22
.0001860263492837061
.01434541798702275
.0011178942422689208
.00975505330782265
172559676142802e-19
.0022151803455302235
.0027442889043383634
.00025471428619675386
.0050293483403468665
2732856332897268e-20
.005304648121406929
.005542653709572068
.020344798928797658
.00036945448094192573
.10477296277068397
.007780925470383225
.000943511054812298
.04771248742766499
.27489074824094367
.00109658560960285
.5256876038084176
.009051317144816093
12.49147708250351
11.676083357099195
1.4045248565513317
.007255092182918808
.059575811112623174
.06511220620032046
.20029087104508841
.12463624884246852
29.797836040664972
23.605400224882768
8.30056637901581
.002378751169416206
.0004457702709508838
.0014914761991169602
.006266496073082185
3.1010175483312548
7.454978087153835
.020081723613530937
20.939925671077617
3.310410250997594
9.49168443357974
19.56449655251445
.0014226658529215414
.008482028795114038
.0005914676767505927
2.1169275082289998
.0003502276764222355
.0028664941592899495
.011534927504429976
.00037767975708966994
.9817618928129668
.6614143778930338
3088532085287681e-20
.006670398535309002
.9166368249679253
.8289996947360442
3.4396451102559302
.0001753088247075515
5880676001036578e-20
.7155537140030578
.8488837850399698
.08060445026587172
.010436923238697398
.2976585847428156
1.618575872848308
1.4987718208095269
2.082207859958422
1.5291038081167712
1.980236586707835
.02746568851273164
.03179764802626047
.009293685161151562
.00021915922810205945
6.204074526361924
6.304646149863392
.5137059177934625
.02004517364655531
.003918304857526023
5969338483937559e-20
.0004468645503956286
.0844320690775812
.021901664163987287
.0008131447769162698
.4106991858572324
4872478532075341e-20
.00029348814474789835
.03423530363758419
228442662306476e-19
0
0
0
0
0
0
0
0
0
0
0
0
0
0
0
0
0
0
0
.7274566907464947
0
0
0
0
.5936226209996173
1248.402801353501
.004249479338581743
.1008364625767183
.0181475822332426
.21539126369225187
.09704607411764532
.5900902666591635
.13323569723515546
.43224526262003066
.006281034979429377
2.9595215187949666
3.43519979357489
.014281023825988594
.04109704316523637
.8607855960887069
.558471400534888
.29824013827372126
.412727091812761
.01940302588994516
.01940302588994516
.21977250811794036
43500338003521616e-21
.01940302588994516
.01940302588994516
.01940302588994516
.01940302588994516
.01940302588994516
.01940302588994516
.01940302588994516
.01940302588994516
.01940302588994516
.01940302588994516
.01940302588994516
.01940302588994516
.01940302588994516
.01940302588994516
.01940302588994516
.01940302588994516
.01940302588994516
.01940302588994516
.01940302588994516
.01940302588994516
.01940302588994516
.01940302588994516
.01940302588994516
.01940302588994516
.01940302588994516
.01940302588994516
.01940302588994516
.01940302588994516
.01940302588994516
.01940302588994516
.01940302588994516
.01940302588994516
.01940302588994516
.01940302588994516
.01940302588994516
.01940302588994516
.01940302588994516
.01940302588994516
.01940302588994516
.01940302588994516
.01940302588994516
.01940302588994516
.01940302588994516
.01940302588994516
.2343995057841618
.00933129465308279
.01940302588994516
.00933129465308279
.1711722472918398
.08594039342994483
.01940302588994516
.01940302588994516
.031844810082859394
.01940302588994516
.01940302588994516
.01940302588994516
.01940302588994516
.01940302588994516
.01940302588994516
.01940302588994516
.01940302588994516
.01940302588994516
.01940302588994516
.1545436762690282
.01940302588994516
.01940302588994516
.01940302588994516
.01940302588994516
.01940302588994516
.01940302588994516
.01940302588994516
.01940302588994516
.01940302588994516
.01940302588994516
.01940302588994516
.01940302588994516
.01940302588994516
.01940302588994516
.01940302588994516
.01940302588994516
.01940302588994516
.01940302588994516
.2343995057841618
.2343995057841618
.1711722472918398
.01940302588994516
.01940302588994516
.01940302588994516
.01940302588994516
.1711722472918398
.056607289727269694
.2059485438540422
.01940302588994516
.2343995057841618
.01940302588994516
.01940302588994516
.01940302588994516
.01940302588994516
.01940302588994516
.031844810082859394
.01940302588994516
.01940302588994516
.1477150244580069
.01940302588994516
.21977250811794036
.01940302588994516
.01940302588994516
.00933129465308279
.01940302588994516
.01940302588994516
.01940302588994516
.11950532721242287
.01940302588994516
.01940302588994516
.01940302588994516
.01940302588994516
.01940302588994516
.01940302588994516
.01940302588994516
.01940302588994516
.01940302588994516
.01940302588994516
.01940302588994516
.01940302588994516
.01940302588994516
.01940302588994516
.01940302588994516
.01940302588994516
.01940302588994516
.01940302588994516
.01940302588994516
.01940302588994516
.01940302588994516
.01940302588994516
.01940302588994516
.11950532721242287
.01940302588994516
.01940302588994516
.01940302588994516
.01940302588994516
.01940302588994516
.01940302588994516
.01940302588994516
.01940302588994516
.01940302588994516
.01940302588994516
.21977250811794036
.19042030975472238
.1545436762690282
.01940302588994516
9999999999984854e-28
.20015440554543157
.20015440554543157
.1545436762690282
.1545436762690282
.21977250811794036
.21977250811794036
.21977250811794036
.21977250811794036
