1.4868583221814966
.7085814669936658
.01335697580237007
.002255387920034885
6125338513117497e-21
.03708977173876353
6.694040083959294
.636608367444514
.05722836310312781
.05259200943646591
.06877329318756169
4.540571568934759
.79826573201618
.3222495870599121
.00491278031921259
2.3531459845525053
.25472163692667804
.0036731681112429707
.07172378549766345
.004725645049266767
.002181902248335582
.00917557185991112
.00015099503955794583
.0029302448053994895
.2878214322540878
16.479716274528258
.00016406652432276732
.00568340754532705
.006177850299797194
.005267141336620176
15498169693405202e-22
.0001861316841436908
.014353541379481588
.0011185317831527
.00976057696679599
1851587157275364e-20
.0022093964106114964
.0027458591424717464
.0002724969817705185
.005032335116895072
2935653589249313e-20
.0053197592881717125
.005638643842722404
.02024282746877833
.0003643743954851988
.1048424331351515
.0077805230987892954
.0009561079275180324
.048602476968348726
.28313727852360626
.001229474485575463
.5277280662975388
.010128325499241765
12.5695963943554
11.730129402147009
1.407181945181487
.007259606889493407
.06479065365084484
.07083082401025079
.20074906273446447
.12485023130877188
30.175222370913378
23.94609046548397
8.387223874963418
.002383963318104498
.00044907788212222665
.0014875023175940291
.006292298977584638
3.4637601976493406
7.5717311167756876
.020994556721626787
20.951887671424135
3.3123235043077703
9.509556609226085
19.57544093331733
.0014235586283220364
.008481438565100044
.0005918137578230739
2.117083430433576
.00035143927224208716
.002876412907415943
.011540502420309327
.00039687624807297487
.9825788516320376
.6881615992597955
3119611175226968e-20
.0069958436958372835
.9247842600166228
.834737009022966
3.454798656914325
.00017753661946405235
5592537801594564e-20
.7168591161041793
.8479303677379184
.07930071961389662
.011155015325846757
.2994631906135252
1.6215347863004854
1.5047891426525901
2.174903106054148
1.5336997304818427
1.9815617871322622
.027744568887164197
.03229013400435391
.010104461964503415
.00022058658631767374
6.286943931293422
6.341801451323043
.5145331675595726
.020559758695243218
.0040945544288999184
626229532364404e-19
.0005197608632003595
.08591889370659812
.021994508709591413
.0008175275505450605
.41246666311260055
49482622638210106e-21
.00029339007410846495
.034388755350267065
23847880415845216e-21
0
0
0
0
0
0
0
0
0
0
0
0
0
0
0
0
0
0
0
.748228845151916
0
0
0
0
.5973520911496414
1249.1096966419
.004251885562694134
.1008935601899382
.01815785811564418
.21551322678725718
.10000611507832799
.5948702611405274
.13905578493665038
.43318365446881313
.006291279592512639
2.955380042039294
3.4413114018417046
.014811604564142962
.04264790868390036
.8656337866885354
.5613878237580726
.2989163987323308
.4136622222424695
.019414012654447303
.019414012654447303
.22608181162536414
54554517754777934e-21
.019414012654447303
.019414012654447303
.019414012654447303
.019414012654447303
.019414012654447303
.019414012654447303
.019414012654447303
.019414012654447303
.019414012654447303
.019414012654447303
.019414012654447303
.019414012654447303
.019414012654447303
.019414012654447303
.019414012654447303
.019414012654447303
.019414012654447303
.019414012654447303
.019414012654447303
.019414012654447303
.019414012654447303
.019414012654447303
.019414012654447303
.019414012654447303
.019414012654447303
.019414012654447303
.019414012654447303
.019414012654447303
.019414012654447303
.019414012654447303
.019414012654447303
.019414012654447303
.019414012654447303
.019414012654447303
.019414012654447303
.019414012654447303
.019414012654447303
.019414012654447303
.019414012654447303
.019414012654447303
.019414012654447303
.019414012654447303
.019414012654447303
.019414012654447303
.23774030837349794
.010449871346940308
.019414012654447303
.010449871346940308
.1723877564297698
.08618398346836495
.019414012654447303
.019414012654447303
.03466693477622788
.019414012654447303
.019414012654447303
.019414012654447303
.019414012654447303
.019414012654447303
.019414012654447303
.019414012654447303
.019414012654447303
.019414012654447303
.019414012654447303
.16124625213611604
.019414012654447303
.019414012654447303
.019414012654447303
.019414012654447303
.019414012654447303
.019414012654447303
.019414012654447303
.019414012654447303
.019414012654447303
.019414012654447303
.019414012654447303
.019414012654447303
.019414012654447303
.019414012654447303
.019414012654447303
.019414012654447303
.019414012654447303
.019414012654447303
.23774030837349794
.23774030837349794
.1723877564297698
.019414012654447303
.019414012654447303
.019414012654447303
.019414012654447303
.1723877564297698
.060757936011632666
.20799888968627256
.019414012654447303
.23774030837349794
.019414012654447303
.019414012654447303
.019414012654447303
.019414012654447303
.019414012654447303
.03466693477622788
.019414012654447303
.019414012654447303
.14855358012964165
.019414012654447303
.22608181162536414
.019414012654447303
.019414012654447303
.010449871346940308
.019414012654447303
.019414012654447303
.019414012654447303
.12001377715017149
.019414012654447303
.019414012654447303
.019414012654447303
.019414012654447303
.019414012654447303
.019414012654447303
.019414012654447303
.019414012654447303
.019414012654447303
.019414012654447303
.019414012654447303
.019414012654447303
.019414012654447303
.019414012654447303
.019414012654447303
.019414012654447303
.019414012654447303
.019414012654447303
.019414012654447303
.019414012654447303
.019414012654447303
.019414012654447303
.019414012654447303
.12001377715017149
.019414012654447303
.019414012654447303
.019414012654447303
.019414012654447303
.019414012654447303
.019414012654447303
.019414012654447303
.019414012654447303
.019414012654447303
.019414012654447303
.22608181162536414
.19204408940403087
.16124625213611604
.019414012654447303
9999999999985136e-28
.20203266820020774
.20203266820020774
.16124625213611604
.16124625213611604
.22608181162536414
.22608181162536414
.22608181162536414
.22608181162536414
