1.484522049190608
.7168292209748108
.013458209359480965
.0022771031130766756
6287102217823305e-21
.03735205660576411
6.694528675315584
.6365105793010516
.05721645149532137
.052845889171804813
.06877232428107678
4.566792399303479
.7983176990399019
.3240803092830623
.004939159459498686
2.3705373560930725
.2566960625857435
.003674538206816812
.0717272368149016
.004725336231246887
.0021817652483307175
.00921380989850618
.0001515889645172028
.0029308462105551458
.289078326407293
16.462347284744936
.00016446624031472374
.005683767366400666
.0061782092530151605
.005267361855645379
15502203715626976e-22
.00018614038138146865
.014354212107828493
.001118584423358349
.009761033041598494
18622337592395037e-21
.0022089093776529118
.0027459887932745437
.00027399483839406766
.0050325817419512005
2952815435486267e-20
.005321155508011404
.0056478564342763845
.020234410273579133
.00036395418456943644
.10484818302417463
.007780475702417626
.0009570856212911088
.04867230240262786
.2838509430277961
.001241115018021013
.5278962560394007
.010222755532007834
12.576069408514176
11.734563856366382
1.4073979508240002
.007259980857727777
.06524066393363134
.07132436732815757
.20078628625512582
.1248676398053701
30.20637267745856
23.973927091770406
8.394339531636586
.002384588966295935
.00044939446438581516
.001487171632847008
.0062943581428044895
3.4939633827728342
7.580921344245985
.021065070827089527
20.95287499318779
3.3124814574137997
9.51085700743781
19.576346890199755
.001423632200734182
.008481383993761221
.0005918425812119046
2.117096410960818
.0003515775538425966
.002877537019664278
.01154096228579733
.00039857576955107496
.9827411839060473
.6904507704025798
31225856619828565e-21
.0070230820107869555
.9255470047682431
.835289391285501
3.4560630489651465
.0001777264222023326
55351570732487826e-21
.716954310041102
.8478598721335682
.07920154478027458
.011217618242857144
.2996289388890416
1.621776723779678
1.5052840337196995
2.1820410887224515
1.5342417528525267
1.9816710887518523
.027771219704438292
.03233501637463962
.010174438683267633
.0002206884880099284
6.293384308690455
6.344922748427995
.5145992405031945
.020604867535654645
.004108151419142755
6284839294905583e-20
.0005262380004838703
.08605332746755752
.02200216618390458
.000817974279067287
.4126127928989842
4955209761946602e-20
.0002934078199896412
.0344014086614603
23925167046513306e-21
0
0
0
0
0
0
0
0
0
0
0
0
0
0
0
0
0
0
0
.7499564384675105
0
0
0
0
.597645979924407
1249.1680632304308
.00425208423864372
.10089827459807131
.01815870656973599
.21552329697714093
.10026082169653495
.5952659934443549
.13954734906603458
.43326312314319426
.006292126349355892
2.9511478231173167
3.4386090712340085
.014856160438173234
.042778206447705615
.866032749507586
.5616278180707184
.2989705383478186
.4137370491175823
.01941491980430882
.01941491980430882
.22661061793297083
555837368538333e-19
.01941491980430882
.01941491980430882
.01941491980430882
.01941491980430882
.01941491980430882
.01941491980430882
.01941491980430882
.01941491980430882
.01941491980430882
.01941491980430882
.01941491980430882
.01941491980430882
.01941491980430882
.01941491980430882
.01941491980430882
.01941491980430882
.01941491980430882
.01941491980430882
.01941491980430882
.01941491980430882
.01941491980430882
.01941491980430882
.01941491980430882
.01941491980430882
.01941491980430882
.01941491980430882
.01941491980430882
.01941491980430882
.01941491980430882
.01941491980430882
.01941491980430882
.01941491980430882
.01941491980430882
.01941491980430882
.01941491980430882
.01941491980430882
.01941491980430882
.01941491980430882
.01941491980430882
.01941491980430882
.01941491980430882
.01941491980430882
.01941491980430882
.01941491980430882
.23801818377074507
.010547984068666041
.01941491980430882
.010547984068666041
.17248847205413245
.08620412075186537
.01941491980430882
.01941491980430882
.03491076251518732
.01941491980430882
.01941491980430882
.01941491980430882
.01941491980430882
.01941491980430882
.01941491980430882
.01941491980430882
.01941491980430882
.01941491980430882
.01941491980430882
.1618123163123839
.01941491980430882
.01941491980430882
.01941491980430882
.01941491980430882
.01941491980430882
.01941491980430882
.01941491980430882
.01941491980430882
.01941491980430882
.01941491980430882
.01941491980430882
.01941491980430882
.01941491980430882
.01941491980430882
.01941491980430882
.01941491980430882
.01941491980430882
.01941491980430882
.23801818377074507
.23801818377074507
.17248847205413245
.01941491980430882
.01941491980430882
.01941491980430882
.01941491980430882
.17248847205413245
.06111384217643716
.20816903900780134
.01941491980430882
.23801818377074507
.01941491980430882
.01941491980430882
.01941491980430882
.01941491980430882
.01941491980430882
.03491076251518732
.01941491980430882
.01941491980430882
.14862300869217734
.01941491980430882
.22661061793297083
.01941491980430882
.01941491980430882
.010547984068666041
.01941491980430882
.01941491980430882
.01941491980430882
.12005584226232346
.01941491980430882
.01941491980430882
.01941491980430882
.01941491980430882
.01941491980430882
.01941491980430882
.01941491980430882
.01941491980430882
.01941491980430882
.01941491980430882
.01941491980430882
.01941491980430882
.01941491980430882
.01941491980430882
.01941491980430882
.01941491980430882
.01941491980430882
.01941491980430882
.01941491980430882
.01941491980430882
.01941491980430882
.01941491980430882
.01941491980430882
.12005584226232346
.01941491980430882
.01941491980430882
.01941491980430882
.01941491980430882
.01941491980430882
.01941491980430882
.01941491980430882
.01941491980430882
.01941491980430882
.01941491980430882
.22661061793297083
.19217873681022393
.1618123163123839
.01941491980430882
9999999999985159e-28
.20218848940301035
.20218848940301035
.1618123163123839
.1618123163123839
.22661061793297083
.22661061793297083
.22661061793297083
.22661061793297083
