0
39.61455303640488
.16677657917211924
.2805694288316362
11.022327184877733
.37458254030216775
5.670973793382249
.19278699871330274
.0029858156033390816
.30871770621074673
.02613528517294425
7.731089458505515
.8142695273664312
.5385543415195598
.008067543902506417
8.243642850786115
.9906298741562769
.00407449906813768
.07258699286554413
.004212049324777592
.0018102529617765916
.041946738321930514
.00012286003496804636
13684662554941891e-21
.29813143553786725
0
0
.005027071593491724
.006676676857483766
.005843503955179636
.0024223145694581664
.00018408452703906115
.014087935167317954
.0013105446743399728
.010266620234448813
32810176757786473e-21
.0005204764311061619
.0029381353685364897
.00046226198190605207
.005177252214518678
1475681616734048e-20
8.890304115057576
12.684235205945532
.00578183178027242
5952138611825393e-20
.12180906319860435
.007364171449379456
.007291816392452725
.4046657257934423
0
.4243193764754322
0
3.9338115647683773
18.606938747190764
0
0
.006846654020903068
2.934405775268057
15.19996773071115
0
0
38.60442446989633
25.864090716858883
9.134429072832845
.0024854919561157654
.0005303678185718464
.0015131296689239783
.0065464334980584096
0
0
0
23.203271893924263
3.708308026284914
9.003858118447555
17.03073029124297
.001449942238867113
.008190075142293618
.000431343454979678
2.0345444185544803
.0004173502188231821
.0034037621730297414
.011058355183153838
.0014578328169695405
.9626913551095042
1.4986010470434368
.0001395752227159335
.026839662682613806
1.2318273513690563
1.6366026210162672
3.172149771451806
.003576606157342371
.00040245874602612094
.6346540296804621
.7699503229568114
0
.473470455353073
.7678419231384029
1.9870704596385211
2.796805736290461
0
5.455057609570864
1.9041513089782311
.5225493518174472
1.0272276547223014
.945019114618212
.0009238426680382804
50
8.566235153583385
.48231886396329887
.06427098149287401
0
0
0
4.767873212134071
.010570089951224639
.0005238918679458531
.5201439552831515
.0012741908304477374
.00022082487003899804
.017346412711898802
0
0
0
0
0
0
0
0
0
0
0
0
0
0
0
0
0
0
0
0
1.7849403889003712
0
0
0
0
.6183555214983129
1315.8046667706064
.0043806231737258386
.10609855556005568
.020194053418419577
.2163218390251044
.5035283338291283
.9738355563297123
1.3914102658749241
1.4119363782510432
.00739140080672665
5.754322873546318
6.406321785312033
.12768576823918357
.34712291201142365
5.147403391955618
4.075045677652713
0
0
.02
.02
1
8
.02
.02
.02
.02
.02
.02
.02
.02
.02
.02
.02
.02
.02
.02
.02
.02
.02
.02
.02
.02
.02
.02
.02
.02
.02
.02
.02
.02
.02
.02
.02
.02
.02
.02
.02
.02
.02
.02
.02
.02
.02
.02
.02
.02
.5
4
.02
4
.25
.1
.02
.02
3
.02
.02
.02
.02
.02
.02
.02
.02
.02
.02
1.5
.02
.02
.02
.02
.02
.02
.02
.02
.02
.02
.02
.02
.02
.02
.02
.02
.02
.02
.5
.5
.25
.02
.02
.02
.02
.25
2.5
.35
.02
.5
.02
.02
.02
.02
.02
3
.02
.02
.2
.02
1
.02
.02
4
.02
.02
.02
.15
.02
.02
.02
.02
.02
.02
.02
.02
.02
.02
.02
.02
.02
.02
.02
.02
.02
.02
.02
.02
.02
.02
.02
.15
.02
.02
.02
.02
.02
.02
.02
.02
.02
.02
1
.3
1.5
.02
1e-12
.33
.33
1.5
1.5
1
1
1
1
