6237744357013717e-27
39.61455303636471
.16677657916420296
.2805694288259553
11.022327184015845
.3745825403004144
5.670973793421464
.1927869987231141
.0029858156033463453
.30871770621900035
.026135285173633883
7.731089458855767
.8142695273662981
.5385543415433375
.00806754390282798
8.243642850779437
.9906298746444253
.004074499067896521
.07258699286553555
.00421204932477926
.001810252961777305
.04194673832191616
.00012286003503313733
13684662554307643e-21
.2981314355616378
4434177180240491e-23
13235829093992728e-30
.005027071593514742
.006676676857482398
.005843503955179224
.002422314569415739
.00018408452703903817
.014087935167316195
.001310544674339808
.010266620234447533
3281017675929556e-20
.0005204764311349209
.0029381353685361197
.00046226198192558424
.0051772522145180026
14756816168835756e-21
8.890304114915462
12.684235205929465
.005781831780350891
59521386119499785e-21
.12180906319855515
.007364171449378576
.007291816392418351
.4046657257932961
7553956519247638e-26
.4243193766728115
28821047152090152e-27
3.933811564662046
18.60693874713215
1787693185877953e-24
2251017144650246e-25
.006846654020901889
2.9344057752250876
15.199967730033878
2965581810402983e-26
22892864595776184e-27
38.60442446968978
25.864090717024645
9.134429073734195
.002485491955997822
.0005303678185406529
.0015131296689174928
.006546433498073326
5555573119183388e-24
0
70643512817949024e-28
23.20327189379878
3.7083080262850174
9.003858122925237
17.030730292777314
.0014499422388668994
.008190075142336821
.00043134345505105206
2.0345444185565
.00041735021879712124
.003403762172816508
.011058355183153403
.0014578328168728088
.9626913550443594
1.4986010469341653
.0001395752227116959
.026839662682541992
1.2318273512777476
1.636602620795171
3.1721497715991163
.003576606157296206
.00040245874600234645
.6346540299858486
.769950322955293
11893381969668892e-27
.47347045531601184
.7678419230997854
1.987070459583692
2.796805737175395
3180339088853946e-25
5.45505760929234
1.9041513090072333
.5225493517739552
1.027227654656584
.9450191145952412
.0009238426680236101
49.99999999991683
8.566235153563339
.4823188639685212
.06427098148790565
6222063875363883e-28
6252982214068952e-30
3306147427060712e-24
4.767873211745422
.010570089952906729
.0005238918679901433
.5201439552901778
.0012741908303578228
.0002208248700242731
.01734641271479318
3237864156761705e-30
0
0
0
0
0
0
0
0
0
0
0
0
0
0
0
0
0
0
0
1.7849403888943318
0
0
0
0
.6183555217848719
1315.8046667704423
.004380623173725292
.10609855556004244
.020194053418417058
.2163218390250774
.503528333808077
.9738355563272094
1.3914102658545227
1.4119363782268401
.0073914008067148314
5.754322873534936
6.40632178529925
.1276857682320473
.3471229119934001
5.147403390517574
4.075045676484258
9632081992025536e-26
15479823662520424e-26
.019999999999997506
.019999999999997506
.9999999999937622
7.999999999600784
.019999999999997506
.019999999999997506
.019999999999997506
.019999999999997506
.019999999999997506
.019999999999997506
.019999999999997506
.019999999999997506
.019999999999997506
.019999999999997506
.019999999999997506
.019999999999997506
.019999999999997506
.019999999999997506
.019999999999997506
.019999999999997506
.019999999999997506
.019999999999997506
.019999999999997506
.019999999999997506
.019999999999997506
.019999999999997506
.019999999999997506
.019999999999997506
.019999999999997506
.019999999999997506
.019999999999997506
.019999999999997506
.019999999999997506
.019999999999997506
.019999999999997506
.019999999999997506
.019999999999997506
.019999999999997506
.019999999999997506
.019999999999997506
.019999999999997506
.019999999999997506
.019999999999997506
.019999999999997506
.019999999999997506
.019999999999997506
.019999999999997506
.019999999999997506
.4999999999984406
3.9999999999001963
.019999999999997506
3.9999999999001963
.24999999999961015
.09999999999993764
.019999999999997506
.019999999999997506
2.99999999994386
.019999999999997506
.019999999999997506
.019999999999997506
.019999999999997506
.019999999999997506
.019999999999997506
.019999999999997506
.019999999999997506
.019999999999997506
.019999999999997506
1.499999999985965
.019999999999997506
.019999999999997506
.019999999999997506
.019999999999997506
.019999999999997506
.019999999999997506
.019999999999997506
.019999999999997506
.019999999999997506
.019999999999997506
.019999999999997506
.019999999999997506
.019999999999997506
.019999999999997506
.019999999999997506
.019999999999997506
.019999999999997506
.019999999999997506
.4999999999984406
.4999999999984406
.24999999999961015
.019999999999997506
.019999999999997506
.019999999999997506
.019999999999997506
.24999999999961015
2.499999999961014
.34999999999923587
.019999999999997506
.4999999999984406
.019999999999997506
.019999999999997506
.019999999999997506
.019999999999997506
.019999999999997506
2.99999999994386
.019999999999997506
.019999999999997506
.1999999999997505
.019999999999997506
.9999999999937622
.019999999999997506
.019999999999997506
3.9999999999001963
.019999999999997506
.019999999999997506
.019999999999997506
.14999999999985963
.019999999999997506
.019999999999997506
.019999999999997506
.019999999999997506
.019999999999997506
.019999999999997506
.019999999999997506
.019999999999997506
.019999999999997506
.019999999999997506
.019999999999997506
.019999999999997506
.019999999999997506
.019999999999997506
.019999999999997506
.019999999999997506
.019999999999997506
.019999999999997506
.019999999999997506
.019999999999997506
.019999999999997506
.019999999999997506
.019999999999997506
.14999999999985963
.019999999999997506
.019999999999997506
.019999999999997506
.019999999999997506
.019999999999997506
.019999999999997506
.019999999999997506
.019999999999997506
.019999999999997506
.019999999999997506
.9999999999937622
.2999999999994386
1.499999999985965
.019999999999997506
1e-12
.3299999999993207
.3299999999993207
1.499999999985965
1.499999999985965
.9999999999937622
.9999999999937622
.9999999999937622
.9999999999937622
