1.4983468340343022
.7148083584457041
.013492486701427827
.0024215073270832574
45773009618208425e-22
.035323996596965015
6.7088797590156
.6661897878398797
.055163848982469975
.05961964919457361
.06433593165653344
5.381655189309654
.7754606822779242
.38342736194076454
.005930283763016484
2.8703199352176836
.32188862335382895
.0034107135731674333
.07058575330346044
.004525298528992691
.0019439954364664203
.009396938850424507
.0001567423475689901
.002727626557398811
.29020150662035465
17.211843658163993
.00017100981024290984
.005554723438575006
.006416577686896261
.00570332235470548
14226810958254085e-22
.00017864994786815093
.013672005395311751
.001271604267684227
.009963527318678507
23187150754230764e-21
.002300276393437397
.0028504999937583137
.00033386842001899807
.005016843824148534
3640854647812841e-20
.00572572218271587
.007169505306650034
.02034063201201742
.000342174097427442
.11558868709249834
.007578079229156973
.0008069080345994603
.04596705403137245
.27176990869815576
.0010933078104646732
.5757504698726712
.009437738929391027
12.536503402838802
11.711222669505334
1.396048442990517
.00660633377185167
.06082496705737555
.06675423836461992
.2162846066675664
.11917065060590169
30.02204221287597
23.30852579877409
8.584296881802421
.0023487468743841437
.0004502986935263809
.0015192787444095373
.006228945358854355
3.5502082527510246
7.94507513758598
.02020288159722867
22.054152265746517
3.6019997787742346
9.159962188053097
20.62981719741498
.001405896992545004
.009232459789176962
.0006555921474783584
2.0962079163100458
.0003484081721104553
.0028205205814731743
.010828869508283693
.00033744888153761077
1.0715404733653424
.6591504814077553
30292096268776348e-21
.006945863200130142
.8744265695443605
.7867652671262401
3.3995355877347366
.00016217759503189377
5315716295074495e-20
.6441214583825176
.8473970478719791
.08783533811988563
.010774518221510617
.3060329845513226
1.6020641914997866
1.4981807015098787
2.1039367757967256
1.4698317728582047
1.9531897469687647
.027369863451856626
.03217490946090723
.009384426274066405
.0001901705799299605
6.123593845763425
6.337884990978678
.5667228369426284
.01865846106137521
.004284073967546874
6566664399591217e-20
.0005818912711196366
.08977055251419974
.021479276494172368
.0008866038238625521
.44289336162381876
47841080659759584e-21
.00023403389291799448
.03781697217412161
22634787054807064e-21
0
0
0
0
0
0
0
0
0
0
0
0
0
0
0
0
0
0
0
.7571780016376494
0
0
0
0
.5615367248566487
1276.9589816946363
.00425129675276041
.10296627370972859
.019597876904298726
.20993550354078977
.10252696120820387
.6205647486446239
.1411372184316229
.4153616427291518
.006150268267599629
2.8747765104786653
3.412371327193075
.014956140826839234
.04033301389131634
.793823286727295
.623863929590813
.2687779323921169
.43264576042862696
.019409552404593463
.019409552404593463
.22349928166839453
4924705124401893e-20
.019409552404593463
.019409552404593463
.019409552404593463
.019409552404593463
.019409552404593463
.019409552404593463
.019409552404593463
.019409552404593463
.019409552404593463
.019409552404593463
.019409552404593463
.019409552404593463
.019409552404593463
.019409552404593463
.019409552404593463
.019409552404593463
.019409552404593463
.019409552404593463
.019409552404593463
.019409552404593463
.019409552404593463
.019409552404593463
.019409552404593463
.019409552404593463
.019409552404593463
.019409552404593463
.019409552404593463
.019409552404593463
.019409552404593463
.019409552404593463
.019409552404593463
.019409552404593463
.019409552404593463
.019409552404593463
.019409552404593463
.019409552404593463
.019409552404593463
.019409552404593463
.019409552404593463
.019409552404593463
.019409552404593463
.019409552404593463
.019409552404593463
.019409552404593463
.23637858041142876
.009977886202910133
.019409552404593463
.009977886202910133
.17189334704189554
.0860850277502106
.019409552404593463
.019409552404593463
.03349048246743925
.019409552404593463
.019409552404593463
.019409552404593463
.019409552404593463
.019409552404593463
.019409552404593463
.019409552404593463
.019409552404593463
.019409552404593463
.019409552404593463
.15849106627030124
.019409552404593463
.019409552404593463
.019409552404593463
.019409552404593463
.019409552404593463
.019409552404593463
.019409552404593463
.019409552404593463
.019409552404593463
.019409552404593463
.019409552404593463
.019409552404593463
.019409552404593463
.019409552404593463
.019409552404593463
.019409552404593463
.019409552404593463
.019409552404593463
.23637858041142876
.23637858041142876
.17189334704189554
.019409552404593463
.019409552404593463
.019409552404593463
.019409552404593463
.17189334704189554
.05903633691350543
.20716420949661446
.019409552404593463
.23637858041142876
.019409552404593463
.019409552404593463
.019409552404593463
.019409552404593463
.019409552404593463
.03349048246743925
.019409552404593463
.019409552404593463
.14821264004585566
.019409552404593463
.22349928166839453
.019409552404593463
.019409552404593463
.009977886202910133
.019409552404593463
.019409552404593463
.019409552404593463
.1198071382921882
.019409552404593463
.019409552404593463
.019409552404593463
.019409552404593463
.019409552404593463
.019409552404593463
.019409552404593463
.019409552404593463
.019409552404593463
.019409552404593463
.019409552404593463
.019409552404593463
.019409552404593463
.019409552404593463
.019409552404593463
.019409552404593463
.019409552404593463
.019409552404593463
.019409552404593463
.019409552404593463
.019409552404593463
.019409552404593463
.019409552404593463
.1198071382921882
.019409552404593463
.019409552404593463
.019409552404593463
.019409552404593463
.019409552404593463
.019409552404593463
.019409552404593463
.019409552404593463
.019409552404593463
.019409552404593463
.22349928166839453
.1913833383770657
.15849106627030124
.019409552404593463
999999999998501e-27
.20126817008231054
.20126817008231054
.15849106627030124
.15849106627030124
.22349928166839453
.22349928166839453
.22349928166839453
.22349928166839453
