3.0213823473178745
.010385855410844696
.0007514129170582425
35253048083763685e-21
12930298199308761e-28
.0026617676185492446
6.343812626841119
.6925694530762764
.046350420527339155
.0115710665177804
.06323612599883856
.7772549627103857
.7477000923109622
.05656951885493934
.0009338284212911536
.0054077581923661815
.0005999012590955035
.0024524442246766152
.06836055277216503
.0046710319492839734
.002005994370702892
.0019364108845464794
3546794426984055e-20
.001977111216261817
.0574227878188822
3.870703670747739
56314976342693445e-22
.005308655353524488
.006176236822492986
.0055425313360569365
1378001806794206e-21
.00017329021970500442
.013261805229676144
.0012331916408529569
.009664608903900114
33512426827787835e-22
.002456769650277192
.0027640414441468964
50812060833338225e-21
.004859156740392136
5328644134362601e-21
.0055406916762562215
.005540226385348313
.020584388676136132
.0005684592289373454
.11168990283502243
.007453305237344292
.00045811888200575324
.0249019981193074
.07297526885430809
25913743427371217e-22
.14152594010565359
22078717010047097e-21
8.869576861107626
8.482099761958128
1.173183680765375
.006363886607263954
.0006391627884023592
.0006991899424012313
.1775866760328575
.10236312054769738
9.714902035761675
7.560914401523495
2.884048334096065
.001796039678882924
.0003083640470517819
.0014855802775750894
.005852069919153975
.007020967358043387
3.582098887238322
.0006919855586348965
9.714902035761675
3.4906889166864223
9.308074330602546
8.935608483266765
.0013617243406231145
.009020746641146656
.0001632242608266014
2.0674380489049122
.00024854544101142554
.0020049513655120317
.010535367698884775
52983505645015995e-21
.7804690219486498
.017445673063955155
17515650520125198e-21
.00017059558422516662
.4139590682666128
.38772161390506255
2.482415342758289
.00011672296223843297
.0003676800752426826
.6534497827396051
.7784291227577607
.14501344235036018
.0002746246026138603
.17437736013787647
1.2245795126803478
1.052205386866648
.059320167433690146
1.1247359345621009
1.8739909320758168
.01856936251023062
.01821981626569501
8753422818668781e-20
.0001393094862813947
3.45050069490552
4.557581949850759
.46690222847890417
.0037787748557735253
.00010783756130563834
14267879717777056e-22
42085204854240465e-24
.04491567641061434
.015471720008080687
.0005220193013362217
.34918512736960583
26273315652895417e-21
.00018462014412369215
.026733070111921695
6245755311999048e-22
0
0
0
0
0
0
0
0
0
0
0
0
0
0
0
0
0
0
0
.10918690242479831
0
0
0
0
.16290210060417876
1238.6483508256422
.00412375165307881
.0998771354048989
.019009912029420612
.20363713241239678
.018311190258596413
.39629098773873234
.013538603314547933
.3565853408216516
.00436902816765924
2.140250476874352
2.3725026685469457
.0018506740925170078
.0048898134880273935
.4874160989135768
.39658458747038233
.19095074534631296
.3078449414072946
.0188272375392264
.0188272375392264
.04873386153318596
24365280532762997e-26
.0188272375392264
.0188272375392264
.0188272375392264
.0188272375392264
.0188272375392264
.0188272375392264
.0188272375392264
.0188272375392264
.0188272375392264
.0188272375392264
.0188272375392264
.0188272375392264
.0188272375392264
.0188272375392264
.0188272375392264
.0188272375392264
.0188272375392264
.0188272375392264
.0188272375392264
.0188272375392264
.0188272375392264
.0188272375392264
.0188272375392264
.0188272375392264
.0188272375392264
.0188272375392264
.0188272375392264
.0188272375392264
.0188272375392264
.0188272375392264
.0188272375392264
.0188272375392264
.0188272375392264
.0188272375392264
.0188272375392264
.0188272375392264
.0188272375392264
.0188272375392264
.0188272375392264
.0188272375392264
.0188272375392264
.0188272375392264
.0188272375392264
.0188272375392264
.11037868301007918
2254817836187789e-20
.0188272375392264
2254817836187789e-20
.11746205417852935
.07392358699030194
.0188272375392264
.0188272375392264
.0003471963381554453
.0188272375392264
.0188272375392264
.0188272375392264
.0188272375392264
.0188272375392264
.0188272375392264
.0188272375392264
.0188272375392264
.0188272375392264
.0188272375392264
.0161375725630065
.0188272375392264
.0188272375392264
.0188272375392264
.0188272375392264
.0188272375392264
.0188272375392264
.0188272375392264
.0188272375392264
.0188272375392264
.0188272375392264
.0188272375392264
.0188272375392264
.0188272375392264
.0188272375392264
.0188272375392264
.0188272375392264
.0188272375392264
.0188272375392264
.11037868301007918
.11037868301007918
.11746205417852935
.0188272375392264
.0188272375392264
.0188272375392264
.0188272375392264
.11746205417852935
.00131071531799075
.12156503163205137
.0188272375392264
.11037868301007918
.0188272375392264
.0188272375392264
.0188272375392264
.0188272375392264
.0188272375392264
.0003471963381554453
.0188272375392264
.0188272375392264
.10929393455813195
.0188272375392264
.04873386153318596
.0188272375392264
.0188272375392264
2254817836187789e-20
.0188272375392264
.0188272375392264
.0188272375392264
.09533794956455126
.0188272375392264
.0188272375392264
.0188272375392264
.0188272375392264
.0188272375392264
.0188272375392264
.0188272375392264
.0188272375392264
.0188272375392264
.0188272375392264
.0188272375392264
.0188272375392264
.0188272375392264
.0188272375392264
.0188272375392264
.0188272375392264
.0188272375392264
.0188272375392264
.0188272375392264
.0188272375392264
.0188272375392264
.0188272375392264
.0188272375392264
.09533794956455126
.0188272375392264
.0188272375392264
.0188272375392264
.0188272375392264
.0188272375392264
.0188272375392264
.0188272375392264
.0188272375392264
.0188272375392264
.0188272375392264
.04873386153318596
.12119099656311014
.0161375725630065
.0188272375392264
9999999999969776e-28
.12175812574295837
.12175812574295837
.0161375725630065
.0161375725630065
.04873386153318596
.04873386153318596
.04873386153318596
.04873386153318596
