.00861224170929512
.00040390837501382026
28148385086866e-18
11641716848845836e-28
.0017793150256585155
6.444270631405853
.761532192513077
.049239297796314266
.01420039709503452
.066231863503291
.7654279560248343
.7302478942230002
.05673288277781065
.0008877029498198394
.006929193602370849
.0008346595765762893
.0023630564799917383
.07256057392537602
.005053461114362207
.002090812061131957
.0022650115907226643
53704850254207264e-21
.0020342183542240324
.07257078698036072
3.9637599509264816
5691290181811534e-21
.005715252978179886
.005805724575007321
.00574742047864168
12541898437322959e-22
.00017868201254638393
.013797484562763116
.001282316095443898
.01004986085025601
32017653773224435e-22
.0023154460663909024
.002779820639782729
49059992790363325e-21
.004884533635660334
5386506266078886e-21
.005745730007578929
.005745298052829492
.020698244487153863
.0005225228449609575
.10604373698091676
.007876823830115622
.0004904567120448077
.023178155179381134
.07429224280502573
318925694179621e-20
.13416401014456533
2468497033091972e-20
8.795485455113763
8.370238699862204
1.2034976599334797
.006546009352888226
.000756002177776488
.0008363944045292264
.18749562087299101
.1070505532873732
10.148305199272983
8.01284229720107
2.8211278652135077
.0017396285085460087
.00033457155891920164
.0013850121148298298
.006134069126548167
.007690883030616895
3.6757590953196897
.0008496562665515354
10.148305199272983
3.039204664428066
9.528132828752199
9.341715626474626
.0013861159651148342
.009513140091382839
.00016222298569680077
2.1293228287111274
.00023300591029652403
.002103316465478564
.011409938714005158
7646100475425889e-20
.7297322693884151
.022318308260891227
1595514027647857e-20
.00021423828630227586
.4282059621220828
.4000976758442941
2.5268401162690846
.00013531480508021908
.00036385529185068013
.6992769316601793
.7726830360694334
.14199816138924132
.0003049141234642906
.17452396718631408
1.2408180451278235
1.076489484103923
.06837760860101247
1.2440875085037888
1.941798661969787
.016657821517752868
.020920133131234177
9746345563378007e-20
.00013006257096793834
3.65495679334097
4.486430742828414
.47441458539774084
.004127062682338855
.00012968189314230855
1788863608605722e-21
57055537400263606e-24
.0500163684227173
.01490417684982551
.0005485123883384243
.35528890768292026
28340103570191116e-21
.00019306149579775193
.026464479669388762
7216551635527361e-22
0
0
0
0
0
0
0
0
0
0
0
0
0
0
0
0
0
0
0
.08887742478149653
0
0
0
0
.21950944715525375
1270.7904473555475
.004165673576846263
.09835223196378075
.01718205304737579
.21893900272491246
.019450949792785933
.41288331334579
.01444763500902707
.35092683250496576
.004534718574306426
2.199838945159248
2.438189299454846
.0022770376139898173
.005813614632663754
.5254037245590355
.38218603425315356
.17819485099390345
.314487683008846
.018839481195083132
.018839481195083132
.05034391660336133
32441698228699743e-26
.018839481195083132
.018839481195083132
.018839481195083132
.018839481195083132
.018839481195083132
.018839481195083132
.018839481195083132
.018839481195083132
.018839481195083132
.018839481195083132
.018839481195083132
.018839481195083132
.018839481195083132
.018839481195083132
.018839481195083132
.018839481195083132
.018839481195083132
.018839481195083132
.018839481195083132
.018839481195083132
.018839481195083132
.018839481195083132
.018839481195083132
.018839481195083132
.018839481195083132
.018839481195083132
.018839481195083132
.018839481195083132
.018839481195083132
.018839481195083132
.018839481195083132
.018839481195083132
.018839481195083132
.018839481195083132
.018839481195083132
.018839481195083132
.018839481195083132
.018839481195083132
.018839481195083132
.018839481195083132
.018839481195083132
.018839481195083132
.018839481195083132
.018839481195083132
.11218727037911905
25683491131811626e-21
.018839481195083132
25683491131811626e-21
.11842047521040595
.07416426830714849
.018839481195083132
.018839481195083132
.0003827530777845946
.018839481195083132
.018839481195083132
.018839481195083132
.018839481195083132
.018839481195083132
.018839481195083132
.018839481195083132
.018839481195083132
.018839481195083132
.018839481195083132
.01694379635794469
.018839481195083132
.018839481195083132
.018839481195083132
.018839481195083132
.018839481195083132
.018839481195083132
.018839481195083132
.018839481195083132
.018839481195083132
.018839481195083132
.018839481195083132
.018839481195083132
.018839481195083132
.018839481195083132
.018839481195083132
.018839481195083132
.018839481195083132
.018839481195083132
.11218727037911905
.11218727037911905
.11842047521040595
.018839481195083132
.018839481195083132
.018839481195083132
.018839481195083132
.11842047521040595
.001421643250031615
.12295595036133584
.018839481195083132
.11218727037911905
.018839481195083132
.018839481195083132
.018839481195083132
.018839481195083132
.018839481195083132
.0003827530777845946
.018839481195083132
.018839481195083132
.11000677385961602
.018839481195083132
.05034391660336133
.018839481195083132
.018839481195083132
25683491131811626e-21
.018839481195083132
.018839481195083132
.018839481195083132
.09580393196118202
.018839481195083132
.018839481195083132
.018839481195083132
.018839481195083132
.018839481195083132
.018839481195083132
.018839481195083132
.018839481195083132
.018839481195083132
.018839481195083132
.018839481195083132
.018839481195083132
.018839481195083132
.018839481195083132
.018839481195083132
.018839481195083132
.018839481195083132
.018839481195083132
.018839481195083132
.018839481195083132
.018839481195083132
.018839481195083132
.018839481195083132
.09580393196118202
.018839481195083132
.018839481195083132
.018839481195083132
.018839481195083132
.018839481195083132
.018839481195083132
.018839481195083132
.018839481195083132
.018839481195083132
.018839481195083132
.05034391660336133
.12237857828964441
.01694379635794469
.018839481195083132
999999999997014e-27
.12307121933043173
.12307121933043173
.01694379635794469
.01694379635794469
.05034391660336133
.05034391660336133
.05034391660336133
.05034391660336133
