61329059060171424e-28
40.652576382730814
.16459421122942286
.2767601888885724
12.705810765366625
.36925136838448347
5.728880505047329
.1825055814506884
.004550401684665564
.2816759207840481
.030865244733995243
8.153727104502124
.81082869689497
.612450068743427
.007947035233945453
8.698166919567713
.9417730569288606
.0041561020314904665
.07504613054999876
.004415841679185541
.0020463820734634673
.04192873182452475
.00012151901663368201
3194369134928554e-20
.28926028897737016
4058458276232359e-23
14126291745904151e-30
.005241391891805052
.006418347666886804
.0054326366216060126
.0026059901770059436
.00019446966299657603
.014928697362953486
.0011559450010073058
.010122363759950742
33282127818674384e-21
.0005089091202552108
.0029512262516775863
.0004916498884901086
.005465853267857674
14674500003072017e-21
7.819234387373623
13.923550410081077
.0073915445907229895
6313241474191565e-20
.10816010546086227
.007594858817531117
.006886382456586862
.39397480664795326
756905085529491e-25
.43748290070261886
3193963896339495e-26
4.0564727059785755
18.675814815752172
18042163986003005e-25
2391292434565268e-25
.007421088694326871
3.2575188613806985
15.39374856262697
23225373250334562e-27
2430178924611628e-26
42.48913181077309
24.69744743265977
9.094649775740644
.002469828516640739
.0005481490970145297
.0014332706474891848
.006154791807054445
5303025282967667e-24
0
7659468185666693e-27
23.11055318339095
3.4465394642742964
7.9998091662267745
17.613176740483766
.0013954065187181432
.008113282486376498
.0004551766447334244
2.1341555241054238
.0004156386729095402
.0033541806063744116
.011464941143688219
.0019533699392556042
.8760661593131227
1.2999166245505178
.00014765280196843766
.024191608362331873
1.3719266810602844
1.8337941509557172
3.0888531280245024
.004010529967204006
.0004163451208315008
.7010228588876082
.7869117293155861
11692566942835888e-27
.4686997892741243
.7316599303292688
2.0788444932543837
2.6809362015197
3474837145755678e-25
6.1455670491068775
2.042489652759372
.6365799083739888
1.0340372511015514
.9154320657966744
.0009449841638205281
43.271850706219105
8.540059355566726
.42433888111055923
.06596617320627825
6133627252155849e-28
62467918488993524e-31
31608330635313624e-25
4.4582214069301775
.010573762802421819
.0004756928468851657
.46621731592303783
.0013542284664112302
.00026585454927202494
.017014822073327038
32753260402411223e-31
0
0
0
0
0
0
0
0
0
0
0
0
0
0
0
0
0
0
0
1.796322891544664
0
0
0
0
.6165640542695363
1267.7368776154403
.0044281009415924
.10573474385325439
.020023303586929553
.2348561558330575
.4612046202172282
1.0468561065488045
1.4045482238802869
1.5108733573206619
.0077740551377717135
6.069792159122853
6.321809630249805
.1294356374735278
.35353703798340613
5.586731061038269
3.588422805437697
1093339663206138e-25
1486088800414234e-25
.019999999999997548
.019999999999997548
.9999999999938671
7.999999999607494
.019999999999997548
.019999999999997548
.019999999999997548
.019999999999997548
.019999999999997548
.019999999999997548
.019999999999997548
.019999999999997548
.019999999999997548
.019999999999997548
.019999999999997548
.019999999999997548
.019999999999997548
.019999999999997548
.019999999999997548
.019999999999997548
.019999999999997548
.019999999999997548
.019999999999997548
.019999999999997548
.019999999999997548
.019999999999997548
.019999999999997548
.019999999999997548
.019999999999997548
.019999999999997548
.019999999999997548
.019999999999997548
.019999999999997548
.019999999999997548
.019999999999997548
.019999999999997548
.019999999999997548
.019999999999997548
.019999999999997548
.019999999999997548
.019999999999997548
.019999999999997548
.019999999999997548
.019999999999997548
.019999999999997548
.019999999999997548
.019999999999997548
.019999999999997548
.4999999999984668
3.9999999999018736
.019999999999997548
3.9999999999018736
.2499999999996167
.09999999999993868
.019999999999997548
.019999999999997548
2.9999999999448037
.019999999999997548
.019999999999997548
.019999999999997548
.019999999999997548
.019999999999997548
.019999999999997548
.019999999999997548
.019999999999997548
.019999999999997548
.019999999999997548
1.499999999986201
.019999999999997548
.019999999999997548
.019999999999997548
.019999999999997548
.019999999999997548
.019999999999997548
.019999999999997548
.019999999999997548
.019999999999997548
.019999999999997548
.019999999999997548
.019999999999997548
.019999999999997548
.019999999999997548
.019999999999997548
.019999999999997548
.019999999999997548
.019999999999997548
.4999999999984668
.4999999999984668
.2499999999996167
.019999999999997548
.019999999999997548
.019999999999997548
.019999999999997548
.2499999999996167
2.4999999999616693
.3499999999992487
.019999999999997548
.4999999999984668
.019999999999997548
.019999999999997548
.019999999999997548
.019999999999997548
.019999999999997548
2.9999999999448037
.019999999999997548
.019999999999997548
.1999999999997547
.019999999999997548
.9999999999938671
.019999999999997548
.019999999999997548
3.9999999999018736
.019999999999997548
.019999999999997548
.019999999999997548
.149999999999862
.019999999999997548
.019999999999997548
.019999999999997548
.019999999999997548
.019999999999997548
.019999999999997548
.019999999999997548
.019999999999997548
.019999999999997548
.019999999999997548
.019999999999997548
.019999999999997548
.019999999999997548
.019999999999997548
.019999999999997548
.019999999999997548
.019999999999997548
.019999999999997548
.019999999999997548
.019999999999997548
.019999999999997548
.019999999999997548
.019999999999997548
.149999999999862
.019999999999997548
.019999999999997548
.019999999999997548
.019999999999997548
.019999999999997548
.019999999999997548
.019999999999997548
.019999999999997548
.019999999999997548
.019999999999997548
.9999999999938671
.29999999999944804
1.499999999986201
.019999999999997548
1e-12
.32999999999933216
.32999999999933216
1.499999999986201
1.499999999986201
.9999999999938671
.9999999999938671
.9999999999938671
.9999999999938671
