1.5076809092208414
.5874603673377433
.010898706896973883
.0018175936457224247
41044276957183435e-22
.027418650457072112
6.675694179850787
.6333940604189218
.06057632909502181
.06044586328275719
.07208315302856538
4.633255969205789
.7729758695855712
.3558924725405446
.004787577655796359
2.4051788845280515
.2620882932294691
.0034783611493296807
.07297358871816208
.004756112969970794
.0021980176812402934
.008956220110967058
.00019308391387059772
.0027931095087904137
.2859065112101457
18.279340457694587
.00012091853890658415
.005837142140083886
.006163839947462051
.005306195103566446
16957712147134352e-22
.00018869326683399333
.014485240468940293
.0011214154879033952
.009821696269901196
19112345934746e-18
.002260224637385468
.002862756602578532
.00029088190697664347
.005295006982201263
29043014139635876e-21
.005430220186889811
.005801114696194428
.021291049670333902
.0003388734553818321
.10228295122237259
.007860148740618194
.0008696976269817709
.05106941148858995
.28673479612667824
.0012258331561518627
.5943660552034247
.009522624113595715
12.700419258533264
11.940486936375207
1.4139902570026026
.0071499947731146875
.064414524713496
.07064133136540007
.1837594463860075
.12894472734798434
29.897587877055447
23.22492748995721
8.959525587352532
.0023276240577216256
.00047366180050890163
.0014216324696393573
.005921342659090796
2.175397286267078
6.5970814217086104
.01784673717083658
22.082987118320478
3.347991601785307
9.198971070465248
20.641785327970254
.0013524270121608728
.009154669594230386
.0006496094135894323
2.184370999724802
.00034504843104218706
.0027636139817681054
.011225158273319798
.0004486316754028303
.9357172555700686
.721195554201241
3193624414221361e-20
.008876565432137962
.9299681669592188
.848262900318847
3.523298696470938
.00018802694787432736
6878791194798938e-20
.7985685199888461
.8451125491836065
.08504765511473303
.010321563534588697
.2823309467625056
1.5704415322838265
1.4674404128631053
1.7137891566733525
1.678644552416933
2.1023599917416402
.03300081740174442
.034544720598849436
.00887822358202566
.00021596958948018306
6.199538990016727
6.296359488405037
.49860860431526943
.018166300494880022
.003155763144446174
4733807274987001e-20
.0004386951556693658
.08709638367419249
.02126121132346088
.0008121434203012335
.3934603321035423
528577466005648e-19
.0002686472163062418
.03635563450500131
17332962063747104e-21
0
0
0
0
0
0
0
0
0
0
0
0
0
0
0
0
0
0
0
.7430760268589574
0
0
0
0
.6288885844590646
1230.080613331711
.004296570698782649
.10259404839127513
.01942854072642098
.22788009823872044
.09287322305094035
.6625304003006173
.13857307347097084
.4408189792841759
.006371554677548052
3.167849319996583
3.4673021390612155
.01461819599927021
.039733414475121825
.848956442759167
.541093018907716
.29773160532184256
.4053340124240053
.019405929338354343
.019405929338354343
.22142284240123394
45835197418057105e-21
.019405929338354343
.019405929338354343
.019405929338354343
.019405929338354343
.019405929338354343
.019405929338354343
.019405929338354343
.019405929338354343
.019405929338354343
.019405929338354343
.019405929338354343
.019405929338354343
.019405929338354343
.019405929338354343
.019405929338354343
.019405929338354343
.019405929338354343
.019405929338354343
.019405929338354343
.019405929338354343
.019405929338354343
.019405929338354343
.019405929338354343
.019405929338354343
.019405929338354343
.019405929338354343
.019405929338354343
.019405929338354343
.019405929338354343
.019405929338354343
.019405929338354343
.019405929338354343
.019405929338354343
.019405929338354343
.019405929338354343
.019405929338354343
.019405929338354343
.019405929338354343
.019405929338354343
.019405929338354343
.019405929338354343
.019405929338354343
.019405929338354343
.019405929338354343
.23527796344909893
.009612936357211563
.019405929338354343
.009612936357211563
.17149269833837688
.08600471282725058
.019405929338354343
.019405929338354343
.032566232970049944
.019405929338354343
.019405929338354343
.019405929338354343
.019405929338354343
.019405929338354343
.019405929338354343
.019405929338354343
.019405929338354343
.019405929338354343
.019405929338354343
.15628755365823993
.019405929338354343
.019405929338354343
.019405929338354343
.019405929338354343
.019405929338354343
.019405929338354343
.019405929338354343
.019405929338354343
.019405929338354343
.019405929338354343
.019405929338354343
.019405929338354343
.019405929338354343
.019405929338354343
.019405929338354343
.019405929338354343
.019405929338354343
.019405929338354343
.23527796344909893
.23527796344909893
.17149269833837688
.019405929338354343
.019405929338354343
.019405929338354343
.019405929338354343
.17149269833837688
.05767504372404282
.20648852366421253
.019405929338354343
.23527796344909893
.019405929338354343
.019405929338354343
.019405929338354343
.019405929338354343
.019405929338354343
.032566232970049944
.019405929338354343
.019405929338354343
.14793621256347816
.019405929338354343
.22142284240123394
.019405929338354343
.019405929338354343
.009612936357211563
.019405929338354343
.019405929338354343
.019405929338354343
.11963951234218087
.019405929338354343
.019405929338354343
.019405929338354343
.019405929338354343
.019405929338354343
.019405929338354343
.019405929338354343
.019405929338354343
.019405929338354343
.019405929338354343
.019405929338354343
.019405929338354343
.019405929338354343
.019405929338354343
.019405929338354343
.019405929338354343
.019405929338354343
.019405929338354343
.019405929338354343
.019405929338354343
.019405929338354343
.019405929338354343
.019405929338354343
.11963951234218087
.019405929338354343
.019405929338354343
.019405929338354343
.019405929338354343
.019405929338354343
.019405929338354343
.019405929338354343
.019405929338354343
.019405929338354343
.019405929338354343
.22142284240123394
.19084817210658947
.15628755365823993
.019405929338354343
999999999998494e-27
.20064916872102792
.20064916872102792
.15628755365823993
.15628755365823993
.22142284240123394
.22142284240123394
.22142284240123394
.22142284240123394
