1.5076809092208414
.5872578012681821
.010897848457196367
.00181712567942279
4093808781350937e-21
.027411467236462515
6.675694864519106
.6333940606858681
.060588870650568206
.06044056490754832
.07208315442252398
4.633240898339924
.7729758655549082
.35589132962498027
.0047875631471811005
2.4051675297485735
.2621033604037118
.0034790930752527454
.07297358905716816
.004756112863478831
.002198017633388877
.008955485572174076
.00019308058578811258
.0027937459342750413
.28588197673020826
18.27926958513341
.00012096934107484068
.005837142540582098
.00616383975233162
.005306195230668989
1695661832716024e-21
.00018869326683399335
.0144852404689405
.001121415488012781
.009821696269901198
19112283148370398e-21
.0022602246403873984
.002862756603032316
.00029088099400075565
.005295006985956204
29042913327988347e-21
.005429869968011876
.005802913880096124
.021290809545984755
.0003388734533789035
.10228295108010965
.007860158355716266
.0008696650222558278
.051068118944246677
.28680812616578893
.0012258452939147254
.5943653820041466
.00952213231510698
12.700419762531116
11.940487414983512
1.4139904178646943
.007149993244446213
.06441392708751445
.07063269599828777
.18375946764613826
.12894473030714385
29.897587877055447
23.225160007973635
8.959619261266381
.002328039434173484
.0004737757433741309
.0014216211027426047
.00592138775753203
2.175909848107343
6.597332042934135
.01784957529003524
22.082989074496982
3.3479915913381126
9.199555964284128
20.64177091299795
.001352427152259407
.009154666793771046
.0006496082532214785
2.184370324768595
.0003451269962968659
.002764244024181973
.011225158601278028
.00044870039341160116
.9359203489621797
.7213535014878709
3194298950604953e-20
.008876594360778083
.9301633770164072
.8484363413198728
3.5233281398742635
.00018802158552116193
6802628200134461e-20
.7986165856929052
.8451242974340276
.08506621503090847
.010323696077571826
.28236444498978447
1.5704401558993766
1.467440042786646
1.7140541015968804
1.6789058870215854
2.102360019449528
.03300698706931508
.034550458102209566
.008878060162264586
.00021596200001552566
6.199312298956215
6.296454908102146
.49860844164891255
.018170350161526412
.0031562770414437164
4734644780718656e-20
.0004387772888785059
.08711133137768272
.021261216061205623
.00081232293985424
.3934603704972082
5286745650589435e-20
.0002687001053959263
.03635564959834084
17335688821544074e-21
0
0
0
0
0
0
0
0
0
0
0
0
0
0
0
0
0
0
0
.743075736611327
0
0
0
0
.6289243068858718
1230.0806133317108
.0042965706987826485
.10259404839127512
.019428540726420977
.2278800982387204
.09288589392008983
.6625301688575278
.13857300096888472
.44081942735825813
.006371539685407054
3.161558896267937
3.462530566718815
.01461813276572825
.039733253223549654
.848958138088736
.5410941029043493
.2977338269570925
.4053370214957925
.01940592933835434
.01940592933835434
.22142283367887622
45728615916670896e-21
.01940592933835434
.01940592933835434
.01940592933835434
.01940592933835434
.01940592933835434
.01940592933835434
.01940592933835434
.01940592933835434
.01940592933835434
.01940592933835434
.01940592933835434
.01940592933835434
.01940592933835434
.01940592933835434
.01940592933835434
.01940592933835434
.01940592933835434
.01940592933835434
.01940592933835434
.01940592933835434
.01940592933835434
.01940592933835434
.01940592933835434
.01940592933835434
.01940592933835434
.01940592933835434
.01940592933835434
.01940592933835434
.01940592933835434
.01940592933835434
.01940592933835434
.01940592933835434
.01940592933835434
.01940592933835434
.01940592933835434
.01940592933835434
.01940592933835434
.01940592933835434
.01940592933835434
.01940592933835434
.01940592933835434
.01940592933835434
.01940592933835434
.01940592933835434
.23527796317104924
.009612439726362729
.01940592933835434
.009612439726362729
.17149269833217112
.08600471282721911
.01940592933835434
.01940592933835434
.032565865530118955
.01940592933835434
.01940592933835434
.01940592933835434
.01940592933835434
.01940592933835434
.01940592933835434
.01940592933835434
.01940592933835434
.01940592933835434
.01940592933835434
.15628750495454075
.01940592933835434
.01940592933835434
.01940592933835434
.01940592933835434
.01940592933835434
.01940592933835434
.01940592933835434
.01940592933835434
.01940592933835434
.01940592933835434
.01940592933835434
.01940592933835434
.01940592933835434
.01940592933835434
.01940592933835434
.01940592933835434
.01940592933835434
.01940592933835434
.23527796317104924
.23527796317104924
.17149269833217112
.01940592933835434
.01940592933835434
.01940592933835434
.01940592933835434
.17149269833217112
.05767479278612327
.20648852362369707
.01940592933835434
.23527796317104924
.01940592933835434
.01940592933835434
.01940592933835434
.01940592933835434
.01940592933835434
.032565865530118955
.01940592933835434
.01940592933835434
.14793621256173112
.01940592933835434
.22142283367887622
.01940592933835434
.01940592933835434
.009612439726362729
.01940592933835434
.01940592933835434
.01940592933835434
.11963951234184694
.01940592933835434
.01940592933835434
.01940592933835434
.01940592933835434
.01940592933835434
.01940592933835434
.01940592933835434
.01940592933835434
.01940592933835434
.01940592933835434
.01940592933835434
.01940592933835434
.01940592933835434
.01940592933835434
.01940592933835434
.01940592933835434
.01940592933835434
.01940592933835434
.01940592933835434
.01940592933835434
.01940592933835434
.01940592933835434
.01940592933835434
.11963951234184694
.01940592933835434
.01940592933835434
.01940592933835434
.01940592933835434
.01940592933835434
.01940592933835434
.01940592933835434
.01940592933835434
.01940592933835434
.01940592933835434
.22142283367887622
.19084817208933463
.15628750495454075
.01940592933835434
999999999998494e-27
.20064916869174027
.20064916869174027
.15628750495454075
.15628750495454075
.22142283367887622
.22142283367887622
.22142283367887622
.22142283367887622
