3.030833578272793
.0076260473774446185
.000431392194556428
18724940295570114e-21
8214673427227023e-28
.001569674562205477
6.323994890464753
.6586024302891804
.05099486361009452
.015946725255377592
.07062824307686508
.7765730533795902
.7460781320311304
.06046600578563838
.0008463540216959095
.004287941361964138
.00046013076144337314
.0025164283818177057
.07067953963390614
.004920782874257174
.002269929514952708
.002282837765223871
5440367508932108e-20
.0020314275034594032
.0706800591713615
3.788882818265445
5182455861581245e-21
.0055711006327771725
.0059288055326632595
.005158148408064075
16115379292336244e-22
.00018303180043530845
.01405060785925189
.0010875693366832811
.009527010946958877
3201740813932998e-21
.002414442454205241
.0027760322859367984
5055094146093168e-20
.00512837042894659
4961594338276093e-21
.005155957433512024
.005155534069352122
.020659887721472727
.0005655217084394125
.09883923245467159
.007726559253194015
.0005093999263980573
.030354223870488934
.08618114072556875
28796731539295476e-22
.1435988100102036
22296052650105814e-21
8.988439467441834
8.554434061996677
1.1874565175199419
.006875271239488689
.0006772284921035716
.0007403641369488481
.14753235618096647
.10976206996794147
9.588885623029427
7.457724647491557
2.829840755767024
.0017836689918971104
.00034096331145339065
.001354494417912894
.005781255088013475
.006568634726064617
3.536789467391111
.0008283252470932136
9.588885623029427
3.2449282693234336
9.261632342033309
8.859983834943021
.0013100641187101295
.00892186956635008
.00015995696008307844
2.1458989540088043
.0002456093737038116
.0019602246248952983
.010920948381882744
8822943957923495e-20
.7043833893002021
.054553302530281726
18530585513079658e-21
.0006285275872277264
.44333633086129065
.41547647617127237
2.3952439256764744
.00013402366469740886
.00039196659330902604
.8023348592265358
.7729134215520791
.1419061359603324
.0002601803530056883
.16165235036583595
1.1530079592587776
1.0000251049924636
.06173789265091237
1.1964655386894394
2.012253575483481
.021121587153384577
.018576919066384704
8205860912121761e-20
.00016256903453869666
3.61450081896277
4.523107251709674
.42458128322316324
.003655848428260448
.00010322668209725501
12950644861924531e-22
3758781068133088e-23
.04227264739264388
.015009412756006231
.00046656003249419774
.3103101616592644
279720365189291e-19
.00021110610903451484
.02522549828864038
5952992810750851e-22
0
0
0
0
0
0
0
0
0
0
0
0
0
0
0
0
0
0
0
.09245328788603199
0
0
0
0
.0709469752975719
1193.1736061016538
.004167657549411958
.09951584421124018
.01884561202623008
.22104284518218875
.01660349910462371
.42737594356837144
.013119923075773282
.3772337826787503
.003149208885760703
2.2511198744730616
2.334712022308926
.0017953447850116765
.0047975483742563165
.507100211297416
.3346487533433243
.21147797710333274
.28830346591605016
.018823679064157488
.018823679064157488
.048275530784696784
23184912735936807e-26
.018823679064157488
.018823679064157488
.018823679064157488
.018823679064157488
.018823679064157488
.018823679064157488
.018823679064157488
.018823679064157488
.018823679064157488
.018823679064157488
.018823679064157488
.018823679064157488
.018823679064157488
.018823679064157488
.018823679064157488
.018823679064157488
.018823679064157488
.018823679064157488
.018823679064157488
.018823679064157488
.018823679064157488
.018823679064157488
.018823679064157488
.018823679064157488
.018823679064157488
.018823679064157488
.018823679064157488
.018823679064157488
.018823679064157488
.018823679064157488
.018823679064157488
.018823679064157488
.018823679064157488
.018823679064157488
.018823679064157488
.018823679064157488
.018823679064157488
.018823679064157488
.018823679064157488
.018823679064157488
.018823679064157488
.018823679064157488
.018823679064157488
.018823679064157488
.109858318752765
217292638626043e-19
.018823679064157488
217292638626043e-19
.11718484235511613
.07385375311954892
.018823679064157488
.018823679064157488
.00033756384987771565
.018823679064157488
.018823679064157488
.018823679064157488
.018823679064157488
.018823679064157488
.018823679064157488
.018823679064157488
.018823679064157488
.018823679064157488
.018823679064157488
.0159105772205261
.018823679064157488
.018823679064157488
.018823679064157488
.018823679064157488
.018823679064157488
.018823679064157488
.018823679064157488
.018823679064157488
.018823679064157488
.018823679064157488
.018823679064157488
.018823679064157488
.018823679064157488
.018823679064157488
.018823679064157488
.018823679064157488
.018823679064157488
.018823679064157488
.109858318752765
.109858318752765
.11718484235511613
.018823679064157488
.018823679064157488
.018823679064157488
.018823679064157488
.11718484235511613
.0012802327711587589
.1211635705085123
.018823679064157488
.109858318752765
.018823679064157488
.018823679064157488
.018823679064157488
.018823679064157488
.018823679064157488
.00033756384987771565
.018823679064157488
.018823679064157488
.10908753754903631
.018823679064157488
.048275530784696784
.018823679064157488
.018823679064157488
217292638626043e-19
.018823679064157488
.018823679064157488
.018823679064157488
.0952028862616126
.018823679064157488
.018823679064157488
.018823679064157488
.018823679064157488
.018823679064157488
.018823679064157488
.018823679064157488
.018823679064157488
.018823679064157488
.018823679064157488
.018823679064157488
.018823679064157488
.018823679064157488
.018823679064157488
.018823679064157488
.018823679064157488
.018823679064157488
.018823679064157488
.018823679064157488
.018823679064157488
.018823679064157488
.018823679064157488
.018823679064157488
.0952028862616126
.018823679064157488
.018823679064157488
.018823679064157488
.018823679064157488
.018823679064157488
.018823679064157488
.018823679064157488
.018823679064157488
.018823679064157488
.018823679064157488
.048275530784696784
.12084786373986849
.0159105772205261
.018823679064157488
9999999999969712e-28
.12137896769885058
.12137896769885058
.0159105772205261
.0159105772205261
.048275530784696784
.048275530784696784
.048275530784696784
.048275530784696784
