40.97578061505149
.15692764115806696
.2835989546957645
11.491411537697807
.3451013449584356
6.065572436496768
.20456893948023178
.002893445470951606
.34517767938199906
.028762924430355455
7.514422403979064
.7313386371112285
.6272762886070996
.008401291914807334
7.665714906803926
1.0657833232163303
.00390619755826473
.07615453264406387
.004120057347371241
.0017220760281028123
.0417958457956494
.00014323770523026194
18615332088698582e-21
.28124115319749493
0
0
.005232558675197244
.006622353653025796
.006039833922138463
.002359038470568492
.0001779400567279236
.013315180285927227
.001306220241315643
.011177482214839525
3610191655443917e-20
.0004912720301055445
.002875132420846155
.0005376682639719222
.005574712004835038
14803775236737698e-21
9.73449313753159
13.765244197760458
.00499452655950253
6188157169645184e-20
.11311785552581732
.007967219786161326
.006885982529770909
.3998462492373589
0
.4421767777222262
0
3.6981778720376086
17.978797147251633
0
0
.006824734313471707
3.017847540058671
13.394143825334872
0
0
42.731441883090724
28.193900158991717
9.237269269548083
.0024823879254232623
.0006559147031519133
.0014299111274947082
.006465712941318717
0
0
0
23.61758099636539
3.3856732725393934
8.879810631799195
17.91072101367364
.0014619139355215272
.007860441818515623
.0004017764635878035
2.208324292756905
.000374431036069399
.0034747277736721814
.011065560294094426
.001482454071686805
.9208257331248819
1.4173144917243377
.00013594570821695752
.024094942545857184
1.3104092847378674
1.6643060886665573
3.32938127536197
.0032632179475823547
.00045601306958810797
.6003527936936008
.7474249708438775
0
.4820710699099224
.7976555057569055
1.9910094190854246
2.6462317463314764
0
6.150010442385057
2.027637735278075
.5316703891199556
1.1294760359353104
.9004359827774565
.000850645116746245
49.63042993040703
8.234934128592222
.4762244283069059
.06418536241969736
0
0
0
4.712153788574975
.009918560712754274
.0004936824379975031
.527719846068927
.0012355335653046883
.0002464882447431873
.016796916743073487
0
0
0
0
0
0
0
0
0
0
0
0
0
0
0
0
0
0
0
0
1.9092556654625077
0
0
0
0
.5947457150744326
1342.9409121676038
.004653347802057274
.10021494380781447
.019798266622424173
.2292707046443524
.5793115747538178
.9850390126973284
1.48047252317064
1.3857119306967565
.007900203292832713
5.923540683640344
6.366221737280898
.14524270668581693
.35856737966672686
5.2169691331620545
3.9016972792566205
0
0
.02
.02
1
8
.02
.02
.02
.02
.02
.02
.02
.02
.02
.02
.02
.02
.02
.02
.02
.02
.02
.02
.02
.02
.02
.02
.02
.02
.02
.02
.02
.02
.02
.02
.02
.02
.02
.02
.02
.02
.02
.02
.02
.02
.02
.02
.02
.02
.5
4
.02
4
.25
.1
.02
.02
3
.02
.02
.02
.02
.02
.02
.02
.02
.02
.02
1.5
.02
.02
.02
.02
.02
.02
.02
.02
.02
.02
.02
.02
.02
.02
.02
.02
.02
.02
.5
.5
.25
.02
.02
.02
.02
.25
2.5
.35
.02
.5
.02
.02
.02
.02
.02
3
.02
.02
.2
.02
1
.02
.02
4
.02
.02
.02
.15
.02
.02
.02
.02
.02
.02
.02
.02
.02
.02
.02
.02
.02
.02
.02
.02
.02
.02
.02
.02
.02
.02
.02
.15
.02
.02
.02
.02
.02
.02
.02
.02
.02
.02
1
.3
1.5
.02
1e-12
.33
.33
1.5
1.5
1
1
1
1
