46.163203503675525
.32124891071364947
1.1022785691487837
48.365120058781685
1.2308456404102932
8.018393469371457
.8130507683836878
.19180022521059673
1.3762560461314437
.07900923612796966
20.933528903860694
.7597409941829175
1.676138382204551
.019503482718135394
9.17548782710201
11.825031745451366
.0105273949225048
.08136780142402524
.015486319753763814
.0064706244207783465
.044887368175557385
.014974996709540072
.009580537555731995
1.6514637373702594
29.63049691781637
.005254014326565049
.006448162551303041
.00698885927779887
.006277092542268132
.005361919366042907
.00017920761069041089
.013476582606338144
.0013233278651397025
.011274806560840032
.0002920642907109645
.004641473811104931
.002958311547529329
.0024793446568582072
.00902744637060789
.0002069871611953786
18.879379056631638
18.102920589607923
.028193685504236957
.003943314550990423
.13546459960734425
.010863927977445136
.008924794307399366
.6030347295353599
5.135629733204472
4.960450692865972
3.7728903219449164
4.833393553741546
21.701561840626503
20.484894639847422
1.9593443191537514
.007398703293903849
9.691915384471233
157.0840775753114
.35008784715866553
.1739541449981281
53.31017482424146
54.64711567974068
18.432625177650955
.005806612778125157
.002369844460083984
.0017334135973252796
.01053298552105572
81.08377238373863
80.67009139728219
.03804415546905253
28.36812371929821
3.419885628599609
102.47586428174982
35.58717691957481
.0015196229572192296
.009847516459354699
.0050405523709727215
2.7737362922479187
.0010652924759150556
.009431296350531193
.011364252226382878
.007733989505383918
10.936315651028982
24.298174860020374
.009574072830880465
.05143662608891118
26.716951742921726
134.4065418934084
7.55980446078531
.015267442250157639
.009479854830857006
5.114435604186
1.5691885387849802
12.386259614027525
11.019107170869528
6.493710477418774
7.888634326027966
6.814775772541884
4.0483203564242585
66.96818743868192
2.1694306334178513
7.7578547538867815
5.36971299119126
2.6243649091924737
.003395141760626251
62.879894978524185
8.613132232687576
2.202183048956121
.48216900837615756
.01757055220709606
.0001771546543728864
51.478713709730194
103.21688310538185
.09253975549490588
.0033996853898305645
.635283795064472
.006293576199803842
.00720379401689765
.19143367674192024
42721941771072876e-21
0
0
0
0
0
0
0
0
0
0
0
0
0
0
0
0
0
0
0
3.356488704517738
0
0
0
0
4.367720572029688
1342.9409121676038
.004653347802057274
.10021494380781447
.019798266622424173
.2292707046443524
.8635749280386031
1.1266310218081637
1.7168035594265012
18.408965369353453
.01628517593412246
6.190468404525355
6.705920960130306
.3730737941828866
.8447835796750451
80.13073180693601
87.9658722343904
48.3922951142212
84.6507111576359
3.251155153362506
2.129205976409603
1.598770186678733
1.679329370123692
2.6487131893776783
1.7599620164918641
2.490075776873937
1.9690833696740997
1.8406930052796784
2.119888023806891
1.9833964267514248
1.9566980680583559
1.432303736794684
2.0849909035944343
1.5079229514299277
2.6577283534973493
2.0387046471761034
2.213179062458825
2.144647414757157
1.7691514174303362
2.400511360273733
2.649477104337972
2.6482214615459214
2.0285055357120974
1.761829902238907
2.326952761654155
.023370455798832575
1.736582612960096
2.2257914409908874
5.834973098443728
2.0956106533655983
2.1701414303113533
1.2792260328035518
2.970445158979511
1.4359500972705488
1.535397789410831
3.2143928784989813
1.244120115949566
1.8364476398189522
1.5202776778756402
2.0814300907665513
1.5721453556600282
1.8760007879719358
2.7743073074974585
2.003307211017447
2.259866304627883
1.7750558755380135
2.198300907764678
1.6795012619483145
2.232189076915978
2.728448448295192
3.0333731537579167
2.5339940271854586
2.0807839327288193
2.1792434481120995
3.0975411255434815
2.2890429119044984
1.1120941158517645
2.740214641076139
2.6955353406442115
2.10109614119017
1.11745886748437
1.7582094266538848
1.79430299789855
1.989965121783155
1.5855790129244214
2.3315078866986396
2.1992516493995686
1.868131204863268
1.7099427866871877
2.7686345804290586
2.4578659533248524
1.8407068875470867
2.3594068252131346
2.45814010007158
2.123706461748034
2.2801867971867917
2.2382028065727346
2.125778940556444
2.970134569939051
2.076906455126879
1.912883052591122
1.2860453564993504
1.528544673243404
1.608501654334431
.7298186462661258
.1833441565160717
2.108971090590925
.011677484518129314
2.573306390920917
2.150168211425583
2.458632396980092
1.8801379306986647
.1980662769918098
1.4577971948725714
.23171737398582368
1.2034931917521006
3.2048729724864065
1.720575581681116
1.7778329522737788
1.897252477736099
2.19226277279404
1.8555172349896119
2.084525995029194
2.1690102315037056
2.4710645520443273
.009843263030115559
1.920314253012289
1.9230697502342995
1.4574555914139673
2.278037138743935
1.724530343544104
1.3774201547861586
2.2485065943824227
1.833378327391133
2.0526500790297404
1.9447523629550938
.7563065262173337
1.6702893929210734
4.724499797442315
6.909620341007838
1.528763635185308
2.241090519350222
2.539364980139681
2.499931679186059
2.8678132911289156
1.9282253404760197
.008461587432482794
1.4484032940600808
1.3633779021948471
2.6148979955472527
2.60138848700072
1.9152793671060548
1.934981154429948
2.1728615353910934
2.0174303059332295
2.783266300220026
2.311328567485905
2.4832844248496118
1.7476712249344757
1.7056201564346543
2.3036242103541222
1.3480650029498649
.22501013720657367
2.1363334777674456
5.540217145614482
1.4791559315340816
1.8271508806051144
2.1272208258469516
2.3274103977007585
.9751377259317339
1.6618751484753616
2.2549007263600016
2.276699608275458
2.164461530152911
1.4493673977975063
2.126010139849193
2.6230732858469303
1.855192590451015
2.467536695089564
1.5128723748547293
1.2218138828717098
1.4294626751869461
1.9550092971980237
2.1173456072106096
2.3033923884399665
2.797195553643592
1.2993761117681455
2.229335503116611
2.356935455152783
2.1951661847917023
2.5707766261938856
1.7440867772521094
1.9609062368490813
2.9845884387442307
1.7867950398530366
2.084832504839275
.022996786857112005
2.1204506957330858
.06141378096193054
1.8223302392540692
1.8495615279370528
.5745512983826137
1.4442464829914665
2.166110407540861
1.219476863659681
.04646616335151176
1.9994120521066183
1.075494280157737
1.5931909774994293
2.2413125217549568
1.9682292189151427
1.5046229785723242
2.5501399312730197
3.1666785380409572
2.7493730268571204
.6444634725106507
.011662953592340588
1.9264284595917858
2.1625695711730772
1.9900675394478768
.04855490051987065
2.420661979601366
1.7287894273073459
2.1521648461589407
1.2478794239909146
1.1786063845884804
.005776223442270946
.0042618969258164646
2.3905467557697797
.5895222745236102
.1461677491687257
.8426548137835537
.18537814538851177
2.2223976771286647
.11366132610371435
.09386807183646546
1.8044973019834656
.5525490174314974
8.271773694470545
2.103993116820159
2.14089092284849
2.464285946825808
2.347729075929118
2.1591622092176026
2.1212673360869205
.11860767822377072
.17634881358284135
1.9411577514509881
2.8819885303828103
1.070961356748014
2.0167294875704176
2.269216063789484
1.9708598075871313
.010359028372471296
.27416563169029917
3.0198668896347707
3.7417267718832297
4.071811447657524
4.462154177468382
2.4606808961676006
.011071272329176153
2.815573242397882
1.2758879865309725
.015373602575549993
.011128369479084316
.1661510387758786
.012529620408123533
1.9104470485443799
2.653748606731544
.01
1.6750577585004598
.013303606913434664
.007061774448055699
1.9314519070176952
.009193346851445483
.007655019218460905
2.2773066815603924
.006856966111663977
2.433316027704343
2.1648627697020157
1.6493623578998517
1.6301235735410373
.00926166369117792
2.1149909062243752
2.276945733564168
2.42027895027541
2.48232142212631
2.3283567631153774
2.722381588037477
.01090153814469086
1.3778442187701991
.010801676777786219
.00889490559278576
.009802840682058842
.012516161272636918
.009980521762234656
1.391755792252041
.09215479918128594
.06921384085865093
.008978175573682707
1.4118222767884703
2.225007856418815
.09125180268951816
1.942240677214313
1.503837795982778
.06781062927962003
2.0985422145599193
1.7438210679803323
1.8261282937133052
2.9438483289488313
.008842817935932529
1.5741600016410695
2.730546831209941
3.4802888135194925
.8404230355966944
1.6417662290755086
2.192303433784364
1.5105797865086668
2.2859420123950116
1.807106350499541
1.815556424748358
2.104081403466832
.008832667952572794
.21121922776001664
.19858287116688186
1.9460971046665432
1.4363688328306636
1.9347490322605512
1.7587589885619512
1.4356527479912478
2.122555427658277
2.1253437176554173
1.7796099227790725
2.0512313895856598
2.0840246502454325
1.8236568525096448
.006095837437340444
1.6045907501982588
1.902684376889732
1.8105299506117907
2.347536853165772
3.2090139523092818
1.7496047463980506
1.964375648989708
1.8880766081203655
2.1979163103845822
.11976119196043088
1.8874263786560928
2.401593758072288
2.298195295042436
1.5533601861788071
2.549258497814728
1.6240832306844588
.22801820548613574
.15253413138723804
.13387288089786098
1.6680680319780663
2.168824906016747
2.0312664376392497
2.559721910045896
1.4427617637742807
1.794199759961112
1.5972527570291626
1.9908019178908143
2.1700009102351068
1.730707658859801
2.337252958966688
2.439120512380168
2.115104563599968
2.0598343793492417
3.214732893824188
2.0891833379902387
1.981567385392346
1.8776082733133654
1.4618878282956118
1.996759650173553
1.519920040215839
2.096960147117085
1.8064579486880337
1.541648036598055
2.4243841905901147
1.7187483836587312
2.100364389148508
1.3135919697559961
2.302649391081965
1.6035483912787523
2.602748485014614
1.8083825493610044
2.1311906659362094
1.7671106537895245
1.9007447231495105
16.94817984211386
16.67145949068868
2.7794826790922356
1.9596388284654989
1.9215270901281787
1.3352248612149646
1.4694609696515823
1.4551067302056995
2.7832198226195293
1.792013867484456
1.7140002594654018
2.3189030804378437
1.9360461819865311
2.812077800737276
1.8246824911466746
1.8429537577102404
1.4188773865466378
1.7931434325864912
1.5909890500361585
1.8458781041585108
1.305201755136336
1.9105158321975921
2.2154332311667737
1.1942877412036104
1.8422261543437712
1.5439932851694762
2.2866348131478027
1.9872175872319906
2.8372410427316033
1.9809488872269738
1.9685769405906128
2.579296465311651
1.2612278628596887
2.492121110061924
10.487185602192707
1.888377589010884
1.5669229056025142
1.6766181991445064
3.4099140183193075
1.9979042344657096
2.022351558241658
2.887433912040812
1.6275250443723142
1.807625270955761
2.693530554476516
1.4431119813397548
3.21850672695799
2.6713986919037755
2.471909946427166
2.0413583207835675
1.316605706460333
1.6569316487421806
1.6432962317643605
.26254016312968037
2.85141071420372
1.7706549995382945
2.5092399288001217
1.7728746848028172
1.9421862902212457
2.5573145354990516
2.061262458057381
2.114354492105594
1.8462314259809436
1.552620611779062
1.4151234286295524
1.8637282814068987
2.6273785942690284
1.7097378872095066
1.8318208177742017
1.4199889318596393
1.6931158343634631
2.4239723858326268
2.885730352509666
1.9442881928977596
2.095635084625223
1.9335798803990194
2.326491430491217
1.7139440286639624
1.1793716096074751
2.2287892779920915
1.8767359330071107
1.6700006295740304
2.2396858083036606
.16589719488339263
1.0319206985925695
.12698632573232374
.9939224877003807
.10594932114296964
.8290156678440403
.08771273797441637
2.136202018494139
.1685436738213264
2.6642075227723536
.08477917600038098
1.003852416154599
5.787155252300634
.3645032447164236
.11372111055786835
1.3191726682926979
.06979612186746083
.19127946930324335
.040996533700391455
.8616053080694717
.07226913029386685
1.12186061588174
.10625822135512028
1.283182128600916
.1821151268688037
.9458211748466657
.053963984410481114
.6857691494902267
.0608954116582644
1.3824151182964681
.00019851395129262092
.00043274145008654453
.11073433544533562
.13003510921402103
