44.767193694025785
.3347694244052429
1.1797743473914264
46.26867862081718
1.3922981773933567
7.899907927968113
.8509227712034357
.20173921812378393
1.3456668992493368
.07808831679380651
22.16739246641444
.7649835094907456
1.51372671799845
.01979697823983839
9.455156640734204
12.07250218895262
.011117540724204145
.08062510272591385
.0171115803048609
.006600388771855789
.04673914692229355
.014463731981880156
.009743330044855664
1.7296659529994887
28.291856863800803
.004892357125139681
.006392524177869599
.006827813805502346
.006031052647419595
.005441412899610772
.00018817507550500232
.014756434200070431
.0014151105998341873
.010785276743325713
.00028423424767245944
.0043552029269557655
.0029040850823455026
.002455307528874286
.008404620031180038
.00021002805092953147
17.933779573239303
18.21960499919415
.02861146321956444
.003951267357342061
.14696976882942045
.010457325621017411
.00932499786185835
.6032274992950365
5.516677580836612
4.872900953669024
3.798927333722274
5.319178170153309
22.081968815558955
20.40726842239702
2.012834946277626
.007906061792148195
9.474797089072231
164.02295971346192
.35390839641269883
.18167353129445904
54.45121013612538
52.11473880759721
18.74040845778771
.006069997978240941
.0022543883493466705
.0017140153195073797
.011087793702023053
85.75223901564576
80.47285713481408
.04143415021823794
28.895288052196186
3.532781669198309
110.68393578842849
35.06283004938685
.0015628653478991902
.010330975248560808
.005539042611041736
2.755895375924027
.0010929319723017594
.010224683212163424
.011484133384347157
.008673125787640398
10.914841354770287
26.244624197250722
.00981654995450572
.05656456048881826
26.329463050019413
135.20450089177118
7.570114243383352
.01581955172844774
.009847885708737394
5.323124949448363
1.6653975476239529
12.178270021437887
10.989119177617377
6.7062313276906425
8.16147106349153
6.539150980129872
3.60649183819133
61.48429057977803
2.145371732273521
7.428135614072266
5.283175491082517
2.6481660083136345
.0030492970720834966
61.75914446016779
8.619886326287691
2.089140334831325
.5163567985290193
.017472866036072746
.0001856734212678605
59.03493894544149
101.01389334521151
.10256139238757643
.0036901139031369655
.6325976869061376
.006537601496626117
.007091632963517179
.19600507165863457
4411287350669562e-20
0
0
0
0
0
0
0
0
0
0
0
0
0
0
0
0
0
0
0
3.1034589659880703
0
0
0
0
4.579430804173266
1438.796746319403
.004559909744795543
.10556660089262349
.01753519973785017
.230555144238553
.79519390690327
1.1850731009064606
1.6018925169145672
17.953654293805883
.015714614567844384
6.010766031377682
6.410092791071449
.356846950334382
.9039759370533021
78.75298139926763
93.9351924985157
47.82283872681624
76.12046268230947
3.2383861170335675
2.0317108102210457
1.7237396564833396
1.8194385980909273
2.7120167032397196
1.6603012691997336
2.541308041100897
2.147961669438372
1.948418218706359
2.1508148892181262
1.9146446299507056
1.9712396043983194
1.3842126550109826
2.0157816475661146
1.6308962025533311
2.5611505824962832
1.8962684048858682
2.2202496008140447
2.3014116914100886
1.8240078012954464
2.4248990433162483
2.6317947135816118
2.600029765098296
1.9753609733965691
1.786583109829899
2.5337048097688477
.023970839592998464
1.828139678768845
2.305353310335786
5.287250368913183
2.0376885406804024
1.9840668474938052
1.3194880162661589
3.038475505790235
1.4249915350940245
1.6144421887197171
3.0339222742775327
1.267816713436638
2.0558008064750886
1.451209999626623
2.1424072475093245
1.4154272220435584
2.0101375300517095
2.6652199607654663
1.9851808524486545
2.2149353817147093
1.8465421044191097
2.2011280808957636
1.743432183085608
2.218180267534863
2.7247297570808504
3.0689944050768374
2.3889549612157293
2.0792613552829815
1.9998523139064643
3.1329144657966026
2.421211346195501
1.0485079648308595
2.8318254634865103
2.9430976395455413
2.1091799961817443
1.168251825673801
1.7794589612030853
1.8313220315010457
1.966138929339667
1.5773550873170081
2.331761247159502
2.2577947742875564
1.8681738553037137
1.8012464653297964
2.6559471891939435
2.5678177517911367
1.9854897356190133
2.265846621212946
2.270340771232277
2.1063962001047574
2.541874357158903
2.4508692002529044
1.9327013008335185
3.0152672745106255
2.1404432516853826
1.906876790536326
1.273406967852211
1.5591349826003666
1.5776147046857851
.7520133722266137
.19014896942773524
2.0904136673300027
.011348974109889314
2.5899943434343093
2.234061980998171
2.518006287370866
1.8375507419405475
.18559122433027728
1.4422518036129786
.20068688391563103
1.1782839544125383
3.0522286486257055
1.691030345972004
1.8889554680668184
1.9923108402953833
2.1554797919209454
1.7935977873099693
1.929721173036545
2.1371918234989917
2.4630923690440776
.01065859293170611
1.7863672028505595
2.003290285897572
1.4530429890640202
2.362204916904457
1.7741554272782247
1.3500739965011752
2.159004562794626
1.9668317398318993
1.961456399541268
1.8935568820251811
.7599886900060082
1.672061353663694
4.773638084250714
6.863469372915735
1.529724841981387
2.0134302714093675
2.549793632225948
2.535101844426425
2.773331448513878
1.9827507168323448
.009000183481151863
1.5863421213312598
1.3947967447613578
2.7612830603292853
2.378908209067313
1.8453817009481779
1.9103120555840427
2.2568606172950862
1.9862849294869434
2.595861126504348
2.1652710642133246
2.570973529830045
1.8334102742215896
1.6185108288779206
2.1877906864795227
1.2370038359822169
.21479602476829335
2.2326990743970385
5.862729611614196
1.567817787782987
1.7343484964742717
2.16692807225434
2.3486627297760054
.9439425774128243
1.6928903742988823
2.1442224953675715
2.0386177670734646
2.35335132532497
1.4453222629689648
2.020382835103442
2.5312393433435423
1.7872845257412007
2.4643122405020566
1.4439170606033127
1.228592233817277
1.6193606778893876
2.0198007061310004
2.4343062434240585
2.3244947241644636
2.801119911627041
1.3150347935290356
2.3861519877013317
2.332196059497806
2.2635660393608323
2.411942564463816
1.6432205695514697
1.7456097937155017
2.9333620550295043
1.8330157741108775
1.986116857187693
.024191717584075855
2.0823210104529397
.059573086478390276
1.9392899497694
1.8200393350377928
.5569041309173851
1.4835128432399267
2.125643659504534
1.2833816948235381
.04774042846580221
1.9813260922035179
1.1803093311351078
1.5926772075154303
2.2308809253799997
1.9760655869049124
1.5130734700758806
2.4879817236326773
3.5492735147251193
2.8361854828319393
.740533021055787
.011151426263541713
1.9844855497800276
2.2097107635708806
1.9018818362919783
.050036630319071074
2.3499240903123813
1.7135797676113076
2.115541688394954
1.2754114330154465
1.3013600054311036
.006394350263563339
.004416943595464728
2.3821005130112787
.605328185515141
.14785709666661498
.8339868599318488
.20111823819077687
2.216660780829723
.10914174011022697
.09705095634954952
1.698588743842329
.5831083103581846
8.010463341983819
2.114884755449012
2.1451001237076035
2.4777790131082553
2.341576871434704
2.006009743445316
2.0794979587826665
.1258578620264295
.16007687035595947
1.9234247746964603
2.960003345070431
1.0198992638928264
2.08340160322347
2.4220820389753857
1.9873969480136133
.010167390962700874
.29425718055782235
3.0063060476675996
3.7308465228608303
4.33646963378074
4.108625934217027
2.440757866660694
.011620853020794944
2.9555175631436765
1.435916725690504
.014456979022408093
.01034433028659325
.16887484604061
.012528847353683505
1.822418395749449
2.7500375470956713
.01
1.8641873633127461
.014009415420837244
.007173262920448213
1.972141118508095
.009594050042872344
.007657744251541192
2.3543957093771524
.006854292522381031
2.4609156732960207
2.2661122089012515
1.6132059610398763
1.6084804011535903
.009523124466692805
2.0791871447447434
2.6002495489505435
2.5135484435482507
2.3543018355499
2.2018414529250494
2.705153005182403
.010715690331144563
1.3802648196266196
.010983624500464542
.009358140385914432
.010152354568585745
.013838298153791343
.01061926733101911
1.456293752948299
.0860118740863884
.06911426102934451
.008720904624377683
1.3489678964316905
2.206816267439283
.09418492226153562
1.995101414635938
1.484913646989396
.06355408469246625
2.3656674220552416
1.742201494571867
1.8413551637624312
2.7799091606656896
.009366204747691773
1.5874618831736742
2.6449891805349153
3.3777462580422317
.8266498094369819
1.571097316751332
2.270353919063606
1.536302374976116
2.3149532397621226
1.7221498868987657
1.750781052025182
2.018097313765335
.008846555458408782
.21492750153257528
.19770848063401508
1.9013872126177682
1.4819709010857016
1.9070512530738408
1.7695057376490675
1.4722797570189612
2.1798751887817596
2.047319687084303
1.8619880173246912
2.084781681426635
2.261548525475067
1.7755828712901536
.0060800872415323
1.5619510305603932
2.0273231959790157
1.8749065273261962
2.053273280480867
3.3096395397263745
1.6308784982175826
2.1181692621430757
1.875764337181444
2.095003275094441
.11959288407777348
1.8492701089042503
2.320562238721296
2.150473333838447
1.5343520213418251
2.5750308471670715
1.6785749891786301
.2318841558469077
.14518382064189833
.129523173668636
1.687135213582113
2.0881314662479964
1.9913013738195844
2.3654104332017667
1.501767152630372
1.898753153051796
1.4601270932320842
1.8976486586416463
2.4552553026602184
1.6127238356649738
2.241060606993987
2.3903858413747927
2.0824242791672263
2.2033679768584005
3.1852000538910072
2.011850155297505
2.035650975766485
1.794457449413238
1.385260651065559
2.1187284461957434
1.6135241926067994
2.120349543327015
1.8042074980103837
1.6703688672712518
2.275099236452663
1.862784981729925
2.3956917351966407
1.379943380449516
2.3931415587902745
1.6157196864951466
2.3727052777720177
1.6971361199186021
2.196340366689062
1.6352205039177747
2.043920933774209
15.844531642112884
17.820105325012122
2.3299545639523678
2.024135020093632
1.6888609375466703
1.3689447074340069
1.5300019962224354
1.5094686574381113
2.717722274265059
1.7269442760035825
1.71071386215757
2.309106018366787
1.9137508706137971
2.833980745274527
1.7295134818869144
1.7454698035849026
1.4371750254941484
1.9307452873676674
1.5517826124518934
1.9149122425969858
1.258491220268145
1.9965607918681119
2.271089312138394
1.134529807285451
1.8958872837827336
1.5809708816331267
2.4015389013545145
1.8753957736348226
2.813936575700765
1.892945972604871
2.0510305076843682
2.530210751418794
1.2881948721810106
2.633125131868586
10.663502310108639
1.8258394204387653
1.7450199637612855
1.6617547760081512
3.3771601285250528
1.9621493645242358
1.9074309432175407
2.8035817532441873
1.518024613350937
1.8342399821242252
2.7562675870258553
1.4146467780379
3.200120219596784
2.5558877503451702
2.5212324459756146
2.104529141994896
1.3983675514584892
1.6306968917790885
1.8318640084887363
.2909225290686365
2.6990999267894686
1.6969511166629536
2.4851713580415584
1.7712765558529386
2.1482008185774357
2.6691725969705735
2.1150856740168305
2.045231775947714
1.9739378418092226
1.642181010845739
1.412494277054847
1.9152922348612544
2.2524108801423712
1.7330531822287114
1.8396302576425645
1.5709216887614605
1.6965941396685378
2.639137494145706
2.917416715692462
1.9252580553433793
2.1628186312906403
1.8387085106890986
2.410321979312646
1.5687353016997183
1.3436960855949134
2.2263644886102076
1.8468822606250157
1.7162626981128892
2.2740483657560935
.1752261573017746
.9755116809842457
.12282566821340568
.9778780949365797
.10496747480881266
.9000432387377626
.09328235319671209
2.2064250875278404
.16708359003910253
2.5574071016068665
.09265220094409846
.9793061786937547
5.687071780714032
.3413291034563874
.10796425490013309
1.2855392840627013
.06779212556012333
.21617819219991635
.041320429207741115
.8959791529048896
.07394708423115241
1.189068283399176
.09744914288860701
1.2353078593474447
.166430883293908
1.020966429651247
.04508267995762245
.7285226279791742
.05945024437013513
1.373002097266579
.00020321359069228498
.00041892807699787633
.10805088402350595
.1251434862478309
