1.484163958997724
.6713108941863485
.010663624119661038
.002427895939237375
4672242724523422e-21
.027545369530209765
6.821998216560275
.6984775576734985
.05820686504129967
.06515112079714366
.06556108701107836
5.037105107534387
.7174560849790496
.41609304085925347
.006061735639362459
3.1261935214537675
.3914705574315095
.003273073115612272
.07070809417791944
.0046875891061494805
.0019494866363226468
.010007088938486024
.00019186468965689141
.0026043286876898503
.2942964484068019
17.355600898751916
.00015319721452387427
.006213160220532234
.006116909439595751
.005520230081544312
11423198885608845e-22
.00018577805669391307
.014449384268797829
.0013149507328781226
.009995679615497606
23144190210849198e-21
.0022426146584762744
.0028311600498729067
.0003254501743819626
.005130968225373194
3571446897162148e-20
.005524229225632453
.005660157332724667
.02206116968200615
.00033287709510744647
.1189541488138717
.007469563628122526
.0008180707190813931
.03959505987875875
.2775410629649056
.0012805194469422303
.5516442251607397
.0094429245050474
12.360338743110189
11.537029660173337
1.3915036004627555
.006955434609353889
.06522001707305877
.07176901261394986
.22032103208405648
.12835699843799755
30.211147213363677
23.46462797442132
8.197213755896609
.0023211531699941987
.0004968843709936248
.0013879150663708836
.006277656616849165
3.242179154087267
7.7322240149828785
.01931259952017261
22.545493602323297
3.3915697647880862
9.340595997752647
21.12524832754622
.0015250766062485596
.009401289630502472
.0006404386312054656
2.2631720054298303
.0003340411186221328
.003026539865475359
.011653452813465895
.00036723538649890893
.9246496904791691
.6263931672529542
3066527361186809e-20
.006391579631216421
.8381134666791307
.746695728236163
3.447344426272104
.0001665958845026938
5926814860777116e-20
.5800167367306862
.8679754644933121
.08735751155785837
.010695168974746809
.2940536012272801
1.614026229731086
1.5109111433723483
1.9218652417673447
1.5167794538516686
2.0221824405577125
.02642301116057838
.03735464851593247
.009508041773981884
.0001478790241124038
6.092739885774149
6.101469968445205
.5572368175381537
.017865025975558755
.0040631178361078485
5963951565249302e-20
.0006359509711478989
.10077174632227744
.020286889280784162
.0008839734071210013
.4570566247560975
51947813949469574e-21
.00027167681280772964
.033661230599115015
20469664208039772e-21
0
0
0
0
0
0
0
0
0
0
0
0
0
0
0
0
0
0
0
.7699326731744355
0
0
0
0
.5757049741096598
1207.7527703077249
.004218388575813641
.10138989237508976
.019202326768844986
.21367576703554286
.11194961818853039
.6404142517460519
.1382605230870661
.4456505556234968
.006359676497192756
2.939768922363956
3.197913097569534
.017338882820001175
.039867484804147424
.8235148483597774
.6089439188389514
.2684024056802245
.4526175606422922
.01941505885065514
.01941505885065514
.22669183132213547
5568389740944477e-20
.01941505885065514
.01941505885065514
.01941505885065514
.01941505885065514
.01941505885065514
.01941505885065514
.01941505885065514
.01941505885065514
.01941505885065514
.01941505885065514
.01941505885065514
.01941505885065514
.01941505885065514
.01941505885065514
.01941505885065514
.01941505885065514
.01941505885065514
.01941505885065514
.01941505885065514
.01941505885065514
.01941505885065514
.01941505885065514
.01941505885065514
.01941505885065514
.01941505885065514
.01941505885065514
.01941505885065514
.01941505885065514
.01941505885065514
.01941505885065514
.01941505885065514
.01941505885065514
.01941505885065514
.01941505885065514
.01941505885065514
.01941505885065514
.01941505885065514
.01941505885065514
.01941505885065514
.01941505885065514
.01941505885065514
.01941505885065514
.01941505885065514
.01941505885065514
.23806080730724902
.010563276222934405
.01941505885065514
.010563276222934405
.172503914529107
.08620720769446678
.01941505885065514
.01941505885065514
.034948640549316685
.01941505885065514
.01941505885065514
.01941505885065514
.01941505885065514
.01941505885065514
.01941505885065514
.01941505885065514
.01941505885065514
.01941505885065514
.01941505885065514
.16189942273430247
.01941505885065514
.01941505885065514
.01941505885065514
.01941505885065514
.01941505885065514
.01941505885065514
.01941505885065514
.01941505885065514
.01941505885065514
.01941505885065514
.01941505885065514
.01941505885065514
.01941505885065514
.01941505885065514
.01941505885065514
.01941505885065514
.01941505885065514
.01941505885065514
.23806080730724902
.23806080730724902
.172503914529107
.01941505885065514
.01941505885065514
.01941505885065514
.01941505885065514
.172503914529107
.06116894360184929
.20819513159860675
.01941505885065514
.23806080730724902
.01941505885065514
.01941505885065514
.01941505885065514
.01941505885065514
.01941505885065514
.034948640549316685
.01941505885065514
.01941505885065514
.14863365322439734
.01941505885065514
.22669183132213547
.01941505885065514
.01941505885065514
.010563276222934405
.01941505885065514
.01941505885065514
.01941505885065514
.12006229107462141
.01941505885065514
.01941505885065514
.01941505885065514
.01941505885065514
.01941505885065514
.01941505885065514
.01941505885065514
.01941505885065514
.01941505885065514
.01941505885065514
.01941505885065514
.01941505885065514
.01941505885065514
.01941505885065514
.01941505885065514
.01941505885065514
.01941505885065514
.01941505885065514
.01941505885065514
.01941505885065514
.01941505885065514
.01941505885065514
.01941505885065514
.12006229107462141
.01941505885065514
.01941505885065514
.01941505885065514
.01941505885065514
.01941505885065514
.01941505885065514
.01941505885065514
.01941505885065514
.01941505885065514
.01941505885065514
.22669183132213547
.19219938351930446
.16189942273430247
.01941505885065514
9999999999985155e-28
.20221238399977923
.20221238399977923
.16189942273430247
.16189942273430247
.22669183132213547
.22669183132213547
.22669183132213547
.22669183132213547
