1.4856983551128071
.6661981215132882
.010604772366437835
.0024114276348501055
4591463195940098e-21
.02740122316362389
6.821651732673378
.6985449388693148
.058211762569514776
.06497925224176836
.06556223002080423
5.0230868876049355
.7174255128234817
.414954383737575
.006046481675403547
3.11529377685416
.3899239486319101
.003272100871448133
.0707058896975105
.004687790205933342
.0019495669956891741
.009984503762328697
.0001914239715516253
.0026038548881431277
.2935978484061914
17.368150076303134
.00015282655019684008
.006212910418492978
.006116675313485699
.005520075991910346
11422706978871082e-22
.00018577235567583883
.0144489408301991
.0013149101062248482
.00999537287582948
23079738450883057e-21
.002242971859441667
.002831072319672328
.00032460432172345033
.005130803270360026
35614350453374486e-21
.005523983531082465
.005657739556979364
.022066371580790504
.0003331342706223453
.11894980524035063
.00746957383571463
.0008174639092417464
.03955182483833624
.27703013822571876
.0012724061323945675
.5515296899201967
.009385639370435534
12.356106615697916
11.534108499946537
1.391350283742426
.006955192305106268
.06492385980983884
.0714424313579403
.2202930394256518
.12834456790133097
30.190688598495903
23.4455859685362
8.192676512184475
.0023206310479241222
.0004965855364488269
.0013880599129368646
.006276083036085879
3.2202587563836005
7.725192444078076
.019258680020314545
22.54479534429011
3.391463554004629
9.338109144721654
21.12459887652067
.0015250249776719818
.009401251897684188
.0006404171326223412
2.263154920651494
.0003339394268592272
.0030256146588788415
.011653147897718612
.0003663511826262143
.9245864378108493
.6247553685941172
3064578984089537e-20
.006372501404012565
.8376245959860659
.7463364309747226
3.4464469674609415
.00016649192737677924
5988397871605221e-20
.5798661746885326
.8680535924025543
.08742586053603728
.010655254877256127
.29394977975117714
1.6138945508765716
1.5106305614025861
1.916907866528701
1.5165423592920033
2.0221109586373838
.026408935508925205
.03732345006319916
.009464765531766015
.00014783166381280246
6.088209811144264
6.099480104220626
.5571839515717391
.0178391239201438
.0040514488719549215
5945835440963578e-20
.0006305070609202478
.10067036341117448
.020282428393255846
.0008836178370645851
.4569506089754302
5190301060894094e-20
.0002716636799349531
.033653574503458926
2041830141993071e-20
0
0
0
0
0
0
0
0
0
0
0
0
0
0
0
0
0
0
0
.7687358856435785
0
0
0
0
.5754277423758821
1207.715707453244
.004218259124219098
.10138678097769178
.01920173749837488
.21366920987081972
.11175958137004598
.6401267376413102
.13794098856469142
.44560522491613574
.0063589530646481025
2.944897209780579
3.2017883196532675
.017304603993951242
.03978814633941079
.8232885315392756
.6087898708995835
.26837397971039156
.4525690048772481
.019414463051979608
.019414463051979608
.22634426421699033
55017501414997906e-21
.019414463051979608
.019414463051979608
.019414463051979608
.019414463051979608
.019414463051979608
.019414463051979608
.019414463051979608
.019414463051979608
.019414463051979608
.019414463051979608
.019414463051979608
.019414463051979608
.019414463051979608
.019414463051979608
.019414463051979608
.019414463051979608
.019414463051979608
.019414463051979608
.019414463051979608
.019414463051979608
.019414463051979608
.019414463051979608
.019414463051979608
.019414463051979608
.019414463051979608
.019414463051979608
.019414463051979608
.019414463051979608
.019414463051979608
.019414463051979608
.019414463051979608
.019414463051979608
.019414463051979608
.019414463051979608
.019414463051979608
.019414463051979608
.019414463051979608
.019414463051979608
.019414463051979608
.019414463051979608
.019414463051979608
.019414463051979608
.019414463051979608
.019414463051979608
.23787823760070892
.010498707997764055
.019414463051979608
.010498707997764055
.17243775488612761
.08619398110878052
.019414463051979608
.019414463051979608
.0347881851310793
.019414463051979608
.019414463051979608
.019414463051979608
.019414463051979608
.019414463051979608
.019414463051979608
.019414463051979608
.019414463051979608
.019414463051979608
.019414463051979608
.1615272312994671
.019414463051979608
.019414463051979608
.019414463051979608
.019414463051979608
.019414463051979608
.019414463051979608
.019414463051979608
.019414463051979608
.019414463051979608
.019414463051979608
.019414463051979608
.019414463051979608
.019414463051979608
.019414463051979608
.019414463051979608
.019414463051979608
.019414463051979608
.019414463051979608
.23787823760070892
.23787823760070892
.17243775488612761
.019414463051979608
.019414463051979608
.019414463051979608
.019414463051979608
.17243775488612761
.06093478414264622
.20808335279150483
.019414463051979608
.23787823760070892
.019414463051979608
.019414463051979608
.019414463051979608
.019414463051979608
.019414463051979608
.0347881851310793
.019414463051979608
.019414463051979608
.1485880476426944
.019414463051979608
.22634426421699033
.019414463051979608
.019414463051979608
.010498707997764055
.019414463051979608
.019414463051979608
.019414463051979608
.12003466078752806
.019414463051979608
.019414463051979608
.019414463051979608
.019414463051979608
.019414463051979608
.019414463051979608
.019414463051979608
.019414463051979608
.019414463051979608
.019414463051979608
.019414463051979608
.019414463051979608
.019414463051979608
.019414463051979608
.019414463051979608
.019414463051979608
.019414463051979608
.019414463051979608
.019414463051979608
.019414463051979608
.019414463051979608
.019414463051979608
.019414463051979608
.12003466078752806
.019414463051979608
.019414463051979608
.019414463051979608
.019414463051979608
.019414463051979608
.019414463051979608
.019414463051979608
.019414463051979608
.019414463051979608
.019414463051979608
.22634426421699033
.19211093088533973
.1615272312994671
.019414463051979608
999999999998514e-27
.2021100195365189
.2021100195365189
.1615272312994671
.1615272312994671
.22634426421699033
.22634426421699033
.22634426421699033
.22634426421699033
