2.9942051264931835
.00788922462093273
.00036272125448603076
22022451971110603e-21
9238577453173972e-28
.0012394032653759437
6.440003458932376
.724245513889817
.048693512112406
.016014513962253406
.06446755551298443
.7202118570988312
.6925244794235226
.060442785921400344
.0009466558346833006
.005886240217134283
.0007225055183315833
.0023478653206299395
.06850378702671743
.004842813279103259
.0020110677396652913
.0027232168300768524
5710580647983214e-20
.001877637176593501
.07712988921499128
4.138165484003306
5866165103459532e-21
.005945140687780363
.005889849271631569
.005365798084819053
11102927271988268e-22
.0001802513178662073
.014019502046125908
.0012755752218534177
.009698316924015597
3321960608068024e-21
.002405529508068262
.00274614022416878
49531765466488064e-21
.0049712641865260355
5228965841671132e-21
.0053642963094885825
.005363935194569365
.02207276649596028
.0005569823348045565
.11492828773850577
.007342875236069652
.0004851550100063005
.02265096722865558
.07833774192549153
3174101481279982e-21
.13881207745307653
23343941577513556e-21
8.75942718928113
8.322808729357137
1.1717358709162948
.006697080821575442
.000712377539556704
.000781767466884845
.18045164812745848
.11031749704458205
10.077264980090888
7.877843291495863
2.8570245663292835
.001762080409950162
.0003422281239858019
.0013497634446627941
.005948389230699762
.008010267244753367
3.8498947767984313
.0008041212780075778
10.077264980090888
3.288245609835088
9.425911064945451
9.27572301117488
.001477600228338826
.009175251722159345
.00016125562124510542
2.223806263598753
.00023795011241637155
.0021543585531645613
.011340620249561317
7543035674334914e-20
.7270522927394675
.014152463400417906
17439345358486922e-21
.00013549959631228647
.3954381371395181
.3683557745336765
2.470341860924838
.00011912943549503606
.0003840186442126123
.5846063700613066
.8049404082085722
.14561274151787665
.00027422868981438227
.17104972734541174
1.2310351233093992
1.0619870398400222
.06848873187213911
1.1743195420925727
1.944642653846284
.01791137452812314
.021124902708343288
934394541406954e-19
.00011588613747602311
3.591311276387652
4.397881480777931
.46876269375346385
.003670374316193167
.00012805039457182614
16388199535206457e-22
54704370977448655e-24
.04925887109958155
.01506529384397899
.0005322103229781407
.36162507129874577
28463925904145796e-21
.00022057349687456605
.024760167554597277
7307782729558084e-22
0
0
0
0
0
0
0
0
0
0
0
0
0
0
0
0
0
0
0
.0862862254661292
0
0
0
0
.1727505061273382
1171.8229285385578
.00409289432088328
.09837361050052888
.01863107031689029
.20731905505918666
.02032432704512603
.40915754822713296
.01353728472102202
.3850827752598077
.004285459815396455
2.193650532003553
2.2604129324587827
.002173567295317157
.004951920993448521
.508952551775931
.38821368052780186
.19435376830792545
.32675667455018276
.018837473760732
.018837473760732
.050076423007147826
31480493346218263e-26
.018837473760732
.018837473760732
.018837473760732
.018837473760732
.018837473760732
.018837473760732
.018837473760732
.018837473760732
.018837473760732
.018837473760732
.018837473760732
.018837473760732
.018837473760732
.018837473760732
.018837473760732
.018837473760732
.018837473760732
.018837473760732
.018837473760732
.018837473760732
.018837473760732
.018837473760732
.018837473760732
.018837473760732
.018837473760732
.018837473760732
.018837473760732
.018837473760732
.018837473760732
.018837473760732
.018837473760732
.018837473760732
.018837473760732
.018837473760732
.018837473760732
.018837473760732
.018837473760732
.018837473760732
.018837473760732
.018837473760732
.018837473760732
.018837473760732
.018837473760732
.018837473760732
.1118888030747534
251511537749557e-19
.018837473760732
251511537749557e-19
.11826284381060938
.07412476399016625
.018837473760732
.018837473760732
.0003767175225695155
.018837473760732
.018837473760732
.018837473760732
.018837473760732
.018837473760732
.018837473760732
.018837473760732
.018837473760732
.018837473760732
.018837473760732
.016808977071964968
.018837473760732
.018837473760732
.018837473760732
.018837473760732
.018837473760732
.018837473760732
.018837473760732
.018837473760732
.018837473760732
.018837473760732
.018837473760732
.018837473760732
.018837473760732
.018837473760732
.018837473760732
.018837473760732
.018837473760732
.018837473760732
.1118888030747534
.1118888030747534
.11826284381060938
.018837473760732
.018837473760732
.018837473760732
.018837473760732
.11826284381060938
.0014028846057251513
.12272687571321146
.018837473760732
.1118888030747534
.018837473760732
.018837473760732
.018837473760732
.018837473760732
.018837473760732
.0003767175225695155
.018837473760732
.018837473760732
.10988961277069287
.018837473760732
.050076423007147826
.018837473760732
.018837473760732
251511537749557e-19
.018837473760732
.018837473760732
.018837473760732
.09572739582541193
.018837473760732
.018837473760732
.018837473760732
.018837473760732
.018837473760732
.018837473760732
.018837473760732
.018837473760732
.018837473760732
.018837473760732
.018837473760732
.018837473760732
.018837473760732
.018837473760732
.018837473760732
.018837473760732
.018837473760732
.018837473760732
.018837473760732
.018837473760732
.018837473760732
.018837473760732
.018837473760732
.09572739582541193
.018837473760732
.018837473760732
.018837473760732
.018837473760732
.018837473760732
.018837473760732
.018837473760732
.018837473760732
.018837473760732
.018837473760732
.050076423007147826
.12218312435726081
.016808977071964968
.018837473760732
9999999999970073e-28
.12285502055728696
.12285502055728696
.016808977071964968
.016808977071964968
.050076423007147826
.050076423007147826
.050076423007147826
.050076423007147826
