46.537960625383924
.3056952283398564
1.1785674663140233
50.1853597633994
1.3457721563466838
7.968638118296854
.9085087602572504
.20175632260370602
1.4108635671790732
.0779421398688809
23.844515127526844
.762361602431833
1.4996373686214157
.019599664139278945
9.596631682655905
11.712627611108426
.01069360141253969
.08333773944967884
.01664509582473327
.006527772323968915
.043874693875320274
.015721796651804124
.009811011278231639
1.5857125533962504
28.77047127522145
.004812084816854771
.006342522875926544
.00648326677251621
.0063213899846500735
.0055881997750706685
.00018783035611655242
.014589589097766729
.001297708457461496
.011155617162869584
.0002713402565165308
.004493139280579746
.002863434636207573
.002365878400036019
.008540129958189478
.00021878544963289118
18.72713849183762
17.97478327601567
.031290083413730484
.0037937219313652452
.1409930476223189
.010292949234461952
.009765343061560785
.6032787038710828
5.493702061323121
4.885075355491227
3.525648559593053
5.003347340367279
21.320885226446652
19.966967835233007
2.0894576830570903
.007967673692410393
9.237004523858593
158.975148758958
.3476408159134747
.18754231575120447
52.60046811826177
51.51506371565702
18.03174994192971
.006124567198788864
.002226776045761942
.0016668262591730439
.01081864415617956
82.12334201876713
82.79079041072097
.04168952163806368
29.324313299769763
3.4705456145145077
103.73008559482379
35.31331386830841
.00156469715726768
.010253015363564183
.005139490249367797
2.7383212965639343
.001064311653661511
.0105149395491036
.012186555143133939
.007917408428461075
11.066020000919442
25.247626115350176
.00974184897626037
.054715227041416965
26.840547733387723
124.48948838036554
7.768757499645608
.015852384806088086
.009793045074253388
5.3469185526562555
1.5716901802608232
12.751661866854723
10.821780464088045
6.452811564809667
7.721625759161383
6.737938847531383
3.8354534826983864
61.31224217497169
2.055269332702634
7.7459669728292555
5.429665273029293
2.4206670236328063
.003132194482682775
60.105338922992175
8.18672880936026
2.1553488813946244
.4683704491492573
.016575438125848038
.0001793763381445818
58.34073421533778
102.99986005294296
.09566667314659341
.003466055858744716
.5797535128518968
.006717270630624814
.006690527480026125
.18078628108403091
42406251328882206e-21
0
0
0
0
0
0
0
0
0
0
0
0
0
0
0
0
0
0
0
3.434913455840381
0
0
0
0
4.393251184282343
1387.2245121727499
.004749329607085823
.10589903659770512
.019022136589235124
.21633893349586766
.8191028086858402
1.1565027868899502
1.61487946200615
19.131727849321706
.015561518378670263
6.3286762136940276
6.317833782146601
.3688349830427131
.8484382542090406
76.92385745291196
90.36662699522611
47.96139194361093
81.2972985333029
3.5202543916629727
1.8242777375828192
1.6227743035047524
1.746540321707717
2.5490436130865093
1.750954598822779
2.605500840816944
2.0217035013678366
1.8758190847990701
2.0961627349805445
2.042824755828923
1.9688979402011322
1.4526923441456914
1.8764228613846974
1.6453881081433697
2.524879780410085
1.8976865583528542
2.395286461528465
2.2416895826341894
1.8739022478273346
2.3895129509787085
2.659624585738818
2.4282421140016446
2.0165116788431394
1.8665026042882762
2.4782456627841665
.024410981475250865
1.7342264857997285
2.4132513195229537
5.822466821108324
2.0031707622686743
2.0555077547149256
1.3742407967523071
3.0511913876842063
1.450472269366509
1.5915449421182783
3.081945174791964
1.3024186094339683
1.972148985980632
1.4829842563879867
2.088716249221252
1.49020051450457
1.9540658991071884
2.503966507762107
1.970011610998079
2.094082592198444
1.7661997247456753
2.2766983799967053
1.769742484058153
2.2542905582692887
2.44511890269203
3.0182779039296106
2.3543340013143563
2.0238761290449503
2.0909543550476335
2.986596919077364
2.378375159184397
1.0256495923572395
2.7003287564563525
2.85338656890964
2.102282629330939
1.1701149838639238
1.790017240660963
1.7424030775149073
1.8902418585919283
1.5806246598772757
2.270975852578739
2.1177531359747506
1.878472959980925
1.8486851931826351
2.6901155741356906
2.6076684698314967
1.9624008139971076
2.188836582894606
2.334956186865424
2.1337842012103168
2.508264155509483
2.4647373248692426
1.8567592625276403
3.025069360732219
2.093336754646759
1.9004833731111497
1.2474840401900988
1.6503629939911217
1.5838555940762706
.7598684682266337
.18067168520862903
2.123029254328954
.011611472922845366
2.5308269723691734
2.2987963704648244
2.437615567689621
1.812714239964259
.1973557442520022
1.4384115987814243
.202153410754262
1.1508635143877395
3.081452907320242
1.710376919156284
1.743042527670509
1.958677393107274
2.2985855387368113
1.7621909074873248
1.9522718084166684
2.2400069842146717
2.32500713373052
.009969411368018042
1.933166998690276
2.0078803381351054
1.4189552249155117
2.3849836618086853
1.8703283710679701
1.3842335955174228
2.3266143906985715
1.8227971435710675
2.176479192657047
1.8469323865015241
.7457065511979145
1.7423045421740413
4.8122043196459
6.3514991551817355
1.4749064823957496
1.9729991532060183
2.6260714285658686
2.59659977207441
2.8014151522074893
1.9343622827382712
.008622083646705626
1.604370834974307
1.4107910018162857
2.758469612168866
2.337957984313467
1.8426177667626378
1.8739485084978142
2.245163620307529
1.9014592145043478
2.7679409369277215
2.1820497850897107
2.38508131841632
1.6415116112154229
1.6447775214193125
2.255490702070148
1.2553419441072051
.22655164990645302
2.345635708888712
5.162416041028266
1.5779271142944888
1.731388158385304
2.0784414925051355
2.3742553586485107
.9759806540542665
1.6080394213966618
2.055979896641627
2.0999825081343375
2.2466637367446882
1.4288642695532499
2.1446005131562376
2.5574961597950474
1.7604168140915981
2.4581314437902804
1.464387642418788
1.2189732833118994
1.5527921399331635
1.9394101803116537
2.3380243258235787
2.288308995294329
2.735363625072068
1.3312888830811331
2.2175308015084196
2.2745010670850356
2.142821898077455
2.4066516706234027
1.675954004556192
1.8825713845214458
2.8695654106636908
1.8636654892140199
1.972182889018614
.02369325814389318
2.0903402820658115
.06116134766816245
1.8909087445829271
1.8459133739127673
.5274108724687292
1.3758262966780472
2.1437772111775604
1.2454712083546324
.04961844094569637
2.018790994117902
1.115777914315312
1.593684268586452
2.1550554792629724
1.8165215391220613
1.5519739658211984
2.3814295222560897
3.491621329934199
2.868402172324005
.6743633640019844
.011162686521518082
1.9159296512205501
2.2332845595319823
1.9030578216788736
.047731263767374216
2.3330247342178856
1.72362134389443
2.0291276311845188
1.2870348388711872
1.3459359902145684
.0061673486006189404
.004407577532434553
2.5191667126074475
.5739066437735685
.1411101781535064
.8531196200852168
.20193482926457362
2.2883877021795858
.11458990213179122
.09156772819557185
1.778523786146364
.6029103531353047
8.627040852759592
2.1304977752738816
2.2009929497697147
2.413996475651844
2.2904830622982177
2.0108544685947036
2.1163415242753967
.12477435353712857
.16740851818938374
2.021225766961888
2.9748793710797
1.012855358932158
2.0280562460131395
2.4279771218057955
1.992737963027246
.009885082943981804
.30009409781383667
2.8622030194345447
3.638768094654195
4.311240254527832
3.9773617630119102
2.431076914390582
.011343089118031406
2.918758565485795
1.4147377516491606
.014507565286855095
.01093370629106487
.1586924647902464
.012897214738211519
1.7325293702153073
2.7194322483140563
.01
1.8854794879476935
.014611117770329553
.007214909959198929
1.9574418877221755
.00931941210434601
.008074033269317044
2.2788157062933654
.0070465435696024014
2.3148738980106707
2.2024876508240627
1.716237583687555
1.7277221710504564
.00925059299548509
1.9820908552588097
2.5739250269188467
2.4546919845030626
2.5593580906754845
2.2546902077607203
2.6916369757281395
.011170911123637155
1.4746176724385638
.010744647613308875
.009372450483897154
.010167619720521662
.012497780034823323
.010832475380107709
1.458173760952167
.08684692060536402
.07213545910514299
.008861024378753482
1.3510677189940612
2.3292024432703227
.09099672961608536
1.8720588562414275
1.5222650548854766
.06521254476027026
2.1485071009434624
1.752703547927427
1.6534982217020864
2.923672897083971
.009364731460796093
1.653148190950703
2.6917413839951663
3.5191687702631347
.8072627920133697
1.6431202499099213
2.1623234503146853
1.4763402530337921
2.23805571220325
1.6193607317740566
1.790370229770894
2.0926310434948365
.009139787247977055
.21868372534173544
.1991197573865494
1.911789520787641
1.4537226822063307
1.8601420903441748
1.6842577335387576
1.4635882060250354
2.1512686134285084
2.1010437162230593
1.9136792360199162
2.079633055330483
2.1383843761841246
1.7838766736026084
.006219909317471415
1.5598233134530834
2.1227831058874997
1.8710031188579375
2.0941872721718573
3.079267820261882
1.6221319220291495
1.8354933626653867
1.7980790577431152
2.0828768589891724
.11606019317291968
1.8215557697542588
2.393631874376995
2.4382380263869803
1.5229862084858221
2.548630757501324
1.6715411778994504
.22768279008667325
.15502848788653262
.13163524523785736
1.722518769934697
2.057483878075498
1.9488452364049713
2.3903847005018415
1.4337313600661303
1.9695392141363202
1.4776699632056924
2.0552576375387503
2.3773879205142707
1.675813827866602
2.1768408154626293
2.2976162921614933
2.074121864298491
2.1802457229976064
3.1913580015427128
2.0786506793410613
2.009700836707493
1.7817243407950931
1.403836760878136
2.034927979403655
1.4970227552481246
2.190320943863986
1.7592194490979653
1.5645240003651213
2.3191489757579786
1.7844481261541203
2.1619818803659565
1.396705588842056
2.2087247647461568
1.556254681478068
2.435684063859603
1.714975768483701
2.266406616104742
1.6614195386555566
2.0351199516847
15.313623532649189
16.742369917142582
2.5725729950742986
2.1807987515135534
1.7887918028584013
1.3456632570500926
1.5408936848847494
1.4817851784346232
2.4890955372820724
1.8009712541724796
1.7535224004267531
2.1589392573061312
1.9854757774550955
2.95702765947283
1.7777720992645603
1.8349225063725927
1.4634532142288563
1.8950107560044982
1.4703177140563424
1.9051600913733446
1.3364554900583365
1.983060319654467
2.2683653788726703
1.1768691628005832
1.8894672768642087
1.59007274894876
2.3672772489456735
1.844698538862743
2.7531811005809987
1.969087041729973
1.9416361307341181
2.6662893061330957
1.2748740758109463
2.5913020565206035
10.47746534736096
1.9418898730716174
1.6693527081209527
1.60952131710195
3.420370876438424
1.9852019626239088
1.8044309964378085
2.8182550068110257
1.54116312555522
1.9380418743663856
2.704246200550675
1.3994035169644643
3.2633038699689494
2.4729461959074484
2.4516831647436126
1.9766703583257654
1.40781735459696
1.6672601365303565
1.670180077518272
.29675997221170614
2.7416398800298327
1.7882259010892496
2.3733101380692974
1.6866275899598824
1.9918238909263564
2.565862855644893
2.132791445584356
2.053849470025884
1.8235101587842013
1.757138452695913
1.4851787369897937
1.9558373096676265
2.4635027872013895
1.8648334174562533
1.7489903532698727
1.5704704182216003
1.8067797882716714
2.5608716107737277
3.0833173402314547
2.0198905160957
2.1968266428517884
1.8082712548950575
2.2825169848202522
1.683712812098253
1.2977436362128054
2.2099092458528022
1.8783394740744512
1.6988453127335426
2.254398257691565
.17142751876371579
.9752072831054514
.12267131510975508
.9435171667070198
.10409914521030682
.8984542696862781
.09163785551325207
2.1286470247934157
.17886662096865474
2.5814739888148797
.08736098253810723
.9846315394100449
5.7516553946832705
.34892131433304563
.11550554256366603
1.206073985463135
.06844595863681245
.1955613811880746
.041144096188517165
.9017298390006758
.07015676817675129
1.1191286561774412
.10485866902813613
1.2783893593626334
.17774500110606475
.9968733392757579
.04830695336266411
.6996507945433044
.05698213119595564
1.4419212124647183
.0001914005092697813
.00041850171294033177
.1102988946187239
.129867597311136
