-.005410520315324565
-.0829771782248558
-984424301700902e-20
-25039313435583713e-21
-.02812047360014279
-.028125368164934158
-10456827344869343e-23
-10052221394296264e-23
-.02685157997089098
-.028492489526629562
.009477353118268856
.01973245462560578
-3039627269150445e-23
4387193310735974e-23
.29428237493182474
.03172525067579101
-17261804035498733e-23
-4169851053332135e-23
.015172346059238615
.2689908843913449
-.06348927217300536
.01620119185943605
-.03116719700057426
.3290252170993363
-.034374360127954695
-.09676685701507902
-.03517808890261235
.032263293976929355
-.08716464370093994
.032396888988664656
23386402444044612e-24
6203498133688428e-23
.0010497766832396752
.00042150327636043496
