-.023277949624470815
-.16716208492296647
.0004701184326440247
.002608597786515968
-.016595743224684524
-3270104686265477e-21
7747004305458165e-23
-.02128454746188456
.00012037241344403457
10614010563427529e-22
-.00022319992654597323
-31946166697372203e-22
29378761020482616e-22
.0010094759171618809
.0004862866645178324
.013496681660460723
-.02095250094050685
-7534633384294163e-23
-13482361805824406e-23
-356768278528908e-19
-5567476014138858e-20
-.0449671534995047
23671372600838438e-22
-.0019991344116650793
-.07296987065575414
7984000690190371e-22
12164924826436286e-25
5615819948317755e-22
-40127431613231975e-21
-2404315126479053e-22
-157284033576447e-21
8067515743377264e-23
11883891390277486e-23
-15753289102787756e-23
-31595545038898097e-23
10341787835239161e-23
-43396546758415144e-23
-288659804076419e-21
-20443209758209234e-23
-2723922056481925e-22
-.04159086584299835
-.03442009929404247
-.026422447996389608
8566208174324879e-24
-738842815939787e-21
7124464601345076e-21
-.0027012558187740916
.00562903933033566
.006912401523090539
-.16421445243661284
.0001922753912936001
.021383457878849894
-.024861293131951113
.0005291634244958391
.0008959359880995315
-349254987056007e-19
-.01152622352951394
.001241076960343553
.0010053891016566928
7304867409717292e-21
-.012538534873358969
-.06118274957290009
-.0010229322619987949
-.021340333588503162
4632676257349893e-21
-.02533352159500894
.006393955535516241
-.004029859840176301
-.0023224061158993686
-3663126283947594e-20
-.0029556757549250223
.02163114379596333
-.1523836145288737
-.02099384243173553
-8263916446645394e-23
9045050896392182e-22
-.0003797937317803904
.0001341275994522567
-159488771622249e-21
-.021072421942551312
-10064220501681216e-22
-.02771861471189347
-.056501972346212764
-.19343630224837358
-12044860822514684e-22
.006504800224138364
.21902473706211195
-.03596543525486641
.22340037558523673
-.02488971736588538
-4296460324290206e-20
.005418328604832694
-.07741446913765097
.00011296039788523172
-.17671947023043563
-.1986498142662685
.006091018326961746
.0069171848240597075
.00048745004507294673
-.14675208192435132
.07221680326872719
-.028452232094561554
-.02498786352194903
.010053105063374814
-.038061640349609786
.006184735424572958
-.18412885922014632
-.014991372899976778
-.020872499599896274
-.10575798089808836
4944807217431111e-21
-.01522772775328299
.040931065958265345
36126743163387816e-21
-394204280648157e-19
-.019820576759168887
-.021070380310013282
-.04210272357004149
.00024346761348090259
-12058562704151898e-23
0
0
0
0
0
0
0
0
0
0
0
0
0
0
0
0
0
0
0
-.03882611106179338
0
0
0
0
-.04175483312445232
2676914732965849e-22
8821013236402475e-23
18133463996507833e-23
-23902434330115093e-23
0
-.04930137655819949
-.30098932013024055
-.00018661490537819525
.0040512173652840315
.7445270606965347
-.0001309035601293102
-.03678233153701298
.00804696047498129
.011955373019249382
.0046618063921102255
.0044467707012341975
.03055921463479131
-.0018847571919909981
