38.578193714672494
.15420173692602
.28961489953018765
11.326054205228926
.3789424215723314
5.684544202079934
.20469795579308722
.002487881223792717
.3346060057352505
.02720892455850388
8.372991358049646
.7579709632450596
.6365380807905611
.008822174554169738
7.560849003402937
1.0309590975256266
.003647440261233266
.07998015992502643
.004315999501813798
.001743171180650395
.04220438329420768
.00014286588051977682
16776857240100577e-21
.26390786966449076
0
0
.005162947314153678
.006214406103340863
.0061032057310061736
.002356897822214624
.00017645390566346702
.01438135521502056
.0012495679195113532
.01084191020740581
35478772940271203e-21
.0004897311470133619
.002858012756603718
.0005147264814442976
.00537606803245763
14794155661601513e-21
9.769912097686083
13.95153717304268
.0061424637426438266
6234486277653718e-20
.1176472688969656
.00773853820406139
.006825791063043279
.4251567465875493
0
.43411964793787894
0
4.0355622716344
18.215338016282917
0
0
.006804979380702454
2.9856041597765595
14.2399322578133
0
0
43.629855030834946
27.872661731747026
9.271549919089502
.002449400690557933
.0006121856772701228
.0014875697842852546
.006632640543845371
0
0
0
23.303169312475983
3.2465321149674575
10.3174509986381
16.832020188439618
.0014494751112546582
.008260072611107146
.00040550596756079685
2.2192941837709523
.00038777011405873935
.003613771714687355
.010941664381865996
.0015350235482723673
.8731775594722538
1.2664226848799869
.00013145205002162706
.024877058905271573
1.3940576212303222
1.5261671305536275
3.3247600297103728
.003464438467361313
.0004866291304837152
.5837094618125306
.7527267650611869
0
.49035978953468035
.7577123576091075
2.024219714371145
2.532641706352813
0
6.106482416955598
2.026965855220608
.5788770823611249
1.1021171774809757
.9664633626373873
.0008112849762426422
50
8.268350179711877
.46941789506859266
.06312878020287054
0
0
0
4.698984599114845
.009744076625595545
.0004663800873802004
.5218086605980324
.0012899828367372362
.0002594536219696989
.016555289856178077
0
0
0
0
0
0
0
0
0
0
0
0
0
0
0
0
0
0
0
0
1.8742597190319155
0
0
0
0
.5886452947442073
1360.5235758919725
.004716077595885992
.1092351904487012
.020045531830977903
.23281453165380772
.5420071185908766
1.0854375696733183
1.3467738073779085
1.455799104267701
.008141076794653779
5.630780275849934
6.280019087069611
.15134584700200734
.35259239580766605
5.248427728977108
3.842532458767021
0
0
.02
.02
1
8
.02
.02
.02
.02
.02
.02
.02
.02
.02
.02
.02
.02
.02
.02
.02
.02
.02
.02
.02
.02
.02
.02
.02
.02
.02
.02
.02
.02
.02
.02
.02
.02
.02
.02
.02
.02
.02
.02
.02
.02
.02
.02
.02
.02
.5
4
.02
4
.25
.1
.02
.02
3
.02
.02
.02
.02
.02
.02
.02
.02
.02
.02
1.5
.02
.02
.02
.02
.02
.02
.02
.02
.02
.02
.02
.02
.02
.02
.02
.02
.02
.02
.5
.5
.25
.02
.02
.02
.02
.25
2.5
.35
.02
.5
.02
.02
.02
.02
.02
3
.02
.02
.2
.02
1
.02
.02
4
.02
.02
.02
.15
.02
.02
.02
.02
.02
.02
.02
.02
.02
.02
.02
.02
.02
.02
.02
.02
.02
.02
.02
.02
.02
.02
.02
.15
.02
.02
.02
.02
.02
.02
.02
.02
.02
.02
1
.3
1.5
.02
1e-12
.33
.33
1.5
1.5
1
1
1
1
