43.541564037124786
.31522463091171243
1.127910091266749
48.02940034667489
1.3007522863168668
7.66092997990458
.828735921468168
.17726385859883312
1.371624084195112
.07823426585685234
23.3239204485759
.7876184208001128
1.659779307621317
.020434856190443797
8.938597915207117
11.42468304700345
.010001352576138977
.08561123615691416
.01714346544353371
.006477142564372659
.04505890189752416
.014178265333547489
.00982843268095167
1.564274272290091
29.534344607154583
.005093113945798454
.00637145451978036
.0065543745183830535
.006355016885697253
.0053590080922126075
.00017766373612048984
.014561618403741778
.0012650961252569167
.010932396195698331
.00029759977539504646
.004775556730346112
.0029420661215509352
.0024136316366699328
.008784191188651612
.00021625802340171892
18.536936620227387
18.349855611571105
.029144261507613616
.003916367087504715
.14068915377623406
.010595814240921157
.008705912641561708
.6456716676756524
5.2915443078187305
4.952111362002002
3.6771075211048143
5.2912007859044055
22.085950181607462
20.166776161162844
1.9001494221598343
.007403365089097399
9.665678307555288
164.54537880271903
.35352436286083166
.17837837268104373
54.65684470554593
53.916842123731335
19.193353433522695
.005789647975633186
.0022883683118637625
.0018028028813190326
.010694791189913275
80.43351351006538
79.92617608064083
.04105525363971472
27.821412210023535
3.277657498943324
114.15654348155928
33.95220409356404
.0015086655383424155
.010222650946442355
.005101437494292843
2.7703972535334853
.001063624431713478
.010232047409551987
.01123543708416573
.007782610169083999
10.91804924429166
22.678954547925105
.009401699383931688
.051940033433374756
28.194595169903142
128.66994711277744
7.723978919911206
.015767020224016163
.009888848599083391
5.017973392529085
1.549527645192933
11.96969658941582
10.87914938414207
6.374076253306461
7.87761558441079
6.389980402624265
3.9726341292782754
64.2818366997395
2.1746274504402043
7.682550689509724
5.265920024288399
2.6547582935120877
.003372159458537534
63.85429919108403
8.669455083849178
2.187330990025203
.45884882954764894
.01656814319676693
.00017149712730506913
52.34143170847506
104.32688725088386
.09205171184557943
.0032929693281665328
.6297472471346419
.006587750518836068
.007318602814876979
.19752471433486363
4140990314291129e-20
0
0
0
0
0
0
0
0
0
0
0
0
0
0
0
0
0
0
0
3.318705646483338
0
0
0
0
4.461414177959546
1360.5235758919725
.004716077595885992
.1092351904487012
.020045531830977903
.23281453165380772
.82219215265848
1.2382429261852443
1.5570429014700078
19.67344463278954
.01667503511029739
5.903030963304614
6.613417927085242
.365827279301038
.823139257573732
80.5903551309279
89.47189733226223
45.55157448721097
82.25635142582581
3.510937652889917
2.1480958048072942
1.6386101028315294
1.7347180693851312
2.7397843685097905
1.8616602359699486
2.4899650462105565
2.113817544603255
1.8457666795595185
2.1350691412717855
1.9829245952777066
1.8811262196275131
1.4302506440572424
2.124312431046975
1.4906729798129514
2.6621397473862527
1.871996979162409
2.057210794174763
2.155663694744677
1.819532361192669
2.4227622958979156
2.8543369405236687
2.608142673153553
2.098401197626238
1.8004845886431435
2.448151668418279
.0237048467281424
1.8087919887639392
2.291188926142342
6.154896471708158
1.9610479295722143
2.060942174529364
1.3394910123895332
2.9643978582827124
1.4515326382528309
1.6176111561936029
3.001565691341532
1.2840198872485384
1.878947216687506
1.5023328573057428
2.037320773635447
1.4632968670533644
1.8472206030015836
2.6557064674341473
2.0311702259442272
2.2282904804269124
1.8800814920721707
2.200166864180786
1.6042681106146384
2.148480834914566
2.6152533920232837
3.1366809881631665
2.466342290210851
2.0713226118138315
2.067730224748875
3.221868870153765
2.5677769983232035
1.1057964587767175
2.847517900205168
2.85938662597563
2.179466897070702
1.1695440491137445
1.7744617573170436
1.8373168961439559
1.9614641175131158
1.586277882050885
2.2978394126546795
2.180358899800445
1.8768815896628477
1.678411700025604
2.5201611994261928
2.501266304609201
1.8143685014642408
2.2619699352352822
2.416738201330376
2.145669877390614
2.4450271236590915
2.2655433894925747
2.0364565530870125
2.978652812917352
2.1628609783606536
1.9092546204257066
1.3546530752823849
1.6275754092182138
1.6758344343760554
.7388130170411426
.18887162499538265
2.1151460179775188
.011870245194217737
2.521653028635924
2.2130957335286756
2.517632306883566
1.9292205061091403
.19083895718063945
1.4100166362490978
.2171007802297567
1.1611179745538687
3.159799627403401
1.758166038005591
1.9280591418094046
1.8413938693605147
2.0395343496870897
1.9208173790740333
2.1104453467079916
2.2367534606519737
2.3478550052240954
.01047287125398716
1.781076293874052
1.9562109364106377
1.4928619921742672
2.260595884835101
1.77780593987649
1.431434335596792
2.1548680998601615
1.8262125456230087
2.0782517084312286
1.830603449087628
.7497459671383361
1.8127506972769372
4.61451132640783
6.51086769903549
1.5004636304747392
2.12408294304809
2.5434841204765575
2.4292523458927144
2.858092599334632
1.8855631585791528
.008668875923979063
1.4781323501178627
1.3592160428613649
2.7666724973477352
2.584004313616413
1.8236488569711276
1.955962017628691
2.188759637679732
1.9826166387887538
2.7925259058661527
2.195147527985648
2.532288006105334
1.5599792355237505
1.604170501385909
2.296098598996931
1.2491866760244938
.2258628935682641
2.165276105012646
5.44497899639367
1.5120047908250946
1.8672984480434514
2.0979297193511073
2.198218987365021
.9710081354530544
1.5873878244210995
2.232280002313338
2.191316366837481
2.2530519347925257
1.4190260770227654
2.1278274954004113
2.663305788683165
1.8734627664828085
2.431860692380826
1.4893744603797567
1.2171910221165543
1.4881201822220134
2.0106635598011513
2.349810797099841
2.2933459536953356
2.705082699103211
1.310766009191554
2.3908475100541158
2.2280544383550485
2.348140529592033
2.4944498448024324
1.7349188731962248
2.03554093621457
2.9864776179217856
1.7888097127625044
2.0889021282326863
.026317119458747408
2.0443399906843966
.0614377578743013
1.9095841512516585
1.8283205207704594
.5619461234447218
1.4026053365834474
2.131723700711043
1.2902328497898692
.050117155425439035
1.9522842467866466
1.078285477057117
1.6274707338811647
2.225401671703541
2.004922606893611
1.4920299818049119
2.4383248222968694
3.154672320069011
2.820610791269594
.6789371633620548
.0116907872583036
1.9475352871145644
2.129944201508382
2.0121690168317383
.04968950468285705
2.3111796805973586
1.7466420753475904
2.252036390702774
1.2994255490938964
1.1781645254795885
.006382123001685467
.004336541849558305
2.2724956743747207
.5867825507403847
.14315284227099775
.8306838429152773
.19229808891072428
2.3204827587026498
.10260440932306983
.09239148442886788
1.8117295842474357
.6160242629692018
8.425968575644587
2.0503075466640306
2.2851107786250457
2.4312390807384032
2.4495067802397643
2.1803942025536074
2.0746010530193564
.11600405725453626
.17031220217164042
1.9401886551297025
2.9799882430822655
1.0304804737383348
1.9282196614722922
2.3671266234346664
1.9616877927685876
.010698793337661685
.27809547295061243
2.765279424095562
3.6007037715482912
4.289086892538528
4.332722513312012
2.4329481085837656
.011787545981654704
2.880673177447002
1.3451258728906867
.014497839967132149
.011041007377007408
.16139090671247336
.012388473857355994
1.9691089320750264
2.678361013255487
.01
1.7030481363918704
.014022938761827858
.006852424909261149
1.8788916267283353
.008776118869051018
.007955973153775869
2.280775019692706
.007340584272817915
2.211216775211101
2.167717851944851
1.5515205795210292
1.6512791458589686
.009826458025049688
2.109556917100703
2.175666277693701
2.560457354041724
2.585815976001182
2.126766444837993
2.733236178912276
.010364459411403322
1.4636170503687043
.010477691672023896
.009025912150745838
.010409444976317446
.011907621389176807
.01046116020482806
1.4357212239708002
.08652890313068592
.07212010882988669
.008823178549090205
1.4173940826432467
2.215796094060937
.08611817269354302
1.944577478136695
1.5753379561864072
.06929146722685942
2.2611055299071303
1.7259130204693052
1.7644986964739084
3.0199197574549066
.00894625994030427
1.6880322330640818
2.737136961163231
3.4962988147301823
.8030430034942758
1.599701136372702
2.154378750652332
1.414912577221662
2.4307365118383357
1.753630006377083
1.759006432424491
2.1572943233449946
.00824542445263273
.2104187187382431
.19405524995342477
1.9377968722554044
1.4152717341439964
1.9915395985703117
1.5962494600829877
1.4004011633256785
2.226165185069725
2.239397898239599
1.7833371292778915
1.9171022046491875
2.1193933348516665
1.8130259031039155
.006696753584279357
1.561771344444436
1.9378396577467583
1.7257539001949642
2.2795115014383733
3.177537751304096
1.7786916687697887
1.9721422581705175
1.8687495912664476
2.102186789215807
.11381745435085268
1.787524353720186
2.3208018405525586
2.2258203161593175
1.5751852283840735
2.4717883573573527
1.676041287069847
.2283186380550529
.16280279810928985
.13002113996922007
1.754489804546796
2.1853186846077377
2.0269237293954405
2.5158100829356638
1.3898578875090644
1.7865203124317097
1.4995200270459341
1.9697779935707462
2.350305061010002
1.6440117120026427
2.2763764663787285
2.2929768631193244
2.000581878156927
2.210792610307075
3.1767337709704697
2.157831754594616
1.9707228617515142
1.8310837857183377
1.4680170022008034
2.0462446927987608
1.5303480663124955
2.0276865875847347
1.7636108936468091
1.462617529228446
2.329346889508819
1.7674510096384426
2.182358330678042
1.355400108297495
2.3179872640404175
1.6404986646966522
2.5616745240393755
1.7242939384762643
2.1335103813401997
1.601039087575942
2.074675359941193
16.964764050877093
17.27217056689528
2.6240346482856394
2.001141693003717
1.8807490014248984
1.3608908563509845
1.502967347317822
1.5454176069740202
2.6171506664705904
1.8006902063129289
1.685623710807956
2.480664383862206
2.0257154063789398
3.0078870685740378
1.7142383365967737
1.9179336340953885
1.4754343385602924
1.7985726401181843
1.4352110853108675
1.8522309657943687
1.2922318698877506
2.033916027947047
2.3268688440976613
1.225225855409658
1.6609918911389092
1.6265471173314388
2.273392653850144
1.9475899693845222
2.7160533549388504
1.935831555816067
2.002979718946411
2.5525602912443865
1.251470998341024
2.548974122282283
9.947933722034373
1.8603189860219282
1.5832424466401829
1.6205287498505423
3.4302252024471036
1.983136413615043
2.0345733199267086
2.8443407054196403
1.5445974304435943
2.0111498822676417
2.746679296554411
1.3611463510382755
3.1508368808843574
2.537586109062361
2.618840996777819
2.0091139017287567
1.340282532681241
1.8328762539322483
1.7247436835620271
.2898174297197491
2.7297215739776193
1.7613638876340993
2.527386361408934
1.7608336900149284
1.9316589629834298
2.708195766676182
2.0006119519123704
2.1931377706258064
1.836532079808525
1.6997057162075029
1.5456394961073778
1.9534241793330542
2.561599308414944
1.7081813050987904
1.9058261539888153
1.496458188632706
1.661694074712429
2.6169029994396307
2.8133623224352475
2.022626358245823
2.152440327835085
2.011859580406396
2.2551096727194904
1.6532679295477963
1.2774930300641367
2.094257463663578
1.7364812136355245
1.7029391689348887
2.1934191461664128
.1671164677696027
1.0383161549106834
.11511704319708586
.980257118086219
.11008637688232988
.8408627102536901
.09392212822071513
2.1345284028257745
.16935651608663418
2.5409963529261352
.0862658235432961
1.0050287494213697
5.862685521425193
.359432975250725
.11620792784113604
1.2197288715128711
.0670054135791031
.207200187729006
.04101065536710871
.8789396189332963
.0723530067550797
1.1354293063780612
.0975218548515898
1.2971285093380867
.1779508344573406
.9268231336311398
.05140789272883403
.6846262863254581
.062482439832805305
1.4216332976700314
.00020890086828874148
.00042264368702186453
.1209280678096668
.12157691007145409
