6111535539657548e-27
40.137562016058375
.15386262264959533
.3089703632637278
11.425153959905582
.38126333673293294
6.03190963825455
.21462899468838473
.002812629865864897
.33803465519493714
.027302372119277725
8.205057268091627
.7629297680184264
.5699846446823464
.008345234145924585
8.366956248130341
1.012760163685333
.004123511497524236
.07806392223754267
.004226641008322688
.0017960631500181133
.04018804610513317
.0001285765594989948
16709344676035115e-21
.2626655491739507
3977329015317519e-23
1335557615202893e-29
.005254941783940269
.00685052811571041
.006165391889794625
.0023742281741921333
.00018429176681972274
.014670311659837286
.0012194493391824678
.01005106555050302
36575908455768654e-21
.00044933223647427396
.0028788387041671073
.0005203548772414699
.005429864001383529
16869247140062664e-21
9.502604545307582
14.20533930638546
.005374557410929275
5719838058442789e-20
.12173475710223616
.007602460244286383
.007580188683253038
.381726848261962
8114254657287988e-26
.4458831069724974
2912976231993047e-26
4.122359450141765
17.632335100007378
15480378459044684e-25
22708404656179597e-26
.007771828747392915
2.742634580294283
14.26364820157191
276397959566763e-25
22928495265591344e-27
41.09846352555387
26.11837156482159
8.869606087434851
.002481588244099785
.000586216831209685
.0013192210031438814
.006894744821137795
5293347398615507e-24
0
724398447079455e-26
23.656226758379283
3.539497068575263
8.825998028735079
17.84259506105962
.0014776066164117311
.008038834063170483
.0004603728983132099
2.139383430557651
.00038848086843396495
.0036493821876295972
.011924255919873367
.0017411286141869342
.9535450253520963
1.5746393437226345
.00013398293640468263
.024633091040794492
1.199349334953526
1.6522133160433015
3.264292466872018
.0036089066752769006
.00044589910662060794
.5912060171807453
.7980263051181512
11116867861606178e-27
.4341337551176538
.7934513038446978
2.1343926498873302
2.847608669092345
3294036406287991e-25
5.7617055061982265
2.070817655796608
.5085330369355222
1.1701122736711433
.9631423285478141
.0007473661686488863
49.512283218237094
8.279640346032437
.45293423288006246
.06775340300486171
6272514604834957e-28
6798467236113333e-30
31274878598265815e-25
5.105041767158224
.009912829542481712
.0005045213456358237
.4929331365486178
.0013393461492370864
.00024234190844541078
.015092415400082467
32994303113973945e-31
0
0
0
0
0
0
0
0
0
0
0
0
0
0
0
0
0
0
0
1.9072883701007515
0
0
0
0
.6087400146475767
1367.6120047236539
.004402797879763137
.1132577587234047
.01871247902618283
.22845530905703965
.5596040838191642
.9867105258610418
1.3475222450428233
1.353670087137331
.007768344342292122
5.943786629927788
6.0579734308961655
.14375232056442686
.38171761942107163
5.034463840454768
3.755895025244447
9472596006799051e-26
16181349696994057e-26
.019999999999997554
.019999999999997554
.9999999999938884
7.999999999608861
.019999999999997554
.019999999999997554
.019999999999997554
.019999999999997554
.019999999999997554
.019999999999997554
.019999999999997554
.019999999999997554
.019999999999997554
.019999999999997554
.019999999999997554
.019999999999997554
.019999999999997554
.019999999999997554
.019999999999997554
.019999999999997554
.019999999999997554
.019999999999997554
.019999999999997554
.019999999999997554
.019999999999997554
.019999999999997554
.019999999999997554
.019999999999997554
.019999999999997554
.019999999999997554
.019999999999997554
.019999999999997554
.019999999999997554
.019999999999997554
.019999999999997554
.019999999999997554
.019999999999997554
.019999999999997554
.019999999999997554
.019999999999997554
.019999999999997554
.019999999999997554
.019999999999997554
.019999999999997554
.019999999999997554
.019999999999997554
.019999999999997554
.019999999999997554
.4999999999984721
3.9999999999022156
.019999999999997554
3.9999999999022156
.24999999999961803
.09999999999993889
.019999999999997554
.019999999999997554
2.9999999999449964
.019999999999997554
.019999999999997554
.019999999999997554
.019999999999997554
.019999999999997554
.019999999999997554
.019999999999997554
.019999999999997554
.019999999999997554
.019999999999997554
1.499999999986249
.019999999999997554
.019999999999997554
.019999999999997554
.019999999999997554
.019999999999997554
.019999999999997554
.019999999999997554
.019999999999997554
.019999999999997554
.019999999999997554
.019999999999997554
.019999999999997554
.019999999999997554
.019999999999997554
.019999999999997554
.019999999999997554
.019999999999997554
.019999999999997554
.4999999999984721
.4999999999984721
.24999999999961803
.019999999999997554
.019999999999997554
.019999999999997554
.019999999999997554
.24999999999961803
2.499999999961803
.3499999999992513
.019999999999997554
.4999999999984721
.019999999999997554
.019999999999997554
.019999999999997554
.019999999999997554
.019999999999997554
2.9999999999449964
.019999999999997554
.019999999999997554
.19999999999975554
.019999999999997554
.9999999999938884
.019999999999997554
.019999999999997554
3.9999999999022156
.019999999999997554
.019999999999997554
.019999999999997554
.1499999999998625
.019999999999997554
.019999999999997554
.019999999999997554
.019999999999997554
.019999999999997554
.019999999999997554
.019999999999997554
.019999999999997554
.019999999999997554
.019999999999997554
.019999999999997554
.019999999999997554
.019999999999997554
.019999999999997554
.019999999999997554
.019999999999997554
.019999999999997554
.019999999999997554
.019999999999997554
.019999999999997554
.019999999999997554
.019999999999997554
.019999999999997554
.1499999999998625
.019999999999997554
.019999999999997554
.019999999999997554
.019999999999997554
.019999999999997554
.019999999999997554
.019999999999997554
.019999999999997554
.019999999999997554
.019999999999997554
.9999999999938884
.29999999999945
1.499999999986249
.019999999999997554
1e-12
.32999999999933444
.32999999999933444
1.499999999986249
1.499999999986249
.9999999999938884
.9999999999938884
.9999999999938884
.9999999999938884
