.006339087809412059
-.0402738029932546
.00036739363830879816
.0011164907764027528
-.01182396786722312
-50450274653172265e-22
28707051684535917e-23
17232548726836867e-22
-7251454531948575e-21
7191342187930529e-22
-.0002536330019694706
-333320258532739e-20
30659648715967878e-22
-58269004935804126e-21
.001667555097357399
-.12302052115232062
-4650169594810393e-21
6072089723376151e-23
8515821040184238e-24
4032813995412734e-21
-56505899469270084e-21
.006911130759361694
16439603550418136e-21
-.001854407783909646
-.05175063005985727
13523402302267217e-23
-28486826724766126e-23
2960610273319952e-22
40639145626835477e-23
-35973197260649514e-23
-16293373302644064e-24
7083792627447119e-24
2205276667857129e-24
-2115226936305383e-23
-4902956748283069e-24
46325384807247873e-26
-26638217401263543e-26
-15989433035915e-21
-3842271364487303e-23
-14277793031432293e-24
.00669346585874843
-.02926601831149858
.020495715283682256
-37272202756944714e-25
-.0002135812210762596
1969794826029959e-21
-5781538075847673e-22
-.0004615086315815624
-.002699814003220231
.17787994479198763
-.00015725473706435072
-.000528873567413027
.01959968542189886
.0005579269378980663
-.00014013814205378268
-5694458124349554e-20
.02910006753957496
.04416271021018817
-5103337850526335e-20
-.00047976524879407074
-.03687798966191146
-.01279594429393497
.03199802781261814
-45214677649639305e-22
-.008791220956991457
-.008004911519056166
.04197084619445064
-.006657853851611294
.00035534627230158415
-.008833943418853662
.037270777439882864
.0147092401514773
.018698013185648166
.0037810699151569864
.0005763128737900514
22702914080549098e-23
10638593229145786e-23
.0012384115270281737
-579700640436136e-21
-4211737722043638e-21
-7530257447506807e-22
.014298305908125192
-.025470853061197264
.0037628642862505817
.014974137345099472
9322186048260307e-20
.1837835706864989
.006686093092586031
.2449092516075218
-.014091726787012853
-3038974392919957e-22
.013959747402893507
.3849976955171681
-.0003792646150319005
-.023201501412118408
-.056889210988524196
.019530214596185057
.020615875402293808
.00021533410109979574
-.1433398666482411
.06592614934019449
-.02073674041623457
.0010374927936928622
-.0013858777024347933
.0009985204294693647
.007451124426075976
.16147297984334408
-.009244763690547773
-.015166823422990939
1529349839493603e-21
1790717167275773e-22
-.011375884139211003
-.00958140804892953
.014187908856065355
24182882315511726e-23
.030786897460877344
-2311915640791157e-21
-.017602241796924892
.014767214853552967
462747094105081e-22
0
0
0
0
0
0
0
0
0
0
0
0
0
0
0
0
0
0
0
-.04164069691108657
0
0
0
0
-.012003946172964625
46803359185390995e-23
-6521576007909593e-23
23408882898537382e-23
5119224094103933e-24
-11211370960127753e-29
-.020004236396863433
-.2696073316499362
-.0006431904762151226
.002473376896123801
.8036420861834195
-.007761377371149715
-.1814904215845484
.002856069137925302
.008288364112814821
.006530124933661721
.018464660591473593
-.010567663528494569
-.00010341985109333679
