765415655026137e-21
4087441624643376e-24
-1448185119427758e-22
.012925200192761353
-4114236801238082e-24
-5531914659146236e-24
62356027479401015e-22
-3073647799888344e-22
7101938567687214e-21
12984606236665398e-23
35404184756490795e-21
-13409565404949369e-22
-57537489103150126e-21
0
-20024405444464976e-24
-8012766825203304e-24
-.0005506700033601062
-.033782718798155996
.006883606657433709
-10089897522986175e-24
.011617220671515716
-9946279860986938e-24
-2821656765867548e-21
-8069630898713073e-23
.02055039446929917
-57803533702783155e-21
-51092944407060806e-21
.024432633494866463
-.013159989630856714
-.0006453572296033375
.04609957433327242
.006898364187719253
-5665257626594951e-20
-.008782364689554765
0
0
-6809281761033553e-21
.019719827825086817
.036312096374169905
-58218191863428964e-21
.0596924779155973
-.00011002858968054847
-4223558879470287e-23
0
0
-28321156296088317e-24
-1957370833186784e-23
26905597387291627e-23
.0006192348217059099
-36089403120651235e-26
10147411856011628e-25
1589817247629956e-23
-9367548892025142e-24
-11410933363218027e-24
-5912877044371377e-24
-12404372943994947e-24
-.0026839828742938185
.007392478395627859
.010350029344683348
.006703351969199521
9124486369609574e-24
-1664081368869842e-23
-16282274045393534e-25
56868558058152016e-25
.006680612480151375
-.022681656390552793
-5446371898720461e-24
11349225977453484e-23
-3171760749434614e-22
.02004124083755083
28579219632848535e-23
-.013163479347431941
3040433664964127e-21
.00886658367935059
0
0
0
0
0
0
0
0
.014432123977150354
-.016317672910354505
-.016420638494186277
-3800721653733827e-20
-.0013840081077792414
-912338765525548e-22
.008907123962323503
0
0
-.00016214346456483862
-.021172755411832927
-6864106990677367e-20
-.0002109280995806913
-19130307579491557e-22
-.00023983039504822364
.03866408989424416
.03045029807152874
-.0033050462106224902
-1036693049941093e-23
-.0331340450082385
-14936426656430953e-21
-26081658824308463e-21
-.011735471432662896
-.008004089410973721
-.00295255776173624
-23380193000250414e-24
-5173379365853283e-20
-.028046325405911586
.014821177748939558
.01573902358764116
-.047703792623113396
.0005986783043030958
-.0029355651890413934
-.008564509429392263
.01403418364311842
-.008057098567253127
-2236623661061646e-22
-.07621382036938185
5952837958111979e-21
0
0
0
0
0
0
.011905558635305595
.01992272118860034
-.009540041398338002
0
0
0
-.00958734223710839
-3462422806544308e-20
.0011745949177922469
-9625613192963266e-20
.0027620429371409496
-.02382106303037668
1012574341512957e-20
-2713375999770119e-24
-6677265401476437e-20
.006897670124592429
-.019238430279496888
-480390428585034e-22
.0032559929946585522
-.008778794900247001
-.0006791263320988564
-.00040200481252657756
-4228362727699283e-20
-.046425217201482405
-16429591459809613e-24
0
0
.006699726563195381
.006906310652290418
-.001377310882101362
-.0007418267550680727
-17196687587228967e-21
-6704254927186737e-20
-3169720223863016e-20
-.01197885317453788
.0073059302186258245
.0067342846358757445
.0069060239173299055
-11155796194278399e-23
.0004782009851758153
.007477987045121146
.006913480173002253
.006903694527646336
.006914291599226789
.00671901251756523
.007625548561017388
-.04572699239850995
-.002935378665911185
-.11787263378301177
.006711131363714457
-.02527970228425311
.0066817129994240785
-.011287388127431578
-.0007551572739172717
-.022370966176225457
.005174754385453712
.05905924386217047
-.02943110130514747
-.01478684066392853
-.07645187901096043
.019280359862329764
-.04815709343198934
.17103867215077712
.006664707543742861
.007336180240956547
-.02905640041342557
0
0
0
-.029382287407332276
-.022551965732810885
.022680562196959814
14541857927181181e-21
-.0006960907617860915
-.029892521535741696
-.0003121178357743773
.008657336648944388
0
.002999657422657098
.006906679327797867
.12180344922332272
.05718221124184935
.008796136159471784
.01259049150190454
.036627775165812865
-.3803004035595318
-.09652628961095937
-.001981186647705443
-.0019504010761221483
-.005655165582879222
-.0007769783940519076
-.04730038366743227
-.002894998100801652
.11457018581399978
-.0006250209555469415
-.012104891886045632
.0034039909818951203
-.0009571561664513959
-.0003412842793260311
6732912368554774e-21
.01454556927439787
4167511565546335e-20
.0006354270501679589
5424513537214338e-21
-25697134810756706e-21
.006662982872313457
14192935622113313e-21
-.019408915159445664
.00029827530381577687
-.012788195278087128
-.01647045609121993
-.01859567107355499
-.015636475344851106
.006903411934502597
-.0759524015080846
.004427636891263061
0
-.027314972044409445
-.03452236595160474
-.05079678673625365
-.034762469411700976
-.0007156529069341786
0
-.036102188055846626
.013395017030300703
-.025701371307558268
-.014076766014303816
0
-.02499961642337537
-.027118840171049055
0
-.014037784491062924
-.12507041096119595
-.008549606539309786
-.031159595004830665
0
-.014934518453962022
-7684829740071185e-22
0
0
0
0
0
-.027098961007682127
0
-.01904762238899202
-.001460138117643895
-.0269967387269821
-.024095492508627556
-.026462036755159766
-.0006639343977376756
-.025521695967927468
-.009097532533729134
-.0252818113336119
-2754797530919407e-22
-393775861095471e-22
.0034234286029065216
-15749660826648808e-21
.0066996151605109265
.014607968574405765
.01424567607580126
52666536222296134e-25
0
0
.021479470097673797
.009572270989231618
.011624393460566413
-.1392946534385725
-.019982663432128588
-.01487391776403867
.08712207531178637
-.012261651999621736
6573105935343951e-21
.018003497612288647
-.028046163973269016
0
-.0008399011529699319
-5846846901517108e-20
-12008656394586278e-23
0
0
0
0
0
5109471838228782e-20
33304498574155503e-25
-.0008536726171691532
-5774530655079205e-20
.017944948277672786
.037108947910073506
-1448186464792273e-21
.006906052663845616
0
.12270310829467998
-.013560298960421841
-.0002294120882171605
-25196931311069808e-21
-.0005647151380213739
.01430124041059107
-.064522342028546
.0009250519322508745
-5919398743704367e-20
-4277407094191781e-23
-14008944355808432e-24
.0001315480990471134
-5776798681790326e-20
-3487810328246744e-20
-57554801477959336e-21
-136990060056157e-21
-16622155725146577e-22
-2493296787822811e-24
-8107562330082473e-22
3220892340393182e-23
.02152430078553171
-14215121467765181e-24
-14844415719757152e-24
-.01883536403883319
-3406356444501095e-22
-19417197593264458e-24
.006900209265460903
-10413121347766657e-24
0
0
0
0
-.05236230117611155
-.052364447836592845
-13528120607735789e-21
-25664785745215773e-21
-26379429249370748e-21
-2780579076254236e-20
-.011009602173470967
-.00032456877783838416
14966442411447663e-21
8261917122050223e-22
2596039629966259e-20
-13023240620993999e-24
-12263221783606938e-24
.019847439511223832
.0011589491652970211
.03897378273649024
.006901306346430361
85738959417577e-22
-.008333924616973664
-.02262387019971975
-.03887673059105618
.01409893808499264
-19640553216261153e-21
-3228951948326256e-20
-.02350628977970869
-.022465634878929473
.012935074344267267
-13111270848294698e-21
.0068502245172006974
0
0
0
0
0
0
0
0
0
0
0
0
0
0
0
0
.1747481874216034
1469777098759868e-23
-.018481295687475217
-57635421885965066e-21
-55830579736644045e-21
-10936826908056144e-23
-5755233329464247e-20
-346740538644915e-19
.0005763662493333731
-.019783976770861956
.012948360669910189
-5920837117753068e-24
-14914385998033017e-21
-6750668489426586e-21
0
0
0
0
0
0
0
0
0
0
-6501652885990382e-20
-57768400629605404e-21
-.000622469276665981
.00012513740125572525
.014710221708350225
.0005763585014912437
-7209808437038955e-24
-.00021737891255428442
14527021807875934e-24
3233359384900844e-25
-3566572541206801e-23
-130059190528606e-21
.0005763629214621311
0
0
0
0
0
-1255112978986302e-24
-4307969291429089e-24
45027108050065085e-25
.00690857332871109
-.03102965511775174
2644469792712078e-22
.025599754952913393
-.0028236910268613943
-1840200795282489e-23
-.04436317449385291
-.16554187282942878
.0069020722242180985
.006900468712056612
-8691278995710238e-24
0
0
