43254576245471494e-23
-5195329793925552e-22
-.0006123929679348651
-.0001516912363781275
-.000590135882812304
-954509181865902e-21
-.0006048106655670044
-7522186856727712e-22
-.0006001766370636552
-6901385659508927e-22
-.0005741861868785807
-1327445382401516e-21
-982327667376514e-21
-16307410632969995e-22
-10789086163299126e-22
-14351615165491238e-22
-.0003937928627704766
.0015380018899849193
5354026445331114e-23
-10242901718922585e-22
-.008791976531790837
-10298047973859476e-22
-20665817168061107e-22
-12634439115276422e-23
-.012597156513775772
-805096134561937e-21
-.0006902360653063945
.04415430017722318
-.007205769613674394
-.00027982503722128707
-.012011605550066268
9261155584991034e-22
-.0006104651514240336
-.0005383301440135913
0
0
-.008694246991141732
-.007241216207108537
-.01915681435148289
-12000594405455851e-22
.014524920169136011
-.005711129945136201
-9984416440083457e-22
0
0
7138910849674862e-22
-8731048487965147e-23
15708937017588322e-22
-.0007682935809546893
-8730760105053028e-22
-2141902565830967e-21
12286167909850708e-22
-30407501245879954e-23
-5675101281609054e-22
-27025426688112214e-22
-3608940045694163e-22
.001162667697624758
.00034540309317323046
-.0003743881072152655
-192478767627028e-20
-8409129433968664e-22
5430302562752366e-22
-2087278656071994e-21
-10882388500878654e-22
-.00015792620959436296
-.013347989461065244
-2124846111980293e-21
-2548156993091547e-21
.00019963138550256937
-.0060195596123614305
.00019929340421806846
-.008665608089619485
24363487286776514e-22
.0005973877879011188
0
0
0
0
0
0
0
0
-.007124067041741732
.0034312242780849198
.00983873954492331
15015098196538014e-21
-.0018550670352521885
-32089482952472977e-23
.1647036009169313
0
0
2711232180857167e-21
-.0003963754429154669
-.005624594306651598
.0011811755246466952
-10222976552796916e-22
-2741166327135158e-20
-.0006428875122137305
.0017090727178346566
-.16697238234501297
-1712144000965199e-21
.0002768520403362329
-13302971289237364e-21
-.0006319309173242422
.006362501364240445
-.0006054559155884324
-.0019021207570512782
.00019903109577254195
.00013748870587552736
10539946583914449e-21
7554764706839184e-21
.000923374287749446
.008835427179113124
-6623526467783322e-20
11630230510726282e-22
-.0004403102906125244
-33417137412485783e-23
-.00011072780806508154
-6576307184656684e-22
-.06848941241051562
-.0005122909185102691
0
0
0
0
0
0
-.0015192526990241487
-.00864820916547869
.0009439258558638492
0
0
0
-.009102874996869096
-.0005860288081481469
-3267157746499716e-20
-.0006169116440873507
.0018708918604546966
-.010403089327193752
-.000603841053609234
10916931657279532e-22
-19263319202513065e-22
-.0006112453453452838
-.00686511333649171
-2185410593445493e-21
.004033746061153327
-.00028394796573603796
.00010486649770455013
.00020009133903745182
27548510265826806e-23
-.004623178935614526
-12041907583285598e-22
0
0
-.00015761755359608846
-14660041852837233e-22
-.0009314101050385425
-.0005368145618055265
94817089175033e-18
-.00017416835917432035
-754580787081071e-19
.09545666103262265
-.0005264582372267326
-.0001575019354212985
5560031383202402e-21
5471309915155147e-22
.001643961221479385
-.00015428625280363605
-.0006102448031573542
2782786958359922e-22
-.00015704708870591265
-.00015557239326433153
.01115187438160709
.016073707754110496
1203244792606749e-21
-.03992920215176297
-.005395757043007008
-.00459215815170931
9959643417664943e-22
-.04890109076170031
-.00011592079637581416
.0018227949621937734
.002545291644779966
.06280504525640043
.001805309865982901
-.0009943704552253822
-.003775315442271822
-.007161145637100429
-.005117751316481616
-.00975125485711284
-.00015931493192681943
-.00016060759216699743
11749080202100046e-21
0
0
0
.0005272974325475508
-.011133684516165098
-.01696043940797324
10562083228355714e-21
.1662590472697422
.0713545490621789
-.018987488254670618
-.07986115365609042
0
.09573474499417615
-.00015701304254490145
-.0008489947256662185
-.0005899253707285965
.007959651581747575
-.00039818520511360173
.0306159392801486
-.3969785116985917
-.08964599302631371
-.009457252980236502
-.002096419278297795
-.004444220930005605
-.0005955684704607847
.0036926213175582485
-.002938266201966821
-.001276610957833739
5556944046446329e-20
.004718890864872389
-.0007461830876107975
-.0006223607714261088
-.00034864995696069897
-.00017469264128537173
-.0006580343872145283
-.013120147223471405
-.0020619884182028945
.001467484425933341
-.0006605425764291019
2549474833229873e-21
-.00038241771775987917
.004397654027400464
.08362164638819737
.0016259824130252635
-.049576490583310845
-.20678332795044554
.004476410385313334
-.00016044767605123727
-.0781646222432956
.006732901983603605
0
-.005393071161544661
-.004320848695473813
-.0048047623863486716
-.014001365372347615
.11064879613002218
0
-.006784942127010294
.024571064988419718
-.019185764721667067
-.0033716065141139212
0
-.0020403693375973778
-.004135778289619249
0
-.0033004736074382516
-.016525796053801122
-.0002061791076613297
1178373033925865e-20
0
-.004211235538296216
.0009755423537460313
0
0
0
0
0
-.0036779795229016084
0
-.004662041191610725
-.008862839043554813
-.0043630012079319295
-.00805707351201903
-.0037307403868355286
-.0004031530103251065
-.017833946814314133
-.009544309234299253
-.002090420887678223
-22634022403435577e-22
-6518253843912137e-22
-.002303942820002136
.00018047382468633762
-.00015868733582351726
-.008454538771053061
.00013569172648253915
-17612856120246634e-22
0
0
-.0020482150718250046
.010585022971879878
.02014184403767135
-.36282985527026657
.010767157126065146
.006968120184545131
.12317322509904136
.001787207453821843
6800162792221298e-21
-.007179882747259134
12438318618001457e-21
0
-.006503798573695089
-12450474074030723e-22
22912999148715703e-23
0
0
0
0
0
32607363079158726e-21
-31312674739637876e-23
.0015973606277265517
5612350090199336e-22
.001823947827305617
-.013293473830601081
18108377036001687e-23
-10352217447964998e-22
0
-.001801134072112738
.10806377239091512
-.0003761559062111839
5996885051460392e-20
-.00010049203417170901
-.0003741267462471455
-.014214054842045156
.001671496549971609
-19651038399514332e-22
1208370915153103e-22
-10227472070289874e-22
-21030602946542947e-23
-18961704398631566e-22
-845876554032401e-19
72248107002372075e-22
26823762145635194e-23
-33278267086288424e-22
42529107167999576e-23
-15561417529696031e-22
-12930176954489163e-22
-.01420265210797626
-7059897420257123e-22
-11692130507411518e-22
.014485275243311722
-1530216361736936e-21
-.0001552298134352166
3599838541447557e-22
-10849574479116166e-22
0
0
0
0
.0011198134687244693
-.00022377254258784627
-10473172334597232e-21
-1782295202554989e-20
-.0006314178587737936
-.0006123741138554345
-.004545448280600967
.0045814352195395
5205419474779896e-21
-7200172450316738e-22
806455454163401e-19
-1997318304336949e-21
16533350504775263e-22
-8022203289975723e-22
.00020797204829814704
-.002011831192297005
-.0005899935566587819
-15008886335584218e-22
.0017893241084637177
.16718776657197096
-.0244203084387356
.0004777245479826644
5608832283805209e-21
-7458006193084654e-21
.03767961926696526
-.0002192528816309726
.0006191564519091678
.00018562199329233932
-2189613541822768e-21
0
0
0
0
0
0
0
0
0
0
0
0
0
0
0
0
.00011996658246157316
-4277472103371673e-22
.03974174248522538
-.00019851941285509752
11667831921396815e-22
-.00020010955448827226
-10387652498291664e-22
-6823272252228894e-20
-13443348532433976e-22
-.018643862595273373
-.00036855836292270106
-8462666326202438e-23
.0001829901096697518
-9276161264229554e-21
0
0
0
0
0
0
0
0
0
0
-15176948105777424e-21
-1887884198760449e-21
-5584878129316997e-22
-.002830519540859997
-1299869429245665e-20
.0002003709668536694
-42373961812616646e-23
-3671054120178275e-21
-4915973964656107e-22
2264172152948857e-22
-2405592574816688e-21
.0002029745165062909
.00020039467227789593
0
0
0
0
0
.00019987717984017349
-8159757287719373e-22
-22711817182482746e-22
-21014243030451787e-22
-.19112804112550444
-4777388532867902e-24
-.017603303625824678
-3577666779409733e-22
-11746708136364435e-22
-.0029028488281172644
.002805733905991566
.00019978185789194165
-9036301800443504e-21
-14639765510746004e-22
0
0
