44.76049970537693
.3267917279899308
1.1265760107591716
49.18120842882076
1.3495725786165107
7.816619487576807
.8681067867313605
.1874777991047255
1.4005901049288925
.0782702300636562
20.71337818065294
.7398531623314832
1.6017495583225996
.02059755600773437
8.71237169211567
12.475609873507944
.011065813685253705
.083838715964303
.016254718564843076
.006747077859564973
.045462840598568054
.014482369160795244
.010230693703798446
1.695673770214747
29.759897254103933
.00494971692511226
.00662090649970981
.007501641961074114
.00640055218631463
.005137368423286862
.00017004609808896838
.013695301257933726
.00128945333259436
.011179864064795353
.0003132659642117043
.004897207315599046
.0030280983567476634
.002322184754663614
.00924860725947172
.00020931273197100477
17.687887832468043
17.66526470293561
.028813090365996354
.0038460130336729773
.1316812044054583
.010342952659619126
.009535171577737743
.6116404791085509
5.018449886338117
5.1220095333390905
4.041216639988572
5.114856526846408
21.09294911747247
20.057992054113434
2.076322956770075
.007587047894625528
9.615970272231836
161.51322417655933
.3395128637043776
.1760369369608683
52.82465545553899
56.9514184353441
18.591133250606195
.0060864043652594365
.0022752056442518647
.0016610657915464425
.010771303367841515
80.22319377820747
78.99846421886208
.03678482259353146
27.14063141722099
3.3204038124502775
106.81644490998319
34.13319723059013
.001556864115586194
.010075935607073252
.0052030456303787725
2.7701990757632036
.0010562440942712928
.009530921817169538
.011192042507118681
.007838434343286137
10.189136874248987
24.13467398837007
.009319549538199794
.05281647019635551
27.64087625999313
129.55113073179214
7.637076581825311
.015228509131969763
.010254092009681352
5.055218610018519
1.6239194519067144
12.255856655743765
10.621524301189046
6.641770372051801
7.785515361533434
6.668406847732188
3.929038545946385
66.21342085585013
2.131988662771697
7.815211526993349
5.469746577627017
2.5729702218898205
.0034060111339883565
62.884137362059064
8.704314515983476
2.2205393111207057
.4653543639257987
.016575740583277834
.00018034002517522307
52.76390678640282
106.95146414466826
.09543650698327633
.003518761428203749
.6411853021634921
.006693047812321475
.007306471604150413
.19219582332701493
43553953513464415e-21
0
0
0
0
0
0
0
0
0
0
0
0
0
0
0
0
0
0
0
3.4997937341807477
0
0
0
0
4.435910919774513
1314.6253379533205
.004622303935791351
.10415036728360316
.02088952805871076
.22512505028610733
.8281431431126942
1.1311041995279751
1.5864338753027905
18.546983780466647
.01605015544195894
6.083520379215979
6.689696238397075
.3611877740793496
.8276846777432478
79.68368204531336
85.63375223749654
48.064277271413694
82.91585708815406
3.324868754898209
2.171852915193062
1.5640864838043995
1.648766707946453
2.805779504164017
1.7485269608412544
2.554048618394304
2.071512912513999
1.8299268540894595
2.222744079615232
2.080107555299908
1.9917769438687172
1.4622019585057244
2.0245519893614716
1.5084292253640363
2.6333480165634944
2.104871200547138
2.1554137110171285
2.261847739870649
1.765772031676738
2.368498657580859
2.861469980591813
2.6626480298881767
2.0796204101582383
1.8851461243499432
2.497271808180942
.02415244324597368
1.8932573804090043
2.150824549291251
6.2440073377925485
2.0391792019397017
2.020938764282466
1.2666536827979256
3.1720534584867894
1.4768889538806096
1.49179013463261
3.064364258501644
1.281214638933962
2.004092229206614
1.4889355933547521
2.138956113448553
1.4244767567354826
1.9419516981840976
2.8148619776000574
2.191870177192943
2.2533546926940127
1.9130605578857334
2.2163151143764734
1.6975769011131454
2.223603669529382
2.4758497028663338
3.1478839688991327
2.424306817388463
2.079962723933808
2.105276632124617
3.0426003978127674
2.495440646544984
1.0826608118730223
2.6532135174220346
3.0400472818096915
2.0716203939316813
1.137749137895687
1.7336587635121659
1.6854263975033341
2.030008518299361
1.5655738540350008
2.283328155147224
2.25666952046507
1.9189410780644987
1.7833018773314924
2.716413078239289
2.408767594671078
1.85891676357723
2.3993702112199515
2.2614872391177965
2.0725026873000134
2.3656941575383783
2.345754246153192
1.9928549558432305
2.933887323671436
2.0939012797570773
1.8618227435185004
1.3224413183099724
1.5811138619382936
1.565441222201885
.7753715378677256
.1927047879379919
2.112572043453064
.011987135224908666
2.429442701874808
2.126797260108719
2.465432867095533
1.84298446409445
.18731453419765134
1.486407790244891
.2161729761331673
1.0849668654028268
3.0096409685793146
1.6992239610904003
1.9536510353132743
1.836160296808559
2.24324708369091
1.9113714897803724
2.1156827482309866
2.1639702615150114
2.4669944975053673
.01001405497537534
1.7877317628037201
2.024817456743761
1.4733676970867806
2.268104994634643
1.7209929067988752
1.3548836802109125
2.1897453283452157
1.8026183821882311
2.021036317759881
1.9751356650495273
.7373994681654151
1.6612113460365383
4.6631840353002705
6.555192590116192
1.5329019794994065
2.242326046122213
2.58844317503523
2.4226377135693626
2.883948036454366
1.9913679808713922
.008401863514671102
1.4298165251832535
1.3337063812381915
2.7431901651683335
2.5228149245360503
1.8391762201875794
1.8967802001742375
2.325302134096494
1.947202123940367
2.6930349018578355
2.300374139642485
2.5409402172187248
1.625051691862056
1.6501246236401563
2.2842863448978035
1.304595590104137
.2226537241505423
2.299327947590265
5.532748142098998
1.5088726593641575
1.812736973588212
2.1016407484150226
2.280808944480785
.9855389389339941
1.6023471788109147
2.318816546102439
2.1512433470146552
2.278620595790109
1.4093577561242208
2.0239234650460944
2.5893668298929957
1.817375811674856
2.5129126597189932
1.4854341771556336
1.170252307274897
1.5743889204321988
2.0243296517004965
2.2642168397025366
2.373243756384823
2.794277735849597
1.3676599195700052
2.2188140259874936
2.3810850337921265
2.3228015073328927
2.3678490323884107
1.6899485131793281
2.078359991567972
3.1452759187787005
1.8038210136992505
1.9506395554014828
.023145043105577075
2.0413640880842605
.06080809471953876
1.830726140396428
1.86368548004229
.5451099187055103
1.388330315600728
2.1181135683056134
1.2458560128945262
.04773433508630618
1.9582377232922357
1.0750179968037246
1.5530365088039406
2.220985013873795
1.8805670855150796
1.4725620073158363
2.5143915420825023
3.0355430439479556
2.78998563815032
.6590002177710154
.010997812343522423
1.9615566166993208
2.1779519138732955
2.0508236815869694
.04923781795899096
2.361711931094545
1.8212271600201768
2.1192335788660968
1.2339856359388786
1.2428097614309834
.006440871276160538
.0043087950673158125
2.2709995335146593
.5784383023457624
.1443244886559017
.8340368648169434
.1945475259286464
2.2694562213723435
.10684635042405516
.09832303002654615
1.7062882757997744
.6060513292237995
8.66408012005755
2.0979881901583726
2.160400185869735
2.6309424318396495
2.3918675015817654
2.21493450932668
2.110277100800935
.11470063710159009
.1710316152741695
1.9680200021802483
2.945748099828173
1.0868327200280374
1.98220409104044
2.2548779735728384
1.9551488359682512
.00978656542327789
.27416367979665673
2.9229241464351694
3.6069900487287323
4.351300317059752
4.412454083069726
2.5204455564363837
.01109346595928051
2.992746341329383
1.3152602862060274
.014649230194573
.010885592396569593
.1537033441445507
.012212129624315886
1.7950677993829993
2.7712729532290474
.01
1.7149240786748503
.01423168315405827
.007500600183254961
2.0876890790622364
.009093391179109594
.007493427617235959
2.293611935241948
.007070077686504695
2.3134386341012876
2.144873234335829
1.6131356899877252
1.7099406398618833
.009471364050399078
2.029376926195029
2.4059034043278733
2.4041847324026553
2.3913518737132033
2.255656522063569
2.826607265679829
.010334855790157277
1.4458005924529265
.010873001924486455
.008823680419984452
.010025648699077907
.011616200863884643
.01072829047955913
1.3994084243912415
.08402219824874838
.06682653130720961
.009493563005349072
1.4049325000401163
2.226132016338208
.09077000014429341
2.0320605176474245
1.5126798949728044
.0660570081465248
2.1234482468588007
1.681054780812585
1.816410614539394
2.803404372529378
.008602203564648235
1.5935018177745348
2.5770350598436735
3.4158664327864643
.8080703850510069
1.6186460206710722
2.0833673610505166
1.5575498680436612
2.439853785403422
1.791736146893921
1.849525553415729
2.1144459036089702
.008475328310131699
.21617987624488447
.19777534365540192
1.9263236002988322
1.3824596056830554
1.9261333681734454
1.7377717955580017
1.4429708482927996
2.1656758664320637
2.2703925306127224
1.7627657070561817
1.9108039852358967
2.179865932701893
1.810701786426841
.00636305106199414
1.6239309655449166
1.931455258087333
1.768975352214475
2.2197582901311543
3.396118137173824
1.8528545163164345
1.9701101516415354
1.8156233295087205
2.0915173331415184
.11286517698867565
2.0045314989910494
2.3029888013685307
2.3604413611864725
1.483006391896208
2.4436802135141193
1.6630353406235787
.2217786306937994
.15585767120804114
.12694664213544643
1.6184172742865042
2.0535817655651667
2.1638573363473665
2.5949642922808644
1.3199292371925342
1.7936645252342514
1.5082036680087558
2.102150798433889
2.297575151700373
1.5866580097883969
2.195909002201203
2.2286241998345937
2.0445421583868173
2.0988343534227534
3.1555538964116807
2.0473014161205496
2.008011564132543
1.7989417663194025
1.4546200666361184
2.0385572237041947
1.4876512060086173
2.117055489773153
1.7912890763526543
1.4827689623512987
2.235167444749136
1.602810717127625
2.194803052190197
1.4445622139316094
2.373390089961924
1.551038856946668
2.4914986623774444
1.8154030662974552
2.184908310991672
1.6494103010635763
1.968109563104552
17.27993867607021
16.5337628998852
2.567960612104014
1.9761733512108457
1.8854256273679337
1.3887944099632754
1.5297843877724056
1.5012552235666559
2.816417561180554
1.7617977787542065
1.630675846390989
2.305272808283173
1.9468098309680875
2.768896790050785
1.792322844999612
1.8343911133983335
1.4361547749014894
1.8222847210365667
1.4917111849983595
1.871344711034558
1.363845961588676
1.9426443798206312
2.16346193322193
1.2383251457214168
1.7435588179088477
1.5343451502293732
2.3998558474761107
1.9750285367476943
2.866079311422496
2.0189354897554406
1.9438862873352605
2.6396473737789172
1.1952243482806577
2.443117218601587
11.031331171860678
1.844344939950855
1.6223177508294373
1.7028630556937785
3.408158659026718
2.0400048686005587
2.010169265331067
3.072318539578878
1.6240940256707483
1.7967475940485116
2.868487236713269
1.3925240729898203
3.142836361138733
2.507501010037371
2.388642574003328
2.077181502764214
1.3609773320539014
1.7356094917850635
1.7658415957692397
.28575528508696546
2.613658223878721
1.7893647385449296
2.421512117812641
1.762201638741802
1.9848400344278165
2.662715584304935
1.999623450277527
2.1047130483712246
1.9410679134124604
1.7140298216769345
1.3506470486676196
1.9093379797262606
2.509623009431408
1.7236887186624497
1.8437912355383808
1.4789182743619635
1.71401559790112
2.468666842364284
2.918311667615983
2.0663880724601036
2.032120022101901
1.8000402409289007
2.263352044914985
1.692637750036289
1.2743206443880104
2.1144097496742367
1.8270087295994375
1.6221796594254725
2.3189139958378067
.16756170003344503
1.0550133877268244
.1282421213740326
.9594213758410068
.10563045083075524
.8469844489439778
.09239254271076451
2.090929758479116
.15715198972721073
2.4551753753979058
.0897254103801584
.9692533251224607
5.870406150301075
.3471485925498508
.11255865207395578
1.299978296421458
.0673665074313969
.19741753087040784
.0410684043137732
.8750677345477247
.06650446071230584
1.1519588790024538
.1039158829643854
1.3334816205542817
.18403217063974597
.935544849113176
.05096931048848196
.69459619713466
.061414869781360217
1.43405904271608
.0002036748721043532
.0003883210513669346
.12019093182790896
.1250657202952177
