.08443769535400467
-.03331178348712402
36783850472986486e-21
-.0012127727115072138
.0034382299183303195
.0034380418464615885
24624851464501336e-21
35028828723137507e-23
-.0013239127301169554
-.0004330790579721708
.008144236273378925
.015191495542403675
-14079608683836985e-21
-42272583093908645e-21
-.0007653213054931313
-.0006714750632705799
-278785484665992e-19
-11684327472144867e-21
-.007722718406373381
-.0014107048076428589
-.0008963938072742337
.00032838325158098284
-.0011174841310386337
-.0012489766546861143
-.008118714620631035
-.009960631020276653
.0021444972067087907
-.008650576049532425
-.0008911142042253054
.0025401090694026373
-1514831813473778e-20
-11829263700878989e-21
-.0010861032908301693
-.0005057297511030635
