.01528008227788564
.0009644042978296618
51421978145968446e-21
2268794358910089e-27
.0037394039667591294
6.677705553191126
.7502171875937209
.04669824553461912
.01429052793967749
.06717672413534774
.7545711317879297
.7171727506773569
.0654854871633251
.0009641183902563403
.012279181311005794
.001958865415491865
.0023144310918977746
.07304939043409533
.004740591216029655
.0020413381366273407
.0022235385024902982
4324424692583058e-20
.001935733950658435
.05901762540252645
3.9132232255007864
7211452622211201e-21
.005195834455802454
.00629067403920678
.005536306149471358
12713886002072139e-22
.00016766814899245032
.01432387516759192
.0012738408255028187
.010241962907816787
3599481037855805e-21
.0025251790369467697
.002676430455172906
5850139608724079e-20
.005394957530327891
57133918916980455e-22
.005534642013904222
.005534261230109048
.019779823755830775
.0005864036312257094
.11013042787034862
.007635507563417714
.0005378203144376386
.026900135232297513
.07440698797546609
29516573564196607e-22
.15661890559025252
2411467508135115e-20
8.948577792760403
8.500764846650643
1.2091022440061683
.006318421352173808
.0007194216536063194
.0008036676376920748
.17123946408642285
.10170183929412506
9.990109142011491
7.813769220765043
2.857682042468252
.0017130138328554235
.0003218381335519396
.001478537071298902
.006077862280718637
.007989044432171475
3.6322023056647827
.0008082194774545893
9.990109142011491
3.1858014141519178
9.330265052337289
9.230378329074242
.0014646879884257077
.00941266923335662
.00016423660369407336
2.1673983493794506
.00022451219184221828
.0019633914179142888
.010324155628242628
53706396903746466e-21
.7250452215523664
.03991259335023909
15992673123378084e-21
.00044725314970431903
.41254156907710154
.3827099094951222
2.506761362065317
.00012782728746992065
.00037318250712275525
.6918118189626714
.7774815076756744
.13173029528954588
.00028147804390156987
.18608038320636014
1.2243489177843412
1.046667050204186
.07289012263010312
1.1983254522603872
1.9525875811969569
.016450346840847733
.022521932071728555
9984352074658263e-20
.00014254028973848182
3.6401436334021766
4.384473575001651
.47082834244065364
.0035347137035510005
.0001278341392202469
18615295471826178e-22
49821709642809873e-24
.04767974206850134
.015706433901248946
.00047115357887049595
.37372268295035543
29159402143554052e-21
.00018371933427322034
.025216949039200517
7738118190965506e-22
0
0
0
0
0
0
0
0
0
0
0
0
0
0
0
0
0
0
0
.05571890373847948
0
0
0
0
.15146121349620287
1311.1258230065162
.004420262329799406
.0986913042275128
.018066546870445472
.21582559441205784
.020476441107796513
.407747796129384
.014588308664648672
.357817958588651
.003990075404245155
2.1376632672252627
2.425473815047447
.0022616792664280215
.005033751119106868
.51636803094482
.3666813634123401
.19134569543357433
.32140187535726905
.018835011223211757
.018835011223211757
.04974929282158992
31495282539010836e-26
.018835011223211757
.018835011223211757
.018835011223211757
.018835011223211757
.018835011223211757
.018835011223211757
.018835011223211757
.018835011223211757
.018835011223211757
.018835011223211757
.018835011223211757
.018835011223211757
.018835011223211757
.018835011223211757
.018835011223211757
.018835011223211757
.018835011223211757
.018835011223211757
.018835011223211757
.018835011223211757
.018835011223211757
.018835011223211757
.018835011223211757
.018835011223211757
.018835011223211757
.018835011223211757
.018835011223211757
.018835011223211757
.018835011223211757
.018835011223211757
.018835011223211757
.018835011223211757
.018835011223211757
.018835011223211757
.018835011223211757
.018835011223211757
.018835011223211757
.018835011223211757
.018835011223211757
.018835011223211757
.018835011223211757
.018835011223211757
.018835011223211757
.018835011223211757
.11152336358168678
2455186615973053e-20
.018835011223211757
2455186615973053e-20
.11806968743011559
.07407632451617488
.018835011223211757
.018835011223211757
.0003695470490251711
.018835011223211757
.018835011223211757
.018835011223211757
.018835011223211757
.018835011223211757
.018835011223211757
.018835011223211757
.018835011223211757
.018835011223211757
.018835011223211757
.01664442373048018
.018835011223211757
.018835011223211757
.018835011223211757
.018835011223211757
.018835011223211757
.018835011223211757
.018835011223211757
.018835011223211757
.018835011223211757
.018835011223211757
.018835011223211757
.018835011223211757
.018835011223211757
.018835011223211757
.018835011223211757
.018835011223211757
.018835011223211757
.018835011223211757
.11152336358168678
.11152336358168678
.11806968743011559
.018835011223211757
.018835011223211757
.018835011223211757
.018835011223211757
.11806968743011559
.0013802797942042001
.12244627561227711
.018835011223211757
.11152336358168678
.018835011223211757
.018835011223211757
.018835011223211757
.018835011223211757
.018835011223211757
.0003695470490251711
.018835011223211757
.018835011223211757
.10974601825949987
.018835011223211757
.04974929282158992
.018835011223211757
.018835011223211757
2455186615973053e-20
.018835011223211757
.018835011223211757
.018835011223211757
.09563357118322513
.018835011223211757
.018835011223211757
.018835011223211757
.018835011223211757
.018835011223211757
.018835011223211757
.018835011223211757
.018835011223211757
.018835011223211757
.018835011223211757
.018835011223211757
.018835011223211757
.018835011223211757
.018835011223211757
.018835011223211757
.018835011223211757
.018835011223211757
.018835011223211757
.018835011223211757
.018835011223211757
.018835011223211757
.018835011223211757
.018835011223211757
.09563357118322513
.018835011223211757
.018835011223211757
.018835011223211757
.018835011223211757
.018835011223211757
.018835011223211757
.018835011223211757
.018835011223211757
.018835011223211757
.018835011223211757
.04974929282158992
.12194366613309898
.01664442373048018
.018835011223211757
999999999996999e-27
.12259017474331603
.12259017474331603
.01664442373048018
.01664442373048018
.04974929282158992
.04974929282158992
.04974929282158992
.04974929282158992
