.8806783892574709
.014877877142909977
.0028304257438882614
47927749699173395e-22
.04164579511171502
7.06919521314823
.7248296788471558
.054971783061915
.0694885640720313
.06819579453805398
4.8157189474567454
.7427191609864238
.40952311102103234
.005682010901303211
3.2751793587419233
.5041336095709595
.003202982936190412
.075351437045897
.004580646594458801
.0019748107342310024
.010374448872187466
.0001861089347075307
.002641947761080842
.29109818204251214
16.94254808694408
.00016613762231246158
.005450654581591492
.00652967797871503
.005693326155918666
13069158615939247e-22
.0001727280581738487
.014756169104132619
.0013125313971543745
.010551045887945181
2273004696653681e-20
.002358569912551078
.0027580343459678637
.0003493834723224929
.005566165798695991
3524814473764465e-20
.00569465765123294
.0059068999647918724
.019587737659583986
.0003570255019336543
.11389816444819573
.007753838335185629
.0009253532051163544
.04840857704632436
.27115648397906367
.0010844909879266828
.6211677432767162
.008861921879532811
12.536100349577623
11.741808833747319
1.433728283122864
.006553615731266576
.0613008939170919
.06878781680055286
.2097285745857989
.11880902642089601
29.81137621107153
23.142936596753284
8.233354083942114
.0022422426532074254
.0004673264657238052
.0015128364222186331
.006451111128230457
3.184890607025043
7.807996265760763
.019178512964459125
22.06840780114769
3.284202643923652
9.262122702960767
20.611535506454786
.0015112955441357375
.009636715967312443
.0006294506839693784
2.207645085260798
.00031282363614522894
.0027524566879953984
.010605586461917088
.0003318180532656286
.9169780871890977
.6900103102151808
27299738295576402e-21
.008332543386134952
.8548296133456553
.7653818538482667
3.5889333759535944
.00017696354477952193
5566359649045164e-20
.6879120999666773
.8338409073240509
.07901535849793558
.01036170777974082
.312336568585069
1.6030180753369425
1.4919685165180248
2.102589447075172
1.5735505731761295
2.029829691193434
.024654621587924974
.03973952684121476
.009284364676739421
.00018825523955514066
6.341325689488605
6.0423136139370826
.5450493826044546
.016730801268501797
.004061756412425313
6469599496731041e-20
.0005169965814372432
.09588875678953787
.02087354460668603
.0007695953676262747
.47060022505410076
53217835786810016e-21
.00022735442763657267
.034185929216452283
2191310320412753e-20
0
0
0
0
0
0
0
0
0
0
0
0
0
0
0
0
0
0
0
.7060735486557317
0
0
0
0
.5947719270190265
1350.6933806168172
.00455365836343554
.10166964070532195
.01861176466844166
.22233884545999644
.10866136970593752
.6286528512982529
.14412313913429572
.4022525009633307
.0066175297679272665
2.8477736108994605
3.451025213979844
.01757517424057942
.039830338105211575
.8366100825487262
.5753986239360311
.25986487938531827
.438467561585241
.01940341997436896
.01940341997436896
.21999621415013013
4400939307862093e-20
.01940341997436896
.01940341997436896
.01940341997436896
.01940341997436896
.01940341997436896
.01940341997436896
.01940341997436896
.01940341997436896
.01940341997436896
.01940341997436896
.01940341997436896
.01940341997436896
.01940341997436896
.01940341997436896
.01940341997436896
.01940341997436896
.01940341997436896
.01940341997436896
.01940341997436896
.01940341997436896
.01940341997436896
.01940341997436896
.01940341997436896
.01940341997436896
.01940341997436896
.01940341997436896
.01940341997436896
.01940341997436896
.01940341997436896
.01940341997436896
.01940341997436896
.01940341997436896
.01940341997436896
.01940341997436896
.01940341997436896
.01940341997436896
.01940341997436896
.01940341997436896
.01940341997436896
.01940341997436896
.01940341997436896
.01940341997436896
.01940341997436896
.01940341997436896
.23451858183966492
.009372980447183887
.01940341997436896
.009372980447183887
.17121571100044414
.08594912124660452
.01940341997436896
.01940341997436896
.03194628768455364
.01940341997436896
.01940341997436896
.01940341997436896
.01940341997436896
.01940341997436896
.01940341997436896
.01940341997436896
.01940341997436896
.01940341997436896
.01940341997436896
.1547806955257715
.01940341997436896
.01940341997436896
.01940341997436896
.01940341997436896
.01940341997436896
.01940341997436896
.01940341997436896
.01940341997436896
.01940341997436896
.01940341997436896
.01940341997436896
.01940341997436896
.01940341997436896
.01940341997436896
.01940341997436896
.01940341997436896
.01940341997436896
.01940341997436896
.23451858183966492
.23451858183966492
.17121571100044414
.01940341997436896
.01940341997436896
.01940341997436896
.01940341997436896
.17121571100044414
.056755004578919264
.20602176298731617
.01940341997436896
.23451858183966492
.01940341997436896
.01940341997436896
.01940341997436896
.01940341997436896
.01940341997436896
.03194628768455364
.01940341997436896
.01940341997436896
.14774502926108396
.01940341997436896
.21999621415013013
.01940341997436896
.01940341997436896
.009372980447183887
.01940341997436896
.01940341997436896
.01940341997436896
.11952353259433744
.01940341997436896
.01940341997436896
.01940341997436896
.01940341997436896
.01940341997436896
.01940341997436896
.01940341997436896
.01940341997436896
.01940341997436896
.01940341997436896
.01940341997436896
.01940341997436896
.01940341997436896
.01940341997436896
.01940341997436896
.01940341997436896
.01940341997436896
.01940341997436896
.01940341997436896
.01940341997436896
.01940341997436896
.01940341997436896
.01940341997436896
.11952353259433744
.01940341997436896
.01940341997436896
.01940341997436896
.01940341997436896
.01940341997436896
.01940341997436896
.01940341997436896
.01940341997436896
.01940341997436896
.01940341997436896
.21999621415013013
.19047833384077584
.1547806955257715
.01940341997436896
999999999998485e-27
.20022149693999003
.20022149693999003
.1547806955257715
.1547806955257715
.21999621415013013
.21999621415013013
.21999621415013013
.21999621415013013
