-.003386365190572083
.038825156841134
-.0010823022315811252
-.0010513119389379119
.000350134722306275
-.0008789699307388612
-.0008122442351634881
.0006637328542384219
.04419932595103102
-.00036068279921039743
.007605200307367491
.020782184264101066
8904585053625537e-20
8912406739766348e-20
.023981945551877243
-.0027468279526814037
.00010189451048608416
-.0036499250115686432
.02336680221666472
-.002312567396389701
-.0027819853157597754
.013474174418670437
.04459322179547118
-.033036432231943545
-.000637318845149406
-.023414544644522226
.023366313308750913
.02422952584203309
-.024780395330090688
-.02506497753369484
-.00043123583590042096
-.0008001769482321425
.0014294255997812392
.0003523478989079203
