-.06757528645304575
.02358385033084382
-.001982791338098432
.0009502254541554047
-.012786195732420404
-.0005221188309767311
-.0005999520297219196
-.0021841549405405736
-.0007335206301743352
-7507326691800129e-21
.00011841730893193899
-.0008469706042688813
-.0008295234679268179
.0011895738609640672
-.03144317242525927
-.005234880914317739
-.0021714936754476605
-.0006291529305380032
-.0012970715103120469
29433470781770305e-22
-.0008577829624024599
.00026610706553857887
-.000738801538981601
.04262309313376992
-.05837470791524661
-.0005435149502561023
-4864352336205439e-20
-.0008077761426104344
3587930852435251e-20
-.000878919815658183
-.0010002840125454627
15281904200951923e-22
-.0002732597367131835
14942595818191607e-22
-5251605726021005e-21
-4899513742960648e-21
-.0013075434379498105
-.0009487557075693199
-.000890661422705872
2545879285088351e-21
-.03357368659299661
.03165364848455889
-.03290218857781248
-.00033578084641624844
-.00011001801817766723
.04440787940205563
-.0004977851100705854
-.03293216099728508
.046950038475034775
.04084093782675327
-.0009352344708455147
.04336354429719987
-.0322693361898381
-.00047295274398378285
.0003314308044589524
-.00371472640174568
.045863292157491936
-.02445309830000739
-.0006689651824110064
-.0008917385650740626
.05499236030999928
-.004007921038978803
.07167470075683233
.005095434621381291
9670877268009334e-20
-.0008098803536622252
-.032970812168779846
-.007578161859456859
.0014838769047281456
-.001398146380119767
-.03201661827075833
.04738616955099721
.027532275709593622
.00562331084118282
.00019398717273821787
.0006745238939681782
-3057372555568455e-20
.04319709292415776
-.0013492757643316687
-.002171040558754176
3347855496951757e-20
-14569205082822588e-21
.08340245358289976
-.023040922576884032
3354348519838992e-20
.00021959091224639063
.21112722967925343
.06239358546900217
.24101976159178817
-.0022065447741871887
-.000218808888634898
.004086380735652134
.05836300899640283
-2551353417693797e-20
-.006762726421395236
-.02585019698363346
-.006203083863236413
.00039755459801037445
-.0004253577057341567
-.12166320998419522
.01747523710417052
.045076757321164666
.005326619484318546
-.0035472715220684946
-.00044456241484695856
.049106390564251486
.07854049363765801
-.0011224329773955512
.02234522342002097
-.020513007375156742
-.0013041348666364295
.37538509713401663
.08013064533676476
.044473911832348174
-.0013077667463548153
-.02359943247575337
-.0004805738616604163
.0007091135044694283
.04455917888705499
-.0006047781493639845
0
0
0
0
0
0
0
0
0
0
0
0
0
0
0
0
0
0
0
-.03734802400935612
0
0
0
0
.03828957918384992
-5514490302637829e-21
-.0008592704236071036
-.000799131897018224
-.00048055929651668504
0
-.009421551541345911
-.28642914537050024
-7304917008707088e-20
.00209720356983588
.7238270163856764
.02573320128287012
.11835930294086103
.0023348209679526647
.007093351073439866
-.024396498386239376
.024851382297434017
-18561209253242088e-21
-9919363238751585e-21
