1.5194344185472508
.48650076839904793
.009148807272818247
.0015816433868069526
3237798304300723e-21
.027076756966977658
6.654749981750151
.642452053787174
.06236814848561906
.058881264431345795
.07366952485422967
4.409921199618162
.7156963259162883
.2986621570900736
.004307708167448011
2.6179794282559565
.27248236497880457
.0035973278941950613
.07005610365020425
.005006395201961274
.0021925672491063604
.008508182980031049
.0001489428348997911
.0029104486664655598
.2694614525343868
18.347347467710573
.00011665284219457445
.006034907885971504
.0061232876074354976
.005277662980173762
1669763341944108e-21
.00018894442252832897
.013905829874966403
.001133186979777361
.009286846274430695
1765637351538869e-20
.002321033483144403
.0028367306723247145
.0002659968879753919
.005290815958412439
25013712484539245e-21
.005347049873523278
.005582076774200476
.020630429082886325
.00037669204009701314
.10510526943355114
.007831003741368582
.0008041783910910714
.04607801297600561
.2764438207136537
.0010126280333190003
.5787535127236245
.008593818332568467
12.718445149333414
11.917414653023085
1.4193223915796593
.007137544463859915
.061503145985997675
.06743170816968855
.21926000344863272
.13789668405448735
29.740874419369987
23.04637064741908
8.72185282363082
.00247456131764127
.00043355471452571334
.0015238035681041722
.006112003976246355
1.8073271085684741
6.362753713056279
.014506147734686805
21.79445450660569
3.2528858637634523
8.663449468161225
20.38269370928543
.0013078340520845612
.008531508765461146
.0006392545428442822
2.156690034265521
.0003371923468113006
.0027861899597897547
.011895283425997575
.00042772043120654663
.9897133145995726
.708751807551271
29373177974667106e-21
.008863339225280185
.9262697938523281
.8415746639771339
3.521225587891912
.00017047218146875259
56963529328112385e-21
.7315266155408874
.8316115908710621
.07614622782929016
.009594448296273893
.26173488489813024
1.5002641033575004
1.3954835165591148
1.586537702950683
1.4722369854682484
1.9236743579356212
.02778129472007246
.027186419233050308
.008920993642279919
.00017644064149908227
5.748709740036883
6.0173274348556225
.5263218429822109
.01708896310061629
.002852259125960151
4324740724966495e-20
.00037054288992362597
.08257723500658883
.023089978396665323
.0009100488816006031
.3994045973251629
50402458928526586e-21
.00025247067657659897
.03919873633839175
16130334485178578e-21
0
0
0
0
0
0
0
0
0
0
0
0
0
0
0
0
0
0
0
.7407901430431648
0
0
0
0
.5740981445612959
1196.3288763822684
.0038951076388784793
.0959411868580571
.018550133883976277
.22296057337010336
.0942519769379724
.6161979882242111
.13052015414933596
.45548193374178886
.006377788979662514
3.0663131887745014
3.308217670359048
.01454626953620285
.041223580117655374
.7779939933768409
.5470328785941327
.29707454784221643
.40248412252101917
.019401368119049096
.019401368119049096
.21883560194520726
41953551891815515e-21
.019401368119049096
.019401368119049096
.019401368119049096
.019401368119049096
.019401368119049096
.019401368119049096
.019401368119049096
.019401368119049096
.019401368119049096
.019401368119049096
.019401368119049096
.019401368119049096
.019401368119049096
.019401368119049096
.019401368119049096
.019401368119049096
.019401368119049096
.019401368119049096
.019401368119049096
.019401368119049096
.019401368119049096
.019401368119049096
.019401368119049096
.019401368119049096
.019401368119049096
.019401368119049096
.019401368119049096
.019401368119049096
.019401368119049096
.019401368119049096
.019401368119049096
.019401368119049096
.019401368119049096
.019401368119049096
.019401368119049096
.019401368119049096
.019401368119049096
.019401368119049096
.019401368119049096
.019401368119049096
.019401368119049096
.019401368119049096
.019401368119049096
.019401368119049096
.23389934809812485
.0091725767647663
.019401368119049096
.0091725767647663
.17098952771004244
.08590368649019184
.019401368119049096
.019401368119049096
.03143878138688127
.019401368119049096
.019401368119049096
.019401368119049096
.019401368119049096
.019401368119049096
.019401368119049096
.019401368119049096
.019401368119049096
.019401368119049096
.019401368119049096
.15355642361748384
.019401368119049096
.019401368119049096
.019401368119049096
.019401368119049096
.019401368119049096
.019401368119049096
.019401368119049096
.019401368119049096
.019401368119049096
.019401368119049096
.019401368119049096
.019401368119049096
.019401368119049096
.019401368119049096
.019401368119049096
.019401368119049096
.019401368119049096
.019401368119049096
.23389934809812485
.23389934809812485
.17098952771004244
.019401368119049096
.019401368119049096
.019401368119049096
.019401368119049096
.17098952771004244
.05600556838280059
.20564083086792653
.019401368119049096
.23389934809812485
.019401368119049096
.019401368119049096
.019401368119049096
.019401368119049096
.019401368119049096
.03143878138688127
.019401368119049096
.019401368119049096
.14758886704942983
.019401368119049096
.21883560194520726
.019401368119049096
.019401368119049096
.0091725767647663
.019401368119049096
.019401368119049096
.019401368119049096
.11942877055051959
.019401368119049096
.019401368119049096
.019401368119049096
.019401368119049096
.019401368119049096
.019401368119049096
.019401368119049096
.019401368119049096
.019401368119049096
.019401368119049096
.019401368119049096
.019401368119049096
.019401368119049096
.019401368119049096
.019401368119049096
.019401368119049096
.019401368119049096
.019401368119049096
.019401368119049096
.019401368119049096
.019401368119049096
.019401368119049096
.019401368119049096
.11942877055051959
.019401368119049096
.019401368119049096
.019401368119049096
.019401368119049096
.019401368119049096
.019401368119049096
.019401368119049096
.019401368119049096
.019401368119049096
.019401368119049096
.21883560194520726
.1901764164347532
.15355642361748384
.019401368119049096
9999999999984801e-28
.19987242660314955
.19987242660314955
.15355642361748384
.15355642361748384
.21883560194520726
.21883560194520726
.21883560194520726
.21883560194520726
