.7083645062994696
.011158063057904236
.002112952835831806
4281839921103513e-21
.03249875612053302
6.92640001043483
.7005322328231104
.06067135548741234
.06945901884268735
.07014687788127186
4.63917691415994
.7127124197267656
.329490731673797
.005130685792016722
3.1448618317162276
.44037569194053894
.003125399025149604
.07634397518176972
.004544325572065871
.0018851772458512955
.010417704285693757
.0001983012487387681
.002774704221902916
.2858893326848641
16.66810150195815
.00015563564853935216
.005793482826239703
.006393188718372532
.005871287173393946
14178351348992328e-22
.00016368048299402502
.013581585596908344
.001193171595294391
.01057688639112684
18329302095289976e-21
.0022761315105250847
.002752449153400516
.0002892218988919819
.005251592111523197
27726128895423952e-21
.005884975776136076
.006187547894273414
.02065323935947272
.0003423801145992633
.112164492078302
.007626896442033259
.0008585922254145174
.04862756389265451
.2739393211933703
.0011670709892898175
.6071099675812663
.010396422742838536
12.160379980252491
11.345759229623965
1.3630657504516408
.00639976949119339
.06646285763841661
.07347673166137673
.21598160906565372
.11823433735244306
30.20145439239527
23.698245133700986
7.88927515065391
.002335764176259414
.0005089025108233095
.0014600791504242876
.006328922384584777
3.4149931881795115
7.611067812608742
.019510335305424294
21.95234445054948
3.1116588381300287
9.77992901637935
20.5330464877158
.0014091929584445807
.00916845222840657
.0006272514242028545
2.239498706582759
.0003072904866062319
.0026262679140260188
.010128818515147651
.000388784429274576
.9614428549385782
.725519838378373
2322576782608172e-20
.00830597994614346
.8809375681932399
.792195881612584
3.4546468446838667
.00014435951893962163
5236604692037317e-20
.5972970332877285
.8103663650251083
.07787186237805024
.010720564456646306
.2787408632168506
1.5102210872485726
1.4120740109421952
2.098377012114747
1.5460761329660797
2.020677523515522
.024338087004032487
.03409978124891423
.010081389398129997
.00019672487743479304
6.276576508374287
6.0679576501698405
.5699655050160772
.017331378640548144
.004219437589268382
6014637901936638e-20
.0005229699168047852
.0878813151541983
.02104919537585018
.0008489647684667439
.4527294870441959
49298059149698765e-21
.0002323604849788618
.03427693705203257
21957994917133817e-21
0
0
0
0
0
0
0
0
0
0
0
0
0
0
0
0
0
0
0
.7519481927987312
0
0
0
0
.5383249215709142
1309.930944822941
.004515782269458055
.10086634666205134
.020222026295029085
.22194741618627228
.11215044984906078
.6186158879474601
.14008605422359727
.4200264217507978
.006277223888104186
2.736841765378374
3.4818054654492903
.01837977161390298
.04012841907594617
.8260775485366337
.5126352949538717
.23400774921699677
.44438351474033716
.01941477657267238
.01941477657267238
.22652702207942207
5517565256904349e-20
.01941477657267238
.01941477657267238
.01941477657267238
.01941477657267238
.01941477657267238
.01941477657267238
.01941477657267238
.01941477657267238
.01941477657267238
.01941477657267238
.01941477657267238
.01941477657267238
.01941477657267238
.01941477657267238
.01941477657267238
.01941477657267238
.01941477657267238
.01941477657267238
.01941477657267238
.01941477657267238
.01941477657267238
.01941477657267238
.01941477657267238
.01941477657267238
.01941477657267238
.01941477657267238
.01941477657267238
.01941477657267238
.01941477657267238
.01941477657267238
.01941477657267238
.01941477657267238
.01941477657267238
.01941477657267238
.01941477657267238
.01941477657267238
.01941477657267238
.01941477657267238
.01941477657267238
.01941477657267238
.01941477657267238
.01941477657267238
.01941477657267238
.01941477657267238
.23797428809024498
.01053131765880397
.01941477657267238
.01053131765880397
.17247256625744556
.08620094098717351
.01941477657267238
.01941477657267238
.03487130893292692
.01941477657267238
.01941477657267238
.01941477657267238
.01941477657267238
.01941477657267238
.01941477657267238
.01941477657267238
.01941477657267238
.01941477657267238
.01941477657267238
.16172269303442158
.01941477657267238
.01941477657267238
.01941477657267238
.01941477657267238
.01941477657267238
.01941477657267238
.01941477657267238
.01941477657267238
.01941477657267238
.01941477657267238
.01941477657267238
.01941477657267238
.01941477657267238
.01941477657267238
.01941477657267238
.01941477657267238
.01941477657267238
.01941477657267238
.23797428809024498
.23797428809024498
.17247256625744556
.01941477657267238
.01941477657267238
.01941477657267238
.01941477657267238
.17247256625744556
.06105692792498989
.20814216498343283
.01941477657267238
.23797428809024498
.01941477657267238
.01941477657267238
.01941477657267238
.01941477657267238
.01941477657267238
.03487130893292692
.01941477657267238
.01941477657267238
.148612044537673
.01941477657267238
.22652702207942207
.01941477657267238
.01941477657267238
.01053131765880397
.01941477657267238
.01941477657267238
.01941477657267238
.12004919967074934
.01941477657267238
.01941477657267238
.01941477657267238
.01941477657267238
.01941477657267238
.01941477657267238
.01941477657267238
.01941477657267238
.01941477657267238
.01941477657267238
.01941477657267238
.01941477657267238
.01941477657267238
.01941477657267238
.01941477657267238
.01941477657267238
.01941477657267238
.01941477657267238
.01941477657267238
.01941477657267238
.01941477657267238
.01941477657267238
.01941477657267238
.12004919967074934
.01941477657267238
.01941477657267238
.01941477657267238
.01941477657267238
.01941477657267238
.01941477657267238
.01941477657267238
.01941477657267238
.01941477657267238
.01941477657267238
.22652702207942207
.19215747117419146
.16172269303442158
.01941477657267238
9999999999985136e-28
.20216387891895812
.20216387891895812
.16172269303442158
.16172269303442158
.22652702207942207
.22652702207942207
.22652702207942207
.22652702207942207
