3.0160098425155946
.009623229491401512
.0005251666681291526
3258915559947185e-20
25561494344562616e-28
.001830784458519232
6.311891061081156
.7694468686207053
.04273767454204989
.01410615746226297
.06510883706709289
.727080662928434
.6917057469160529
.05432135757524212
.0009112987785501485
.006125232722958583
.0007051625206880507
.002141991608871533
.07071095738223653
.005031482855975834
.0020408230196831936
.002167927735297642
4594780014010585e-20
.0017345688512275408
.06951126590754898
4.14192463990634
4823676658667512e-21
.005428635525801629
.006277257277025298
.005926961388412623
14399529723304966e-22
.0001721134427511505
.01337533538849667
.0013224586770971569
.009776906874033734
33646116125845007e-22
.00228051457617171
.002842680865460051
5350039896528539e-20
.004747777349693859
53509423356750165e-22
.005925027132494213
.005924614455406319
.019219971263267303
.0005618534966635317
.1094688007742975
.007885969282684969
.0005238371025671414
.026280246737148405
.07133775467878656
29105702988956825e-22
.13464204522661558
21338896360973986e-21
8.492603045416688
8.007863767282435
1.249325806899046
.006763163465642865
.0006651016289887709
.0007323267404375176
.17618746080707368
.11538884865536511
9.786535433125401
7.664864523758815
2.8050775206009746
.0015619146242290183
.0003124306601431946
.0013522126909079164
.006115948367273635
.008120852455964606
3.8438083372273213
.0009656990146166034
9.786535433125401
3.204284682892262
9.36731559368452
9.06284142730311
.0013897332095233442
.0089051127366267
.00017188798243225243
2.075889584804112
.00020463229137271212
.0017635621309196182
.010107500813319315
6488623925285467e-20
.6768958448131824
.026354883091546294
21311317721350507e-21
.00029089624748688246
.337003649300595
.3112230842094376
2.5035823275222677
.00016466514332842043
.00041628080977450536
.6190698212287014
.7309492604031438
.11991204595652337
.00023343845913678963
.1379583714064644
1.090358485623943
.9706603930559381
.07411281007313365
1.3633061808415388
1.9841537056850564
.022127821778490663
.026871828805226688
8379848396440182e-20
.00011668285953150957
3.8132099489727493
4.176365272612001
.4708852134629089
.0029422160907710674
.0001366084480074275
19114892950863445e-22
655220133813022e-22
.062269377997700846
.01711948419983206
.0005084430771839347
.3522779825757337
37111037172842005e-21
.00016887076660248855
.02505611221247243
8163509531905829e-22
0
0
0
0
0
0
0
0
0
0
0
0
0
0
0
0
0
0
0
.11150240865911717
0
0
0
0
.30437010832465394
1288.5404021235786
.004369694795867817
.10010160816455735
.017996492211169
.2093042138341566
.018408636638576944
.4139040943691682
.013832664287940855
.35706846334346937
.004918186495753378
2.2028470996340452
2.2466468300278706
.0021103850119276756
.004769519982607159
.4955052466666007
.32116042828315533
.18434551273419506
.2905095900533842
.01882926063641765
.01882926063641765
.04899696619282157
6426355405791117e-25
.01882926063641765
.01882926063641765
.01882926063641765
.01882926063641765
.01882926063641765
.01882926063641765
.01882926063641765
.01882926063641765
.01882926063641765
.01882926063641765
.01882926063641765
.01882926063641765
.01882926063641765
.01882926063641765
.01882926063641765
.01882926063641765
.01882926063641765
.01882926063641765
.01882926063641765
.01882926063641765
.01882926063641765
.01882926063641765
.01882926063641765
.01882926063641765
.01882926063641765
.01882926063641765
.01882926063641765
.01882926063641765
.01882926063641765
.01882926063641765
.01882926063641765
.01882926063641765
.01882926063641765
.01882926063641765
.01882926063641765
.01882926063641765
.01882926063641765
.01882926063641765
.01882926063641765
.01882926063641765
.01882926063641765
.01882926063641765
.01882926063641765
.01882926063641765
.11067564793085041
2337663687559621e-20
.01882926063641765
2337663687559621e-20
.11761993006689178
.07396331319551085
.01882926063641765
.01882926063641765
.0003538287307797792
.01882926063641765
.01882926063641765
.01882926063641765
.01882926063641765
.01882926063641765
.01882926063641765
.01882926063641765
.01882926063641765
.01882926063641765
.01882926063641765
.016269429353576198
.01882926063641765
.01882926063641765
.01882926063641765
.01882926063641765
.01882926063641765
.01882926063641765
.01882926063641765
.01882926063641765
.01882926063641765
.01882926063641765
.01882926063641765
.01882926063641765
.01882926063641765
.01882926063641765
.01882926063641765
.01882926063641765
.01882926063641765
.01882926063641765
.11067564793085041
.11067564793085041
.11761993006689178
.01882926063641765
.01882926063641765
.01882926063641765
.01882926063641765
.11761993006689178
.0013298252904612763
.12179384959904699
.01882926063641765
.11067564793085041
.01882926063641765
.01882926063641765
.01882926063641765
.01882926063641765
.01882926063641765
.0003538287307797792
.01882926063641765
.01882926063641765
.10941143541739558
.01882926063641765
.04899696619282157
.01882926063641765
.01882926063641765
2337663687559621e-20
.01882926063641765
.01882926063641765
.01882926063641765
.09541481141979068
.01882926063641765
.01882926063641765
.01882926063641765
.01882926063641765
.01882926063641765
.01882926063641765
.01882926063641765
.01882926063641765
.01882926063641765
.01882926063641765
.01882926063641765
.01882926063641765
.01882926063641765
.01882926063641765
.01882926063641765
.01882926063641765
.01882926063641765
.01882926063641765
.01882926063641765
.01882926063641765
.01882926063641765
.01882926063641765
.01882926063641765
.09541481141979068
.01882926063641765
.01882926063641765
.01882926063641765
.01882926063641765
.01882926063641765
.01882926063641765
.01882926063641765
.01882926063641765
.01882926063641765
.01882926063641765
.04899696619282157
.1213864915933427
.016269429353576198
.01882926063641765
9999999999969849e-28
.12197419706452572
.12197419706452572
.016269429353576198
.016269429353576198
.04899696619282157
.04899696619282157
.04899696619282157
.04899696619282157
