6082835023766131e-27
40.96131739074197
.16272255304601865
.3029962419970154
11.622908612041279
.3714716709749286
5.963735183580872
.20693052132647624
.00357694479088701
.32882832815941915
.02876055366431473
7.919681544353083
.7559274140392769
.565541210121019
.00877816291340235
7.811961730360373
1.0733404117052292
.003952818030849075
.07744923992551728
.004265528603649353
.0017827935791975924
.03927892106897261
.00014193257129206923
14599681821119006e-21
.29094221374522217
4338918985907378e-23
11675980874015851e-30
.005004238986765485
.006667578609214913
.00577663398146623
.0023900013659585015
.00017410487175222595
.014646945983172179
.0013662319594440532
.010112949094150067
35460794455493026e-21
.00045495341745991957
.002957774959535158
.000493070257944655
.0051512917251239935
16041102576819886e-21
9.231523413878758
13.65678256913736
.006319997745017045
5821462100558319e-20
.1177740270506629
.007674393438027359
.007070684249851958
.3619306703318509
8225375356275342e-26
.4362358426802758
27402332215785526e-27
3.8738127138351857
18.115682823245972
14236025123262725e-25
21215798470576794e-26
.007376241821720176
2.9790730190632817
13.948081091230408
28209495114151023e-27
23328559613231772e-27
43.43317581253195
26.908619565371545
8.930913822855418
.002475705494934008
.000605880732853113
.0013513319601770894
.00661093122796574
5293244256587194e-24
0
7332010726667706e-27
24.09608082065506
3.6694663438923762
9.308010437331093
17.169565138086792
.0015447427262885774
.008933677812020304
.0004609909159936236
2.137617361522351
.00040181124191763856
.003596139288857984
.010915055342266843
.0015489126778005626
.8641456986810759
1.5840072005922081
.00014379833912606232
.02592938677614283
1.377532239155684
1.5978302840063816
3.2269678682020064
.0036253451865703584
.00044142006577745893
.6320999781722975
.7742595791178556
11416708442055275e-27
.4915957321339492
.7596842492572554
2.139599809158324
2.487848965322342
33879685143148024e-26
5.840147756047653
2.0086091722956625
.5468784633289832
1.129417951196678
.9468573510829749
.0008684670353371419
48.58102814165374
8.208364414224977
.43891839875649263
.06609666224035346
5825776667341263e-28
6693280539901162e-30
3311629531586956e-24
5.392149904763248
.009845599358363192
.0005267751701001288
.5007282557921208
.0013250941940918417
.0002331833085617086
.015598463313193832
33937652449392865e-31
0
0
0
0
0
0
0
0
0
0
0
0
0
0
0
0
0
0
0
1.810095907843978
0
0
0
0
.6029104516360368
1318.1347288189768
.004577593015564084
.10646923812436017
.018698975468332598
.22796698932299256
.5246505097424229
.994101646127022
1.3761954313472102
1.3034411888829893
.007592538167442213
6.317096781701052
6.060601781652483
.14090313952381955
.3637995407646
5.555065787073627
3.59118905210465
9168003421263378e-26
14968760809715675e-26
.01999999999999757
.01999999999999757
.9999999999939172
7.999999999610699
.01999999999999757
.01999999999999757
.01999999999999757
.01999999999999757
.01999999999999757
.01999999999999757
.01999999999999757
.01999999999999757
.01999999999999757
.01999999999999757
.01999999999999757
.01999999999999757
.01999999999999757
.01999999999999757
.01999999999999757
.01999999999999757
.01999999999999757
.01999999999999757
.01999999999999757
.01999999999999757
.01999999999999757
.01999999999999757
.01999999999999757
.01999999999999757
.01999999999999757
.01999999999999757
.01999999999999757
.01999999999999757
.01999999999999757
.01999999999999757
.01999999999999757
.01999999999999757
.01999999999999757
.01999999999999757
.01999999999999757
.01999999999999757
.01999999999999757
.01999999999999757
.01999999999999757
.01999999999999757
.01999999999999757
.01999999999999757
.01999999999999757
.01999999999999757
.49999999999847927
3.9999999999026747
.01999999999999757
3.9999999999026747
.24999999999961983
.09999999999993918
.01999999999999757
.01999999999999757
2.9999999999452545
.01999999999999757
.01999999999999757
.01999999999999757
.01999999999999757
.01999999999999757
.01999999999999757
.01999999999999757
.01999999999999757
.01999999999999757
.01999999999999757
1.4999999999863136
.01999999999999757
.01999999999999757
.01999999999999757
.01999999999999757
.01999999999999757
.01999999999999757
.01999999999999757
.01999999999999757
.01999999999999757
.01999999999999757
.01999999999999757
.01999999999999757
.01999999999999757
.01999999999999757
.01999999999999757
.01999999999999757
.01999999999999757
.01999999999999757
.49999999999847927
.49999999999847927
.24999999999961983
.01999999999999757
.01999999999999757
.01999999999999757
.01999999999999757
.24999999999961983
2.4999999999619824
.34999999999925485
.01999999999999757
.49999999999847927
.01999999999999757
.01999999999999757
.01999999999999757
.01999999999999757
.01999999999999757
2.9999999999452545
.01999999999999757
.01999999999999757
.1999999999997567
.01999999999999757
.9999999999939172
.01999999999999757
.01999999999999757
3.9999999999026747
.01999999999999757
.01999999999999757
.01999999999999757
.14999999999986313
.01999999999999757
.01999999999999757
.01999999999999757
.01999999999999757
.01999999999999757
.01999999999999757
.01999999999999757
.01999999999999757
.01999999999999757
.01999999999999757
.01999999999999757
.01999999999999757
.01999999999999757
.01999999999999757
.01999999999999757
.01999999999999757
.01999999999999757
.01999999999999757
.01999999999999757
.01999999999999757
.01999999999999757
.01999999999999757
.01999999999999757
.14999999999986313
.01999999999999757
.01999999999999757
.01999999999999757
.01999999999999757
.01999999999999757
.01999999999999757
.01999999999999757
.01999999999999757
.01999999999999757
.01999999999999757
.9999999999939172
.29999999999945254
1.4999999999863136
.01999999999999757
1e-12
.3299999999993376
.3299999999993376
1.4999999999863136
1.4999999999863136
.9999999999939172
.9999999999939172
.9999999999939172
.9999999999939172
