0
38.232093899405946
.1618921739560859
.32201866839604854
11.842885463766072
.3446578845253517
5.702978197541842
.2056597651877803
.003175947375300073
.3071252221937764
.02754318792524398
8.089981750444672
.7517895500496427
.5828045961138211
.009282773109105313
7.718955316690431
1.09002187650197
.003921451305930453
.07258456217467556
.00415631117754107
.0017584337671146066
.04210457764090973
.00013613545135432654
27451605452233022e-21
.28626504353947435
0
0
.005175688289479976
.00669033185500592
.006107798504078903
.0024053366078676925
.0001628923091245644
.013848134431048771
.0012820554533671522
.011761497129362315
3657487668749932e-20
.0004512716873961637
.0031684627829908444
.00048342754434617624
.005177059432499964
14933305854145739e-21
9.340538177182516
14.135996763713447
.005740972714319209
5596698151415613e-20
.1213066885038284
.00717369726995357
.006879806725790867
.4135534224786265
0
.43363612494062803
0
4.02317297908824
18.34130076831171
0
0
.006799548098507671
3.0132522087423026
14.277780284945784
0
0
41.17772017765225
28.03080066699189
9.038859182995344
.0024982521583546704
.0006023183665677917
.0014348896049544897
.006538668531399713
0
0
0
24.035598435464788
3.3554344669766945
9.486402777647738
17.34932677441641
.0014909200427682993
.0085387327022897
.0003920541579393738
2.178156626208345
.0003752795543507843
.0033045801036949325
.010785953194939543
.0016166525398562874
.8898305333254518
1.448277849032383
.00012322566357932116
.024171586759207258
1.3141828530616986
1.7498591816558604
3.3631608703606255
.0034133723316491513
.00043489474599419
.5807242995457272
.7746206842142586
0
.45968073143373495
.7570128289290892
2.1077674954474763
2.610399083973602
0
6.0944566910396025
2.0844262486749265
.5411381760341428
1.1426485704180813
.9660363314816776
.0008168912701031944
49.936582882530175
8.18414704502102
.4847937560449484
.06211125445915383
0
0
0
4.566249387059947
.009587045961968202
.0005030625437812946
.549047257990412
.0013279364836626475
.0002599307995271348
.015781354502614996
0
0
0
0
0
0
0
0
0
0
0
0
0
0
0
0
0
0
0
0
1.877291315927772
0
0
0
0
.5835677328690408
1320.7794182913483
.004864299837376661
.10624689371057472
.02042766876327098
.225583259448012
.5200335825696036
1.0313796183932877
1.3965849672088495
1.460200197304197
.007707201289867251
6.065700439124772
6.170108044885095
.14785759070722698
.3590903868414298
5.601511798995109
3.8558338106897
0
0
.02
.02
1
8
.02
.02
.02
.02
.02
.02
.02
.02
.02
.02
.02
.02
.02
.02
.02
.02
.02
.02
.02
.02
.02
.02
.02
.02
.02
.02
.02
.02
.02
.02
.02
.02
.02
.02
.02
.02
.02
.02
.02
.02
.02
.02
.02
.02
.5
4
.02
4
.25
.1
.02
.02
3
.02
.02
.02
.02
.02
.02
.02
.02
.02
.02
1.5
.02
.02
.02
.02
.02
.02
.02
.02
.02
.02
.02
.02
.02
.02
.02
.02
.02
.02
.5
.5
.25
.02
.02
.02
.02
.25
2.5
.35
.02
.5
.02
.02
.02
.02
.02
3
.02
.02
.2
.02
1
.02
.02
4
.02
.02
.02
.15
.02
.02
.02
.02
.02
.02
.02
.02
.02
.02
.02
.02
.02
.02
.02
.02
.02
.02
.02
.02
.02
.02
.02
.15
.02
.02
.02
.02
.02
.02
.02
.02
.02
.02
1
.3
1.5
.02
1e-12
.33
.33
1.5
1.5
1
1
1
1
