2.9890552602705234
.013741215234524203
.0009171128011859358
5811506115885544e-20
22440737802972775e-28
.0028215126686093224
6.397601518208128
.7115626818845788
.047250189617542446
.013379984068485869
.06612676561859053
.7344842860272861
.6921962638588425
.05367889078474652
.0009818571702627506
.009148505882380953
.0012517842814854085
.0022612534086865373
.06842260834210387
.0046167276315277036
.0019443172717031288
.0019308104163337759
36092617837600884e-21
.0019068654229316396
.06002527444038325
3.9094346755268177
6611168435080254e-21
.00553442778025013
.006190801780805444
.005795263683122274
13320313917340057e-22
.00015343981780503114
.013044495907155451
.0012072146533648363
.01107898829668525
3327785395362225e-21
.002388008206505886
.0029830108296835466
4839076108994882e-20
.004862214420579138
4965381215211046e-21
.005793521688215194
.005793116430291701
.020639546716178993
.000530197340154266
.1111038427618774
.0073072922800616205
.0005092308177467486
.028159807154579126
.06814059239429227
30360046514589392e-22
.14894167156664434
26206333116517246e-21
8.902126180371715
8.485191298727853
1.149030941763479
.006315031609430408
.0007330265322653649
.000809171068879879
.18722184425327756
.10389732307298075
10.145929863059685
7.956424748718237
2.916399324523135
.0017288244645579521
.0003247108337743455
.0014246618029468614
.005699117807576626
.00790982370039199
3.598778961833282
.0007821622304955446
10.145929863059685
3.1617069508889846
9.837352272585653
9.36187352786099
.001400793871482026
.009302482582661734
.00015337263399589924
2.1785704359436924
.00021542727986646832
.0018594526183374972
.010279436671853737
5647525328617829e-20
.706686766444444
.040857842414379904
19058349489794367e-21
.00045023838744655595
.3800030264191017
.3564572975352976
2.526503172596105
.0001377309569012839
.0004081850069445646
.6001338244423098
.7794409052031671
.12359557803044229
.00026595751965036304
.15844622194280544
1.1660025445786155
1.015045963654659
.07071156835052896
1.3976551272868742
2.0547212510019777
.021003364256412173
.025681619601475403
.00010274150024385987
.00014158147488916055
3.9307880455648907
4.3644753714011175
.48340457925271213
.0032920362919534978
.00013257371795887235
18589051307913948e-22
619280531085973e-22
.054105986153765225
.014965856401197686
.0004938147925437607
.37134101537091196
34919805576998055e-21
.00019614665828396162
.02528246759457075
7288237025772413e-22
0
0
0
0
0
0
0
0
0
0
0
0
0
0
0
0
0
0
0
.08003902706795256
0
0
0
0
.291799699465727
1244.1355178211738
.0045820279398668656
.10008146121363813
.019242265515879927
.21249282160091262
.019116884401081436
.41627478421863967
.013845095211632512
.38533530262385524
.004753241832247634
2.2864983271060746
2.3125225323841474
.002063572156147037
.004956357879666773
.5050937538440654
.3562363239101501
.16428479114867142
.35341432812576146
.018839414070074983
.018839414070074983
.05033540079089928
34497145799482464e-26
.018839414070074983
.018839414070074983
.018839414070074983
.018839414070074983
.018839414070074983
.018839414070074983
.018839414070074983
.018839414070074983
.018839414070074983
.018839414070074983
.018839414070074983
.018839414070074983
.018839414070074983
.018839414070074983
.018839414070074983
.018839414070074983
.018839414070074983
.018839414070074983
.018839414070074983
.018839414070074983
.018839414070074983
.018839414070074983
.018839414070074983
.018839414070074983
.018839414070074983
.018839414070074983
.018839414070074983
.018839414070074983
.018839414070074983
.018839414070074983
.018839414070074983
.018839414070074983
.018839414070074983
.018839414070074983
.018839414070074983
.018839414070074983
.018839414070074983
.018839414070074983
.018839414070074983
.018839414070074983
.018839414070074983
.018839414070074983
.018839414070074983
.018839414070074983
.1121773382543364
25739998078756943e-21
.018839414070074983
25739998078756943e-21
.1184152050838207
.07416294714289444
.018839414070074983
.018839414070074983
.0003828746488465694
.018839414070074983
.018839414070074983
.018839414070074983
.018839414070074983
.018839414070074983
.018839414070074983
.018839414070074983
.018839414070074983
.018839414070074983
.018839414070074983
.01694007071703679
.018839414070074983
.018839414070074983
.018839414070074983
.018839414070074983
.018839414070074983
.018839414070074983
.018839414070074983
.018839414070074983
.018839414070074983
.018839414070074983
.018839414070074983
.018839414070074983
.018839414070074983
.018839414070074983
.018839414070074983
.018839414070074983
.018839414070074983
.018839414070074983
.1121773382543364
.1121773382543364
.1184152050838207
.018839414070074983
.018839414070074983
.018839414070074983
.018839414070074983
.1184152050838207
.0014215717813650106
.12294829971779564
.018839414070074983
.1121773382543364
.018839414070074983
.018839414070074983
.018839414070074983
.018839414070074983
.018839414070074983
.0003828746488465694
.018839414070074983
.018839414070074983
.11000285586681213
.018839414070074983
.05033540079089928
.018839414070074983
.018839414070074983
25739998078756943e-21
.018839414070074983
.018839414070074983
.018839414070074983
.09580137227887864
.018839414070074983
.018839414070074983
.018839414070074983
.018839414070074983
.018839414070074983
.018839414070074983
.018839414070074983
.018839414070074983
.018839414070074983
.018839414070074983
.018839414070074983
.018839414070074983
.018839414070074983
.018839414070074983
.018839414070074983
.018839414070074983
.018839414070074983
.018839414070074983
.018839414070074983
.018839414070074983
.018839414070074983
.018839414070074983
.018839414070074983
.09580137227887864
.018839414070074983
.018839414070074983
.018839414070074983
.018839414070074983
.018839414070074983
.018839414070074983
.018839414070074983
.018839414070074983
.018839414070074983
.018839414070074983
.05033540079089928
.1223720463547148
.01694007071703679
.018839414070074983
9999999999970101e-28
.12306399666797385
.12306399666797385
.01694007071703679
.01694007071703679
.05033540079089928
.05033540079089928
.05033540079089928
.05033540079089928
