3.045607632278793
.012477721958496639
.0008475048085745995
5190657445880586e-20
13538272520037733e-28
.0026888802245691023
6.382503563747096
.7116813362732242
.04586447315798958
.012789263117376456
.0660646943054282
.7310069872684014
.691322203277085
.05343006919337864
.0009773460916857953
.007642143653818461
.0010686718271210316
.002184651671887164
.06834114771286857
.0046211259053762265
.0019460478023227183
.0018420869940140546
352260131607714e-19
.0018412642093503843
.0572499922309922
3.8085315387983005
627212382393294e-20
.005523701607819755
.0061822853904584035
.005788929277044686
1330621157714494e-21
.0001532663688089704
.013029749539334242
.0012058423407532738
.011066464564163145
33129136441563276e-22
.002390557571720205
.002979611378195571
4817456263395725e-20
.004856455705124181
4949298932615018e-21
.005787206199077806
.005786817435217903
.020623338827867963
.0005371430641698301
.11096328016840096
.007301352784844865
.0005063377343664817
.027975249112474954
.0636819491348695
24769923060767166e-22
.13390568866986977
2093626943861723e-20
8.784317254373239
8.364012759820216
1.1395043071716553
.006306606847142017
.0006188350981852609
.000683178791828101
.18546046166528996
.10314848795593698
9.391898236282763
7.380397005101956
2.717720284671985
.0016774829699654748
.00031313838202966205
.0014230567968448273
.005688929462041205
.007054765895542886
3.4979863930226456
.0007581642769553896
9.391898236282763
3.1580571258350165
9.391898236282763
8.625804720554692
.001399065159639439
.009291972112579296
.00013747937302524023
2.1771545284282037
.0002080143781005044
.0017944077547486915
.010268446391806343
520670272458781e-19
.6847169478091586
.03573057134214114
18664661025998488e-21
.0004035287193259742
.3606752904426614
.33804080669242526
2.4789454511825912
.00013974997850701765
.00041484469635538784
.6124624192814664
.7679651033811554
.1220862693648738
.0002263832658241643
.1521982024429915
1.1405469194749307
.9938235816985144
.06787252196143048
1.3820778888107228
2.0509354126531254
.020722804454346367
.025316384042750075
8638602587990222e-20
.00014178354619522716
3.9067606065387426
4.301436849934729
.4794329905926685
.003027258866418097
.00012717431355351486
17764511144412417e-22
47439150066457636e-24
.05305984431148723
.014708276767638553
.00047158023725791723
.3679403568657843
34296565510107524e-21
.00019021702805523575
.024834502927428736
6981289822130352e-22
0
0
0
0
0
0
0
0
0
0
0
0
0
0
0
0
0
0
0
.07097970681917694
0
0
0
0
.27538510874080374
1242.729137020641
.004576848378613427
.09996832832455653
.019220513904103998
.21225261800550854
.017651370491101
.4094049682596414
.012641358270434694
.3817288044195662
.004612603419623988
2.2469731413835685
2.2714755655690086
.0019034173422301894
.004570424142914006
.4911320940914299
.34691193640416834
.16081145429471255
.3457602698385524
.01881811784481502
.01881811784481502
.0475679331410252
22323221566894702e-26
.01881811784481502
.01881811784481502
.01881811784481502
.01881811784481502
.01881811784481502
.01881811784481502
.01881811784481502
.01881811784481502
.01881811784481502
.01881811784481502
.01881811784481502
.01881811784481502
.01881811784481502
.01881811784481502
.01881811784481502
.01881811784481502
.01881811784481502
.01881811784481502
.01881811784481502
.01881811784481502
.01881811784481502
.01881811784481502
.01881811784481502
.01881811784481502
.01881811784481502
.01881811784481502
.01881811784481502
.01881811784481502
.01881811784481502
.01881811784481502
.01881811784481502
.01881811784481502
.01881811784481502
.01881811784481502
.01881811784481502
.01881811784481502
.01881811784481502
.01881811784481502
.01881811784481502
.01881811784481502
.01881811784481502
.01881811784481502
.01881811784481502
.01881811784481502
.10904983376112458
20545796761319316e-21
.01881811784481502
20545796761319316e-21
.11675282020952675
.0737447217998821
.01881811784481502
.01881811784481502
.00032320685892845883
.01881811784481502
.01881811784481502
.01881811784481502
.01881811784481502
.01881811784481502
.01881811784481502
.01881811784481502
.01881811784481502
.01881811784481502
.01881811784481502
.015562543440746174
.01881811784481502
.01881811784481502
.01881811784481502
.01881811784481502
.01881811784481502
.01881811784481502
.01881811784481502
.01881811784481502
.01881811784481502
.01881811784481502
.01881811784481502
.01881811784481502
.01881811784481502
.01881811784481502
.01881811784481502
.01881811784481502
.01881811784481502
.01881811784481502
.10904983376112458
.10904983376112458
.11675282020952675
.01881811784481502
.01881811784481502
.01881811784481502
.01881811784481502
.11675282020952675
.0012342888741374972
.12053867392193143
.01881811784481502
.10904983376112458
.01881811784481502
.01881811784481502
.01881811784481502
.01881811784481502
.01881811784481502
.00032320685892845883
.01881811784481502
.01881811784481502
.10876568151836466
.01881811784481502
.0475679331410252
.01881811784481502
.01881811784481502
20545796761319316e-21
.01881811784481502
.01881811784481502
.01881811784481502
.09499214032314561
.01881811784481502
.01881811784481502
.01881811784481502
.01881811784481502
.01881811784481502
.01881811784481502
.01881811784481502
.01881811784481502
.01881811784481502
.01881811784481502
.01881811784481502
.01881811784481502
.01881811784481502
.01881811784481502
.01881811784481502
.01881811784481502
.01881811784481502
.01881811784481502
.01881811784481502
.01881811784481502
.01881811784481502
.01881811784481502
.01881811784481502
.09499214032314561
.01881811784481502
.01881811784481502
.01881811784481502
.01881811784481502
.01881811784481502
.01881811784481502
.01881811784481502
.01881811784481502
.01881811784481502
.01881811784481502
.0475679331410252
.12031343226349969
.015562543440746174
.01881811784481502
9999999999969536e-28
.12078864286269654
.12078864286269654
.015562543440746174
.015562543440746174
.0475679331410252
.0475679331410252
.0475679331410252
.0475679331410252
