1.4902854540978179
.9523333299308032
.01602044433506156
.003531806421379367
58935904606889075e-22
.037467385797316996
6.761011310221376
.6867608812212734
.05733533112379182
.07134148924695373
.06719919179297683
4.960233774663176
.7171748597047901
.36163487212439366
.006092890286292082
3.2237325389021607
.4504167710541618
.003252622785159384
.07060418718480345
.004471301957203213
.0018864740785456222
.01007238129242066
.00017157310574049807
.0026973944136598495
.32192205741046703
16.301851966772123
.00018204881862184753
.005795855843340984
.006430588601445135
.005960989245953463
1369921570148797e-21
.00015810884890381317
.013441450403112593
.0012441882466848581
.011416111588208808
2259114253732949e-20
.0022055334019816485
.0030746362311761637
.00030998991404868233
.005017435517535311
3284760695629924e-20
.005964521280842802
.006213580760147619
.020198591675569855
.0003194542337131754
.11494044172918441
.007408640720235352
.0008484295195710565
.050772891768928546
.27705646642111154
.0011762358699225369
.623125363451009
.010093181601862922
12.50218851762118
11.702201994864586
1.3596517220558928
.006556479017610116
.06477774462384132
.0717983399551906
.22686085488365315
.12025537069048164
30.12952727869576
23.62817374750956
8.045573877612002
.0023290666709265273
.0005040510046841562
.00144825837463045
.006188879797713984
3.763054331570427
8.15713721329388
.021093821581871997
22.776612805887268
3.2601775477926376
9.821652768448425
21.327147564455984
.0014461006625397887
.009525021283630647
.0006197054630789771
2.2174038574297965
.0003111367292103483
.002710492558987058
.010561652332338859
.0003954987487559406
.9364421066404984
.7138004516003806
28671009083870473e-21
.008107060318018926
.8345372770324299
.751862002597044
3.438549702723496
.0001688151775571184
56081560722523555e-21
.5997242828149388
.8246516925383534
.07485316109941002
.010749836040590235
.2744780183274843
1.564449980250073
1.4644339718539514
2.2317247687645456
1.6506529836101687
2.1368908414404797
.028101735100878822
.03983140229914849
.010029164629123665
.0001821961651090523
6.610043234168671
6.0582186182858155
.5722870976062653
.016577240833369394
.004625269169930905
7281178500275787e-20
.0006263783149732473
.09536131835578522
.0201910682571594
.0008379695415985868
.4686661947994704
5629390922709523e-20
.0002540728622693292
.034318973098277215
22971016907223408e-21
0
0
0
0
0
0
0
0
0
0
0
0
0
0
0
0
0
0
0
.7424502951574291
0
0
0
0
.5551579206155106
1281.9935427908422
.004721455297798891
.10312685812044953
.019827791897804085
.21895880414928556
.10643932895344262
.6536368714305161
.1406911429393761
.4321626999866603
.0062809382952120265
3.0057514395114326
3.2632489308806445
.016328713849554803
.03964278373400701
.8268905764953418
.5643793644125418
.21897466464167675
.4758618327139571
.01941268201240322
.01941268201240322
.2253083315268932
5313066961443767e-20
.01941268201240322
.01941268201240322
.01941268201240322
.01941268201240322
.01941268201240322
.01941268201240322
.01941268201240322
.01941268201240322
.01941268201240322
.01941268201240322
.01941268201240322
.01941268201240322
.01941268201240322
.01941268201240322
.01941268201240322
.01941268201240322
.01941268201240322
.01941268201240322
.01941268201240322
.01941268201240322
.01941268201240322
.01941268201240322
.01941268201240322
.01941268201240322
.01941268201240322
.01941268201240322
.01941268201240322
.01941268201240322
.01941268201240322
.01941268201240322
.01941268201240322
.01941268201240322
.01941268201240322
.01941268201240322
.01941268201240322
.01941268201240322
.01941268201240322
.01941268201240322
.01941268201240322
.01941268201240322
.01941268201240322
.01941268201240322
.01941268201240322
.01941268201240322
.23733327370917023
.010307889453793297
.01941268201240322
.010307889453793297
.17224012079395165
.08615445214106227
.01941268201240322
.01941268201240322
.0343125636344055
.01941268201240322
.01941268201240322
.01941268201240322
.01941268201240322
.01941268201240322
.01941268201240322
.01941268201240322
.01941268201240322
.01941268201240322
.01941268201240322
.16041949311828885
.01941268201240322
.01941268201240322
.01941268201240322
.01941268201240322
.01941268201240322
.01941268201240322
.01941268201240322
.01941268201240322
.01941268201240322
.01941268201240322
.01941268201240322
.01941268201240322
.01941268201240322
.01941268201240322
.01941268201240322
.01941268201240322
.01941268201240322
.01941268201240322
.23733327370917023
.23733327370917023
.17224012079395165
.01941268201240322
.01941268201240322
.01941268201240322
.01941268201240322
.17224012079395165
.060239754952976725
.20774954541753002
.01941268201240322
.23733327370917023
.01941268201240322
.01941268201240322
.01941268201240322
.01941268201240322
.01941268201240322
.0343125636344055
.01941268201240322
.01941268201240322
.14845179247593882
.01941268201240322
.2253083315268932
.01941268201240322
.01941268201240322
.010307889453793297
.01941268201240322
.01941268201240322
.01941268201240322
.11995209754878702
.01941268201240322
.01941268201240322
.01941268201240322
.01941268201240322
.01941268201240322
.01941268201240322
.01941268201240322
.01941268201240322
.01941268201240322
.01941268201240322
.01941268201240322
.01941268201240322
.01941268201240322
.01941268201240322
.01941268201240322
.01941268201240322
.01941268201240322
.01941268201240322
.01941268201240322
.01941268201240322
.01941268201240322
.01941268201240322
.01941268201240322
.11995209754878702
.01941268201240322
.01941268201240322
.01941268201240322
.01941268201240322
.01941268201240322
.01941268201240322
.01941268201240322
.01941268201240322
.01941268201240322
.01941268201240322
.2253083315268932
.19184674275571012
.16041949311828885
.01941268201240322
99999999999851e-26
.20180430781863667
.20180430781863667
.16041949311828885
.16041949311828885
.2253083315268932
.2253083315268932
.2253083315268932
.2253083315268932
