1.5104335797930246
.8598268923214711
.015000409773865799
.0032501972644722915
46951671858346496e-22
.035170439202748094
6.756686315962145
.6876058488867912
.057522420808415756
.06846171758442866
.06721288073897323
4.798159616828492
.7167734889685576
.34983716854371155
.005911822380146021
3.0949132563344204
.4311952115534552
.003244977498949091
.07057542038263481
.004473828920499842
.0018874885737370463
.009705700110206286
.00016571424911266883
.0026968726789718686
.30981220808105325
16.443520506317608
.00018033309201636037
.00579269848195191
.006427316809186782
.005958802070486413
13691855936943083e-22
.0001580451500301551
.013436034807840273
.0012436836877882077
.011411512266969466
218452091471735e-19
.0022105757872435024
.0030733857214408885
.00030041324011454253
.00501531465823626
3176609630832348e-20
.0059611969815811594
.0061596793064960685
.02025782906633686
.000322642649563614
.11488584070670237
.0074095430789588865
.0008434060619699343
.05025658924377475
.2708678316098304
.001084704148525958
.6210437153939552
.009317746932875867
12.446697830986107
11.663271348045578
1.3576840124703953
.006553402136482564
.06102465130693851
.06762919147419792
.22648853655866236
.12010402285161348
29.86088560275967
23.37661405735184
7.9893608958648485
.0023252999743516253
.0005010314943602744
.00145010239486537
.006169799797457735
3.531591823698645
8.0904348098509
.020653074699357038
22.767251319756642
3.2588381215452036
9.812803698771344
21.318955344500136
.0014454599527603475
.009524157102748702
.0006194595638656024
2.217099109415938
.00031040447696777286
.0027038646284997625
.010558011386868313
.000381305929523371
.9363260065885084
.6974436990176303
28524600202807123e-21
.007878351106281874
.8288268180965614
.7478428860709528
3.427297778214272
.00016752040464918105
5748229304640669e-20
.5991909225896854
.8255208303564279
.0757466211614139
.010245504487746816
.2733423584926965
1.5620153745675502
1.4601122472266705
2.1900130022258666
1.6483087433838985
2.1358904379193384
.027943537630775367
.039471308162410894
.009444216254261804
.00018196265879631522
6.569995326855429
6.032965402273507
.5716740496560387
.016279594995289033
.004530600456568755
7131405694055315e-20
.0005667241145587368
.09433231997388215
.020131569122173638
.0008349139824601472
.4672410354571238
5577638081203131e-20
.0002540639313796782
.03421558583798731
2254887437881094e-20
0
0
0
0
0
0
0
0
0
0
0
0
0
0
0
0
0
0
0
.727053427332298
0
0
0
0
.5533978246710487
1281.4770515203297
.004719553111583413
.10308531023413285
.019819803650525974
.2188705897338691
.10419053407284888
.649786339817272
.13646285843027778
.43179508035666797
.0062726303128920165
3.0035372453701843
3.2552418544605866
.015904608866652424
.03860550433217217
.823489647283523
.5622304395329955
.2186951822464158
.4752190462853875
.019404861005150084
.019404861005150084
.22081421710147556
45223221709237636e-21
.019404861005150084
.019404861005150084
.019404861005150084
.019404861005150084
.019404861005150084
.019404861005150084
.019404861005150084
.019404861005150084
.019404861005150084
.019404861005150084
.019404861005150084
.019404861005150084
.019404861005150084
.019404861005150084
.019404861005150084
.019404861005150084
.019404861005150084
.019404861005150084
.019404861005150084
.019404861005150084
.019404861005150084
.019404861005150084
.019404861005150084
.019404861005150084
.019404861005150084
.019404861005150084
.019404861005150084
.019404861005150084
.019404861005150084
.019404861005150084
.019404861005150084
.019404861005150084
.019404861005150084
.019404861005150084
.019404861005150084
.019404861005150084
.019404861005150084
.019404861005150084
.019404861005150084
.019404861005150084
.019404861005150084
.019404861005150084
.019404861005150084
.019404861005150084
.23495436614934542
.009509753332078872
.019404861005150084
.009509753332078872
.17137472324021927
.08598104182127758
.019404861005150084
.019404861005150084
.032300004940681415
.019404861005150084
.019404861005150084
.019404861005150084
.019404861005150084
.019404861005150084
.019404861005150084
.019404861005150084
.019404861005150084
.019404861005150084
.019404861005150084
.15564379525021182
.019404861005150084
.019404861005150084
.019404861005150084
.019404861005150084
.019404861005150084
.019404861005150084
.019404861005150084
.019404861005150084
.019404861005150084
.019404861005150084
.019404861005150084
.019404861005150084
.019404861005150084
.019404861005150084
.019404861005150084
.019404861005150084
.019404861005150084
.019404861005150084
.23495436614934542
.23495436614934542
.17137472324021927
.019404861005150084
.019404861005150084
.019404861005150084
.019404861005150084
.17137472324021927
.05728061574909917
.20628968145038873
.019404861005150084
.23495436614934542
.019404861005150084
.019404861005150084
.019404861005150084
.019404861005150084
.019404861005150084
.032300004940681415
.019404861005150084
.019404861005150084
.14785479105487195
.019404861005150084
.22081421710147556
.019404861005150084
.019404861005150084
.009509753332078872
.019404861005150084
.019404861005150084
.019404861005150084
.11959012331616174
.019404861005150084
.019404861005150084
.019404861005150084
.019404861005150084
.019404861005150084
.019404861005150084
.019404861005150084
.019404861005150084
.019404861005150084
.019404861005150084
.019404861005150084
.019404861005150084
.019404861005150084
.019404861005150084
.019404861005150084
.019404861005150084
.019404861005150084
.019404861005150084
.019404861005150084
.019404861005150084
.019404861005150084
.019404861005150084
.019404861005150084
.11959012331616174
.019404861005150084
.019404861005150084
.019404861005150084
.019404861005150084
.019404861005150084
.019404861005150084
.019404861005150084
.019404861005150084
.019404861005150084
.019404861005150084
.22081421710147556
.1906906346015448
.15564379525021182
.019404861005150084
9999999999984898e-28
.20046698566924748
.20046698566924748
.15564379525021182
.15564379525021182
.22081421710147556
.22081421710147556
.22081421710147556
.22081421710147556
