3.0151509845982574
.013139023231166875
.0008867304194470131
5515087441961898e-20
174739789456893e-26
.0027585369623410383
6.390649056471921
.7116214141484163
.046753335006516974
.013103342029804649
.06609813320250182
.7327796459913578
.6917928047446208
.053556763834094655
.000979643702370521
.00839764900303106
.0011500965417980214
.0022331933230467127
.0683850037437773
.00461876462789801
.0019451189053831704
.00188925695573628
353594023233979e-19
.0018828404169566938
.05872526211925011
3.8634787112433333
6476838106897787e-21
.005529487198369831
.00618686648846356
.005792341483415435
13313808353896353e-22
.0001533597565168666
.013037689218906596
.001206581190647856
.011073207541644469
3320469398555936e-21
.0023892067956822263
.0029814416076519323
48284473512672134e-21
.004859556222320517
49573145666913005e-22
.005790607925347297
.005790210258383489
.020631846211575863
.0005334106349345472
.11103895702277694
.0073045586247642074
.0005079663341198674
.02807932773128795
.0662861273020226
2736419542613821e-21
.14190388599306702
2360925000618576e-20
8.847608420570191
8.42918402760826
1.144641238526285
.006311133562904928
.0006777758890414841
.0007482185992275154
.18640981349473112
.1035524055507668
9.79798687202323
7.691780413884377
2.8205394671043797
.0017101058026966454
.000320457189848688
.0014239111056069437
.005694524085073433
.007504823363105226
3.552784784323275
.0007712085928105344
9.79798687202323
3.160022131130801
9.79798687202323
9.021975700616169
.001399996618630501
.009297617425480444
.00014592576794186243
2.1779137286572983
.00021271405245733323
.0018356256114366654
.01027436851098715
54587938182656804e-21
.698721357142058
.03851890500964604
18903780039119548e-21
.000427843858942253
.37218330692228596
.3490232866016205
2.5052278793311538
.00013834225595712286
.000412886088378842
.6003352033249402
.7743906027104471
.12332672215989186
.000247721307751045
.15586265414643766
1.1543377874395462
1.0052560972574969
.06941005366838385
1.392095571535879
2.0529872583919113
.02089924967191334
.025531588975510767
9481966785358429e-20
.00014169337836802552
3.920235492987708
4.336713336606757
.48157055610403365
.003177936741772105
.00013009645870202033
18210348858476287e-22
5476732316577397e-23
.053669767970827155
.014847988688404864
.00048513757148121447
.36977053477789085
3467008113267314e-20
.00019398644584335843
.025077478911607987
7147406913881175e-22
0
0
0
0
0
0
0
0
0
0
0
0
0
0
0
0
0
0
0
.07576269297688788
0
0
0
0
.2820832340861444
1243.4863548894825
.0045796371370580655
.10002924087763874
.01923222531903984
.21238194745492298
.018470526134668683
.41308305174553017
.013276513335164893
.3836809220373892
.004689239637027857
2.268223825197211
2.293521706344779
.0019880757571670237
.00477440652683553
.4986432414914663
.3519310203835958
.16269286502843835
.3499046420565153
.018829584072382693
.018829584072382693
.049038796722713815
2774854984041712e-25
.018829584072382693
.018829584072382693
.018829584072382693
.018829584072382693
.018829584072382693
.018829584072382693
.018829584072382693
.018829584072382693
.018829584072382693
.018829584072382693
.018829584072382693
.018829584072382693
.018829584072382693
.018829584072382693
.018829584072382693
.018829584072382693
.018829584072382693
.018829584072382693
.018829584072382693
.018829584072382693
.018829584072382693
.018829584072382693
.018829584072382693
.018829584072382693
.018829584072382693
.018829584072382693
.018829584072382693
.018829584072382693
.018829584072382693
.018829584072382693
.018829584072382693
.018829584072382693
.018829584072382693
.018829584072382693
.018829584072382693
.018829584072382693
.018829584072382693
.018829584072382693
.018829584072382693
.018829584072382693
.018829584072382693
.018829584072382693
.018829584072382693
.018829584072382693
.11072316376513629
2317968135832303e-20
.018829584072382693
2317968135832303e-20
.1176451864600804
.0739696658531485
.018829584072382693
.018829584072382693
.0003540042430535016
.018829584072382693
.018829584072382693
.018829584072382693
.018829584072382693
.018829584072382693
.018829584072382693
.018829584072382693
.018829584072382693
.018829584072382693
.018829584072382693
.016289687081600442
.018829584072382693
.018829584072382693
.018829584072382693
.018829584072382693
.018829584072382693
.018829584072382693
.018829584072382693
.018829584072382693
.018829584072382693
.018829584072382693
.018829584072382693
.018829584072382693
.018829584072382693
.018829584072382693
.018829584072382693
.018829584072382693
.018829584072382693
.018829584072382693
.11072316376513629
.11072316376513629
.1176451864600804
.018829584072382693
.018829584072382693
.018829584072382693
.018829584072382693
.1176451864600804
.0013317215213128394
.1218304616718416
.018829584072382693
.11072316376513629
.018829584072382693
.018829584072382693
.018829584072382693
.018829584072382693
.018829584072382693
.0003540042430535016
.018829584072382693
.018829584072382693
.10943023044727576
.018829584072382693
.049038796722713815
.018829584072382693
.018829584072382693
2317968135832303e-20
.018829584072382693
.018829584072382693
.018829584072382693
.09542710428497503
.018829584072382693
.018829584072382693
.018829584072382693
.018829584072382693
.018829584072382693
.018829584072382693
.018829584072382693
.018829584072382693
.018829584072382693
.018829584072382693
.018829584072382693
.018829584072382693
.018829584072382693
.018829584072382693
.018829584072382693
.018829584072382693
.018829584072382693
.018829584072382693
.018829584072382693
.018829584072382693
.018829584072382693
.018829584072382693
.018829584072382693
.09542710428497503
.018829584072382693
.018829584072382693
.018829584072382693
.018829584072382693
.018829584072382693
.018829584072382693
.018829584072382693
.018829584072382693
.018829584072382693
.018829584072382693
.049038796722713815
.12141776939616816
.016289687081600442
.018829584072382693
9999999999969839e-28
.12200876865844996
.12200876865844996
.016289687081600442
.016289687081600442
.049038796722713815
.049038796722713815
.049038796722713815
.049038796722713815
