3.0151509845982574
.013139220874421835
.0008862575222435648
55151756390795254e-21
17660821375107117e-28
.0027585720126876534
6.390649051686907
.7116214148939773
.04672635980222752
.013103383303198156
.06609813245440754
.7327891845393996
.6917928070979766
.05355746105823842
.0009796563654269849
.008403114720507135
.001152916315272343
.0022317932320844404
.06838500372631601
.004618764620297026
.001945118902278297
.0018892631433413902
3542406737882453e-20
.0018816389691091538
.05872545612606118
3.863468867740231
6472649557061494e-21
.005529487192632933
.006186865797681035
.005792341399034473
13313808314513236e-22
.0001533597565168984
.013037689218909207
.0012065811912687933
.011073207541646765
3320512720816019e-21
.0023892068001660684
.0029814416098622844
482850966797518e-19
.0048595562226180075
49573797193346364e-22
.005790607911720976
.005790210255020111
.020631857131498062
.0005334106347427771
.11103895709164031
.007304558416621224
.000507951754987349
.028078522510135075
.06624205652498795
27426851077620356e-22
.1419045286746359
23620350755383937e-21
8.847607762817223
8.429183244845945
1.1446411509158465
.006311133065565549
.0006778682915210336
.0007483159554682547
.18640979698895865
.10355239872556352
9.79798687202323
7.691681701398824
2.8214496422777287
.0017091617573620412
.00032024916154868734
.0014239109644119195
.005694523849145426
.00750485595306317
3.5527834915764824
.0007712062402202229
9.79798687202323
3.160022108056997
9.79798687202323
9.022006023552041
.0013999966221606968
.009297619501144596
.00014592641524995036
2.17791351009621
.0002125779576828294
.0018344332646734354
.010274368268508766
5455241071386008e-20
.6983028390838016
.03849689236624113
18895598545855367e-21
.00042786554973504366
.37195864437205184
.3488073750532832
2.5051478033802717
.0001383769591216532
.000412623945922723
.6014062540478811
.7743675277234465
.12325025864000637
.0002475840219746008
.1558043030879305
1.1543358431295703
1.005256261159879
.06940983429098498
1.3916085962285762
2.0529872350766256
.020891185438388787
.025524057951241526
9483258785119024e-20
.00014168968638790763
3.9201234455205607
4.336459211082221
.4815704839066869
.0031759493850514534
.00013009604353052666
1821028851241583e-21
54778034449078016e-24
.053652172418862776
.014847984015400797
.00048483101537688983
.3697705249878228
3465738369218606e-20
.00019387684042889
.025077473430600895
7147383393198277e-22
0
0
0
0
0
0
0
0
0
0
0
0
0
0
0
0
0
0
0
.07576317196717045
0
0
0
0
.28255073568433786
1243.4863548897406
.004579637137059016
.1000292408776595
.019232225319043828
.21238194745496705
.018462480866808167
.41308312795237256
.013276606006447072
.3836821203080422
.0046893467864276344
2.2682233050907024
2.2935215626998104
.001988089250287104
.004774440030679404
.49864388566773193
.35193151708066217
.1626926213415388
.3499041781589289
.018829584072386604
.018829584072386604
.0490388659378504
280449718631783e-24
.018829584072386604
.018829584072386604
.018829584072386604
.018829584072386604
.018829584072386604
.018829584072386604
.018829584072386604
.018829584072386604
.018829584072386604
.018829584072386604
.018829584072386604
.018829584072386604
.018829584072386604
.018829584072386604
.018829584072386604
.018829584072386604
.018829584072386604
.018829584072386604
.018829584072386604
.018829584072386604
.018829584072386604
.018829584072386604
.018829584072386604
.018829584072386604
.018829584072386604
.018829584072386604
.018829584072386604
.018829584072386604
.018829584072386604
.018829584072386604
.018829584072386604
.018829584072386604
.018829584072386604
.018829584072386604
.018829584072386604
.018829584072386604
.018829584072386604
.018829584072386604
.018829584072386604
.018829584072386604
.018829584072386604
.018829584072386604
.018829584072386604
.018829584072386604
.11072317311844683
23190581954519188e-21
.018829584072386604
23190581954519188e-21
.1176451870679564
.07396966586280743
.018829584072386604
.018829584072386604
.00035405246621253515
.018829584072386604
.018829584072386604
.018829584072386604
.018829584072386604
.018829584072386604
.018829584072386604
.018829584072386604
.018829584072386604
.018829584072386604
.018829584072386604
.016289808658827017
.018829584072386604
.018829584072386604
.018829584072386604
.018829584072386604
.018829584072386604
.018829584072386604
.018829584072386604
.018829584072386604
.018829584072386604
.018829584072386604
.018829584072386604
.018829584072386604
.018829584072386604
.018829584072386604
.018829584072386604
.018829584072386604
.018829584072386604
.018829584072386604
.11072317311844683
.11072317311844683
.1176451870679564
.018829584072386604
.018829584072386604
.018829584072386604
.018829584072386604
.1176451870679564
.0013318052383071925
.12183046411106639
.018829584072386604
.11072317311844683
.018829584072386604
.018829584072386604
.018829584072386604
.018829584072386604
.018829584072386604
.00035405246621253515
.018829584072386604
.018829584072386604
.10943023067788059
.018829584072386604
.0490388659378504
.018829584072386604
.018829584072386604
23190581954519188e-21
.018829584072386604
.018829584072386604
.018829584072386604
.09542710434832981
.018829584072386604
.018829584072386604
.018829584072386604
.018829584072386604
.018829584072386604
.018829584072386604
.018829584072386604
.018829584072386604
.018829584072386604
.018829584072386604
.018829584072386604
.018829584072386604
.018829584072386604
.018829584072386604
.018829584072386604
.018829584072386604
.018829584072386604
.018829584072386604
.018829584072386604
.018829584072386604
.018829584072386604
.018829584072386604
.018829584072386604
.09542710434832981
.018829584072386604
.018829584072386604
.018829584072386604
.018829584072386604
.018829584072386604
.018829584072386604
.018829584072386604
.018829584072386604
.018829584072386604
.018829584072386604
.0490388659378504
.12141777070269688
.016289808658827017
.018829584072386604
9999999999969839e-28
.12200877058562692
.12200877058562692
.016289808658827017
.016289808658827017
.0490388659378504
.0490388659378504
.0490388659378504
.0490388659378504
