3.0548861334101445
.006627526305824932
.00029773097533727954
1736268779598973e-20
4910531949278264e-28
.001116825228098578
6.389867436284098
.7529958856601388
.044912351587762765
.01345662222323867
.06510730271007997
.7206234318797626
.6885792467678294
.05515047198620911
.0008691380617660453
.004998823403713282
.0006549148730324258
.002159572097726438
.07062252353700305
.0048410341896801806
.001973867060182388
.0022299435133688256
4486044246334308e-20
.0017166768129705013
.0668697172326593
4.120006048087204
5442964139113326e-21
.0056167954673727654
.006026213892562796
.00561046456794966
12951547276104256e-22
.00017729220269297678
.013310464168779047
.0011707059715387348
.00916493854984316
30728640931914167e-22
.0023765385174107437
.002652337676177945
47281754120971266e-21
.005120921345818497
5080906084466338e-21
.00560869548334936
.005608246657470059
.021488300404864033
.0005894205168939286
.11488650119331303
.007572009313341562
.0005101271546461224
.023847796623292915
.06994385155728071
23307356004843203e-22
.12326750761610486
19287076313668648e-21
8.680747769976403
8.249970939162473
1.2192974588934549
.006736536022767303
.0005664336888642043
.0006243992805118668
.17719525272959963
.11679704407580847
9.268184887864741
7.323222211658265
2.625322314619784
.0017004864774119986
.00032476134472735345
.0013580420485102102
.005966864576821685
.007738468205795966
3.821940432512261
.0008999053631834634
9.268184887864741
3.3800992645891696
9.268184887864741
8.545047371038864
.0013787840008821712
.009331786214535447
.00015666922788543414
2.090063205856466
.00021012926614424383
.0018940585184746654
.011155958910441528
5805538427490048e-20
.7204294427232194
.018793767970169777
1691701297703952e-20
.00019972251237743288
.34288103147045546
.3202718530020075
2.244486397259889
.00013716038728476813
.0003913638405482378
.6668561112713308
.7713937744802032
.13361083295412549
.00023369317818704714
.17036510448545739
1.2363413927522608
1.0682744221028635
.06480177662844275
1.2593231410716867
1.9758304815893843
.01724023218671493
.020959948898551687
7731864512280101e-20
.0001238896597264978
3.6902260390827593
4.384526797210165
.4715517282679385
.0032415644018707547
.00011990620457669617
16497275666845075e-22
40253991476015706e-24
.05167410741429659
.014804056000280102
.0004881198394721544
.3502873161235046
25023009082584895e-21
.0001761125594179348
.02444788715026271
7952187580028271e-22
0
0
0
0
0
0
0
0
0
0
0
0
0
0
0
0
0
0
0
.06432783531314283
0
0
0
0
.19398307971798998
1272.487530941045
.004083401047514952
.09673088610508773
.018181691606782246
.21634569267142306
.018871865219777188
.4039043584919923
.012560323771646542
.35264796977203916
.0038744392652250294
2.2232430541064674
2.1745188692371578
.001796086666969978
.004630760205156341
.5153636980207058
.3765739621677022
.18426910041577282
.3099187959858701
.018814626090230758
.018814626090230758
.04712820813555371
19275990147764219e-26
.018814626090230758
.018814626090230758
.018814626090230758
.018814626090230758
.018814626090230758
.018814626090230758
.018814626090230758
.018814626090230758
.018814626090230758
.018814626090230758
.018814626090230758
.018814626090230758
.018814626090230758
.018814626090230758
.018814626090230758
.018814626090230758
.018814626090230758
.018814626090230758
.018814626090230758
.018814626090230758
.018814626090230758
.018814626090230758
.018814626090230758
.018814626090230758
.018814626090230758
.018814626090230758
.018814626090230758
.018814626090230758
.018814626090230758
.018814626090230758
.018814626090230758
.018814626090230758
.018814626090230758
.018814626090230758
.018814626090230758
.018814626090230758
.018814626090230758
.018814626090230758
.018814626090230758
.018814626090230758
.018814626090230758
.018814626090230758
.018814626090230758
.018814626090230758
.10854504175818629
19731673860716045e-21
.018814626090230758
19731673860716045e-21
.11648230778386416
.073676329430014
.018814626090230758
.018814626090230758
.0003140424577236145
.018814626090230758
.018814626090230758
.018814626090230758
.018814626090230758
.018814626090230758
.018814626090230758
.018814626090230758
.018814626090230758
.018814626090230758
.018814626090230758
.015346724485353316
.018814626090230758
.018814626090230758
.018814626090230758
.018814626090230758
.018814626090230758
.018814626090230758
.018814626090230758
.018814626090230758
.018814626090230758
.018814626090230758
.018814626090230758
.018814626090230758
.018814626090230758
.018814626090230758
.018814626090230758
.018814626090230758
.018814626090230758
.018814626090230758
.10854504175818629
.10854504175818629
.11648230778386416
.018814626090230758
.018814626090230758
.018814626090230758
.018814626090230758
.11648230778386416
.0012054820400121372
.12014784839727265
.018814626090230758
.10854504175818629
.018814626090230758
.018814626090230758
.018814626090230758
.018814626090230758
.018814626090230758
.0003140424577236145
.018814626090230758
.018814626090230758
.10856403085401499
.018814626090230758
.04712820813555371
.018814626090230758
.018814626090230758
19731673860716045e-21
.018814626090230758
.018814626090230758
.018814626090230758
.0948600242171853
.018814626090230758
.018814626090230758
.018814626090230758
.018814626090230758
.018814626090230758
.018814626090230758
.018814626090230758
.018814626090230758
.018814626090230758
.018814626090230758
.018814626090230758
.018814626090230758
.018814626090230758
.018814626090230758
.018814626090230758
.018814626090230758
.018814626090230758
.018814626090230758
.018814626090230758
.018814626090230758
.018814626090230758
.018814626090230758
.018814626090230758
.0948600242171853
.018814626090230758
.018814626090230758
.018814626090230758
.018814626090230758
.018814626090230758
.018814626090230758
.018814626090230758
.018814626090230758
.018814626090230758
.018814626090230758
.04712820813555371
.1199789919186043
.015346724485353316
.018814626090230758
9999999999969453e-28
.120419353998132
.120419353998132
.015346724485353316
.015346724485353316
.04712820813555371
.04712820813555371
.04712820813555371
.04712820813555371
