.017159286275389804
-.013160846196497935
-.0038639231491885626
-.006177513912693638
-.017905350353652764
-.0016147985487893982
.002646999394705148
-.008112091679284995
-.00458016428022862
38636288306758256e-21
-.0010773591993798349
-25736312779793658e-21
32974587819701246e-21
.00011282663191202376
-.011587128921407395
.004194085243259093
-.007874954158536734
-.0005633736794817651
-.00021709799385020892
176672519341412e-19
.000412895622302275
-.004137251400842026
-.0026866173272542446
-.006747534711344871
-.03237517478212047
-.0016934039344594569
-8904430700304311e-22
-3809033131514106e-20
-6380822477343912e-20
-9582726238520727e-21
-21884124748180267e-21
-40941898021736535e-21
-10514476006297353e-21
-10597267524315938e-21
-12215661788399525e-21
-15346311069808646e-21
-12656347718305237e-21
4491005484890956e-21
.0008314044422135167
-18433258883290918e-21
-.006171214495207368
.00791552456168599
.002645332233122726
-5896558609893688e-21
-.002650872335101608
.0029806038953700572
.0003545648423658575
17340183465302385e-21
.008495266919132449
-.006330820487470517
-.004503064613320633
.004560105779649283
-.004866967620371178
-.00012000749644628536
-4727395235170658e-20
-.00037440031507286005
-.003809972252735092
-.0006189677390291999
-.002770721806113525
-.0005431994001014035
.014023950561551106
-.030914666636497834
.01580606439348756
-.002719465877561273
-.0019222932726616617
-.0013069011641214348
-.0022059553690148884
-.015237839801902554
.00026237021102808834
-.0031713087390344355
-.0009468354451635018
-.008195902632847297
.026404570974202513
-.0010274231379346097
4137771816441626e-20
-5345164678782663e-20
.00015960861328968314
.006077791339520358
.0017303598871955138
-.0087718404648035
6741309933955313e-20
.00020545188345981268
-.021440670376847208
-.02383378132994603
-.0052504442418912015
.0018414286622021078
.19522764700087716
.011015279930855618
.25164866996467267
-.004982978334119475
-.005397213174313396
-.0031501682527582935
-.04873310519670086
.00099629273330973
-.007687192725171
-.0013067231269830695
-.0030199827451739196
-.0017193304473092793
-29860698320372453e-21
-.13264412956497681
.07622867168291643
.0018489682774178288
-.008965304129725774
-.0030017834385576677
-.005730070939814948
-.0019661787246969837
.10301340006255368
-.00031353208689331036
-.003620254629163816
-.009351242984543994
-.0059434949754792
.008212980440862942
-.004923146092024082
.0031546210119514913
-.009687553800755118
-.009240329088180637
-.000819178857997257
-.0036484231422591095
-.0018873044828247112
-3590576454499582e-20
0
0
0
0
0
0
0
0
0
0
0
0
0
0
0
0
0
0
0
-.03512993117291429
0
0
0
0
-.011874184009663098
-29332949190689497e-21
-19595504573196814e-21
-.0004475367353776337
-12370407755852885e-21
3740924665248862e-26
-.015790563453446396
-.2721045323308616
-.00012145069666148154
-.0014531027314494743
.7658157493406288
-.004736780083445156
-.005070179068707922
.006829671465660145
.01158744131592427
-.0011319946223410271
-.0018278851398232762
.005100713697508877
.0061124922638821425
