-.008062261890901317
-.01824953131159926
7647290401121105e-20
-1975282500171494e-20
-.017207554315408012
-.01720756187222836
7873200630634858e-23
43396002437513224e-23
-.0001252749153524068
-.00045813177383582384
.00906767535761894
.018605611173531385
11495021383398473e-23
3238306256802086e-22
-.05329454127773351
-3917866108654032e-21
10681103517379663e-24
8514955741401642e-23
.0003648652186241915
-.015410725915425768
-.015406713152118164
-.016629122383897865
-5729416305206575e-20
-.01529479568331354
-.015622814613227365
-.015847274155108004
-.022689223660545203
-.01577200536779707
-.01579510408406677
-.007076681035909939
982813504343297e-22
29964446161988966e-23
.0007630161247150381
-.0003945259992846349
