.006148760832636068
-.010193347231164827
.00045396508206148615
-.014682863005837269
-.012953043407990712
-7163663397839978e-21
8213650397619342e-22
-26809168299248944e-21
2781799091570133e-20
9078015082011776e-22
-.0013704620708665232
-.0011678943597147572
37279756673627686e-22
-.0007467373119215053
-.0010191004380091589
-.010558395751231787
.0010129851787128827
28733871208979864e-23
1693610793541135e-22
54218606125892304e-21
-1972797544639622e-21
39205051323201257e-23
1273332436962814e-21
-.0015375226241429387
-.04502326438149547
26879354320411917e-23
-16435075736096397e-23
31222274452182574e-23
-829228987861141e-21
-21896766467727678e-23
-5299284764906583e-23
9961634178763605e-23
15669332013431262e-23
13594982483356985e-23
29877760848534637e-23
2361831193188293e-22
10291054787563053e-23
1591768449832517e-22
27379530455348874e-23
8961598535440462e-23
-.0006320429900369336
-.04241503977543147
21854975281099273e-21
16771684940289175e-23
-4920405916186461e-22
4378102712485282e-20
-4098147872282272e-22
-.005955658676910234
-.007752043812738274
-.01214799858791812
.0001611635317619825
.0009561103162276988
.01671781011976688
.0005672189420605784
-.0012753030753489157
-.0011642532572259355
-.012904820281688746
.0036802066140245683
-.000933973560789512
19767118227831102e-21
.02589573450861492
-.027321639607216505
-.07695792831161813
4472676389463953e-20
-8342933709061067e-22
.0036094173072904025
.003940438361983479
-.007351143900638082
.0005251498670844689
-.020059828538320126
-.004385026323352814
.0013053856517107301
.025597233925024946
.011272238187720978
1267328259407536e-22
4942382144191522e-22
50412501684436945e-21
.00021129375231576723
-6011338006089128e-22
-56733681286117045e-22
4943824694756815e-20
4373674854349541e-20
.04673860129562479
-.03266650038612328
.008169381569063308
.00016419593952543202
.20190820639151433
-.008030805866780764
.2461663244168756
-.013433194783681901
-.0005584598312469241
-.014945298291297924
-.054813818282816236
-39857148512537915e-21
-.019223625053365785
-.020848168621087588
-.004626413638971707
-.003092596053247911
-.015657010203312557
-.07042964652744832
.05470343631323261
.03202548505710922
-.0011885109367871234
-.011374993134403539
.008205571003329047
-.008495912766037584
.21488668955070153
-.0006209042815279822
-.009603312625947635
-.015500729819785992
13367832250455155e-23
-.008771695108473468
-.013178829335784086
.008284167837187379
14264084746582573e-23
.009165945955181068
-.008794166219790229
-.0010697196821726099
.008435576470799813
1892792347791913e-22
0
0
0
0
0
0
0
0
0
0
0
0
0
0
0
0
0
0
0
-.06333865584106488
0
0
0
0
-.026238508159452292
3780130510074139e-22
3797935476445582e-23
4937276247887679e-22
22424172486030562e-23
5863454643826257e-28
-.025943832969545052
-.29890460442900624
-.00017803875850967428
.0028377107752670006
.7643544516318408
-.09003186733232796
.003068401933652331
.002737302992932185
.015337822242373544
-.000905416446821574
-.0008547948369887125
-.006956262302882314
-.0002719693161862212
