6162987231728029e-27
39.157792216501754
.17789640569868098
.25205212853525394
11.762989262066277
.3801893597191278
6.045632250588497
.19110566596733403
.003434638081025172
.2935735373595769
.02715792073037159
8.060569058372595
.793931606948311
.5380846657532653
.00879368643801705
8.872598030919573
.9210569290430092
.00429939713744257
.08033729771451
.004382657710827786
.002028524945953379
.04438480864681433
.00012712100681238448
1119186960172983e-20
.2828775367430456
40725245970632754e-24
14100855167083373e-30
.005100343096412616
.0063319849037844576
.005659885227251845
.0025328948494488823
.00017777650788935385
.013649629227538722
.0012653962064865612
.010494607053439612
30907945876672215e-21
.0004953633768892197
.002792040051247662
.000535672341968897
.0055180313006099775
1664010851249572e-20
8.996916037015664
14.034074604515656
.006493744390424161
6258115976303608e-20
.12085298343586372
.007773600684915817
.007536501620549067
.40739993173970096
8230146881279629e-26
.43832473921662146
3267911392256779e-26
3.79961622706483
18.09455706521006
16545033799927975e-25
22463074997415147e-26
.007173687791793196
3.12421787185641
15.668170078761339
29017975948191014e-27
2450949226106e-23
41.07517084273572
25.676006268704494
9.110589578034183
.0026274924609888334
.0005587332014653158
.0015523360050001267
.006527442925151228
5308394006004497e-24
0
71165915041081535e-28
24.264510987439046
3.6816247606787194
9.31864806512732
17.618408385718315
.0014428164134641284
.00765617187736641
.0004064004475818876
2.042097214442449
.0003904494962878933
.003401495444145009
.01135521368675599
.0016680275575732294
.8931356041301725
1.625140640313367
.0001466932051181862
.0258081947811528
1.3594840859382828
1.605495307727182
3.2704679623700432
.004105098392188802
.00040210578983624365
.6457387853167164
.6783426438132053
9463276739649727e-27
.5155752315834331
.6920068807000058
1.984856346696098
2.687334256944731
33912077318399285e-26
5.805210878217992
2.008837912141746
.5492149436509591
1.0329227765935476
.8580042129195535
.0009540868448380886
49.87719639200274
8.28106431651682
.4611994040794551
.06462018759171599
5784594774213415e-28
5657264744416116e-30
35281408768533177e-25
5.2676046812161506
.011146691896044591
.0005454425261816743
.479006034667147
.0012732074560707076
.0002504125772536197
.016465368531828027
3164432246773877e-30
0
0
0
0
0
0
0
0
0
0
0
0
0
0
0
0
0
0
0
1.7302922017315883
0
0
0
0
.6526239857456686
1302.8248954951011
.004555056052807696
.11067189801851884
.02034621386655278
.2308385930994029
.538517276462589
1.028221587711434
1.2557358665398453
1.598258572819111
.008299212522521873
5.977918083245975
6.287652902925254
.1284034557477919
.3408402290752234
4.78142549120219
3.8009158201243314
8275270787530867e-26
1437804805478199e-25
.019999999999997537
.019999999999997537
.999999999993837
7.999999999605569
.019999999999997537
.019999999999997537
.019999999999997537
.019999999999997537
.019999999999997537
.019999999999997537
.019999999999997537
.019999999999997537
.019999999999997537
.019999999999997537
.019999999999997537
.019999999999997537
.019999999999997537
.019999999999997537
.019999999999997537
.019999999999997537
.019999999999997537
.019999999999997537
.019999999999997537
.019999999999997537
.019999999999997537
.019999999999997537
.019999999999997537
.019999999999997537
.019999999999997537
.019999999999997537
.019999999999997537
.019999999999997537
.019999999999997537
.019999999999997537
.019999999999997537
.019999999999997537
.019999999999997537
.019999999999997537
.019999999999997537
.019999999999997537
.019999999999997537
.019999999999997537
.019999999999997537
.019999999999997537
.019999999999997537
.019999999999997537
.019999999999997537
.019999999999997537
.49999999999845923
3.999999999901392
.019999999999997537
3.999999999901392
.2499999999996148
.09999999999993837
.019999999999997537
.019999999999997537
2.9999999999445333
.019999999999997537
.019999999999997537
.019999999999997537
.019999999999997537
.019999999999997537
.019999999999997537
.019999999999997537
.019999999999997537
.019999999999997537
.019999999999997537
1.4999999999861333
.019999999999997537
.019999999999997537
.019999999999997537
.019999999999997537
.019999999999997537
.019999999999997537
.019999999999997537
.019999999999997537
.019999999999997537
.019999999999997537
.019999999999997537
.019999999999997537
.019999999999997537
.019999999999997537
.019999999999997537
.019999999999997537
.019999999999997537
.019999999999997537
.49999999999845923
.49999999999845923
.2499999999996148
.019999999999997537
.019999999999997537
.019999999999997537
.019999999999997537
.2499999999996148
2.4999999999614815
.349999999999245
.019999999999997537
.49999999999845923
.019999999999997537
.019999999999997537
.019999999999997537
.019999999999997537
.019999999999997537
2.9999999999445333
.019999999999997537
.019999999999997537
.19999999999975349
.019999999999997537
.999999999993837
.019999999999997537
.019999999999997537
3.999999999901392
.019999999999997537
.019999999999997537
.019999999999997537
.14999999999986133
.019999999999997537
.019999999999997537
.019999999999997537
.019999999999997537
.019999999999997537
.019999999999997537
.019999999999997537
.019999999999997537
.019999999999997537
.019999999999997537
.019999999999997537
.019999999999997537
.019999999999997537
.019999999999997537
.019999999999997537
.019999999999997537
.019999999999997537
.019999999999997537
.019999999999997537
.019999999999997537
.019999999999997537
.019999999999997537
.019999999999997537
.14999999999986133
.019999999999997537
.019999999999997537
.019999999999997537
.019999999999997537
.019999999999997537
.019999999999997537
.019999999999997537
.019999999999997537
.019999999999997537
.019999999999997537
.999999999993837
.2999999999994453
1.4999999999861333
.019999999999997537
1e-12
.32999999999932883
.32999999999932883
1.4999999999861333
1.4999999999861333
.999999999993837
.999999999993837
.999999999993837
.999999999993837
