1.5114416139437417
.7198146786408641
.01351986362416781
.0017189191523841983
4049709506618202e-21
.0352349998166424
7.0925541103789485
.65991248289878
.05367479385532627
.0663557619859126
.06761797921506736
5.0287348721958045
.7562087828320752
.33727550043277416
.005796119377471193
2.3333213327238504
.21598921728075776
.003539192421343781
.07808036922810996
.004753131950353962
.0021914961236772666
.009627886618496964
.00017497439589485737
.0028871808165925024
.2972672049778562
17.022863108916106
.0001538710426753601
.00564727910677528
.00607731676230767
.005527799292318599
13629730349721509e-22
.00017248297074910334
.013243171641354799
.0012275074763041427
.010182116234957161
19091190090775325e-21
.002245118373930138
.002708236727892542
.00034453449410833294
.005345491325794173
34568825731960454e-21
.005536882387907634
.00569417599025946
.020544256799739806
.0003608320701212841
.11442846757430584
.008018675798311928
.0008581345133362641
.047042983876525106
.2829897986931922
.0010682560241725243
.6384665467837343
.00874444432355938
12.249407961474882
11.383138269420423
1.4096642740939653
.006910225636540202
.0631545881714533
.069214677563594
.21287717579957532
.13146429126172077
29.847445147416778
23.320188259479004
8.528571465823287
.002468847498725884
.00047292986811464335
.001550522775092537
.006264236211006481
2.9753162131318645
7.454473983809782
.01908324023789154
22.99425319191841
3.5752004482495634
9.456982879271788
21.609472498124973
.001398895089962059
.008630739831606692
.0006425462709456849
2.1049766101240452
.00031955904004182155
.0027678693910167013
.011121109928131987
.0004209658367254507
.9404867994280377
.6268132949930819
3452983019799777e-20
.006533072340573932
.8829732537295018
.7935911436557807
3.625700576094692
.000205923320989254
55913423173846914e-21
.6534706925261955
.7448754699992259
.06899653719761958
.009773350944929593
.23258496883505667
1.5119167446302662
1.424734689492467
2.031881602217939
1.688858490395413
2.063110610864528
.028591667035328307
.03543025328618048
.008071588988962366
.00018792196266053174
6.377855840669159
6.1024725367724875
.5459332031160996
.017522088005063146
.0037003378128000032
53672580757745426e-21
.0005939038494160182
.1001996680339994
.022863798467801177
.0009009498744662825
.4055804140048457
5170919908026895e-20
.0002461983583802446
.035808032378063556
2055021021713203e-20
0
0
0
0
0
0
0
0
0
0
0
0
0
0
0
0
0
0
0
.7644627626619522
0
0
0
0
.5870702959681614
1264.0313165651444
.004419422379298701
.10737647510638762
.01974037461963085
.22396502535254256
.10762966470927512
.6470135501896922
.12330387404546662
.40732162855137033
.006690262543633824
3.032704535712054
3.369724079614702
.015184998376150026
.03995614160802207
.7515008038486787
.5948298092000796
.22790442936737632
.39621584386374975
.019404469793841788
.019404469793841788
.220591741912686
4495177511326641e-20
.019404469793841788
.019404469793841788
.019404469793841788
.019404469793841788
.019404469793841788
.019404469793841788
.019404469793841788
.019404469793841788
.019404469793841788
.019404469793841788
.019404469793841788
.019404469793841788
.019404469793841788
.019404469793841788
.019404469793841788
.019404469793841788
.019404469793841788
.019404469793841788
.019404469793841788
.019404469793841788
.019404469793841788
.019404469793841788
.019404469793841788
.019404469793841788
.019404469793841788
.019404469793841788
.019404469793841788
.019404469793841788
.019404469793841788
.019404469793841788
.019404469793841788
.019404469793841788
.019404469793841788
.019404469793841788
.019404469793841788
.019404469793841788
.019404469793841788
.019404469793841788
.019404469793841788
.019404469793841788
.019404469793841788
.019404469793841788
.019404469793841788
.019404469793841788
.2348359749875212
.009471704830882742
.019404469793841788
.009471704830882742
.17133154078812135
.08597237507543765
.019404469793841788
.019404469793841788
.03220259610825302
.019404469793841788
.019404469793841788
.019404469793841788
.019404469793841788
.019404469793841788
.019404469793841788
.019404469793841788
.019404469793841788
.019404469793841788
.019404469793841788
.15540863971020194
.019404469793841788
.019404469793841788
.019404469793841788
.019404469793841788
.019404469793841788
.019404469793841788
.019404469793841788
.019404469793841788
.019404469793841788
.019404469793841788
.019404469793841788
.019404469793841788
.019404469793841788
.019404469793841788
.019404469793841788
.019404469793841788
.019404469793841788
.019404469793841788
.2348359749875212
.2348359749875212
.17133154078812135
.019404469793841788
.019404469793841788
.019404469793841788
.019404469793841788
.17133154078812135
.057136515011858464
.2062169128233912
.019404469793841788
.2348359749875212
.019404469793841788
.019404469793841788
.019404469793841788
.019404469793841788
.019404469793841788
.03220259610825302
.019404469793841788
.019404469793841788
.14782498552362455
.019404469793841788
.220591741912686
.019404469793841788
.019404469793841788
.009471704830882742
.019404469793841788
.019404469793841788
.019404469793841788
.11957204204387212
.019404469793841788
.019404469793841788
.019404469793841788
.019404469793841788
.019404469793841788
.019404469793841788
.019404469793841788
.019404469793841788
.019404469793841788
.019404469793841788
.019404469793841788
.019404469793841788
.019404469793841788
.019404469793841788
.019404469793841788
.019404469793841788
.019404469793841788
.019404469793841788
.019404469793841788
.019404469793841788
.019404469793841788
.019404469793841788
.019404469793841788
.11957204204387212
.019404469793841788
.019404469793841788
.019404469793841788
.019404469793841788
.019404469793841788
.019404469793841788
.019404469793841788
.019404469793841788
.019404469793841788
.019404469793841788
.220591741912686
.1906329765187037
.15540863971020194
.019404469793841788
9999999999984888e-28
.2004003111626324
.2004003111626324
.15540863971020194
.15540863971020194
.220591741912686
.220591741912686
.220591741912686
.220591741912686
