43.74767631615589
.30576254627094085
1.212163578829225
46.72902616104136
1.2928768591347601
7.6302788932116234
.840336889062056
.19018151981085016
1.3959460681123994
.08040600088935496
21.737908902062287
.7611833479644878
1.5328184523342405
.019948887105456406
9.346518921680621
11.209787402032658
.010603236164124325
.08360620692262812
.016239216165543722
.006688056972458751
.046310928469897795
.014887615800175587
.009976112063658223
1.7647351468459722
27.56630287015743
.00479275008377484
.006647981956825812
.006726473836291833
.006405832394347042
.005077577200054405
.00019265762446745677
.014041931567785295
.0013392460730171454
.010562226917233457
.00027733021360127144
.0043873185193734
.003097566529904672
.0023857521740415417
.008326652772886144
.00021026395992208727
18.202967156852328
18.401530023994194
.028609383005161384
.003566873924510254
.14462930839586702
.009865142385713854
.009438453232819173
.5642765491022154
5.447960357953566
5.11729808863885
3.5925760672699116
5.296170979629483
22.497646420973044
21.023707327328562
1.966539279229137
.007743944954054082
9.725655635430098
164.9431740615451
.3470946365491522
.1895739954542233
53.923984208825075
53.92741442484718
18.09950793042021
.006405775281483338
.002248362458335436
.0016494260796393277
.01050354487343019
85.38975082725153
75.61731137841238
.04140835235981574
28.00583202501278
3.5887561997429893
105.8411891860464
35.612733719465886
.0015378340720067433
.010401460847626604
.005461801764783826
2.807875758322748
.0010887418808151815
.009262191091771866
.011374230997590756
.00856878228693208
11.71373079033115
24.092021044075832
.00991774521088919
.05570998998148432
27.484237891547256
140.10788788853623
7.546199951900579
.015527819550498015
.009062112521844943
5.2714993863639
1.6579968729779462
12.255584420478359
11.2075912235543
6.373633545157966
7.956894519363889
6.717082933884845
3.770148388573184
66.45288466121072
2.1257240035730387
7.419783020536126
5.35540753976775
2.618198136801351
.003187839096223327
65.33251141682163
8.176981073409301
2.2342674118373567
.4758686715053505
.017295695585496637
.00018014898692941133
55.84928804989317
105.61549911745536
.09921098052833263
.003445271796250815
.5874300206036982
.0063918123785771065
.0069474198971504275
.183279435258089
4121796459696133e-20
0
0
0
0
0
0
0
0
0
0
0
0
0
0
0
0
0
0
0
3.476917173526891
0
0
0
0
4.478893465328568
1310.9001140865407
.004447860593328558
.11153049871891937
.020490459612439612
.22688087738719645
.8373681016941492
1.1829291640796433
1.6013341279825968
18.837921150895262
.01529373596410656
5.938932551954687
6.548981623861346
.3429288249339058
.8281833804723326
83.20639208339736
92.56011988067952
47.43489017641066
79.55783486376501
3.4778871975495935
1.857095481446819
1.6690794860933873
1.7899579712551932
2.6076604122593143
1.7288697510801618
2.496718411139455
2.140395730732371
1.8858986379471598
2.239120293029072
2.0355994474173995
1.8758377004691016
1.3733691770429466
1.9975623382307006
1.610830082597414
2.6582301161036836
2.0000792102609193
2.437475298162661
2.321969826902242
1.8291697041972081
2.3601506670899672
2.5014508141182237
2.4372399759450047
2.1288866424780264
1.767505888664396
2.474347932010422
.024769385367174032
1.7077783730650022
2.3145763536214643
5.893939824728226
2.034397492900462
1.9842971988629645
1.3227390887961503
2.9487860323077437
1.4112722132915814
1.627272910156318
3.0272609325461937
1.3227041305694265
2.017605681994771
1.5527837904865354
2.0101909850938795
1.4941196077412504
1.9711253355977927
2.600069865500812
2.0614945932141877
2.258681317788075
1.8186499753843086
2.108693990171558
1.7043631425986525
2.3675762237396207
2.6399418984033396
3.0150789554392463
2.3243953322791446
2.0774546619041305
2.077108877929096
2.966580287763
2.394820846594658
1.0658433107687537
2.732748594645258
2.910819751212612
2.1686071039868122
1.1370380324387155
1.703946244329089
1.6486849487841249
1.9847385712482262
1.517379399327968
2.370776957332111
2.257189679932268
1.983776675439024
1.7109037985464397
2.6009662281395256
2.73209005672819
2.0996343454509985
2.1347640385890227
2.36852326780898
2.1200122494641294
2.6071813810701117
2.3325753266107943
1.9489532592645236
3.1004035632743903
2.1944958906858036
1.8768384769992943
1.317285410403208
1.5906187438485955
1.538988511045191
.7409265575644878
.18485978379298304
2.096686267561445
.011728090626430697
2.5297715987244103
2.2655476122821323
2.446105072113333
1.8923595774808752
.19453302459343533
1.4803190256790884
.20379363481276416
1.2084464861275634
2.976333328700082
1.7364390591791012
1.8691922090556503
1.9742351457553382
2.1518546366021285
1.6721099135771365
2.068562442048249
2.1935277065655296
2.183364201911708
.010132052409156449
1.82395594931082
2.0276906885519472
1.4009629356225657
2.1972184431165678
1.7696376697598857
1.4979101994248103
2.2166233869371026
1.9209944939951764
2.1186828033943956
1.980984828442107
.726281007263714
1.6697600211724877
4.608101293007989
6.662476704874005
1.5000042679976433
2.08548640625148
2.49807637074098
2.6857815717856797
2.844872070119081
1.990960133966672
.00867590583438798
1.6716232683356986
1.362809274585447
2.723090062217942
2.4268423211863346
1.8096887208427606
1.9714422388832618
2.3715373621870657
1.8844502200918851
2.6944995130781346
2.166282812613756
2.4623718592540236
1.7864097011006093
1.5791041358525786
2.131682401091938
1.225557097468032
.22407339415091443
2.416644360104013
5.630103160107418
1.5231099297964537
1.589305162509717
2.192232309143705
2.321811936875475
.9762676845538176
1.7029133714118723
2.257521183052865
2.0279909245069327
2.2514874448660733
1.4501830479213562
2.019042460361016
2.625079025445173
1.8505922582792271
2.4810248234721524
1.434230640692911
1.200584182720458
1.562643199364382
1.9252036953052827
2.269258397256366
2.3386678521476014
2.7285420078481395
1.39240550632122
2.2351628046689935
2.2927417281332496
2.105812935274731
2.451865525495906
1.6907984240380842
1.9007470339885748
2.9192275990572347
1.8174888728705463
2.042765232802833
.02287228920145369
2.0112842476101234
.058583443734262136
1.8143574573948145
1.7672467240780614
.5458741619356591
1.3758052565781271
2.201201371836336
1.2256846629756337
.04899263385983926
1.95911940453648
1.161646609461648
1.5442980672218825
2.148016929890475
1.9827866380307269
1.5383192740891765
2.352746171599822
3.1132943804783317
2.959529078429217
.6902857203552895
.011318682020856095
2.173788324778758
2.2335127271756696
2.003123577548845
.0476480010306106
2.421232136204965
1.679356293637179
2.095662415250324
1.2151542692272785
1.3406479735006995
.006286952216053256
.004303254700782502
2.4816295491614997
.5466400948780635
.14156138594936446
.8025650347231373
.20346240006103378
2.276862027854733
.10854120365020198
.09878156595838568
1.7360499929024042
.6181140615080709
8.227348519739524
2.063021657148413
2.244645588860401
2.5728706922300533
2.4415463446647157
2.2540578440864394
1.9155951722013513
.12451694154003447
.16596273411688114
1.8401718446426718
3.075517216415405
1.0135560770585217
2.022532434329235
2.4132275700600396
1.9302671913172689
.01045968804640603
.2988480500926147
3.089519126789975
3.6012902563370184
4.193379251209646
4.314387895799592
2.368241436726042
.011755292475735164
3.0907978409737096
1.3562495477388747
.01470400325604461
.010261323043203641
.17040949072947484
.013084689203518992
1.8666540472246027
2.928148531834365
.01
1.8133456037545124
.013920102870658512
.006799265904452749
1.9077881761330515
.009142809108315407
.007977143652862806
2.29223577794373
.006768614139105192
2.3528090093842526
2.1527521480386644
1.6680047431060725
1.6175339545584393
.009880903427071553
2.050650884689829
2.416771894753806
2.5532113116362725
2.415997524513508
2.1609976759013367
2.762390887140024
.010309510643465128
1.434451277662035
.011190792264117913
.00913858812288349
.010450187938469479
.01305194897829573
.010549497050571004
1.4440368888164012
.09237052220531192
.07201155720471988
.00977541131810835
1.324649341271465
2.3418961780271217
.08968177812183702
2.018195441903793
1.5466868074339706
.0632045467590164
2.245792137513966
1.838952504154996
1.7397462754776578
2.947260297000088
.008697887542196
1.5913745896145253
2.5843656253048968
3.4464065425466686
.8061756442070661
1.6328924321465172
2.2311565446773303
1.540430948803834
2.2471261896216803
1.717670746042688
1.8221152392092086
2.007399687906389
.009038993146139611
.22025871797591395
.20906121319774226
1.952421578150946
1.38839735023235
1.912492044412337
1.6635804215461756
1.4499433726227362
2.0261274552417947
2.033450638360328
1.821986858971707
1.953411054856085
2.161560485097559
1.789409667339596
.006423112270304931
1.6994428614907287
2.0635982563522877
1.8205401122743483
2.0993595206592612
3.1878356927516633
1.7259668097563785
2.0646081818128335
1.8199222754277948
1.9816474253578045
.11203632622318703
1.8346434720694065
2.2024577522914446
2.2955356914136473
1.6164630200554757
2.4806172570478364
1.6143782073160475
.23278158971468627
.15264545497910156
.13047378605976248
1.6238519706718995
2.063130461860017
1.9910401214467892
2.527843335970082
1.425793231338484
1.9050792041633167
1.586513243908395
1.9925442951728196
2.5078010423464883
1.6639619360889786
2.136623242638328
2.2948388763055747
2.10107531496065
2.093326222323177
3.228915516035847
2.0648205019321395
1.9495992837916951
1.8827178839384342
1.3689380736892967
2.0360312986941898
1.5036421206255761
2.14660564156613
1.827140028501726
1.6812878405623979
2.2498407754291354
1.7543278795736308
2.266796645974282
1.3497471916238193
2.2835549171921876
1.5867081119081914
2.237074221826254
1.7187075306049813
2.0784719687483375
1.6402796792548184
2.015775749508051
15.50057491344227
17.608115826508715
2.3452222263581715
2.0930528252034093
1.6825313700979834
1.3065130761827901
1.5251705136359532
1.5346450237819806
2.8210284766347584
1.8611456445019707
1.7089628810848239
2.269678949933417
1.8658531436372738
2.8655189863830572
1.6546314448240687
1.7335863615882972
1.4171131249130098
1.902815100199261
1.5346342078720419
1.7427587927636428
1.3285269840740572
1.9290560415469982
2.2773693015020773
1.1625771460434113
1.8714753878270896
1.5085473384280188
2.3435296278029556
1.9447775785613233
2.816753160874186
2.0178959437955033
2.02272255176256
2.503396382539953
1.25140375483997
2.4975892040379417
10.975532026235086
1.8354829068110643
1.7429174828111644
1.751456632154042
3.572525111045787
1.9593874512859606
2.0197513914649634
2.9202617612848316
1.5425388145314989
1.8510033047168388
2.889771804426999
1.3303640248416058
3.205860640207809
2.554789512089149
2.5106461354766214
2.195244682589179
1.3628911722191788
1.661944494461347
1.7496181562576962
.28256147210841825
2.6143126468536257
1.7826516129897292
2.4688978992397352
1.6301058154007821
1.9636595979852371
2.4717251255710204
2.16127872952002
2.0606385599557786
1.894100221048069
1.6607696693431468
1.4621190298012883
1.9196956485180912
2.2774194065740745
1.7880416969697097
1.8353786516848025
1.5669603296612589
1.7356298842668734
2.6488042282489714
2.8570300470562993
2.0333828904809916
2.075589000401236
1.8396661356725057
2.3667282929817013
1.6066773138843629
1.3173748676844885
2.140684256755522
1.7449834775004807
1.6441542810807583
2.2334787294025507
.16365022836276769
1.0497070730283673
.12332190338801438
.9288384940459185
.10138742177100714
.9317665994473915
.08888541048264839
2.1874460062475216
.167250742599556
2.48254771054586
.08573476668021407
1.017668459973229
5.951561826064005
.35163801636592357
.11700738114377111
1.272511472973774
.06845784056285938
.2240465563737695
.04148133225792739
.9244788065757945
.07054744331347594
1.2051544023890002
.10012004062445537
1.220482309357012
.18424746772365286
.9639152157075445
.0453780157975424
.6909065610262204
.05614378845715269
1.4419730653553233
.00019217014044702174
.0003947552343232336
.11562424570630804
.12421068205726095
