1.4896425567474247
.7419292579546954
.012106851937516457
.0029232805579647555
5052409360760409e-21
.035237947916079954
6.8722692036098465
.68024584617955
.05901196181154537
.0658692722707373
.0694882548984464
5.118393402561357
.7527330433305777
.361780147756404
.005418166415057056
3.2724277246837223
.4023882360070371
.003225811234721595
.07179503134878094
.004359063004450099
.0017959380251413369
.008788519624326776
.00018480631878764413
.0026278237913283015
.3096715331761282
16.765221522275155
.00014542341367982948
.005825053673526649
.006258841669819597
.005940673154930753
1395920257363103e-21
.00017503976085329531
.014134278236697521
.001270373922957024
.01016859493989058
21875597734536854e-21
.0021568338619783684
.002844636776259655
.0003382205588888802
.005079965019234847
33068053411506916e-21
.0059574085363186995
.006342417789366526
.01993957042544587
.0003550427000189036
.12216180213206856
.007831703337950113
.0009624560291603645
.047204817486859334
.2870231866157599
.0011302116236536891
.6068764651079653
.009613464605583199
12.230166804958332
11.331961174126864
1.366154583961705
.007217816925054166
.06263591420203518
.06898871115312359
.22445934514969684
.12943619010327853
30.13809924336767
23.73601616841489
8.157372672149513
.0024075101160283114
.000510421186706604
.0014153922287895207
.006232670539412626
3.482004914590913
7.874084722896363
.021115655515652854
23.512904264404803
3.29091749165135
9.316360409974644
22.106383539196745
.0014887035191646324
.009279421967400317
.0007912318126236639
2.0046753998113322
.0003189574498153092
.0030859347678164374
.01074930501030328
.00036937184012436776
.9008842801631048
.7189842987663503
3036792427971622e-20
.009249929250669543
.8046368777571578
.7143110472249737
3.368871610761827
.00016706514961757076
56894729084084e-18
.6290740171884994
.7975448561378334
.07569740556201235
.011095190757604815
.27943586390587427
1.6653566872342886
1.552765961958519
1.9804424343273437
1.633732696568579
2.0962022943120524
.022932234719137596
.03568019479722716
.0100023194744138
.00016067658120570146
6.280878139993654
5.879170425096498
.5485392181806983
.016827312612726415
.00442296967049458
687463034669379e-19
.0006108607117278599
.09913243132610376
.020077269856925154
.000830924797704513
.42498891731384003
51587653907013856e-21
.00020484597105453598
.03437111393889636
23228984175951366e-21
0
0
0
0
0
0
0
0
0
0
0
0
0
0
0
0
0
0
0
.7519313884062031
0
0
0
0
.5448057069051706
1314.7149240192402
.004373508719314708
.10243723185720291
.019135448974832193
.21622810018172725
.11315447531248891
.6217408648302419
.1363519133045267
.4053087844502811
.006205801354974004
2.998180620354782
3.1539682675436573
.017042997510063763
.042402402216168034
.8755520579012908
.5995628724145615
.26985899475632363
.39728290131943417
.01941293162124523
.01941293162124523
.2254532283518964
5291105991906184e-20
.01941293162124523
.01941293162124523
.01941293162124523
.01941293162124523
.01941293162124523
.01941293162124523
.01941293162124523
.01941293162124523
.01941293162124523
.01941293162124523
.01941293162124523
.01941293162124523
.01941293162124523
.01941293162124523
.01941293162124523
.01941293162124523
.01941293162124523
.01941293162124523
.01941293162124523
.01941293162124523
.01941293162124523
.01941293162124523
.01941293162124523
.01941293162124523
.01941293162124523
.01941293162124523
.01941293162124523
.01941293162124523
.01941293162124523
.01941293162124523
.01941293162124523
.01941293162124523
.01941293162124523
.01941293162124523
.01941293162124523
.01941293162124523
.01941293162124523
.01941293162124523
.01941293162124523
.01941293162124523
.01941293162124523
.01941293162124523
.01941293162124523
.01941293162124523
.23740957788801487
.010332498054903832
.01941293162124523
.010332498054903832
.1722678062950552
.0861599911674986
.01941293162124523
.01941293162124523
.0343775370373568
.01941293162124523
.01941293162124523
.01941293162124523
.01941293162124523
.01941293162124523
.01941293162124523
.01941293162124523
.01941293162124523
.01941293162124523
.01941293162124523
.16057418396761305
.01941293162124523
.01941293162124523
.01941293162124523
.01941293162124523
.01941293162124523
.01941293162124523
.01941293162124523
.01941293162124523
.01941293162124523
.01941293162124523
.01941293162124523
.01941293162124523
.01941293162124523
.01941293162124523
.01941293162124523
.01941293162124523
.01941293162124523
.01941293162124523
.23740957788801487
.23740957788801487
.1722678062950552
.01941293162124523
.01941293162124523
.01941293162124523
.01941293162124523
.1722678062950552
.06033587360631164
.20779629764043442
.01941293162124523
.23740957788801487
.01941293162124523
.01941293162124523
.01941293162124523
.01941293162124523
.01941293162124523
.0343775370373568
.01941293162124523
.01941293162124523
.14847088159237823
.01941293162124523
.2254532283518964
.01941293162124523
.01941293162124523
.010332498054903832
.01941293162124523
.01941293162124523
.01941293162124523
.11996366564929183
.01941293162124523
.01941293162124523
.01941293162124523
.01941293162124523
.01941293162124523
.01941293162124523
.01941293162124523
.01941293162124523
.01941293162124523
.01941293162124523
.01941293162124523
.01941293162124523
.01941293162124523
.01941293162124523
.01941293162124523
.01941293162124523
.01941293162124523
.01941293162124523
.01941293162124523
.01941293162124523
.01941293162124523
.01941293162124523
.01941293162124523
.11996366564929183
.01941293162124523
.01941293162124523
.01941293162124523
.01941293162124523
.01941293162124523
.01941293162124523
.01941293162124523
.01941293162124523
.01941293162124523
.01941293162124523
.2254532283518964
.19188374786261728
.16057418396761305
.01941293162124523
999999999998511e-27
.20184712669036012
.20184712669036012
.16057418396761305
.16057418396761305
.2254532283518964
.2254532283518964
.2254532283518964
.2254532283518964
