1.5092866407054322
.6734036586486053
.01134270189798598
.002692183449794866
4045143567427384e-21
.03311974801797948
6.867786514064729
.681052335554296
.059161643332150717
.06358403172191868
.06950115971886145
4.950784556600989
.7523199249721096
.3500479496388799
.00525531569443506
3.1420380337152167
.3852579903397653
.003217659126045119
.07176649197627612
.004361462571968778
.001796894953364414
.008503575116778413
.00017919555286125804
.0026250808856194386
.2994464149530724
16.890748174375442
.0001426470576976515
.005821953153743983
.006255717195573471
.005938550820705705
1394666817799923e-21
.0001749710048231167
.014128725939749547
.001269871609190735
.010164600697539323
2115834099758292e-20
.0021611377399182266
.0028435090918647057
.0003276393418398799
.005077873830947917
319556061618266e-19
.005951951608695586
.006263426948942474
.019998112773534353
.0003585061455796875
.12210529761692426
.007832221254699553
.0009554868082215655
.04666405096848634
.280526785152514
.0010439776508625628
.6048357112225887
.008892584525277166
12.176817720680216
11.297097211176698
1.3645077915282386
.007214502637968741
.05909216873858149
.06507783014333084
.22413426493013808
.12929366410612517
29.87617812392757
23.49271515949637
8.104627745768825
.002403134992568065
.0005071759397317057
.0014171425805847673
.006213090116744486
3.2307309791409833
7.795620595493298
.02051748606725333
23.503439606466685
3.289594415250407
9.304513110711728
22.098134107625633
.001488062951727017
.009278441502341162
.0007909254474589743
2.0044986134700764
.0003181246491928653
.0030778429615300655
.01074571586002389
.00035750087181959955
.9007954068307951
.7031175556462088
30201040343753546e-21
.00899646409068445
.7991084912697978
.7105379057492134
3.3580107922391207
.0001657762807321328
58979626058818095e-21
.6282921069766995
.7983301020140885
.07655267579197153
.010585236276731661
.278188495354167
1.66256900762994
1.5479570329268062
1.9298724614578666
1.6309634820239458
2.095255909832287
.022798238705282046
.03534643119769975
.00943178573093593
.00016023792432958857
6.234542492424177
5.855212454687687
.5478707754926594
.016529886028052644
.004298549125346158
6674721502783292e-20
.0005507629673073535
.09801782726181961
.020022269687412764
.000827772152832467
.423731332066474
5109677687622715e-20
.00020479171780800397
.03427210168137358
22648866034585283e-21
0
0
0
0
0
0
0
0
0
0
0
0
0
0
0
0
0
0
0
.7371477142399129
0
0
0
0
.5427252308644834
1314.1984980660654
.004371790785359729
.10239699405040847
.019127932484149904
.2161431648085148
.11080543101757058
.6181720997168566
.132350665259259
.4047869411187604
.006197211954507589
3.0026333601531414
3.152002025349022
.016612536420952805
.04131883272924219
.8718927913091495
.5972269867066414
.26947484054040194
.39672264860226897
.019405306134127633
.019405306134127633
.22106762268589902
4521487892405455e-20
.019405306134127633
.019405306134127633
.019405306134127633
.019405306134127633
.019405306134127633
.019405306134127633
.019405306134127633
.019405306134127633
.019405306134127633
.019405306134127633
.019405306134127633
.019405306134127633
.019405306134127633
.019405306134127633
.019405306134127633
.019405306134127633
.019405306134127633
.019405306134127633
.019405306134127633
.019405306134127633
.019405306134127633
.019405306134127633
.019405306134127633
.019405306134127633
.019405306134127633
.019405306134127633
.019405306134127633
.019405306134127633
.019405306134127633
.019405306134127633
.019405306134127633
.019405306134127633
.019405306134127633
.019405306134127633
.019405306134127633
.019405306134127633
.019405306134127633
.019405306134127633
.019405306134127633
.019405306134127633
.019405306134127633
.019405306134127633
.019405306134127633
.019405306134127633
.23508914539038253
.00955167875190361
.019405306134127633
.00955167875190361
.1714238694743156
.08599090389007442
.019405306134127633
.019405306134127633
.03241012657298844
.019405306134127633
.019405306134127633
.019405306134127633
.019405306134127633
.019405306134127633
.019405306134127633
.019405306134127633
.019405306134127633
.019405306134127633
.019405306134127633
.15591171381413518
.019405306134127633
.019405306134127633
.019405306134127633
.019405306134127633
.019405306134127633
.019405306134127633
.019405306134127633
.019405306134127633
.019405306134127633
.019405306134127633
.019405306134127633
.019405306134127633
.019405306134127633
.019405306134127633
.019405306134127633
.019405306134127633
.019405306134127633
.019405306134127633
.23508914539038253
.23508914539038253
.1714238694743156
.019405306134127633
.019405306134127633
.019405306134127633
.019405306134127633
.1714238694743156
.05744434488287192
.20637250905641602
.019405306134127633
.23508914539038253
.019405306134127633
.019405306134127633
.019405306134127633
.019405306134127633
.019405306134127633
.03241012657298844
.019405306134127633
.019405306134127633
.14788871106919257
.019405306134127633
.22106762268589902
.019405306134127633
.019405306134127633
.00955167875190361
.019405306134127633
.019405306134127633
.019405306134127633
.11961069948395756
.019405306134127633
.019405306134127633
.019405306134127633
.019405306134127633
.019405306134127633
.019405306134127633
.019405306134127633
.019405306134127633
.019405306134127633
.019405306134127633
.019405306134127633
.019405306134127633
.019405306134127633
.019405306134127633
.019405306134127633
.019405306134127633
.019405306134127633
.019405306134127633
.019405306134127633
.019405306134127633
.019405306134127633
.019405306134127633
.019405306134127633
.11961069948395756
.019405306134127633
.019405306134127633
.019405306134127633
.019405306134127633
.019405306134127633
.019405306134127633
.019405306134127633
.019405306134127633
.019405306134127633
.019405306134127633
.22106762268589902
.1907562592616134
.15591171381413518
.019405306134127633
9999999999984912e-28
.2005428750658359
.2005428750658359
.15591171381413518
.15591171381413518
.22106762268589902
.22106762268589902
.22106762268589902
.22106762268589902
