1.5092866407054322
.6734047039809081
.01134364728207681
.0026921841543157384
4045149073967239e-21
.03311978932202999
6.867786509626376
.6810523347085116
.059166951504408004
.0635840588104922
.06950115976375351
4.950784451726704
.752319924958615
.3500479422737695
.005255315443844819
3.1420380061056026
.38526459547336334
.0032179719609941376
.07176649197476076
.004361462569756131
.0017968949524698734
.008503578470537664
.00017919872144846796
.002625350149187435
.29944653449516767
16.890748605190293
.00014266181150201747
.005821953152087244
.006255717083012047
.00593855087905938
13946668188526124e-22
.0001749710048231167
.014128725939749547
.0012698716090845743
.010164600697539323
21158340546674017e-21
.002161137735955145
.002843509091535421
.0003276393351837373
.005077873831248377
31955605387002066e-21
.0059519516124898805
.0062634544047589676
.01999811097593496
.00035850614557920383
.12210529761877084
.007832221211232187
.0009554894402713043
.046664180469988714
.28055684762201055
.0010439954136567263
.6048356284045887
.008892584771788422
12.176818104234354
11.297097214312725
1.3645077916713886
.007214502553784358
.05909216720547573
.06507781127167919
.22413426496750005
.12929366414581928
29.87617812392757
23.49271459099063
8.104653938056975
.002403337803550435
.0005072279105179566
.0014171425369976566
.006213090211039745
3.2307308610519625
7.795620551486682
.020517486435569294
23.503439848056967
3.2895944115353077
9.304674774709703
22.09813289370141
.0014880629511001804
.009278441493232129
.0007909253320751637
2.0044985807783653
.00031815752334565686
.0030781566275654873
.010745716019759514
.00035753794666811516
.900876384977611
.7031835950572295
3020393546845051e-20
.008996456605953879
.7991833889356641
.7106086250462045
3.3580250948707073
.00016577384057770325
58630675034987264e-21
.6283026467652594
.7983343548269771
.07656003583348724
.010586256444856057
.27820221297451714
1.6625693277584435
1.5479570662709887
1.9298724812310435
1.6310831526228764
2.0952559127009813
.022800165712246728
.035348861405337585
.009431785624957334
.00016023817366716888
6.234559372523243
5.855250138877322
.5478707973088078
.016531518878563852
.004298549114561572
6674721454696231e-20
.0005507979783553507
.0980253604374122
.02002226999659659
.0008278579664079748
.4237313369821063
5110091560919259e-20
.00020481002673678776
.03427210287851838
22648866010103385e-21
0
0
0
0
0
0
0
0
0
0
0
0
0
0
0
0
0
0
0
.7371476713060221
0
0
0
0
.5427339208733389
1314.1984980660654
.004371790785359729
.10239699405040847
.019127932484149904
.2161431648085148
.11081217545496364
.618172109426097
.13235067075347984
.40478655096189303
.006197208531850205
2.998917401359182
3.1491327474081734
.016612528162385592
.0413188122312392
.871892670642492
.5972268931336124
.2694747435600788
.3967224969807346
.019405306134127633
.019405306134127633
.22106762268589902
45214878924056173e-21
.019405306134127633
.019405306134127633
.019405306134127633
.019405306134127633
.019405306134127633
.019405306134127633
.019405306134127633
.019405306134127633
.019405306134127633
.019405306134127633
.019405306134127633
.019405306134127633
.019405306134127633
.019405306134127633
.019405306134127633
.019405306134127633
.019405306134127633
.019405306134127633
.019405306134127633
.019405306134127633
.019405306134127633
.019405306134127633
.019405306134127633
.019405306134127633
.019405306134127633
.019405306134127633
.019405306134127633
.019405306134127633
.019405306134127633
.019405306134127633
.019405306134127633
.019405306134127633
.019405306134127633
.019405306134127633
.019405306134127633
.019405306134127633
.019405306134127633
.019405306134127633
.019405306134127633
.019405306134127633
.019405306134127633
.019405306134127633
.019405306134127633
.019405306134127633
.23508914539038253
.009551678751903615
.019405306134127633
.009551678751903615
.1714238694743156
.08599090389007442
.019405306134127633
.019405306134127633
.03241012657298843
.019405306134127633
.019405306134127633
.019405306134127633
.019405306134127633
.019405306134127633
.019405306134127633
.019405306134127633
.019405306134127633
.019405306134127633
.019405306134127633
.15591171381413518
.019405306134127633
.019405306134127633
.019405306134127633
.019405306134127633
.019405306134127633
.019405306134127633
.019405306134127633
.019405306134127633
.019405306134127633
.019405306134127633
.019405306134127633
.019405306134127633
.019405306134127633
.019405306134127633
.019405306134127633
.019405306134127633
.019405306134127633
.019405306134127633
.23508914539038253
.23508914539038253
.1714238694743156
.019405306134127633
.019405306134127633
.019405306134127633
.019405306134127633
.1714238694743156
.057444344882871916
.20637250905641602
.019405306134127633
.23508914539038253
.019405306134127633
.019405306134127633
.019405306134127633
.019405306134127633
.019405306134127633
.03241012657298843
.019405306134127633
.019405306134127633
.14788871106919257
.019405306134127633
.22106762268589902
.019405306134127633
.019405306134127633
.009551678751903615
.019405306134127633
.019405306134127633
.019405306134127633
.11961069948395756
.019405306134127633
.019405306134127633
.019405306134127633
.019405306134127633
.019405306134127633
.019405306134127633
.019405306134127633
.019405306134127633
.019405306134127633
.019405306134127633
.019405306134127633
.019405306134127633
.019405306134127633
.019405306134127633
.019405306134127633
.019405306134127633
.019405306134127633
.019405306134127633
.019405306134127633
.019405306134127633
.019405306134127633
.019405306134127633
.019405306134127633
.11961069948395756
.019405306134127633
.019405306134127633
.019405306134127633
.019405306134127633
.019405306134127633
.019405306134127633
.019405306134127633
.019405306134127633
.019405306134127633
.019405306134127633
.22106762268589902
.1907562592616134
.15591171381413518
.019405306134127633
9999999999984912e-28
.2005428750658359
.2005428750658359
.15591171381413518
.15591171381413518
.22106762268589902
.22106762268589902
.22106762268589902
.22106762268589902
