39.76236089956445
.15904180782517957
.3311230250336895
10.823994177046028
.3730686383650805
5.766895498553664
.19468362121321775
.0026010286299654353
.37832034104572004
.02713205599950605
7.614400891863831
.7485282572506237
.6364297970466266
.00881906464832568
8.422922611921733
1.052135535045091
.0035585441459841513
.07973865400891988
.003993836151602504
.0018281745108965142
.03956216167020373
.00013071383049233565
16918517714556334e-21
.29277527802000447
0
0
.005116079993730579
.0071574565993106215
.005823404460639304
.002398184485237571
.00017041548096537605
.013989107706162364
.0012206687693902428
.010836330680117587
3406676924169368e-20
.0004895756997093315
.002876815966378844
.0005384808220813105
.005348835619420207
14828418201470684e-21
8.73703043716836
15.007205778963414
.005988209658541639
5993303164164066e-20
.12673007864351546
.007178680180393535
.007147435302758889
.3966530658613359
0
.44826879006966563
0
4.133809090243544
17.61561112221234
0
0
.007316793917459852
3.2128037433196073
12.634767893019138
0
0
43.36595337482451
26.362960759514444
9.221971359161463
.002461818838503225
.0006238663531943136
.0013708627436832361
.006734451706388939
0
0
0
23.826043982974628
3.15799497658485
8.83506727065239
16.465908879935302
.0014690577570885656
.008360000341862928
.00036815080800553615
2.1288050938904566
.00036565325680611616
.003546995905460188
.011819877907603044
.0015260179396584849
.9316026590711762
1.3618663826936706
.00011423857234863142
.02523961330218627
1.232248862430415
1.6341938851554354
3.2346930244011136
.003633706283424413
.00046671253191898644
.6045067569194972
.7580329235134659
0
.5364915267470991
.7824854765914192
1.9043450553443317
2.587690397780683
0
5.696589577846025
1.8753864642230642
.5489447292945652
1.1774585531973167
.9669697019399912
.0008662502292480786
50
7.981515873925109
.41322143303016745
.07034672299783987
0
0
0
4.743102663106822
.009350773224401478
.00046385743024624496
.5405750331476977
.0012492102294054002
.00023616619587471852
.017517686099963257
0
0
0
0
0
0
0
0
0
0
0
0
0
0
0
0
0
0
0
0
2.0026411529706856
0
0
0
0
.6264007663326724
1289.8015267211754
.004721346534638618
.10844515025393629
.019257544463616404
.22703722675887003
.548574457678293
1.0114111306429294
1.48713531124167
1.5003038041624766
.008380261423099205
5.742272453131933
5.8380043776698205
.1475036325371883
.33474719926738383
5.228026464866042
4.089549968879972
0
0
.02
.02
1
8
.02
.02
.02
.02
.02
.02
.02
.02
.02
.02
.02
.02
.02
.02
.02
.02
.02
.02
.02
.02
.02
.02
.02
.02
.02
.02
.02
.02
.02
.02
.02
.02
.02
.02
.02
.02
.02
.02
.02
.02
.02
.02
.02
.02
.5
4
.02
4
.25
.1
.02
.02
3
.02
.02
.02
.02
.02
.02
.02
.02
.02
.02
1.5
.02
.02
.02
.02
.02
.02
.02
.02
.02
.02
.02
.02
.02
.02
.02
.02
.02
.02
.5
.5
.25
.02
.02
.02
.02
.25
2.5
.35
.02
.5
.02
.02
.02
.02
.02
3
.02
.02
.2
.02
1
.02
.02
4
.02
.02
.02
.15
.02
.02
.02
.02
.02
.02
.02
.02
.02
.02
.02
.02
.02
.02
.02
.02
.02
.02
.02
.02
.02
.02
.02
.15
.02
.02
.02
.02
.02
.02
.02
.02
.02
.02
1
.3
1.5
.02
1e-12
.33
.33
1.5
1.5
1
1
1
1
