.06388715459839733
.04362984212883117
.00237322666557871
.007787140609225222
-.012033434270600081
-.0002966219470803431
4978332622418044e-22
.012589853790601548
-.0006733350744875846
8190648980921164e-22
.0037030657230934017
-9321265225896399e-20
2894386770735352e-21
.0017894367745652376
.008265766418674386
.06538770222972647
.010935293749279295
.004347475661903511
378382288495847e-23
4367514882669969e-21
-.0001016430511950598
.005879697322958382
.0059366038260691084
-.0027025819178885246
-.05457331512100291
-.0012714401795754086
-24530063579550606e-23
-13035360288166394e-22
29864003893821246e-23
-24927446095234735e-23
-3749393726355628e-24
-20732188929521685e-25
32172006306642357e-25
-7252181309905135e-24
2258902931383091e-24
-5603433094371736e-24
-6574101948947462e-24
3938462326140728e-24
-26955813714793436e-24
-18008200584469694e-26
.006672564809923683
.07643356827333263
.005818237018241215
3028482157915775e-24
-8708017697881258e-22
.005937244349520318
-95181822733348e-18
.012793684160801762
.004971528738864073
.005559459033457391
-.0016065640273721542
.005853717829148536
.050842490732162474
.00793524460330034
.0007626322633317725
.0017908994216243306
.009489472434040006
.006513360582832883
-.00012496131471370048
.006694256655278806
.04177859138657918
-.020255322323097725
.07619311055059191
.01136113719404609
.007243514308305796
-55257707978170585e-21
.004014258760704452
-.0005660702429578881
.003768614967034262
.005093049475282294
.009044038678985001
.0017183691095415917
-.05076328911924744
.008483939109784129
.002773628038778643
4144784019201279e-22
.0017918077180316362
.0014530206993761225
-13806476572389924e-22
.010855244491879964
-43896365857570965e-21
-15168723419927362e-21
-.007595032273965832
.043386657612410874
.0010541345142320725
.007405682229464108
.20714547007053954
-.05777713334919495
.2565568676864138
.0063692788860851045
-.0006002141126826622
.007446556492244952
-.03619548793751535
.005410080959074213
.004684553055172086
-.005035596102100627
.008044830141485673
.009347696670104133
.006615576063255849
-.12491663198095863
.09027607579455316
.0066602214953305474
.013395369705580994
.009493762362521993
-.0009688282925310218
.007239542222346655
.08859348585457238
.006183387249631364
.008187521414212388
.002848050826708644
15599945130157596e-23
-.022222905088429716
.0077543925159135225
-17741937142736532e-21
-24225593108489267e-23
.0022893119855042247
.009960133411158
.008700856416319187
.00019874073394348415
7237184201835762e-23
0
0
0
0
0
0
0
0
0
0
0
0
0
0
0
0
0
0
0
-.03272864210081461
0
0
0
0
-.00727514544058371
-43115879473592907e-21
-13712025135896044e-24
-5746762218496825e-20
5432372695171106e-23
11670901221302457e-29
-.0031975975401556432
-.2582004322011443
.006409814929649826
.007929306512015226
.7135042281631493
.01109501009738303
.008766766922270124
.009179929614594498
.012283138975474554
.006574968354872305
.012703274579264652
.004370350577528844
.002697764299061247
