9488883852985063e-22
8523259161917185e-24
-25123342172234295e-23
.012847609155614772
-36296502798250646e-26
-555534898133997e-25
.005965764315740105
-20478214946774556e-22
.005946557222177804
15653993073713445e-23
.002744183280616472
-31177435446365404e-22
.0017907917176460816
3184872234281228e-24
2418210733053869e-24
659522628015802e-23
.0021259355932928686
.04359453030510416
-945798699767496e-19
12018460659672846e-24
.004456113974456843
-5981103457893085e-24
-30439587066073196e-22
-17597018395181498e-22
.00846512953727111
.003405850882676824
-.00012191697273469706
.01093838754716906
.005548976686546072
.005485866605757102
.014927844122059815
-.0005894742336809417
.001786105787666153
-9595672949287017e-21
0
0
-6882012499840087e-20
.011198784183948601
-.0031010651100812554
.0014672344979872218
.03229550237985562
.0069267566717072255
-28877661018905312e-24
0
0
-8605772433551794e-24
-7170718419380443e-24
17428681984325919e-23
.007481920549907344
-6916176063743837e-25
-2805567944588898e-24
6218139461697737e-24
25664311785644106e-26
7017712904369168e-25
3675166794588144e-24
10704550600178615e-25
.005966676578970026
.007255274846016585
.010958791155879777
-16016158644962294e-22
44889787367495645e-25
10666036626148316e-25
11596207453486123e-25
866202617743847e-23
.011436043558065401
.003184884966184079
33311086265841473e-25
.0011587833725411922
-199414935414093e-20
.003059095131508371
3690603895633561e-22
.005554874380757245
-.0013123956812821835
.006929042760135659
0
0
0
0
0
0
0
0
.010897474436159573
.004231585675957895
.005035523739245203
-.0006445524452990908
.0007323993448179442
.0018588339743937756
.0012232339423499717
0
0
.0014672196747755805
.00679327642901976
.0053324368826636855
.005950862881517418
-.00019272044765221178
-.00022218793466109244
.04261120821643716
.013118487869007558
-.06490288202888211
11163683854224652e-24
.006343586200237829
-.00012527364740407855
.004108949944469198
.004257196766800044
.0057498664775989
.014242166065483071
.002774208012193807
.0030503714835560295
.006262925093857918
-.0002444412569202883
.0065111436781063806
.06967761848527627
-.0006036136716117454
-7220126712864778e-21
.0037509715311307436
.0010873669262525271
.005825863377164033
-4801224362204535e-22
-.03614478128906537
.005810522708107048
0
0
0
0
0
0
.0047074819795267465
.008513059721969704
.007241712787876567
0
0
0
-.0012401119749921238
.010207592341814583
.002581070492632006
.0035267613804654168
.009125818926756464
.009824690806916631
10287767545394316e-21
8185503280572692e-23
.0003390357997874713
-775708620461495e-19
.009489866551504364
-.00011320057112821446
.010304098151030122
-.0013383127283011192
.0038950995369641875
.006794108023797403
-6272490848685343e-23
.0019818719265702585
-3504479864226596e-23
0
0
-.00019161578366349712
.00510508806637923
.006258957280382296
-.0002089425266279416
.0021514149058885655
.0017633136445231715
.007271316082277129
-.06026161224028338
.011184806159833595
.010292044909684302
-2600044541171884e-21
-3967413035330377e-20
.005807699565419145
.011367046288860413
-.000817546744576942
-.00016881966972979282
.01053850529693925
.011410680412251848
.017518026268407677
.024318693092785566
-51626584013648305e-22
-.12317276031015272
.050238267482027275
.006822872156358096
-.004212658806452659
.008910296434485382
.002274122443647408
.010633818105581566
.059662335515830084
.07986078627301
.0322085566920402
.003680076657651076
.024909960642719015
-.05904593214461327
.04004202572864819
-.04770404674659888
-.0001692162953875327
.005794552103440442
.005675451550604415
0
0
0
.01063782705116449
-.0015801038345835672
.01465513865061416
-4816474728830411e-22
.005766941727930905
.004032484083000554
-.011397114843154615
.004764009564187775
0
.01578278341831457
-.0037869829995932813
.004566852457398607
.05603349021786002
.012356714355139303
.007143276722706005
.03834510912730633
-.43491407711574886
-.08633314425026208
-.004054617066013712
.001450929607198204
.0033185295349273227
.0005746881693512627
.013843406838153141
.0036452617427342195
.05782625372691477
.005090491192376836
.0038392039312541656
.004441566890152984
.0021361274647776155
.00201726146612825
-.0006266475862267023
.0028645039238213814
.009739792781404792
.006242533296449364
.004441168565678863
-.0011692117759635205
.0010825550764684327
.0071279650146402725
.010072716239617226
.005582499169012826
.005826027146517823
.00278012560540827
.0018895857180363275
.009278368232891411
.005795571724256264
-.06172343482186425
.01342424828685046
0
.006804920668183931
.00643390203502746
.00571357949288743
-.001306302011281757
.01953085848303669
0
.004527411759775065
.02524914820448697
-.0026656896284209175
.0033690297090288464
0
.00476262265520874
.006460403699779992
0
.0034002537818633286
.011845465125146809
.003446916332792862
.005625895558247146
0
.002748107974430315
.0027396768953140966
0
0
0
0
0
.002960175081650247
0
.006452798561940155
-.001342228208755411
.006766435268604639
.005922853459455103
.0032985271155468493
.0021494956031910466
-.062293844916984614
.0044776051793969105
.011820813796585335
.002456011657735044
-429556856171014e-22
.004165040470102042
.0030863999142729847
.002762743631187595
-18227846945454606e-21
-.0005400634842888626
-18283400435268004e-24
0
0
.0033427472974446376
.018845569923647925
.02129456661207406
-.14797333593430761
.022576343819034485
.03773709518175927
.1160395296569301
.058047569565736555
.007144405699632852
.009530545234372923
.004135729585346511
0
.0007188225267225699
-6009799332954566e-20
-17925478403703223e-22
0
0
0
0
0
3060226717465187e-20
.005935629711614366
.007158215987688163
.0017903948409472565
.005797360946473332
.0055855862346599295
-767983440866893e-20
-1541889910787202e-21
0
.009060125901980918
.005615800162166582
.0021203209609183937
.002789049385974755
.004219627404003165
.005694337474620061
.007979200149030152
.010094297820164955
-13774327907885723e-22
-16454784958472381e-22
3276722226892878e-24
.00340586320644826
.0051692222367721
.0024894507212682277
.002387668333634376
-13160645078596832e-23
.0008918255394952731
-2122119969069426e-24
-10155775488031996e-22
-20056922255758348e-23
.006587589816685633
-14070438512402244e-24
12470357954961676e-25
.07563061489600238
-3394018285437334e-22
.006415540751283781
4921443981504927e-23
-26305044262693613e-25
0
0
0
0
.011432832771411923
.011438699387647067
-.0001900588371230443
-6915580299249193e-20
.0038095722986216394
1896966413241613e-20
.0042467856011821105
.006083891808120476
-28405106228454774e-24
8371845557832496e-22
.0059657647295902625
-787002327492046e-19
-5219693862215311e-24
.012331476196858324
.00665427564312954
.006637577757033316
13037563754316976e-25
35394692260880604e-24
.006023244084532229
.012782656912350412
.013072747180624204
.006848914106178865
.0026635779364020894
.0028939216966424566
.009398510224242712
.011469964874441116
.03363088145102087
-19060422779054577e-21
-669949061039877e-21
0
0
0
0
0
0
0
0
0
0
0
0
0
0
0
0
.007911535791045516
.0017902982500011507
.010169575448973652
.0055656694148042115
18217920843965888e-22
.006625576275434158
.0017914214941813188
-.001277827336328339
3414088734267608e-24
-.008516589866029009
.00561379597011865
-4259412109726545e-24
-21431344304158862e-21
-7262078700976847e-21
0
0
0
0
0
0
0
0
0
0
.00161568019831033
.0017904824492675283
.004841174705559572
.00681119101415439
.0006266194066022855
.0027744744211716786
6701314772259659e-24
-.00020219387841501673
8504352301938674e-24
.005935611973945271
-5421133617294992e-23
.006687775604725042
-6290499049269812e-24
0
0
0
0
0
-12624763978119508e-24
.005935794362821452
15885263652314777e-25
-9932053648340605e-23
.010776611355375299
-7018090574732689e-21
.004626691504241232
-1675376543759922e-21
-2379229922974719e-24
.0042322414242164565
.05657092183701224
.0027807422525297602
-6733561472334118e-23
-7740141689967791e-25
0
0
