.09065691142659014
-.11234429180623902
.00036828853546116167
-.059209991878477454
-.07227413178112424
-7705999249866237e-21
4955075321640186e-22
-.053380343781883575
6972547905296552e-20
936055514851258e-19
-.00017463004947473613
-32387712550714903e-22
15806265758046396e-21
-.0010419726127521918
-.015004337074675632
-.07869921230167957
-.05473733181676376
-.03243763691702816
-550054589783499e-22
4041747824667324e-21
-6555369878743562e-20
-.03105689078844807
9359041965509384e-20
-.03428049913131245
-.06649938156791411
12048219700971542e-23
-3118968018781824e-22
2838844697498642e-22
-782259614559189e-20
-27545089583968654e-23
-26765043075677542e-24
-8514108644936685e-24
-40245146846874004e-24
-10747213392401782e-24
-8603813758252253e-24
-14053722706801508e-24
66928479498233956e-25
-4459037788623183e-23
-5822767135140328e-23
-6538726805596167e-23
-.039581359601309526
-.10061709555769258
-.03241652911140463
-5773341146099877e-24
-6290438806178763e-22
9467556712690797e-20
-.032438252121161575
-.052494564536041476
-.02518632820577791
-.08551593870679364
-.02436959096808844
-.0246702330678249
-.052565878526526326
.0021951474800368065
-4441343989960436e-20
.00014040071105194407
-.0367762940377824
-.0455441509218692
5002843553132428e-20
-.0002385008868026643
-.004910773544502367
-.0253606040168143
-.024022131593124014
-.05598418209900441
-.016087419410393298
-.03243552137171347
-.01609752815922222
-.006633375269669251
.0001593894511111036
-.03758075020081318
.025236439007885893
-.02372526411314033
-.004489939745949981
.005727658911669365
-7450579870293679e-23
1394664090181092e-22
873119972191859e-22
-.000874666404283616
.00038829934748245827
-.5252678076016181
-8803849106808614e-22
-6870378131281489e-21
-.09309198962944862
-.082202983423262
.0003874361683181906
.00012367511460847005
.1200623705922963
.02020228172485624
.3585626976730283
-.0004093024788780791
.0003877428987874418
-.04810763550427985
.021056132350224112
-.03497885511242094
-.053885190564302236
-.059459134095483035
-.037996369210223105
-.03127290923528975
.0002657540276270633
-.25210187089732977
-.2051913915172227
.10340529879137515
-.11377021646763152
-.0596882452264063
-.032356429870426216
-.05446770051922315
.06177001394133149
-.0007275405303962118
-.05382984803630314
-.0594922642361208
11839264395734641e-23
.03213843554689746
-.0461576579787931
466568997679941e-19
-20447112885413842e-21
-.03155449257759838
-.05342421260993064
-.03947744269429629
.00024333088145272452
-7883703903654814e-24
0
0
0
0
0
0
0
0
0
0
0
0
0
0
0
0
0
0
0
-.031793407557782656
0
0
0
0
-.07183793887928591
8169727305418506e-21
-7478255602501391e-23
48933727822296014e-24
19191721215473705e-24
0
-.055649275140794645
-.26894065839108805
-.0001424521013388123
.002362403073894198
.7285447494764266
-.04317024058902264
.12909084838190907
.00308541796098421
-.021867090635671493
-.03243688313530704
-.03966612207657058
-.04075939705902948
-.03714742278209366
