3.0446961940316486
.004267897624794542
.00015161651807476113
10064821507150098e-21
2369012785317354e-28
.0005472959619630366
6.5054318168216065
.7124525611386004
.04620210560315536
.018538889522459644
.06681139256081998
.7314711695271332
.6986558215730508
.05950855771613016
.0009973408057867082
.006701167307831681
.0010140546973783295
.00229912392362973
.0737401531195765
.004781898073343666
.002045084774518629
.003427820511895893
578119329815072e-19
.0020776565881095582
.08475759000513335
4.057821579004623
7040295619063489e-21
.005564147243173631
.006427731368225929
.005830216806913878
15627791804026434e-22
.00016145461206037163
.013787392922324004
.0011432600011198359
.009880996078939153
31892666596315655e-22
.002367640020600344
.002612912622167752
5348437688243561e-20
.005158101143164661
5690937718153357e-21
.005828158376223233
.005827741455477043
.01878386528600833
.0005757799443313347
.11046179035257633
.007458933183186843
.0004946715219937866
.025334953637259874
.07353946036348587
26488663408084985e-22
.13896823989940071
21035054826294733e-21
8.523088254294803
8.147215891307386
1.065836124192767
.006926555076036083
.0006279632245674037
.0006979732257266953
.17562117686397438
.0944330278624727
9.404050746244685
7.395365179984312
2.659421203470117
.001822933581255013
.0003574501738384754
.0014183342804832922
.005998020484365832
.007929464949988774
3.809224330222678
.0008792627069322103
9.404050746244685
3.2853440907775258
9.404050746244685
8.548852405097477
.0014132238861109306
.00874887551138558
.00015790230082285224
2.120706168969494
.0002173188352434673
.0018971432785167429
.010440318313476069
931828055995422e-19
.7570317348035007
.022763853970945994
15584295243911576e-21
.0002413132030789784
.4011786594235976
.37428861450370465
2.521168414901317
.00011773971428404278
.0003668004568468205
.604247223525163
.8029998458399815
.13197664318958952
.00026425044753288727
.17740235603597485
1.126096330220043
.9391446630855028
.07884189185152926
1.1733763428279174
1.8920964023293174
.02030053983383551
.021688222134489978
8283974877055638e-20
.00014118509198959094
3.5513968153670543
4.513223816266698
.4676175260797165
.003628048671146451
.00012445312313386162
17233002974029164e-22
4262176278870639e-23
.04431323599897753
.014973509919594436
.00048362713091643105
.36567009981249077
27649370713834277e-21
.00018299356043615143
.02618998129974303
7754683162596693e-22
0
0
0
0
0
0
0
0
0
0
0
0
0
0
0
0
0
0
0
.09676627471182779
0
0
0
0
.22911927877643815
1248.9709038004614
.004372520357737062
.0980730068427964
.017599472875522357
.21560151283265624
.01969633829051262
.4304519439259807
.013474209651050032
.3844490228318267
.004652530006960659
2.2262754237900118
2.320704414533187
.0019596925710713507
.004950360263146278
.44677241768682147
.34974599600798245
.19588739986562692
.3320795469576036
.018818460878990445
.018818460878990445
.04761126989359988
20796458840551796e-26
.018818460878990445
.018818460878990445
.018818460878990445
.018818460878990445
.018818460878990445
.018818460878990445
.018818460878990445
.018818460878990445
.018818460878990445
.018818460878990445
.018818460878990445
.018818460878990445
.018818460878990445
.018818460878990445
.018818460878990445
.018818460878990445
.018818460878990445
.018818460878990445
.018818460878990445
.018818460878990445
.018818460878990445
.018818460878990445
.018818460878990445
.018818460878990445
.018818460878990445
.018818460878990445
.018818460878990445
.018818460878990445
.018818460878990445
.018818460878990445
.018818460878990445
.018818460878990445
.018818460878990445
.018818460878990445
.018818460878990445
.018818460878990445
.018818460878990445
.018818460878990445
.018818460878990445
.018818460878990445
.018818460878990445
.018818460878990445
.018818460878990445
.018818460878990445
.10909954100362707
20579515661698658e-21
.018818460878990445
20579515661698658e-21
.11677942663688132
.07375144348611623
.018818460878990445
.018818460878990445
.00032396064397931094
.018818460878990445
.018818460878990445
.018818460878990445
.018818460878990445
.018818460878990445
.018818460878990445
.018818460878990445
.018818460878990445
.018818460878990445
.018818460878990445
.015583701883181951
.018818460878990445
.018818460878990445
.018818460878990445
.018818460878990445
.018818460878990445
.018818460878990445
.018818460878990445
.018818460878990445
.018818460878990445
.018818460878990445
.018818460878990445
.018818460878990445
.018818460878990445
.018818460878990445
.018818460878990445
.018818460878990445
.018818460878990445
.018818460878990445
.10909954100362707
.10909954100362707
.11677942663688132
.018818460878990445
.018818460878990445
.018818460878990445
.018818460878990445
.11677942663688132
.0012369223630955468
.12057713264323594
.018818460878990445
.10909954100362707
.018818460878990445
.018818460878990445
.018818460878990445
.018818460878990445
.018818460878990445
.00032396064397931094
.018818460878990445
.018818460878990445
.10878551003502022
.018818460878990445
.04761126989359988
.018818460878990445
.018818460878990445
20579515661698658e-21
.018818460878990445
.018818460878990445
.018818460878990445
.09500512815375863
.018818460878990445
.018818460878990445
.018818460878990445
.018818460878990445
.018818460878990445
.018818460878990445
.018818460878990445
.018818460878990445
.018818460878990445
.018818460878990445
.018818460878990445
.018818460878990445
.018818460878990445
.018818460878990445
.018818460878990445
.018818460878990445
.018818460878990445
.018818460878990445
.018818460878990445
.018818460878990445
.018818460878990445
.018818460878990445
.018818460878990445
.09500512815375863
.018818460878990445
.018818460878990445
.018818460878990445
.018818460878990445
.018818460878990445
.018818460878990445
.018818460878990445
.018818460878990445
.018818460878990445
.018818460878990445
.04761126989359988
.12034633449328751
.015583701883181951
.018818460878990445
9999999999969522e-28
.1208249787964975
.1208249787964975
.015583701883181951
.015583701883181951
.04761126989359988
.04761126989359988
.04761126989359988
.04761126989359988
