3.0301686486815607
.004398647886942601
.0001553830279433944
10454577863853304e-21
25867011515722276e-29
.000558846673171754
6.509482113508383
.7124206975513777
.046343288611582455
.018716337246966766
.0668274676227076
.732197337923355
.6988815998874686
.0595660190224773
.0009982987568216844
.006976803785232353
.0010596025298990211
.0023079298390344264
.07376277367180249
.004780520479663906
.002044521112904676
.0034580853078814435
5852900398896392e-20
.002085815691044769
.08551916468288326
4.070786821032919
7071806906169183e-21
.005566935037322387
.006429960705953777
.005831853464192325
15632054827382264e-22
.0001615015294049521
.013791399628907805
.0011435941852635289
.009883867410963107
3192217942085418e-21
.002367051329794738
.0026136792561461627
53533899833481704e-21
.0051596698581366195
5694495787065574e-21
.00582978945727165
.005829368122459083
.018784200201087283
.0005738735900454013
.11049779293052374
.007460691177169229
.0004954631032006062
.02538299513055321
.07445562274001664
28168024516931812e-22
.1440501907564786
22282841041685187e-21
8.552512285619516
8.177832115161701
1.0682136133811442
.006928862724287377
.000655878676567467
.0007289979647848831
.17605593822779306
.09461999406468867
9.597751350912525
7.541983929937423
2.7134033423225565
.0018292203955025692
.0003589835759939704
.0014186107521362288
.006000976686002113
.00813045502399032
3.821993648360471
.0008826766733170131
9.597751350912525
3.286321285696599
9.597751350912525
8.793243727707942
.0014136714702398109
.00875138222593776
.00016387405369515815
2.1210169257640668
.00021817994417100455
.001904851385465407
.010443178681240648
9434247877921194e-20
.7601366167180912
.023555854796241126
15661615295404042e-21
.00024931124202661777
.4047161105857934
.3776015572924416
2.533215263084903
.00011786936770004948
.0003639480098403028
.6066014223734788
.8073686535134149
.13180282291323372
.0002740081587884021
.17875191672116508
1.1322854057933058
.9443075879250291
.07936531063776929
1.1765461459092394
1.8930391159978122
.02036994292154439
.021780732500296968
8659373779284688e-20
.00014118254397842516
3.5574971029570364
4.528044035770162
.46856630295580165
.003689294547672289
.0001252933147823569
17364261430054014e-22
45484918664849223e-24
.044547318357833966
.01504506712925379
.00048715617685064056
.3665414628280693
27778155155020187e-21
.000183645547940322
.026323258710394624
7809203961738426e-22
0
0
0
0
0
0
0
0
0
0
0
0
0
0
0
0
0
0
0
.09925105553974352
0
0
0
0
.2365557914000215
1249.3338461534438
.004373790982074483
.0981015061839414
.017604587161273333
.21566416514916414
.02003141067774051
.43228782407726524
.013789811245483534
.38551188082694776
.004692156767598731
2.2362234090028843
2.3313896140645034
.002000870176767014
.005055133994831513
.45001258637693103
.3521590234075262
.19705419759759119
.33407566451102777
.018823929394269818
.018823929394269818
.04830798488201473
22113862386345404e-26
.018823929394269818
.018823929394269818
.018823929394269818
.018823929394269818
.018823929394269818
.018823929394269818
.018823929394269818
.018823929394269818
.018823929394269818
.018823929394269818
.018823929394269818
.018823929394269818
.018823929394269818
.018823929394269818
.018823929394269818
.018823929394269818
.018823929394269818
.018823929394269818
.018823929394269818
.018823929394269818
.018823929394269818
.018823929394269818
.018823929394269818
.018823929394269818
.018823929394269818
.018823929394269818
.018823929394269818
.018823929394269818
.018823929394269818
.018823929394269818
.018823929394269818
.018823929394269818
.018823929394269818
.018823929394269818
.018823929394269818
.018823929394269818
.018823929394269818
.018823929394269818
.018823929394269818
.018823929394269818
.018823929394269818
.018823929394269818
.018823929394269818
.018823929394269818
.10989489991134502
21804397385930372e-21
.018823929394269818
21804397385930372e-21
.11720432735672454
.07385866409385386
.018823929394269818
.018823929394269818
.00033837245942031893
.018823929394269818
.018823929394269818
.018823929394269818
.018823929394269818
.018823929394269818
.018823929394269818
.018823929394269818
.018823929394269818
.018823929394269818
.018823929394269818
.01592699530234464
.018823929394269818
.018823929394269818
.018823929394269818
.018823929394269818
.018823929394269818
.018823929394269818
.018823929394269818
.018823929394269818
.018823929394269818
.018823929394269818
.018823929394269818
.018823929394269818
.018823929394269818
.018823929394269818
.018823929394269818
.018823929394269818
.018823929394269818
.018823929394269818
.10989489991134502
.10989489991134502
.11720432735672454
.018823929394269818
.018823929394269818
.018823929394269818
.018823929394269818
.11720432735672454
.0012826443076400821
.1211917852955567
.018823929394269818
.10989489991134502
.018823929394269818
.018823929394269818
.018823929394269818
.018823929394269818
.018823929394269818
.00033837245942031893
.018823929394269818
.018823929394269818
.10910204694559152
.018823929394269818
.04830798488201473
.018823929394269818
.018823929394269818
21804397385930372e-21
.018823929394269818
.018823929394269818
.018823929394269818
.09521238258480093
.018823929394269818
.018823929394269818
.018823929394269818
.018823929394269818
.018823929394269818
.018823929394269818
.018823929394269818
.018823929394269818
.018823929394269818
.018823929394269818
.018823929394269818
.018823929394269818
.018823929394269818
.018823929394269818
.018823929394269818
.018823929394269818
.018823929394269818
.018823929394269818
.018823929394269818
.018823929394269818
.018823929394269818
.018823929394269818
.018823929394269818
.09521238258480093
.018823929394269818
.018823929394269818
.018823929394269818
.018823929394269818
.018823929394269818
.018823929394269818
.018823929394269818
.018823929394269818
.018823929394269818
.018823929394269818
.04830798488201473
.12087198012567246
.01592699530234464
.018823929394269818
9999999999969665e-28
.1214056152531339
.1214056152531339
.01592699530234464
.01592699530234464
.04830798488201473
.04830798488201473
.04830798488201473
.04830798488201473
