0
41.278954163100586
.154078746306147
.31892161669477065
11.719686190779585
.366427936731691
5.7634958373069
.20476793679555597
.003594103719250491
.31625545170800345
.028461834472707077
8.29946024248766
.7842551601473333
.5862150535694033
.008639135947113916
7.686631489579001
1.0022582059394791
.004177708468899863
.07667166227651966
.004341347578428357
.00188211888343087
.040611154210902736
.0001395116544143966
17868833777985902e-21
.26408582081382814
0
0
.005110479518277113
.006471213151517728
.0061237601744873185
.00236228309065957
.00018475582878286166
.014144575239860282
.001315416380966001
.010310829214040345
34397739015086786e-21
.0004559514205681602
.002893352558097047
.0004998638223260405
.005317358429755876
1616295645457831e-20
9.31979932887482
14.093850337825065
.006376274022219251
6062074314114047e-20
.1258594151787631
.007721794795894839
.007571305955435656
.3838239291263639
0
.4223586167268146
0
3.982685081948531
17.730556947857274
0
0
.007717035650657367
2.753330221508666
15.012320708602855
0
0
39.47192954820582
26.098422115394403
9.186274962409128
.002447958238805424
.000581412067520242
.0013835387592155194
.006548913054706694
0
0
0
25.650721035776115
3.4689427769507155
9.460391957678606
18.85473981613473
.0014251250886028793
.00786969189374841
.0004286982625060927
2.189025396794028
.00039290637404709337
.0035006759614254713
.01164151626084617
.001558263464476251
.8898232523363631
1.6921444237744918
.00012657372727437814
.025097997904196975
1.2655311162276262
1.610355054027264
3.144799851722891
.0035795975813584925
.0004233625500847775
.5983713836228362
.8018096427514343
0
.4471708686222208
.7577653732413403
2.148557861439357
2.715099724213304
0
5.829932693707282
1.9314423792061326
.511299825235425
1.0851558265204273
.9322778503087954
.0007905873459197161
47.12705442228888
8.410513201561505
.4653578907386161
.06766763866337569
0
0
0
5.17450679889927
.01005612507733106
.0005317762709361864
.5145911324896703
.001310269859815961
.00025033813647324185
.015209161934030855
0
0
0
0
0
0
0
0
0
0
0
0
0
0
0
0
0
0
0
0
1.8565700441475765
0
0
0
0
.6221855460675815
1347.844395471438
.004645340393570257
.11172085439677007
.018777166416789545
.22717021718658445
.5521359020864761
.986875791022726
1.3742030137807837
1.3784304703676844
.00729222254469869
5.875659930557027
5.827033089017496
.1537137047723333
.3526160761508213
5.125238782117623
3.5550249567346226
0
0
.02
.02
1
8
.02
.02
.02
.02
.02
.02
.02
.02
.02
.02
.02
.02
.02
.02
.02
.02
.02
.02
.02
.02
.02
.02
.02
.02
.02
.02
.02
.02
.02
.02
.02
.02
.02
.02
.02
.02
.02
.02
.02
.02
.02
.02
.02
.02
.5
4
.02
4
.25
.1
.02
.02
3
.02
.02
.02
.02
.02
.02
.02
.02
.02
.02
1.5
.02
.02
.02
.02
.02
.02
.02
.02
.02
.02
.02
.02
.02
.02
.02
.02
.02
.02
.5
.5
.25
.02
.02
.02
.02
.25
2.5
.35
.02
.5
.02
.02
.02
.02
.02
3
.02
.02
.2
.02
1
.02
.02
4
.02
.02
.02
.15
.02
.02
.02
.02
.02
.02
.02
.02
.02
.02
.02
.02
.02
.02
.02
.02
.02
.02
.02
.02
.02
.02
.02
.15
.02
.02
.02
.02
.02
.02
.02
.02
.02
.02
1
.3
1.5
.02
1e-12
.33
.33
1.5
1.5
1
1
1
1
