605579665011376e-26
41.27895416305696
.15407874629844717
.3189216166885447
11.71968618979603
.3664279367300723
5.763495837346465
.20476793680587863
.00359410371924376
.31625545171687186
.02846183447348148
8.299460242847397
.7842551601472096
.5862150535952435
.00863913594745245
7.686631489573353
1.0022582064445977
.004177708468639094
.07667166227651087
.004341347578430066
.0018821188834316008
.040611154210888345
.00013951165449044867
17868833777037164e-21
.26408582083596943
42870719223091346e-24
13020548920401792e-30
.005110479518300678
.0064712131515164625
.006123760174486872
.002362283090617707
.0001847558287828393
.014144575239858568
.0013154163809658405
.010310829214039096
3439773901661478e-20
.0004559514205933898
.002893352558096693
.0004998638223463707
.005317358429755202
16162956456185857e-21
9.319799328723457
14.093850337803934
.0063762740222901015
6062074314241733e-20
.1258594151787147
.007721794795894332
.007571305955404446
.3838239291264176
8305803257075077e-26
.42235861692884713
27764939372258092e-27
3.9826850818445183
17.73055694780433
15274881796795277e-25
2024528977427308e-25
.007717035650656062
2.7533302214704745
15.01232070793616
2608073977466182e-26
2315364837135953e-26
39.47192954799148
26.098422115576838
9.186274963342896
.0024479582386791585
.0005814120674831432
.0013835387592095677
.006548913054721588
5568131571772072e-24
0
7661064368476895e-27
25.650721035628205
3.4689427769508074
9.460391962522996
18.854739817928237
.0014251250886026796
.007869691893792358
.0004286982625825658
2.1890253967958997
.0003929063740211375
.0035006759611936637
.011641516260845712
.001558263464367832
.8898232522699138
1.692144423641722
.00012657372727029487
.025097997904123873
1.2655311161242973
1.6103550538112856
3.144799851857176
.0035795975813121992
.00042336255006870206
.598371383920439
.8018096427491925
11491342552144112e-27
.4471708685861823
.7577653732003505
2.1485578613641985
2.7150997251398774
3201557424290455e-25
5.829932693369484
1.9314423792347468
.5112998251885945
1.0851558264477696
.9322778502868565
.0007905873459051929
47.127054422117695
8.410513201536983
.46535789074413847
.0676676386577506
6604807517835953e-28
70481999129540084e-31
3318341055632837e-24
5.174506798466288
.010056125078776212
.0005317762709706868
.5145911324961208
.0013102698597182384
.00025033813645553113
.015209161936337692
3332951571492654e-30
0
0
0
0
0
0
0
0
0
0
0
0
0
0
0
0
0
0
0
1.8565700441414215
0
0
0
0
.6221855463635577
1347.8443954712748
.004645340393569694
.11172085439675654
.01877716641678727
.22717021718655694
.5521359020634101
.9868757910203007
1.374203013759282
1.3784304703445436
.007292222544686387
5.875659930551948
5.827033089010351
.15371370476442198
.35261607613339696
5.125238780820286
3.5550249558150337
10079289698267528e-26
15963068475809247e-26
.01999999999999758
.01999999999999758
.9999999999939442
7.999999999612429
.01999999999999758
.01999999999999758
.01999999999999758
.01999999999999758
.01999999999999758
.01999999999999758
.01999999999999758
.01999999999999758
.01999999999999758
.01999999999999758
.01999999999999758
.01999999999999758
.01999999999999758
.01999999999999758
.01999999999999758
.01999999999999758
.01999999999999758
.01999999999999758
.01999999999999758
.01999999999999758
.01999999999999758
.01999999999999758
.01999999999999758
.01999999999999758
.01999999999999758
.01999999999999758
.01999999999999758
.01999999999999758
.01999999999999758
.01999999999999758
.01999999999999758
.01999999999999758
.01999999999999758
.01999999999999758
.01999999999999758
.01999999999999758
.01999999999999758
.01999999999999758
.01999999999999758
.01999999999999758
.01999999999999758
.01999999999999758
.01999999999999758
.01999999999999758
.49999999999848604
3.9999999999031073
.01999999999999758
3.9999999999031073
.24999999999962152
.09999999999993944
.01999999999999758
.01999999999999758
2.999999999945498
.01999999999999758
.01999999999999758
.01999999999999758
.01999999999999758
.01999999999999758
.01999999999999758
.01999999999999758
.01999999999999758
.01999999999999758
.01999999999999758
1.4999999999863745
.01999999999999758
.01999999999999758
.01999999999999758
.01999999999999758
.01999999999999758
.01999999999999758
.01999999999999758
.01999999999999758
.01999999999999758
.01999999999999758
.01999999999999758
.01999999999999758
.01999999999999758
.01999999999999758
.01999999999999758
.01999999999999758
.01999999999999758
.01999999999999758
.49999999999848604
.49999999999848604
.24999999999962152
.01999999999999758
.01999999999999758
.01999999999999758
.01999999999999758
.24999999999962152
2.499999999962151
.3499999999992581
.01999999999999758
.49999999999848604
.01999999999999758
.01999999999999758
.01999999999999758
.01999999999999758
.01999999999999758
2.999999999945498
.01999999999999758
.01999999999999758
.1999999999997578
.01999999999999758
.9999999999939442
.01999999999999758
.01999999999999758
3.9999999999031073
.01999999999999758
.01999999999999758
.01999999999999758
.14999999999986374
.01999999999999758
.01999999999999758
.01999999999999758
.01999999999999758
.01999999999999758
.01999999999999758
.01999999999999758
.01999999999999758
.01999999999999758
.01999999999999758
.01999999999999758
.01999999999999758
.01999999999999758
.01999999999999758
.01999999999999758
.01999999999999758
.01999999999999758
.01999999999999758
.01999999999999758
.01999999999999758
.01999999999999758
.01999999999999758
.01999999999999758
.14999999999986374
.01999999999999758
.01999999999999758
.01999999999999758
.01999999999999758
.01999999999999758
.01999999999999758
.01999999999999758
.01999999999999758
.01999999999999758
.01999999999999758
.9999999999939442
.299999999999455
1.4999999999863745
.01999999999999758
1e-12
.32999999999934054
.32999999999934054
1.4999999999863745
1.4999999999863745
.9999999999939442
.9999999999939442
.9999999999939442
.9999999999939442
