1.4836344073871146
.6324564906050831
.009902115104820402
.0022522471256614927
4085023555793186e-21
.026673991523058802
6.782017884100641
.716783695787295
.05653320744174902
.06926119768645304
.06859564697057051
5.177248422902482
.7486872808220076
.3691498114671418
.00569780093637816
3.4464773628629968
.40737680021168665
.003458049914827599
.07457821202277647
.004670154147304999
.0020222837641965183
.009880461970847411
.00019338222255816238
.0025388338131478515
.3068785706541783
17.241393790398647
.00014088950002615164
.005639042698689147
.00622067768027262
.005977247335923934
13908483758825324e-22
.00017935419495710537
.013731012765773013
.0012767141912084332
.010009375899279714
21677559613481842e-21
.0021368045474809577
.00280799618527492
.0003243807483406342
.005154251400877326
34422551196417275e-21
.005989872840590635
.006321382496283241
.020993476430606315
.0003543507711863573
.11948518365232444
.008010700374731231
.00087124987318986
.04389599922458476
.30166186716012067
.0010839701841183459
.5821262715250439
.010170858562341515
12.00703662306755
11.190982423319031
1.2973733359641006
.007429869579508102
.06392021863394873
.0706203066451885
.2153889462817616
.12626320243382333
30.21820790150514
23.53311736644581
8.488834688895206
.0022688578433747958
.0004902720257382965
.0013817534769672067
.006268932270624585
3.360292835632641
7.831057674520726
.02044940985310593
24.354386441028748
3.370712592816224
9.023444842112836
22.909316094444407
.001383095658591391
.008840345794531346
.0006633464507454882
2.2271188132856605
.0003239949898205858
.0028663881249301453
.011406772715350781
.0003796994503455888
.9836188251107225
.6204447109740273
25386803910123783e-21
.005767496307960388
.872939106200094
.7769209473831654
3.274981328102927
.00015631045770855332
5670648388215735e-20
.5705022248168072
.8613310593918427
.082679162363248
.010859071396571617
.3097780037070656
1.672565149786338
1.5587434483308316
2.0179307279330763
1.4784148063241833
1.9915795426958045
.023551788630001184
.03228017359757545
.009753903148967515
.00016013887844339899
6.1050667353851855
6.232742607658374
.5566024785574624
.01932021182784705
.0042993443780066564
6491317549733655e-20
.0005593581921971408
.09090773194490606
.020824313298165142
.0008877476840719079
.44028529299437186
4569427480902423e-20
.0002579764509651063
.03415325563625949
21225460157218005e-21
0
0
0
0
0
0
0
0
0
0
0
0
0
0
0
0
0
0
0
.7643718661004537
0
0
0
0
.5413724172838059
1308.4377706133182
.004509525616402551
.10845449678691982
.01822818260577173
.220528492401671
.11378201245464833
.6305028181082853
.14155289195364296
.43013254542778184
.005884851287539008
2.9694804795629985
3.1254941028171634
.01842866006959169
.04211335962607136
.871276246144191
.6017591955831083
.2788080052227762
.4418354249122412
.019415264477256864
.019415264477256864
.22681183711611388
55743026435405566e-21
.019415264477256864
.019415264477256864
.019415264477256864
.019415264477256864
.019415264477256864
.019415264477256864
.019415264477256864
.019415264477256864
.019415264477256864
.019415264477256864
.019415264477256864
.019415264477256864
.019415264477256864
.019415264477256864
.019415264477256864
.019415264477256864
.019415264477256864
.019415264477256864
.019415264477256864
.019415264477256864
.019415264477256864
.019415264477256864
.019415264477256864
.019415264477256864
.019415264477256864
.019415264477256864
.019415264477256864
.019415264477256864
.019415264477256864
.019415264477256864
.019415264477256864
.019415264477256864
.019415264477256864
.019415264477256864
.019415264477256864
.019415264477256864
.019415264477256864
.019415264477256864
.019415264477256864
.019415264477256864
.019415264477256864
.019415264477256864
.019415264477256864
.019415264477256864
.23812384405043327
.010584405288192445
.019415264477256864
.010584405288192445
.17252675328245706
.08621177292953325
.019415264477256864
.019415264477256864
.035003040801978795
.019415264477256864
.019415264477256864
.019415264477256864
.019415264477256864
.019415264477256864
.019415264477256864
.019415264477256864
.019415264477256864
.019415264477256864
.019415264477256864
.16202779970843478
.019415264477256864
.019415264477256864
.019415264477256864
.019415264477256864
.019415264477256864
.019415264477256864
.019415264477256864
.019415264477256864
.019415264477256864
.019415264477256864
.019415264477256864
.019415264477256864
.019415264477256864
.019415264477256864
.019415264477256864
.019415264477256864
.019415264477256864
.019415264477256864
.23812384405043327
.23812384405043327
.17252675328245706
.019415264477256864
.019415264477256864
.019415264477256864
.019415264477256864
.17252675328245706
.06124905774040944
.20823372180538754
.019415264477256864
.23812384405043327
.019415264477256864
.019415264477256864
.019415264477256864
.019415264477256864
.019415264477256864
.035003040801978795
.019415264477256864
.019415264477256864
.1486493958296026
.019415264477256864
.22681183711611388
.019415264477256864
.019415264477256864
.010584405288192445
.019415264477256864
.019415264477256864
.019415264477256864
.12007182831346219
.019415264477256864
.019415264477256864
.019415264477256864
.019415264477256864
.019415264477256864
.019415264477256864
.019415264477256864
.019415264477256864
.019415264477256864
.019415264477256864
.019415264477256864
.019415264477256864
.019415264477256864
.019415264477256864
.019415264477256864
.019415264477256864
.019415264477256864
.019415264477256864
.019415264477256864
.019415264477256864
.019415264477256864
.019415264477256864
.019415264477256864
.12007182831346219
.019415264477256864
.019415264477256864
.019415264477256864
.019415264477256864
.019415264477256864
.019415264477256864
.019415264477256864
.019415264477256864
.019415264477256864
.019415264477256864
.22681183711611388
.19222991935095726
.16202779970843478
.019415264477256864
9999999999985157e-28
.20224772342901656
.20224772342901656
.16202779970843478
.16202779970843478
.22681183711611388
.22681183711611388
.22681183711611388
.22681183711611388
