1.51223401220713
.5490245922702485
.008931823950794737
.001978191479083803
29311132047322937e-22
.024159007991788762
6.775830215357517
.718150058371339
.056718282797643176
.06631155686307437
.06861534745069285
4.950659018237984
.7480923930762182
.3529051555106418
.005465098254678114
3.263478190298458
.3834202918688294
.0034475980237794806
.07453494927698667
.004674084165903603
.002023951020443854
.00950537960191676
.0001863086184955533
.0025361344342534823
.2947222244602846
17.481433489048943
.00013507188903060955
.005634740461331434
.006216178533543974
.005974127630547331
13892958121767735e-22
.00017925163566408044
.013723160581218882
.0012759788503499416
.01000365228988902
2072089453100772e-20
.002143326297805179
.0028063739468799738
.0003108204834464957
.005151160814601836
3288024212201838e-20
.005983032875442278
.0062255790263860125
.02109795596190043
.0003593887143017659
.11940468440170131
.008010522651527872
.0008590732510818464
.043015284569996697
.2924024159809897
.0009648576722099092
.5793454149892419
.009078900060275157
11.931088371450187
11.140540542496224
1.2949851676888355
.007424795748528754
.05872095760674719
.06486137581195257
.21491321956197168
.12605685188497365
29.836879837238264
23.18764864952621
8.405013274006826
.0022641339609498308
.00048629087918927537
.0013849121814027508
.006242400465200062
2.968988301528428
7.706109953923032
.01946183593747403
24.34016085136634
3.368741966414825
8.998811913438931
22.896685719995773
.0013822357997973008
.008838807923822023
.0006629504210852917
2.226680672529518
.00032300112919977946
.002857402025526647
.011401227339725397
.00036522949969294453
.9843368705963508
.5909240605077841
25097558380709556e-21
.005444404103220294
.865974151259745
.7724182389581226
3.2602943964990483
.00015421496641119292
57793187194122806e-21
.5689780690372629
.8624786958103768
.08408836965476764
.010149137955067462
.30809671601790517
1.6695774258828107
1.5527126970418665
1.9216429892188704
1.4746730491196398
1.9902373750516067
.023323446711516354
.03177789932572015
.008959624745033928
.00015910261744552358
6.019495157123613
6.195993662547835
.5554590749054874
.01885513059661591
.004073327212421229
6152108727222568e-20
.00047682420389776785
.08927567891879466
.02073810843181955
.0008833105919901491
.43838654833510454
4497555905638487e-20
.00025825439941392546
.034003052204381386
20265972331113577e-21
0
0
0
0
0
0
0
0
0
0
0
0
0
0
0
0
0
0
0
.742929464751893
0
0
0
0
.5379536063817557
1307.6895685531276
.004506946940952749
.10839247941035411
.01821775921072347
.22040238791580896
.11040846141540742
.6253332550145565
.13556888447898444
.4292767467797883
.005872197049018725
2.9547638828436056
3.1059319212123486
.01776635092144425
.04058688731892144
.8663969985603469
.5986377187141784
.2781961323135379
.4408673820717102
.019404162274915045
.019404162274915045
.2204169891341213
44342949583925804e-21
.019404162274915045
.019404162274915045
.019404162274915045
.019404162274915045
.019404162274915045
.019404162274915045
.019404162274915045
.019404162274915045
.019404162274915045
.019404162274915045
.019404162274915045
.019404162274915045
.019404162274915045
.019404162274915045
.019404162274915045
.019404162274915045
.019404162274915045
.019404162274915045
.019404162274915045
.019404162274915045
.019404162274915045
.019404162274915045
.019404162274915045
.019404162274915045
.019404162274915045
.019404162274915045
.019404162274915045
.019404162274915045
.019404162274915045
.019404162274915045
.019404162274915045
.019404162274915045
.019404162274915045
.019404162274915045
.019404162274915045
.019404162274915045
.019404162274915045
.019404162274915045
.019404162274915045
.019404162274915045
.019404162274915045
.019404162274915045
.019404162274915045
.019404162274915045
.23474295079525823
.009440257410619006
.019404162274915045
.009440257410619006
.17129760342755904
.08596556290915602
.019404162274915045
.019404162274915045
.03212505037434851
.019404162274915045
.019404162274915045
.019404162274915045
.019404162274915045
.019404162274915045
.019404162274915045
.019404162274915045
.019404162274915045
.019404162274915045
.019404162274915045
.15522388840682555
.019404162274915045
.019404162274915045
.019404162274915045
.019404162274915045
.019404162274915045
.019404162274915045
.019404162274915045
.019404162274915045
.019404162274915045
.019404162274915045
.019404162274915045
.019404162274915045
.019404162274915045
.019404162274915045
.019404162274915045
.019404162274915045
.019404162274915045
.019404162274915045
.23474295079525823
.23474295079525823
.17129760342755904
.019404162274915045
.019404162274915045
.019404162274915045
.019404162274915045
.17129760342755904
.057022700824657616
.20615972856160197
.019404162274915045
.23474295079525823
.019404162274915045
.019404162274915045
.019404162274915045
.019404162274915045
.019404162274915045
.03212505037434851
.019404162274915045
.019404162274915045
.14780156012231346
.019404162274915045
.2204169891341213
.019404162274915045
.019404162274915045
.009440257410619006
.019404162274915045
.019404162274915045
.019404162274915045
.11955783058566993
.019404162274915045
.019404162274915045
.019404162274915045
.019404162274915045
.019404162274915045
.019404162274915045
.019404162274915045
.019404162274915045
.019404162274915045
.019404162274915045
.019404162274915045
.019404162274915045
.019404162274915045
.019404162274915045
.019404162274915045
.019404162274915045
.019404162274915045
.019404162274915045
.019404162274915045
.019404162274915045
.019404162274915045
.019404162274915045
.019404162274915045
.11955783058566993
.019404162274915045
.019404162274915045
.019404162274915045
.019404162274915045
.019404162274915045
.019404162274915045
.019404162274915045
.019404162274915045
.019404162274915045
.019404162274915045
.2204169891341213
.19058766468215912
.15522388840682555
.019404162274915045
999999999998487e-27
.20034791496437046
.20034791496437046
.15522388840682555
.15522388840682555
.2204169891341213
.2204169891341213
.2204169891341213
.2204169891341213
