1.0778256064911673
.014533440367302555
.04340589700573728
1.4978789609202257
.045789701171536745
.29989125527624905
.03521757782620073
.007809766577828511
.05311836493155445
.002918184185690938
.7712682760458458
.030126098778055617
.09138997500636352
.0008359731480967983
.4257932003178287
.424529684472829
.00042873585345386197
.0027065597104027153
.000581950636411226
.0002716207344170437
.0015446267838908497
.0006989381285408235
.0003680176790404891
.07285014979636205
.8200730098852244
.00026022151717573056
.00020826980308344056
.0002528101147978985
.0002827846446647928
.00029158414463114187
8024897711712119e-21
.00045105453633754365
6428349003753875e-20
.00045242830837135254
1223576098307873e-20
.00020031829364501664
.00010003862425914217
7768404024404305e-20
.00033629255743838324
7888230680100464e-21
.7264895214149759
.5907201629225312
.0009266893647255792
.00018409848395172274
.006136296827783428
.0003591622555044954
.0003574362400000709
.021589185025172743
.201682863878045
.1701124874261301
.15246467109231834
.16611284047919564
.546482326554026
.5710547323774197
.07234754956893386
.00033868167799024583
.34303072916019944
5.482299949230294
.01179485571110548
.0066718016848611155
1.839942839398391
2.40790046303234
.6200381080325406
.00021661441147155085
.00014492249498080184
6734568838364302e-20
.00041302143158858607
2.7019711699134987
3.560898078556079
.0017498648438971404
.9471190892845627
.14690496339209555
3.12457989406651
1.0404860575041235
5251569331078012e-20
.0004563242239119936
.0002510769549899997
.09340815722976216
52564666108910767e-21
.0003556932289378768
.00038274496483058844
.000458751197771948
.3760044421073448
.9397413450019245
.000551830790189569
.002343984034308713
.7991843009415538
4.657998929932632
.2183394415946233
.0008417455635191048
.00034103280818247256
.2720512191434151
.04859863564773654
.5980722355171001
.3706590310096877
.20542127013273584
.32029730220455155
.21043649786128457
.2067839518152507
2.6349981030041896
.07007506514284256
.2812730505599883
.16680510374666052
.07859864258630259
.0001720985338015894
3.2424323822458985
.1994578283092233
.0779581798119087
.0155426812617898
.000564893554209903
74225134327411124e-22
2.1911860611331395
3.7073626286595824
.004552535527298943
.00015137826503687588
.02838663030824064
.00027853897041786195
.00036512953143682766
.005660720781586063
15194323635609986e-22
0
0
0
0
0
0
0
0
0
0
0
0
0
0
0
0
0
0
0
.11053557152967897
0
0
0
0
.17516607085542218
39.35483686191347
.00018366387568572882
.0032843389517568347
.000888041314264898
.0064120625739865445
.03530316635148965
.03813720679363406
.05550271005098658
.6217848145134292
.00047945908172508005
.19472254702483674
.20403315026611016
.01757107020568193
.03039355365744248
2.8584285782136267
3.096878764413116
2.003575807892181
4.7611609056962765
.18275211168623967
.1267826902103667
.052597424584804896
.06115370450317916
.13870134826326885
.08040722050007776
.07320092427774137
.06826099296792223
.06036418199363657
.07913060140555557
.07264443407742749
.07041319798631605
.06126734904476455
.06924401973632213
.05375742932795157
.08402806013280588
.08189601431809748
.13446057844412507
.08084954707262726
.07632881177522995
.08472920145892483
.09267623699990418
.09715877817354718
.07767992741215438
.062431447135965774
.08769475146993613
.0007926491495303754
.08156520262021284
.08401547230901849
.2284211464682216
.0700097449645455
.07627535147941517
.05787755337173842
.11569573042220957
.050391520368863615
.05704835888103362
.15191898520184807
.050562739752229593
.07603168733321093
.05273823253764048
.079985519307861
.05298560238778847
.0835908730274528
.09721782765693601
.07942900692906928
.11409785905094944
.08267634486116052
.06956014396747559
.10306877923257539
.07875616262952852
.1056946019056522
.1106308969449035
.10458181207373721
.05860142690461217
.06457373398917873
.1347339937165875
.08352111053590176
.04068264619625009
.11966079651166465
.15669812793517288
.06144439160663796
.06644283168781454
.06582917799753707
.0629329391184089
.07263957775278683
.05496428433885418
.07553535336829824
.07578784949807221
.06411308076228568
.060417411502560185
.08685926889317541
.09335532507737973
.09294955714604938
.09571882466697479
.09018984038552665
.09614117107467626
.10004959836072128
.09152133877519647
.08659415008877107
.13758903952537063
.07203022385530647
.0594013584145769
.04894436323342022
.06243187506420306
.05599760077860258
.03993501127430852
.009147432149809846
.0837650367225061
.0004468290008753944
.10327847412424898
.07675502601875844
.082808227405291
.0643289254995654
.006588174979455482
.04716860762476557
.007215190423756847
.050809199320233006
.17548803717072076
.056461953223106334
.06212692231420163
.07371372792998845
.09161681852738635
.06975740596589299
.0733262007082243
.06479477063911014
.09845069878913176
.0006057759188072154
.07357462987236106
.061747250811457474
.05313750706522552
.07839265814590554
.0700985773661445
.04409597524377128
.07741388906736275
.08213046319130389
.08556928603622185
.0726993384448402
.03093852002038592
.05320276026153207
.20685243728822933
.20303973016446475
.04962213980283851
.07954530252881978
.09286356837382163
.11421617446208344
.08576616835273665
.07943147898217827
.00039390988359265045
.08983567648209123
.06535840198351783
.08850889758979912
.11764887400116138
.06726923838270926
.061987467655049304
.07360331009023809
.059219966275786684
.14492177610491397
.09271822801879924
.0794794053688798
.06551723536561205
.058426493101953504
.08525563106209087
.04138206138755433
.00757394284949018
.08574387199513957
.1905768276725718
.06780099125470787
.06711375798988924
.07749374831084058
.12839848041308852
.03483590979574633
.08240589003995283
.10010106796206027
.07880112466615403
.08471785112289919
.04824424155887379
.08777307107482638
.08241198026115147
.060196680113913215
.08430776110575494
.05238816616568007
.05080315968940339
.05988209700795921
.06733150596662953
.08555157892048712
.08268247864596986
.12650933212348484
.05961989825342706
.10176931566089627
.06783427163494038
.08587604520180413
.09255120086482357
.09567736741445476
.0818517865392448
.18801861265826378
.06775455710198137
.07415150040991637
.0009983468232367518
.06566398747719442
.002068909676637732
.06810261009507647
.06388367331006763
.01972641606236126
.047474176987257505
.10496815310673521
.08314706798831045
.0014734069434499172
.06611414065564312
.047951096513797566
.058728378452021855
.08332810551935892
.0742126632239465
.05245129129109475
.08517288464226777
.16943480139103848
.1469728778295304
.036534250606224505
.0004272311090384788
.11293664193145517
.07883012485993905
.06511784221957133
.0016379048835520097
.13169488385647135
.05833937136729178
.0764084834168565
.04541900534727587
.06276666257467635
.000219187013402916
.00017979111613010176
.09060566205643654
.01884895126833319
.004917875956466655
.030704262807119062
.00940569963085756
.0749521296388837
.004332346962956327
.0030589567827729006
.07692891753792636
.021146808951938975
.32275190118579894
.06553940138186401
.0838449145838008
.11865320860868123
.06690744246222582
.08786475795547953
.0780730691416605
.006352892636248452
.006743898756365764
.06474948395501752
.10566813128453974
.034823343162590024
.09109323723374858
.08459861164613411
.07142764971302236
.0003012188499936343
.010248425982342201
.11237332602357161
.12981223401152844
.15899591274132763
.18078704550828717
.08217014080323595
.0003033347342634609
.13052657678444005
.05412927103619533
.00047667110241711306
.000529480291689684
.0068275410672052495
.00047239305559196825
.06580395063970818
.118053550123962
52186869705718806e-34
.05772090278327979
.0006120736630132366
.00023221362302865684
.0577876178266277
.0003087069339887811
.0002654123472083088
.09691597153451867
.0002408462334232244
.0876410652260474
.1021855026708935
.061864336045078815
.10224196359769734
.0004092921875195716
.07186305216270214
.12325541495092883
.07918619419405998
.08254495725729179
.09683190779969737
.1041466329273959
.0003785067127897188
.051411558778323686
.0003965678569783961
.0004976266493956071
.00036403815959581417
.0005764518282604179
.0004267434480485328
.05160477001770931
.003265755934671121
.0028260280259658948
.00031445511218916686
.0553050473716404
.09079978866694886
.0037799988531657357
.06913140246690518
.05388052135919019
.0038908796769240414
.07846052782697838
.08805302039977914
.05893931969640866
.10626853224085818
.000342231291228563
.05405492922018539
.09131077615101887
.10963861765657977
.02987330622920114
.05543452297593117
.0646752171945687
.07771663532530207
.11165058513781916
.06460372100040193
.07144593175819372
.09273424050465146
.000428300025644423
.007496662391107027
.008623324362220663
.07041678511631719
.055579151023440056
.06152691502226474
.04981963430604076
.04154779514514231
.07869242168376668
.10483502227987955
.06920788679610071
.07346534212734633
.08140991804003811
.04825426898178592
.000331435770210108
.07091981328467858
.06999435686695377
.08416571803051497
.0945158007985265
.10351987437404904
.05941504047661268
.06977861917655484
.05573942622425651
.08268201261232709
.003612849946350345
.06715159712010545
.08332037780088469
.1078084085512027
.053646857527133954
.1079359995375909
.05191134501060439
.008245917699111462
.007740565359660944
.005294604878525124
.057734166656137766
.06415661924815867
.06265447669297747
.09819508769151716
.06608793734584943
.08494104092367301
.06001113622055366
.07440046305833618
.09685289420571838
.06625617869852653
.07989634443973208
.07650732682995405
.09984740782902789
.15054710626154155
.11830923228941205
.09956214070486265
.07591475047999717
.06712182993954437
.073509335979727
.10716857777780064
.05225680503179092
.09053292117543867
.07254312468482585
.062266027404752
.10761202578994784
.10663605979348469
.08105431414381299
.0784244355363903
.08478249262574505
.05070666156816645
.12302806051052195
.06680287694745898
.06586821795300249
.054407207123162125
.07758275459265601
.7167272717752896
.8189560263231423
.14244009828586618
.07704575471029329
.0938058702429799
.05341961548557281
.05050441380345576
.052510149993774936
.10807235750879604
.06710058603113264
.09220299418714206
.11594562209161399
.06000359025819466
.11761823461168358
.07405359777022243
.07190092926232408
.05007856708291133
.06922731962727957
.05108866628072839
.08028396530193414
.05080901356744552
.08211496583305418
.07559721057172365
.05206074668022544
.08042421107983033
.06285514298173915
.08023921693497986
.07287193344551428
.12063177690382634
.07805110170576877
.07616830581293758
.1302292953788586
.04078300667882688
.12154957411731673
.36414093598064995
.07339052695706501
.06559331711347846
.06790013901852317
.1193586622799674
.0727070920554814
.1169368141669785
.12164208070141329
.06934408290170353
.07108292637783484
.10378657458344843
.08015820655772325
.11886258346805781
.08472172320609979
.11027245572511991
.06552736525360632
.05991371393233928
.05359776279078414
.05833499233340304
.014471923623730037
.08503553015262955
.05840782478264669
.08451427676394621
.06404478327815302
.06536567561075232
.10558858182528696
.07061378723962966
.06462234097960642
.0861742356949804
.06731406834171721
.04442176536892582
.07341607476232967
.11200371257990921
.06229292855412838
.06307650364688162
.06584973863767528
.0609851181054479
.10976764190869127
.12116675117912805
.06884366607963924
.071457852359122
.08955802659883737
.10886436054174874
.05673826169522791
.05418015081880846
.08113704389760304
.07233716394336209
.06054564960381562
.07198602975032155
.009765703610667744
.0616146262493632
.004362337913217787
.03759165179587146
.004518742930745663
.03496219521223796
.0036239005060849303
.0768726780442375
.0060777137037140595
.08265534202793863
.002810819015544596
.03350737468018933
.22738878866376466
.01798059370700351
.003874017521042044
.0482893450273297
.0023794185653871515
.008615822783486195
.00156946575117318
.030611259935196953
.005125545786164473
.038339964714383855
.0033012992808182525
.0473712144471862
.006531328775954321
.04156379169113502
.0029261828113019417
.026085781886144816
.0023320482661785056
.06578491351232972
75941987204241785e-22
15689271293922106e-21
.00715836264406432
.005737199076690023
