1.4965651889866032
.6358303100672514
.009872925205250087
.0021294923986115264
3605529452757432e-21
.029568326257722682
6.775139102121861
.6792090196985752
.05508831452055172
.06630245437863838
.06697330369686928
4.8136755775393025
.7430157372130269
.33504908616121437
.005322512004914469
3.0418072190127554
.3524872925549977
.0032601222210895285
.07390049203367506
.004549829332274189
.001985998515213201
.010341363563263244
.00018147776562081513
.0027523394370529575
.2924564272179895
16.316192943559916
.00016665167110857981
.005976468669367117
.00660426984111857
.005974678757396612
1376899663716612e-21
.000176306034987618
.013275479304110082
.0013055965336410606
.010087178745970688
1930109563910486e-20
.0020754152600082954
.002530721202641622
.00030976803584407183
.004876597831326763
2988001396807777e-20
.005986567928327259
.006444660128917351
.020016294809237684
.0003446847323574073
.1230329633490431
.007474805604481822
.0008315313628665234
.04106733171860767
.3081544730278402
.0011569287181356067
.5047803067648217
.009564458654790711
12.041050237537467
11.206393645229614
1.377595306224269
.006785320721338388
.06013108226833175
.06592167248001972
.2156500260861352
.12598545237523726
30.045797480178624
23.499970263427784
8.248093276090051
.002250621561509652
.0004901781421072836
.0014228894237879157
.006717662491887045
3.5542627182199533
7.686127981635745
.021499040954788547
21.90893258873736
3.1787526827730064
9.319464479574076
20.50402061476062
.0014274224067624653
.009388246292128729
.0005874301977185322
2.2416713484245245
.00030406775288731693
.0029278184172376416
.011379865364210418
.00043549658928965706
.9712677117777498
.6650664206697434
23775988385487843e-21
.007210861696933915
.9181760054466047
.8212651767595053
3.454058735694707
.00015107432350557705
6359591814302742e-20
.6180628446313167
.8990420119697337
.0887734985313808
.011045577611620243
.317069394359503
1.8256625468695962
1.6819941092577138
2.230248008823857
1.3882342635866316
1.9182863354436677
.022885834863443526
.036275159622424086
.009246193346848869
.00017338969615255566
6.107360590764188
6.2412064319647875
.5331647608677609
.018483345025603354
.004313419530030508
7071892875122577e-20
.0004995580079310252
.08775346088635116
.01997588412738307
.0009518257785887295
.42749086886283433
45895272789510544e-21
.0002554522787795761
.035888447068222744
22967081725367798e-21
0
0
0
0
0
0
0
0
0
0
0
0
0
0
0
0
0
0
0
.737635520158604
0
0
0
0
.5701158878760044
1258.2857477952186
.004494836203896601
.10900466881368662
.01795603833670208
.21820522611413168
.10992272824005189
.6521952626522337
.13591878178547157
.4565781064018537
.006241904259723971
3.0036949853513955
3.2025667140134946
.017560067797876264
.0453024694632609
.9823842365106458
.6199426563154403
.28724912038223727
.46410381078470847
.019410244035574384
.019410244035574384
.22389787397031727
5022924234713205e-20
.019410244035574384
.019410244035574384
.019410244035574384
.019410244035574384
.019410244035574384
.019410244035574384
.019410244035574384
.019410244035574384
.019410244035574384
.019410244035574384
.019410244035574384
.019410244035574384
.019410244035574384
.019410244035574384
.019410244035574384
.019410244035574384
.019410244035574384
.019410244035574384
.019410244035574384
.019410244035574384
.019410244035574384
.019410244035574384
.019410244035574384
.019410244035574384
.019410244035574384
.019410244035574384
.019410244035574384
.019410244035574384
.019410244035574384
.019410244035574384
.019410244035574384
.019410244035574384
.019410244035574384
.019410244035574384
.019410244035574384
.019410244035574384
.019410244035574384
.019410244035574384
.019410244035574384
.019410244035574384
.019410244035574384
.019410244035574384
.019410244035574384
.019410244035574384
.23658924691643077
.010051334388606746
.019410244035574384
.010051334388606746
.17196992735794567
.08610036641307767
.019410244035574384
.019410244035574384
.033671584205546
.019410244035574384
.019410244035574384
.019410244035574384
.019410244035574384
.019410244035574384
.019410244035574384
.019410244035574384
.019410244035574384
.019410244035574384
.019410244035574384
.15891542075169926
.019410244035574384
.019410244035574384
.019410244035574384
.019410244035574384
.019410244035574384
.019410244035574384
.019410244035574384
.019410244035574384
.019410244035574384
.019410244035574384
.019410244035574384
.019410244035574384
.019410244035574384
.019410244035574384
.019410244035574384
.019410244035574384
.019410244035574384
.019410244035574384
.23658924691643077
.23658924691643077
.17196992735794567
.019410244035574384
.019410244035574384
.019410244035574384
.019410244035574384
.17196992735794567
.05930100439494766
.2072934325569356
.019410244035574384
.23658924691643077
.019410244035574384
.019410244035574384
.019410244035574384
.019410244035574384
.019410244035574384
.033671584205546
.019410244035574384
.019410244035574384
.14826546192796775
.019410244035574384
.22389787397031727
.019410244035574384
.019410244035574384
.010051334388606746
.019410244035574384
.019410244035574384
.019410244035574384
.11983916064177283
.019410244035574384
.019410244035574384
.019410244035574384
.019410244035574384
.019410244035574384
.019410244035574384
.019410244035574384
.019410244035574384
.019410244035574384
.019410244035574384
.019410244035574384
.019410244035574384
.019410244035574384
.019410244035574384
.019410244035574384
.019410244035574384
.019410244035574384
.019410244035574384
.019410244035574384
.019410244035574384
.019410244035574384
.019410244035574384
.019410244035574384
.11983916064177283
.019410244035574384
.019410244035574384
.019410244035574384
.019410244035574384
.019410244035574384
.019410244035574384
.019410244035574384
.019410244035574384
.019410244035574384
.019410244035574384
.22389787397031727
.1914856589552082
.15891542075169926
.019410244035574384
9999999999985037e-28
.20138653920077582
.20138653920077582
.15891542075169926
.15891542075169926
.22389787397031727
.22389787397031727
.22389787397031727
.22389787397031727
