6110213424600664e-27
40.55944483598337
.1587910783989714
.28180060592651657
11.31599385012575
.37934407227856154
5.7069154898053
.20691496217583155
.002705341463684038
.34440716325820664
.026681646559114643
8.35943550254516
.7280035128419251
.6188214599292481
.00883284787947329
8.120673105619622
.9881122367809309
.003899150311616075
.07612500466957173
.004281165855982377
.0017602857263669877
.04007128157793608
.00013241988681026736
25434428980370267e-21
.2713461401310949
4400629016988102e-23
14031365434474296e-30
.004968105681165477
.006518856386337654
.006129054180046983
.0022812582476352005
.0001738345501498931
.013796351620348823
.0012390530395701184
.01084002989679667
3656397107405153e-20
.0004815264157437476
.0027433404335523597
.0004894737862197384
.005728486368519263
15100171151076163e-21
9.57157447440667
13.985714972497602
.0052121177922005565
6334033982179818e-20
.12164449058589463
.007144824652387749
.007255457563223934
.42946002738259753
8043411646832504e-26
.44015709282056986
3158011076558678e-26
3.8245646765563213
17.59414161384132
1469541406204543e-24
19018479379212656e-26
.007255926924938592
3.062227365543322
13.740134497192514
2718855176030406e-26
2001097925945746e-26
43.31505069346196
27.770666825058132
9.181882474573317
.0024135008922980777
.0006455093791252223
.0013896212823375058
.006829752627551071
49245088716030435e-25
0
716009729661863e-26
23.93694523954771
3.3885735473747984
9.65140399010903
16.935433953472703
.00149960627858824
.00842375734294974
.0004104377059535408
2.0929528639280903
.0003728028745302873
.0034693567543367713
.011104119360469624
.0016132799113485312
.873661709533635
1.363704855003033
.00011986145639822195
.02487470382672721
1.350586840601823
1.6633279631185494
3.290849348969754
.0034212752893897614
.0004492633608421917
.6041360811783432
.7544326290488826
10005590553736915e-27
.46271841661246377
.7541102592459041
1.9849156149796683
2.61843855734867
3075437899398044e-25
6.352689033988994
2.027864661402501
.5414406148903612
1.0795867211516905
.9255876354125382
.000861097485112497
49.308982681117804
8.249503389398772
.47097205684268295
.06514645599068394
5961217007584803e-28
7090705142161977e-30
29943857902945885e-25
4.9285310470361985
.010170860749056132
.0004987881454973212
.5218736870430392
.001296173066020284
.00022011690821974409
.015119482156076294
34613550686409662e-31
0
0
0
0
0
0
0
0
0
0
0
0
0
0
0
0
0
0
0
1.9940732224331075
0
0
0
0
.6057148149558684
1325.9962642787536
.004757836540604901
.10596019464746849
.020445513036324893
.22468685265760743
.5246171674817137
.9754863007663347
1.355635656786455
1.3443914550042764
.007846142321633774
5.913072535995266
5.961582628083309
.14872335127168834
.3798388995977129
5.394269673580378
3.8240785314595667
886432705311981e-25
15327635005350394e-26
.019999999999997554
.019999999999997554
.9999999999938898
7.999999999608947
.019999999999997554
.019999999999997554
.019999999999997554
.019999999999997554
.019999999999997554
.019999999999997554
.019999999999997554
.019999999999997554
.019999999999997554
.019999999999997554
.019999999999997554
.019999999999997554
.019999999999997554
.019999999999997554
.019999999999997554
.019999999999997554
.019999999999997554
.019999999999997554
.019999999999997554
.019999999999997554
.019999999999997554
.019999999999997554
.019999999999997554
.019999999999997554
.019999999999997554
.019999999999997554
.019999999999997554
.019999999999997554
.019999999999997554
.019999999999997554
.019999999999997554
.019999999999997554
.019999999999997554
.019999999999997554
.019999999999997554
.019999999999997554
.019999999999997554
.019999999999997554
.019999999999997554
.019999999999997554
.019999999999997554
.019999999999997554
.019999999999997554
.019999999999997554
.49999999999847244
3.9999999999022364
.019999999999997554
3.9999999999022364
.2499999999996181
.0999999999999389
.019999999999997554
.019999999999997554
2.999999999945008
.019999999999997554
.019999999999997554
.019999999999997554
.019999999999997554
.019999999999997554
.019999999999997554
.019999999999997554
.019999999999997554
.019999999999997554
.019999999999997554
1.4999999999862519
.019999999999997554
.019999999999997554
.019999999999997554
.019999999999997554
.019999999999997554
.019999999999997554
.019999999999997554
.019999999999997554
.019999999999997554
.019999999999997554
.019999999999997554
.019999999999997554
.019999999999997554
.019999999999997554
.019999999999997554
.019999999999997554
.019999999999997554
.019999999999997554
.49999999999847244
.49999999999847244
.2499999999996181
.019999999999997554
.019999999999997554
.019999999999997554
.019999999999997554
.2499999999996181
2.499999999961811
.34999999999925147
.019999999999997554
.49999999999847244
.019999999999997554
.019999999999997554
.019999999999997554
.019999999999997554
.019999999999997554
2.999999999945008
.019999999999997554
.019999999999997554
.1999999999997556
.019999999999997554
.9999999999938898
.019999999999997554
.019999999999997554
3.9999999999022364
.019999999999997554
.019999999999997554
.019999999999997554
.14999999999986252
.019999999999997554
.019999999999997554
.019999999999997554
.019999999999997554
.019999999999997554
.019999999999997554
.019999999999997554
.019999999999997554
.019999999999997554
.019999999999997554
.019999999999997554
.019999999999997554
.019999999999997554
.019999999999997554
.019999999999997554
.019999999999997554
.019999999999997554
.019999999999997554
.019999999999997554
.019999999999997554
.019999999999997554
.019999999999997554
.019999999999997554
.14999999999986252
.019999999999997554
.019999999999997554
.019999999999997554
.019999999999997554
.019999999999997554
.019999999999997554
.019999999999997554
.019999999999997554
.019999999999997554
.019999999999997554
.9999999999938898
.29999999999945004
1.4999999999862519
.019999999999997554
1e-12
.3299999999993346
.3299999999993346
1.4999999999862519
1.4999999999862519
.9999999999938898
.9999999999938898
.9999999999938898
.9999999999938898
