3.0358884050246697
.007310894538011186
.0003424817778347958
17879120014389468e-21
7084371524300054e-28
.0012934452661355384
6.390734150627979
.7247508280086077
.04310927177966107
.020010081664244127
.0650383446703329
.7042455626671484
.6696090797148213
.05310864929642691
.0008580822109812236
.005031960607040387
.0005848670320176914
.0021004226240674438
.07165335310663228
.004771084028924246
.0019609122798369912
.002620921033390801
4905902343142972e-20
.001780281343249563
.07590230481446886
3.7611284385064
4836551941802817e-21
.005309229146951154
.0060302996821961705
.005810083968215989
12054500339460073e-22
.00016359379592517865
.012983552502452898
.001165618446339045
.010201434161591274
3114147510463898e-21
.0024063614247153706
.0025802142611417605
4583520154567317e-20
.005374378512590229
47011723034857615e-22
.005808486968286799
.005808094703166862
.02057506621017042
.000605160363301914
.11132792772596715
.0072343958831034205
.0005628184222766808
.03046719435958825
.06516713168461592
2534277338443583e-21
.14192256466059233
20974827400319634e-21
8.472380075800132
8.16345565599856
1.088392534125445
.006725765911366064
.0006740522741465714
.0007470216299340783
.18925924759499507
.10394123187143996
9.521487933004401
7.499388583224035
2.6978705662970586
.0015677065819641781
.00033734984598083803
.0013643215643758264
.0060953637330090705
.0059282644527964955
3.4550999353032443
.0006837492177564833
9.521487933004401
3.190221144107947
9.521487933004401
8.775732867243441
.001407334506366424
.00922392739541552
.00015145852334573297
2.0951162671120658
.0001986535360066474
.0018237273680777666
.010575806466715753
7204396512339247e-20
.6728631545585815
.04419990627355238
15173196936968959e-21
.0005543555337907795
.36674080912682666
.3401267876718419
2.4590864507418497
.00013031976580481683
.0004470955861998461
.6114320016842005
.7476903402503576
.11448339752981516
.0002147433806112014
.1562760280656195
1.1569571321716507
1.0009258758202702
.05724513208430091
1.318312952581159
1.9950708716843302
.017820253667565254
.02030177064480638
8436059832498393e-20
.00016174008354231752
3.756419884816475
4.339051517843273
.46430054097044454
.0032430201717768255
9953764423334817e-20
15336641906393938e-22
37260622469339855e-24
.04934634883480194
.015522731169356619
.000455720684072004
.35056221905687357
27908973498570233e-21
.0001546657770033369
.023912925636351876
6457667686930344e-22
0
0
0
0
0
0
0
0
0
0
0
0
0
0
0
0
0
0
0
.047744384736931655
0
0
0
0
.21940601145532207
1247.880243213793
.004477546716687719
.09971795323238336
.01924104348384225
.21145028224783466
.017594183295519036
.39530445135276804
.012840447675421836
.36041244663809485
.0042193531251773116
2.2001245471632327
2.2046873492050145
.0020497560662524135
.005132672626332912
.48696814459871984
.3535092993503092
.18011526321173382
.31140275471659346
.018821776151720867
.018821776151720867
.04803393843425063
29243023160136e-23
.018821776151720867
.018821776151720867
.018821776151720867
.018821776151720867
.018821776151720867
.018821776151720867
.018821776151720867
.018821776151720867
.018821776151720867
.018821776151720867
.018821776151720867
.018821776151720867
.018821776151720867
.018821776151720867
.018821776151720867
.018821776151720867
.018821776151720867
.018821776151720867
.018821776151720867
.018821776151720867
.018821776151720867
.018821776151720867
.018821776151720867
.018821776151720867
.018821776151720867
.018821776151720867
.018821776151720867
.018821776151720867
.018821776151720867
.018821776151720867
.018821776151720867
.018821776151720867
.018821776151720867
.018821776151720867
.018821776151720867
.018821776151720867
.018821776151720867
.018821776151720867
.018821776151720867
.018821776151720867
.018821776151720867
.018821776151720867
.018821776151720867
.018821776151720867
.10958125814131994
21576082505795786e-21
.018821776151720867
21576082505795786e-21
.11703686464291425
.07381643101545664
.018821776151720867
.018821776151720867
.00033373702970399796
.018821776151720867
.018821776151720867
.018821776151720867
.018821776151720867
.018821776151720867
.018821776151720867
.018821776151720867
.018821776151720867
.018821776151720867
.018821776151720867
.015793577793056127
.018821776151720867
.018821776151720867
.018821776151720867
.018821776151720867
.018821776151720867
.018821776151720867
.018821776151720867
.018821776151720867
.018821776151720867
.018821776151720867
.018821776151720867
.018821776151720867
.018821776151720867
.018821776151720867
.018821776151720867
.018821776151720867
.018821776151720867
.018821776151720867
.10958125814131994
.10958125814131994
.11703686464291425
.018821776151720867
.018821776151720867
.018821776151720867
.018821776151720867
.11703686464291425
.00126633738522814
.12094946298638672
.018821776151720867
.10958125814131994
.018821776151720867
.018821776151720867
.018821776151720867
.018821776151720867
.018821776151720867
.00033373702970399796
.018821776151720867
.018821776151720867
.10897731563817457
.018821776151720867
.04803393843425063
.018821776151720867
.018821776151720867
21576082505795786e-21
.018821776151720867
.018821776151720867
.018821776151720867
.09513073017798894
.018821776151720867
.018821776151720867
.018821776151720867
.018821776151720867
.018821776151720867
.018821776151720867
.018821776151720867
.018821776151720867
.018821776151720867
.018821776151720867
.018821776151720867
.018821776151720867
.018821776151720867
.018821776151720867
.018821776151720867
.018821776151720867
.018821776151720867
.018821776151720867
.018821776151720867
.018821776151720867
.018821776151720867
.018821776151720867
.018821776151720867
.09513073017798894
.018821776151720867
.018821776151720867
.018821776151720867
.018821776151720867
.018821776151720867
.018821776151720867
.018821776151720867
.018821776151720867
.018821776151720867
.018821776151720867
.04803393843425063
.12066477755218032
.015793577793056127
.018821776151720867
9999999999969619e-28
.12117671587273822
.12117671587273822
.015793577793056127
.015793577793056127
.04803393843425063
.04803393843425063
.04803393843425063
.04803393843425063
