-.005613156976944353
.0015648662146876898
-706623253717583e-20
.0012548831896620441
.0012735546699725194
-19542964652751768e-23
-5379457281072289e-22
-5777408071528276e-22
.0010856574181060204
.0007317761977285976
.00913142067983829
.015894747018456053
14918509207496366e-22
7137752541112228e-22
.0003539528253913069
.006669239690927352
2343650132555063e-22
.0012735770514471193
.0004073910751846399
.0022128302355085613
.04434521022567198
.00023730719121211802
.052488052343837605
.0024844760491616216
.002024606791555137
.008498812041294736
.008247662687261955
.010606028990408757
.0007586801298503132
.001978241358632129
-5004562253928527e-22
-47223917692341597e-23
.0016684347892411753
.0015558971061641637
