0
38.815397021847346
.14984207427060917
.3218592600694903
10.775865176061625
.3544013186105213
5.675583919220751
.20469727357353298
.0024946017870689507
.3308476835708539
.027736768813185753
7.669956810081809
.7311896240573552
.5888682351076279
.008795799702732993
7.8190380216137205
.8923694741464948
.003945549801052791
.07807980966791606
.00450509800504673
.001890471647314792
.043150687481932216
.000134929668179749
15217525094380607e-21
.29491093270705393
0
0
.00552524557952113
.0063689648320031005
.006157704269262182
.0022848312143653985
.00019121290698578935
.01387476051810857
.0013227340859073092
.010473986383232069
3449941634959161e-20
.00047590477569065453
.0030153001142481967
.0004938689496687468
.005304457701058994
15242442539501845e-21
9.31890453725877
14.138013765170069
.0054789524581523984
5506133872108293e-20
.12024813649217218
.007088093841579631
.00737688495555735
.36442083363869276
0
.45181489542678477
0
4.053414109087086
18.62225063938721
0
0
.0071108688789013365
2.916120713511493
14.888869695985736
0
0
42.46791794632299
27.85490768267893
8.919812461161596
.002628576695653585
.0006301652617207378
.0013561908488391274
.006659559296637578
0
0
0
23.3825921570676
3.555796790838431
9.169157068840919
17.847060386268385
.0014772138572187498
.008394267897806713
.00043768282033232984
2.235196596443624
.0003898285373923096
.003498335730851842
.011078510029550875
.001701000010002119
.9534468521341414
1.4350593465989994
.00013307112798901377
.026294661440863357
1.3667401321373343
1.7159443464890238
3.1538997148102093
.0034913972099447138
.00040192280310850345
.6348106551225134
.8067245272763189
0
.5123441712014171
.7511484864318864
2.1727772793274975
2.700982552682398
0
6.170550025210374
1.9815232627393005
.4915616254062134
1.1497834898057777
.9060197845601058
.0007928944522104326
50
7.7978767408346625
.47596990296224867
.06624939576378865
0
0
0
5.106622374460891
.009994379953071297
.0005041151395236516
.4900386877221428
.0012731530836969402
.00023864008220488806
.015728916595194375
0
0
0
0
0
0
0
0
0
0
0
0
0
0
0
0
0
0
0
0
1.9097770151364657
0
0
0
0
.6223335997052665
1310.9001140865407
.004447860593328558
.11153049871891937
.020490459612439612
.22688087738719645
.5488848976747874
1.0383743640940728
1.371492139289309
1.4250785853820687
.007572257061541297
5.6672870451283615
6.231259162615565
.13733272588133347
.3416328632969529
5.6937702389059535
3.8591459985992773
0
0
.02
.02
1
8
.02
.02
.02
.02
.02
.02
.02
.02
.02
.02
.02
.02
.02
.02
.02
.02
.02
.02
.02
.02
.02
.02
.02
.02
.02
.02
.02
.02
.02
.02
.02
.02
.02
.02
.02
.02
.02
.02
.02
.02
.02
.02
.02
.02
.5
4
.02
4
.25
.1
.02
.02
3
.02
.02
.02
.02
.02
.02
.02
.02
.02
.02
1.5
.02
.02
.02
.02
.02
.02
.02
.02
.02
.02
.02
.02
.02
.02
.02
.02
.02
.02
.5
.5
.25
.02
.02
.02
.02
.25
2.5
.35
.02
.5
.02
.02
.02
.02
.02
3
.02
.02
.2
.02
1
.02
.02
4
.02
.02
.02
.15
.02
.02
.02
.02
.02
.02
.02
.02
.02
.02
.02
.02
.02
.02
.02
.02
.02
.02
.02
.02
.02
.02
.02
.15
.02
.02
.02
.02
.02
.02
.02
.02
.02
.02
1
.3
1.5
.02
1e-12
.33
.33
1.5
1.5
1
1
1
1
