1.492413324081788
.9113074627037928
.01569420821264283
.003979847985057201
5811746876652515e-21
.041969917754377105
6.763805024796399
.7005669517640698
.05733852401341011
.06620777660881486
.06931115509984104
5.386609257738056
.6980330852188698
.42280735690152127
.006564255911111249
3.447677030873199
.37998808094840486
.0032487638913398587
.07590279989073148
.004854487337729511
.0020354581222554015
.009090303154640619
.0001859905138783853
.0027609326284275164
.2945974125244073
15.468731467003531
.00016100042409454248
.006064663364113169
.006120787217059769
.006010195907110476
13360315192435697e-22
.00018558990108599502
.013466722569029465
.0012836026740623888
.010165977627208023
2470387786023366e-20
.0021477708575995094
.0029258690352049104
.00036114264569920906
.0051410402978149085
38170359302520586e-21
.006015571839011925
.006199750175518137
.01961584227619077
.00031258214129704443
.11397561700463131
.007381453967568913
.0007929575312464283
.037607472965894395
.31051459702471923
.0011942709309022297
.5360256768794236
.00994566591174482
12.541618337136596
11.716899333141159
1.3575789639231644
.006852034226291098
.06632001560561139
.07330889134145105
.21889166305861046
.13938985889804095
30.101155678909493
23.971393409314253
7.818681848759487
.002427552572505524
.0005397564037706756
.0013424997370365826
.006435525924657026
3.865156056223063
7.60346458668105
.02304494665567058
22.32540056126895
3.4550135897658305
9.343476511780546
20.969369574500558
.0014329174001952451
.009362710341942113
.0006217083034981899
2.281333125156575
.000319241417701515
.0028607365438782753
.01084580548624363
.0003856260729385894
.9319014335507031
.7116052004468052
29960004875814316e-21
.009987151941623659
.7940309785738702
.7166714376564068
3.3053105261094924
.00017729287863707134
4866491379171478e-20
.6451368990601758
.8189758181356537
.08094359528239255
.011669761083607899
.26399670453266944
1.6081836182789553
1.5081744005443969
2.253278700396768
1.578339813264981
2.0422489374443407
.023815327078888723
.041647542233085734
.009023607571172662
.0001319328542354102
6.4135900654471385
5.768476256856294
.5556089035614749
.01654490989459044
.004600160746570795
6961594881269266e-20
.0006801932040262674
.10400105043079809
.021395437612359635
.0008623705701594822
.4182018457003927
5451606601794153e-20
.00021321397464541518
.03567893955530261
22446991143238912e-21
0
0
0
0
0
0
0
0
0
0
0
0
0
0
0
0
0
0
0
.7477335248681487
0
0
0
0
.5734092765737933
1272.35020417088
.004317061439870773
.10825069834949227
.01988789244221669
.22020894465114887
.11168526139239357
.653347262925881
.13734201882224403
.432885128274743
.006008569456579271
2.803664797849513
3.2751442818077954
.01499879310277037
.03733395740857641
.8575154606655001
.5764773257308148
.24765528382707816
.4317841062159527
.01941185587671532
.01941185587671532
.22482938255541596
5189892633258307e-20
.01941185587671532
.01941185587671532
.01941185587671532
.01941185587671532
.01941185587671532
.01941185587671532
.01941185587671532
.01941185587671532
.01941185587671532
.01941185587671532
.01941185587671532
.01941185587671532
.01941185587671532
.01941185587671532
.01941185587671532
.01941185587671532
.01941185587671532
.01941185587671532
.01941185587671532
.01941185587671532
.019411856165974514
.01941185587671532
.01941185587671532
.01941185587671532
.01941185587671532
.01941185587671532
.01941185587671532
.01941185587671532
.01941185587671532
.01941185587671532
.01941185587671532
.01941185587671532
.01941185587671532
.01941185587671532
.01941185587671532
.01941185587671532
.01941185587671532
.01941185587671532
.01941185587671532
.01941185587671532
.01941185587671532
.01941185587671532
.01941185587671532
.01941185587671532
.23708089978761418
.010218824664220099
.01941185587671532
.010218824664220099
.1721485189921283
.08613612154401823
.01941185587671532
.01941185587671532
.03409293670031031
.01941185587671532
.01941185587671532
.01941185587671532
.01941185587671532
.01941185587671532
.01941185587671532
.01941185587671532
.01941185587671532
.01941185587671532
.01941185587671532
.15990810562533403
.01941185587671532
.01941185587671532
.01941185587671532
.01941185587671532
.01941185587671532
.01941185587671532
.01941185587671532
.01941185587671532
.01941185587671532
.01941185587671532
.01941185587671532
.01941185587671532
.01941185587671532
.01941185587671532
.01941185587671532
.01941185587671532
.01941185587671532
.01941185587671532
.23708089978761418
.23708089978761418
.1721485189921283
.01941185587671532
.01941185587671532
.01941185587671532
.01941185587671532
.1721485189921283
.05991926181846985
.20759488046122132
.01941185587671532
.23708089978761418
.01941185587671532
.01941185587671532
.01941185587671532
.01941185587671532
.01941185587671532
.03409293670031031
.01941185587671532
.01941185587671532
.14838862868830174
.01941185587671532
.22482938255541596
.01941185587671532
.01941185587671532
.010218824664220099
.01941185587671532
.01941185587671532
.01941185587671532
.1199138172868983
.01941185587671532
.01941185587671532
.01941185587671532
.01941185587671532
.01941185587671532
.01941185587671532
.01941185587671532
.01941185587671532
.01941185587671532
.01941185587671532
.01941185587671532
.01941185587671532
.01941185587671532
.01941185587671532
.01941185587671532
.01941185587671532
.01941185587671532
.01941185587671532
.01941185587671532
.01941185587671532
.01941185587671532
.01941185587671532
.01941185587671532
.1199138172868983
.01941185587671532
.01941185587671532
.01941185587671532
.01941185587671532
.01941185587671532
.01941185587671532
.01941185587671532
.01941185587671532
.01941185587671532
.01941185587671532
.22482938255541596
.1917243142954094
.15990810562533403
.01941185587671532
999999999998506e-27
.2016626510532441
.2016626510532441
.15990810562533403
.15990810562533403
.22482938255541596
.22482938255541596
.22482938255541596
.22482938255541596
