1.481972300232854
.9595902595421743
.01616609582376897
.004137958278352471
6501766388608112e-21
.043184694297081286
6.7660643785059795
.7000927596360434
.05721561630982413
.06780992806901613
.0693000499260044
5.476135328836098
.6982378868295218
.4296470540686333
.006660379395060455
3.5122826996777103
.3875852767418566
.0032514498189793314
.07591886291075467
.004853036063938053
.00203485792690188
.009292901954696904
.00018976934630948096
.0027605678691498773
.3013743414944878
15.381143468010883
.0001615366823986021
.006066303091879816
.006122397440647612
.00601133444717743
13364565209685867e-22
.0001856286599002637
.013469535130284024
.0012838725454492684
.010168100700714245
25109839365130812e-21
.0021454880723956495
.0029264859354783106
.00036671508759080856
.005142163709623656
38808993510057845e-21
.006017544150984157
.006223819469581248
.019581266715277917
.00031096451819958746
.11400372915653531
.007380667378824633
.0007952388810427854
.037773152214026155
.31355455678073163
.0012449435863383664
.5368144674221951
.010366072885989683
12.570479795785761
11.736369827351258
1.3585133069889699
.00685373525128396
.06840194514777126
.07561654604925279
.21906619350921755
.13947337006405622
30.240369330228614
24.098614740331435
7.85038334959597
.002428824803479661
.0005408631307590088
.0013413862091434894
.006442949554462008
3.9919230163675965
7.633097599405206
.02326791842910553
22.33012082193539
3.4557504616125665
9.344131442875655
20.973729600870918
.0014332433801471877
.009363277895055429
.0006218528968813969
2.281481718470685
.0003195077881772747
.0028631426033994224
.010847744456091026
.00039376413684794656
.9317451654524846
.7184749599696181
3002158254893459e-20
.010111372892012568
.7966880991952386
.7185017570883468
3.3113030312395404
.00017801888446022907
4963351717980982e-20
.6451861569619549
.8185534778176331
.08042697933403684
.011956820419535562
.2645846725968205
1.6096941372929505
1.5106342310138479
2.2725545610427234
1.5787741858090196
2.042735434600578
.023877666885421745
.04183218683937175
.009308523222111316
.00013202064004995997
6.432362334542835
5.7808248335110095
.555968710479257
.01669563135544312
.004649776611920668
7030433149881551e-20
.0007159862442946528
.10457235809443222
.021425732420349588
.0008635972844036902
.41885825095363866
54759983438940155e-21
.00021319852572956912
.03573078076818369
2265180926495987e-20
0
0
0
0
0
0
0
0
0
0
0
0
0
0
0
0
0
0
0
.7559328212928114
0
0
0
0
.5742825280848163
1272.615924690376
.004317963024831217
.1082733056723087
.019892045875048392
.22025493358955478
.1129004134023624
.6553649179074031
.13953629908661205
.4331942596836722
.00601346090186839
2.825090066946603
3.2965361496918373
.01520547588190811
.03785112551102379
.8594181435407351
.5776626337039609
.2478575723572833
.4321402205682798
.01941590989298461
.01941590989298461
.2271891235449049
5633870774700921e-20
.01941590989298461
.01941590989298461
.01941590989298461
.01941590989298461
.01941590989298461
.01941590989298461
.01941590989298461
.01941590989298461
.01941590989298461
.01941590989298461
.01941590989298461
.01941590989298461
.01941590989298461
.01941590989298461
.01941590989298461
.01941590989298461
.01941590989298461
.01941590989298461
.01941590989298461
.01941590989298461
.01941590989298461
.01941590989298461
.01941590989298461
.01941590989298461
.01941590989298461
.01941590989298461
.01941590989298461
.01941590989298461
.01941590989298461
.01941590989298461
.01941590989298461
.01941590989298461
.01941590989298461
.01941590989298461
.01941590989298461
.01941590989298461
.01941590989298461
.01941590989298461
.01941590989298461
.01941590989298461
.01941590989298461
.01941590989298461
.01941590989298461
.01941590989298461
.23832181957605614
.010654298179299585
.01941590989298461
.010654298179299585
.17259845765838439
.08622610344091015
.01941590989298461
.01941590989298461
.03517748489502169
.01941590989298461
.01941590989298461
.01941590989298461
.01941590989298461
.01941590989298461
.01941590989298461
.01941590989298461
.01941590989298461
.01941590989298461
.01941590989298461
.1624321946660584
.01941590989298461
.01941590989298461
.01941590989298461
.01941590989298461
.01941590989298461
.01941590989298461
.01941590989298461
.01941590989298461
.01941590989298461
.01941590989298461
.01941590989298461
.01941590989298461
.01941590989298461
.01941590989298461
.01941590989298461
.01941590989298461
.01941590989298461
.01941590989298461
.23832181957605614
.23832181957605614
.17259845765838439
.01941590989298461
.01941590989298461
.01941590989298461
.01941590989298461
.17259845765838439
.06150373210349867
.208354894355667
.01941590989298461
.23832181957605614
.01941590989298461
.01941590989298461
.01941590989298461
.01941590989298461
.01941590989298461
.03517748489502169
.01941590989298461
.01941590989298461
.14869881828639345
.01941590989298461
.2271891235449049
.01941590989298461
.01941590989298461
.010654298179299585
.01941590989298461
.01941590989298461
.01941590989298461
.1201017678819356
.01941590989298461
.01941590989298461
.01941590989298461
.01941590989298461
.01941590989298461
.01941590989298461
.01941590989298461
.01941590989298461
.01941590989298461
.01941590989298461
.01941590989298461
.01941590989298461
.01941590989298461
.01941590989298461
.01941590989298461
.01941590989298461
.01941590989298461
.01941590989298461
.01941590989298461
.01941590989298461
.01941590989298461
.01941590989298461
.01941590989298461
.1201017678819356
.01941590989298461
.01941590989298461
.01941590989298461
.01941590989298461
.01941590989298461
.01941590989298461
.01941590989298461
.01941590989298461
.01941590989298461
.01941590989298461
.2271891235449049
.19232579524569296
.1624321946660584
.01941590989298461
9999999999985165e-28
.20235868575434068
.20235868575434068
.1624321946660584
.1624321946660584
.2271891235449049
.2271891235449049
.2271891235449049
.2271891235449049
