3.0071475397047087
.01636558896352617
.0016177314864750613
.00011134905488766872
32162965584890614e-28
.005656716787788667
6.3916950493670255
.7274009778970894
.0475403835720094
.009075923534715306
.06830104977180282
.7180332440005318
.6734687794917072
.057735633204514324
.0009758756119468063
.011246566903540424
.0011933802018776253
.0023032349277848133
.073537034498783
.005016081498147238
.0021021126358309527
.0012187354338827096
2748861093580829e-20
.001960221359849121
.03845143082894134
4.1441338974141875
7086917363162876e-21
.005802390543261098
.0058908503016094
.005841706912422032
12982802335787409e-22
.00018005185259871862
.013064850520652427
.0012450540474587763
.009862622520662405
33380595965186915e-22
.002299184810876966
.0028377620158478046
51460202237416265e-21
.0049807855436773425
5183823506868515e-21
.005839970975549977
.005839559916076375
.020210327967630757
.0005209525103975158
.11013743874350192
.007297907462152045
.00046109879334724164
.02049158105089924
.08168659903500007
28736560222155157e-22
.13546460800888296
24212431140076952e-21
8.920265676585775
8.527746134748863
1.1541505818655278
.006594167838370633
.0007137262461316098
.0007853051246649799
.18102283460392318
.12112373367254536
9.90469947060388
7.9008760694647
2.6809356326999656
.0018114640264272446
.00036074266330219995
.0013275133697452182
.005991559704989111
.008938345286684761
3.8536710424359026
.0009892976030930322
9.90469947060388
3.349352702641686
9.31458708845157
9.124774023976515
.00138759215599621
.00913063242521548
.0001591780820285781
2.2419640665355582
.00022376035879394593
.002014204117635713
.010552681732285345
3969144022632342e-20
.7130178073295544
.06241144459921582
1885793539417308e-20
.0008419441707667643
.3654025257848944
.3406736114896931
2.3452650678755056
.00013238994995043072
.0003584363264449896
.6424247893702603
.7630934945116151
.1335635489208324
.00029191230805595555
.15002562300691144
1.1651826423279368
1.0219795489052301
.09071476287104777
1.2728434741380563
1.967177474495805
.01665691289072707
.02482733875063931
8652330484195024e-20
9887067541817477e-20
3.708638821263713
4.147681792139017
.46361474885416043
.0033248558053893245
.00014534754427303234
21282308759610894e-22
6491684972765438e-23
.053453890783507464
.016564914714517088
.0005331950138801357
.3315380600000089
311233666144734e-19
.00016260906785016781
.027408186535411556
8349824323423863e-22
0
0
0
0
0
0
0
0
0
0
0
0
0
0
0
0
0
0
0
.0794325784227793
0
0
0
0
.21577372227238922
1234.3827659094488
.0041882386022968135
.10502045427606957
.01929442978863705
.21363782179263865
.020016466735966913
.4142853579392317
.013049392647085054
.37283437643267037
.004190254715983385
2.117405502816202
2.318755836729636
.0018573929154003454
.0045863304579172965
.5122772894754981
.35624410222667574
.17892392630531412
.3110369495068876
.018832598344376367
.018832598344376367
.04943257491202835
2843805603256184e-25
.018832598344376367
.018832598344376367
.018832598344376367
.018832598344376367
.018832598344376367
.018832598344376367
.018832598344376367
.018832598344376367
.018832598344376367
.018832598344376367
.018832598344376367
.018832598344376367
.018832598344376367
.018832598344376367
.018832598344376367
.018832598344376367
.018832598344376367
.018832598344376367
.018832598344376367
.018832598344376367
.018832598344376367
.018832598344376367
.018832598344376367
.018832598344376367
.018832598344376367
.018832598344376367
.018832598344376367
.018832598344376367
.018832598344376367
.018832598344376367
.018832598344376367
.018832598344376367
.018832598344376367
.018832598344376367
.018832598344376367
.018832598344376367
.018832598344376367
.018832598344376367
.018832598344376367
.018832598344376367
.018832598344376367
.018832598344376367
.018832598344376367
.018832598344376367
.11116709770215163
2389004773986552e-20
.018832598344376367
2389004773986552e-20
.11788081139117686
.0740288907263488
.018832598344376367
.018832598344376367
.0003624133778764945
.018832598344376367
.018832598344376367
.018832598344376367
.018832598344376367
.018832598344376367
.018832598344376367
.018832598344376367
.018832598344376367
.018832598344376367
.018832598344376367
.01648594019006969
.018832598344376367
.018832598344376367
.018832598344376367
.018832598344376367
.018832598344376367
.018832598344376367
.018832598344376367
.018832598344376367
.018832598344376367
.018832598344376367
.018832598344376367
.018832598344376367
.018832598344376367
.018832598344376367
.018832598344376367
.018832598344376367
.018832598344376367
.018832598344376367
.11116709770215163
.11116709770215163
.11788081139117686
.018832598344376367
.018832598344376367
.018832598344376367
.018832598344376367
.11788081139117686
.0013583001067915329
.12217220260903171
.018832598344376367
.11116709770215163
.018832598344376367
.018832598344376367
.018832598344376367
.018832598344376367
.018832598344376367
.0003624133778764945
.018832598344376367
.018832598344376367
.10960553356309376
.018832598344376367
.04943257491202835
.018832598344376367
.018832598344376367
2389004773986552e-20
.018832598344376367
.018832598344376367
.018832598344376367
.09554173466373868
.018832598344376367
.018832598344376367
.018832598344376367
.018832598344376367
.018832598344376367
.018832598344376367
.018832598344376367
.018832598344376367
.018832598344376367
.018832598344376367
.018832598344376367
.018832598344376367
.018832598344376367
.018832598344376367
.018832598344376367
.018832598344376367
.018832598344376367
.018832598344376367
.018832598344376367
.018832598344376367
.018832598344376367
.018832598344376367
.018832598344376367
.09554173466373868
.018832598344376367
.018832598344376367
.018832598344376367
.018832598344376367
.018832598344376367
.018832598344376367
.018832598344376367
.018832598344376367
.018832598344376367
.018832598344376367
.04943257491202835
.12170964260507729
.01648594019006969
.018832598344376367
9999999999969907e-28
.12233142877845503
.12233142877845503
.01648594019006969
.01648594019006969
.04943257491202835
.04943257491202835
.04943257491202835
.04943257491202835
