.05494936610752933
.03473280873510637
.00039901954168715853
.0011047138790543213
-.013052935947825967
-20309137851339683e-22
4829574664825238e-23
.0020901946591643994
-7677977113985483e-21
2473961253614766e-21
-.0001868319788817737
-3068201309898555e-21
28236299576124384e-22
-9047213179849588e-22
.10112501465258603
.000618701575578236
.002345282334873683
11257308804472642e-23
-16045858809959627e-24
396008202807902e-20
-5660496616415069e-20
.10057181343606299
4220944912857607e-21
-.0016862307852205452
-.0793749137217095
9241053509539047e-23
-3210419101345215e-22
36570650015782e-20
11756446112034063e-23
14665535533488408e-22
-10208737482727583e-25
8951912659070064e-26
-23374570352438045e-25
-2527344295157721e-23
6461976687673093e-25
-3143366311319291e-24
-22366739125920223e-25
17551677230756842e-25
-20463479496736215e-24
35463802335468293e-26
.0008798748601620478
.0750846459919839
-.04854861211539138
-7472179281782721e-25
-8491700164844353e-22
22522528491231556e-22
1170646954003674e-21
-.03652072742974643
-.0005357719554529282
-.059012534304261684
5525055588847056e-20
-.03724280856372635
-.03771054955460564
.0005814435707934685
.0007886619215462264
1684131794333154e-20
.002934808588318436
-.04199935558686445
.0005697092413598479
.0014873218243664468
.028542115045694785
-.06619104092808495
.020490773811442584
.0024169238274270215
.002420359711297692
-.03695929986151404
-.03687144394919242
-.04582382997449561
-.0015531106817500626
-.036545896012720194
-.04862270265916747
-.036987740527683464
.015192127351833905
.10490655546814656
-4131752323584298e-23
2092429550401404e-22
.00024681922865778065
.10057310047412543
-3480274804873831e-22
.0025340218067500656
.0002458817306526469
.00241528469534438
.011582534063739654
.0026767301649075373
-1564167224645794e-21
.00035365625416940936
.16471271651221864
.04082202363118532
.27869858024944516
16565757440787313e-22
.0024213098473878382
.11123857376296734
-.07892881814961485
6258039193346101e-21
.0288406133034327
-.006691112886796407
-.00027230199032959255
.0008725221296300739
.00012733910956850737
-.17835173317080136
.03708575377335252
.03329255401259273
.03498115082413671
-.04129354729070059
6299677088343597e-21
-.05130015202571791
.12413254269227805
-.0004698755469449854
.033685348189093474
.0014204654996555675
-9366519011770149e-22
.011867841629442828
-.01559762362426505
.0003173079572143988
.0024221057836403695
.002023183977394234
.002648274367397222
-.04232596479760034
.0002595701063466183
3833754415159917e-23
0
0
0
0
0
0
0
0
0
0
0
0
0
0
0
0
0
0
0
-.04252868599472437
0
0
0
0
-.05420176997076382
.0002470286938099641
-47390121364941424e-24
3917934407617665e-22
-32607490071137194e-25
0
.02716123632438538
-.27529567649973924
-.0001655785913860612
.0025462671466916433
.7836705786008532
.0269397252934426
.026955392693960314
.003036648332017822
-.04028091708110842
.0011452664632505408
.0010085835920922
-27659266400223506e-21
-.031731987883337774
