43658715175043885e-23
18602667347445547e-24
-9444184857453204e-23
.11031953453782821
28812116240450666e-25
-21271167298505557e-26
-.03658929457037374
14807485597533955e-22
.0002531331513812269
12817395972608353e-23
-6208929308776229e-20
-1274955233149056e-21
.00024703747486558823
4702303366172975e-24
-4695544968536327e-24
-46002159913457e-22
-.033309423375752024
.03090580130774794
.00024692019544285236
-949341444865911e-23
.0004997494157539401
-19895774095257705e-26
-2758381778323879e-21
16437963255581057e-22
-.048582041717819074
-6327520145217655e-23
-412581287774548e-19
.15097753278261258
1810717459473597e-20
.00015272997019355098
-.034137911876635084
9195724818021663e-23
12382637738113094e-22
-.03695250223718896
0
0
-.04962367442783168
-.05031995951521019
-.0048732039986372514
-.03722360788833809
.15300743733302613
.0005982032925864703
-40466676543902755e-24
0
0
-14756783387053538e-24
-11863003514771895e-24
22435402074540984e-23
.00012018109262233858
-6165555738697263e-26
-8835359941932766e-24
11473862092956424e-25
-6736462486424711e-24
-6029676375686743e-24
-30811179120343666e-25
-17729529800142341e-25
.3030863996275554
.059370029222051444
-.07043125636935028
.00024672866802654363
-5945611394557196e-24
-4303439337231099e-24
-64829632908605814e-25
15900019703063517e-25
.00024922943023954425
-.005647472386915462
-6457826794387431e-24
14530519348281307e-23
1411677024496566e-21
.001017030431199216
31491394057215445e-23
3145570616064255e-20
.00024979770026364634
.1128342527432996
0
0
0
0
0
0
0
0
.0002045199295968348
.009149189441876983
.015261712286988678
-3896578641780322e-20
-.0014402810239444459
.0002465700352729213
.04668664493804078
0
0
-.036515945652959625
-.03708228033306618
8684025676773005e-20
-.00010579650261149024
-21291913207882477e-22
-2876337111964377e-20
.0912875739874672
-.03325107878179233
-.02188244018520937
.00024668621212829527
-.037243187579408546
-15777304275828635e-21
.0002467284393081394
-.0005042846306625003
-.037219492927431284
.031637116488083296
-3987822167599594e-23
.00019683867003582873
-.04945525285553562
-.00018530051080055645
.012499750663810365
.009811261125693208
-5470238107047817e-20
.00024758451937121793
.00037521127405008576
22812437664800284e-24
-.030727470340917263
-19280155211586743e-23
-.03190985950867753
.0002528804609405799
0
0
0
0
0
0
.028299259375252832
.0005134651931932769
.014324196191521527
0
0
0
-.018564340989034877
.11014379492265389
.0002119410540457762
-53816796333253944e-21
.003219643575675373
-.023049698419828114
95885978238796e-19
-.1139805982418828
.0003538404110195377
7032690168941809e-22
-.04634610240072125
-3389810688297796e-23
-.03485152262453921
12731268138810696e-21
-179418818552321e-19
.0002448691179190853
-11702860318562007e-22
-.009359660265326822
-10509545461748255e-24
0
0
.0002471830953323923
7973770954801662e-23
-.0005744993200674528
-.00023695952292971555
.000913686291306746
.0008751132418968692
.00022442433879004133
.03533681465937555
.03566410463603557
.036029055961378405
-16986613532775604e-22
-711935535463577e-22
-.036579738536051065
.0006175691408416068
5649849685771889e-22
.00024691163468727756
.036029430301435114
.0006194027608744273
.009957767401210243
.31294045258476555
.00024780266989434316
-.1268321624483621
.026898508901327604
.06460216757034494
.00024678666503801
.0338222948587711
-4107192069435957e-21
.03185150142021342
-.11189278320077232
.3702553661973748
.037178582070142324
-.0019602252119449185
.00541734848390377
.0009978915784311854
-.00425697109912711
-.19731974027146704
-4989730903556879e-22
.0006167215096055526
-.048093588990036976
0
0
0
.03465531364057674
-.07371563922539053
.023171555877731356
-.04945933934864876
.031239610926708482
.02200882663294411
-.011756731264244242
.03426225281137867
0
.038406698126146076
.0002468233240096117
.03491305746710322
.03072972281703065
.009426600879705913
.00025271454192289503
.036462387962683473
-.3481599493609057
-.07215126219672412
.02178354361400499
-.002034850898095553
-.005218773204349071
-7433453947888834e-20
.003624334847419936
-.001977715989254571
.029324792968385013
-4883018887652062e-21
.0005929233616611097
-.032354136102274285
-.0009046629347962802
-.04775765353784928
.0002799657437436256
-.04810797918655366
.0013700851020168885
.0011021688462540227
.0001710080983379376
-2488115662206149e-20
.0002481919289359912
.0002616407928275704
.09097491757034577
.03252683976673795
.03664025306391671
-.040285692801540963
-.013657140504603028
-.005316429342215426
.0006177998479932673
-.04516235230960564
.037706070897169854
0
.10862110633527804
-.021143065281092336
-.0002921768501483743
-.07623012666418894
-.00918658570936776
0
-.0766632522215827
.02555822226230587
-.07885378178065777
.10704381658581173
0
.03405922161888617
.10883737007183478
0
.10702038307701489
-.0419376981117525
.0005852462792641165
-.048095694019137665
0
.03174541310943719
-.03483497000245922
0
0
0
0
0
.10632571930018017
0
-.04342091343755597
-.045060619154492484
-.020975705289440625
-.06835132895950398
.03197605761988149
-1880525802354877e-21
.02697552346192843
.030443290680164346
16987325180189906e-21
.00026868397736522134
-11571785346292489e-22
.10904919416671101
.00023083682539177855
.00024653875420731263
.0005602789176202423
-6031624964007443e-20
-9027322148489517e-24
0
0
-.03852891420193891
-.04996149266869925
.04659914250900507
-.19398687054710323
.025755538469691846
.0037299273372461785
.10826620760163609
.03163708785713954
.0002534189284467669
.037171451983875066
-.04810082511900164
0
-.04355496598185306
1544075812724212e-20
-14067320116573716e-23
0
0
0
0
0
35767384696003e-18
8495424397647286e-24
.032162253117536066
-.0001487414032979592
.11443805203632978
-.04177062229305473
.0024202630084686873
3898931453420722e-23
0
.11456704161050951
.03099105581879448
19099874717492376e-21
12212083171059762e-21
-.03161209455059998
-.06518820718399708
-.05333268948553058
9171293566270317e-20
-27204963354036573e-22
-24528240685851977e-25
-1427918995406368e-24
.00024667412431913285
-.03722314428206113
-.039338606193959146
.0002471817664179939
-11759647458283002e-23
.00024497347054280465
-2215094467506582e-24
-8904826784167151e-22
.00024672462982467156
-.04857667459265591
-5224359941509208e-24
-3847069644187911e-24
.021499934507614577
.00024635312936207665
.0002466753980992348
.0002467020040136362
-5911582269614772e-24
0
0
0
0
15575330629572798e-21
13633340520627227e-21
-14250314878013667e-21
-243635509851267e-19
476197883162079e-22
.0002463892379392603
.02033990425500857
-.03161393137814461
26352616772094537e-23
7617637784180344e-22
2454203979243708e-20
-7377087441351274e-24
-14529962076897232e-24
.0002462783603790438
-29921811577537e-18
-.04238245269219213
.00024668638215535166
.00024670104882677026
.3028281536983262
.031776947645547865
.009734139249444856
.031766564880274545
.000253806437063427
-931343820102677e-20
.03646092203635685
-.037197673693804854
.03563804912375917
.00023365557317779295
4484611821245126e-23
0
0
0
0
0
0
0
0
0
0
0
0
0
0
0
0
.11490524487966182
.0004322190966776559
.0011092670017009562
-.03677256889316907
.0005236788977425621
.0002615924382710058
21044286704159458e-23
-1329173920917688e-20
-3579105106313761e-24
.017338076812831543
.03605992403245291
-3652854638418947e-24
-14048790368779718e-21
-7206473590108146e-21
0
0
0
0
0
0
0
0
0
0
-.037237150608706145
.00024666895082502615
.00024662979883467517
-.03766903945414906
-11296051496777301e-21
.00024667759825408646
-11687285176219022e-25
-448672055987614e-20
29610081435093604e-25
17824181751885506e-22
-4887080328926549e-23
.0011182673682768928
.000246678572056188
0
0
0
0
0
.0002466785220203318
10202334790229705e-24
-18207360369891376e-25
12762415814992319e-23
.036764529213964815
.00024694247621990313
-.038865449869317795
.00024508433861755084
-9195570679128196e-24
.01839655695939014
-.025265071301896702
.00024666552004896274
.0002467603838824002
-2768808800193432e-24
0
0
