.011814163160464552
.0007714680839254686
31496532131122225e-21
15549263930753295e-28
.003014965806528512
6.522414681332188
.6583067650557985
.05173587034353196
.014358943309885644
.06766838177269967
.7540268576405471
.719577545310933
.054193956573868336
.0008115482558715734
.004860399504209768
.0005387562035930382
.002619861357439247
.07390408329206308
.004934720893938169
.002238691670593335
.002056845944957474
4171916921159198e-20
.0020662018776992203
.06328517625293974
3.588533779685793
527563105330637e-20
.005452979283384489
.0060341990840048895
.005304697610707578
16971649866572491e-22
.00017992540225626895
.013375665938064836
.001084604368495069
.009650801524693498
2873916498502004e-21
.0023362637156792865
.0025656991688786804
518012545797799e-19
.004835011199606811
5167949798397769e-21
.005302430855141363
.005302044105743533
.02099362326890989
.000589257552644724
.1000671355023337
.007236402159249987
.0005823147541451142
.02775449669207136
.07897235998682363
30108447399296625e-22
.15092081456062634
2479078315521422e-20
9.03403126336361
8.623020558582523
1.1777677224719776
.006561613926455033
.0007057527167290304
.0007689559093837561
.1731988290852684
.11278813781952646
9.84871437388447
7.81055780437501
2.7533598214705033
.0017378591093685763
.000289589622515434
.0013863988438250323
.005632824397612637
.006071239730552231
3.2947925970506287
.0007279604913685013
9.84871437388447
3.2069578620196593
9.566861437178078
9.102630039758996
.001373603327027124
.008650012296609865
.00015760379732647636
2.0216209810480263
.00023713598713092797
.0019130913091280077
.011003382525960932
7466420521265452e-20
.7340145944853672
.05136026960010769
1725003340924755e-20
.0005836690871609986
.4403090805361006
.4102371912407311
2.4292770902140632
.00014432332559693455
.00041191478454282604
.6953557937268583
.7224766042912827
.12911996825716743
.00024103189985088825
.1513583577701826
1.1355540194864133
.9861207008198848
.05981936650217342
1.2238433661566401
1.9932155657990502
.020022903539037566
.01782444330186413
9322799848530309e-20
.00016157825588181018
3.640646789627666
4.521256453591359
.4369353938641696
.0037677737629796975
.00010637079175640229
12477022623894358e-22
3775648798319291e-23
.0438634501074673
.016463082957952655
.0004938546890328658
.32665174844901224
27398601999379668e-21
.00019212323576951499
.024547285612848427
5727944542338262e-22
0
0
0
0
0
0
0
0
0
0
0
0
0
0
0
0
0
0
0
.0659474182195089
0
0
0
0
.06702543527384186
1247.104422625547
.004113634831647863
.09637166233931063
.01763814294513274
.20640969696578448
.01710385253936815
.4027890689190695
.01251727377446508
.3544849386446636
.003106637707357418
2.1653553483644954
2.325775547048025
.001969535643119155
.004911370731930309
.48820169895054094
.3503576399712579
.20373989233069023
.26563161681051817
.018831016893518834
.018831016893518834
.049225379295665256
2591071644951087e-25
.018831016893518834
.018831016893518834
.018831016893518834
.018831016893518834
.018831016893518834
.018831016893518834
.018831016893518834
.018831016893518834
.018831016893518834
.018831016893518834
.018831016893518834
.018831016893518834
.018831016893518834
.018831016893518834
.018831016893518834
.018831016893518834
.018831016893518834
.018831016893518834
.018831016893518834
.018831016893518834
.018831016893518834
.018831016893518834
.018831016893518834
.018831016893518834
.018831016893518834
.018831016893518834
.018831016893518834
.018831016893518834
.018831016893518834
.018831016893518834
.018831016893518834
.018831016893518834
.018831016893518834
.018831016893518834
.018831016893518834
.018831016893518834
.018831016893518834
.018831016893518834
.018831016893518834
.018831016893518834
.018831016893518834
.018831016893518834
.018831016893518834
.018831016893518834
.11093394710250813
2346155233898479e-20
.018831016893518834
2346155233898479e-20
.11775713405912841
.07399781338707569
.018831016893518834
.018831016893518834
.0003577711425739407
.018831016893518834
.018831016893518834
.018831016893518834
.018831016893518834
.018831016893518834
.018831016893518834
.018831016893518834
.018831016893518834
.018831016893518834
.018831016893518834
.016382275536809383
.018831016893518834
.018831016893518834
.018831016893518834
.018831016893518834
.018831016893518834
.018831016893518834
.018831016893518834
.018831016893518834
.018831016893518834
.018831016893518834
.018831016893518834
.018831016893518834
.018831016893518834
.018831016893518834
.018831016893518834
.018831016893518834
.018831016893518834
.018831016893518834
.11093394710250813
.11093394710250813
.11775713405912841
.018831016893518834
.018831016893518834
.018831016893518834
.018831016893518834
.11775713405912841
.0013439582267365223
.12199278760968953
.018831016893518834
.11093394710250813
.018831016893518834
.018831016893518834
.018831016893518834
.018831016893518834
.018831016893518834
.0003577711425739407
.018831016893518834
.018831016893518834
.10951352793029862
.018831016893518834
.049225379295665256
.018831016893518834
.018831016893518834
2346155233898479e-20
.018831016893518834
.018831016893518834
.018831016893518834
.09548157830342686
.018831016893518834
.018831016893518834
.018831016893518834
.018831016893518834
.018831016893518834
.018831016893518834
.018831016893518834
.018831016893518834
.018831016893518834
.018831016893518834
.018831016893518834
.018831016893518834
.018831016893518834
.018831016893518834
.018831016893518834
.018831016893518834
.018831016893518834
.018831016893518834
.018831016893518834
.018831016893518834
.018831016893518834
.018831016893518834
.018831016893518834
.09548157830342686
.018831016893518834
.018831016893518834
.018831016893518834
.018831016893518834
.018831016893518834
.018831016893518834
.018831016893518834
.018831016893518834
.018831016893518834
.018831016893518834
.049225379295665256
.12155642501042413
.016382275536809383
.018831016893518834
99999999999699e-26
.12216203874218855
.12216203874218855
.016382275536809383
.016382275536809383
.049225379295665256
.049225379295665256
.049225379295665256
.049225379295665256
