3.023149877306653
.004974187764385295
.00013869207203520532
8065462167166194e-21
27322955656733573e-29
.00054838105776476
6.242429537654525
.7455913350518568
.04297319939807552
.027742446379957365
.06496884418913036
.7335576487815484
.7026768523176247
.06202501999733128
.000998677756513943
.007566762149759931
.0011241128617941664
.00217825094970828
.07055845031109662
.004391602852695737
.0019813128386604994
.003991457263458627
8121916739536296e-20
.0017470958341902199
.10485694270042537
3.6832943379235608
4998758944488369e-21
.005464673387715771
.0060409007095396285
.006110273416409015
13068051818825242e-22
.00015251788684669769
.01326994899574093
.0012163407825879042
.010286529636606161
3376282995322692e-21
.0025632066511730614
.0026891761774396664
5817679650930428e-20
.005479513389210888
5216417488492887e-21
.0061085313033605974
.006108114923400453
.0187466182009355
.0005310352057673143
.10983966334541133
.007755020020651746
.0004588804580496163
.02618972876575464
.06861537550102906
2520948575258133e-21
.1475075766662316
21996928677587658e-21
8.544593991231421
8.173009772566267
1.141185570155847
.006369559965290549
.0006829375174134286
.0007554374213626411
.17500955594902584
.11104355386364637
9.691334969244622
7.665925393657737
2.729491256367317
.001651053304222604
.00031789837330350475
.0014653739703524471
.005851325560855073
.00644387103870798
3.345629380112265
.0007298333135869881
9.691334969244622
3.0900669916310872
9.691334969244622
9.185829022805327
.0014042776171851745
.008557134593117154
.00016129382095750563
2.1241704663525827
.0001941882055024384
.0017938496198694764
.010649534418410737
.00010513730288616663
.6662034804945487
.03439364555650923
1377871254513801e-20
.000410128286707527
.4046424220037867
.37650627909842305
2.669262444948677
.00011308240060818054
.00044187125799419386
.5919480529640856
.7486111879453128
.11583164796597735
.0002173356823024278
.1631510907982279
1.2144088142588163
1.0512224644685453
.0635355251910283
1.2232842769704693
1.911011848818835
.017906059143334995
.01810962371133318
972105820438029e-19
.00014324419208657023
3.580335319259749
4.500610923462443
.44386356597977716
.0031811397962403665
.00011102656959990314
1572586270450443e-21
4084937576362581e-23
.043513896157952196
.014211534351446327
.000448701026897286
.34692001762153823
23514349292838945e-21
.00018559392813449928
.02345669320957754
6817556646136309e-22
0
0
0
0
0
0
0
0
0
0
0
0
0
0
0
0
0
0
0
.10204518615640451
0
0
0
0
.19988049499265492
1266.9786144411362
.004415193985024567
.09909006714487026
.0196401626674518
.22023358290435324
.018789945665175774
.4339514422240491
.013422459691079148
.35485804265393456
.004909599026310219
2.105228929465161
2.3381059009266454
.00220032400088912
.005105444366534733
.5420557739235022
.34482886897003906
.16556827737601537
.32927769341591256
.018826571996846012
.018826571996846012
.04864771263265782
22667024149450378e-26
.018826571996846012
.018826571996846012
.018826571996846012
.018826571996846012
.018826571996846012
.018826571996846012
.018826571996846012
.018826571996846012
.018826571996846012
.018826571996846012
.018826571996846012
.018826571996846012
.018826571996846012
.018826571996846012
.018826571996846012
.018826571996846012
.018826571996846012
.018826571996846012
.018826571996846012
.018826571996846012
.018826571996846012
.018826571996846012
.018826571996846012
.018826571996846012
.018826571996846012
.018826571996846012
.018826571996846012
.018826571996846012
.018826571996846012
.018826571996846012
.018826571996846012
.018826571996846012
.018826571996846012
.018826571996846012
.018826571996846012
.018826571996846012
.018826571996846012
.018826571996846012
.018826571996846012
.018826571996846012
.018826571996846012
.018826571996846012
.018826571996846012
.018826571996846012
.11028116494917387
22376859699973198e-21
.018826571996846012
22376859699973198e-21
.11741016039374604
.0739105219159826
.018826571996846012
.018826571996846012
.00034530735042660775
.018826571996846012
.018826571996846012
.018826571996846012
.018826571996846012
.018826571996846012
.018826571996846012
.018826571996846012
.018826571996846012
.018826571996846012
.018826571996846012
.01609469924365685
.018826571996846012
.018826571996846012
.018826571996846012
.018826571996846012
.018826571996846012
.018826571996846012
.018826571996846012
.018826571996846012
.018826571996846012
.018826571996846012
.018826571996846012
.018826571996846012
.018826571996846012
.018826571996846012
.018826571996846012
.018826571996846012
.018826571996846012
.018826571996846012
.11028116494917387
.11028116494917387
.11741016039374604
.018826571996846012
.018826571996846012
.018826572277383796
.018826571996846012
.11741016039374604
.0013048434185339644
.12148984717253808
.018826571996846012
.11028116494917387
.018826571996846012
.018826571996846012
.018826571996846012
.018826571996846012
.018826571996846012
.00034530735042660775
.018826571996846012
.018826571996846012
.1092553050102108
.018826571996846012
.04864771263265782
.018826571996846012
.018826571996846012
22376859699973198e-21
.018826571996846012
.018826571996846012
.018826571996846012
.09531267592540527
.018826571996846012
.018826571996846012
.018826571996846012
.018826571996846012
.018826571996846012
.018826571996846012
.018826571996846012
.018826571996846012
.018826571996846012
.018826571996846012
.018826571996846012
.018826571996846012
.018826571996846012
.018826571996846012
.018826571996846012
.018826571996846012
.018826571996846012
.018826571996846012
.018826571996846012
.018826571996846012
.018826571996846012
.018826571996846012
.018826571996846012
.09531267592540527
.018826571996846012
.018826571996846012
.018826571996846012
.018826571996846012
.018826571996846012
.018826571996846012
.018826571996846012
.018826571996846012
.018826571996846012
.018826571996846012
.04864771263265782
.12112674921847283
.01609469924365685
.018826571996846012
9999999999969778e-28
.12168712418355009
.12168712418355009
.01609469924365685
.01609469924365685
.04864771263265782
.04864771263265782
.04864771263265782
.04864771263265782
