3.023149877306653
.004974249974875199
.00013854811782199782
8066462419912707e-21
28581197323544654e-29
.0005483904904135267
6.242429536739124
.7455913368240374
.04292505939224344
.027742444083885556
.06496884387287477
.7335531492250892
.7026768527245748
.06202464005479011
.0009986723128557248
.0075367504822102865
.001122946087301657
.0021756163633954153
.07055845169088212
.004391602852488026
.0019813128385694706
.003991456966348003
8146335839076454e-20
.0017449370451690098
.1048569553631622
3.6070004300661958
4870024329167688e-21
.005464673363480386
.006040895537492059
.006110273397848004
13068051758510013e-22
.00015251788684669769
.01326994899574091
.0012163407722405838
.010286529636606161
33762622485670746e-22
.0025632066624099257
.0026891761434421645
58176444237810105e-21
.005479513391886466
52163852467982606e-22
.006108531304958841
.00610811492552335
.01874703768772006
.0005310352031945008
.10983966334595226
.007755019975612734
.00045882459478572245
.026185173772431108
.06852099015282175
2528609787573722e-21
.13967657521748597
21998577365417844e-21
8.544587766060095
8.173009445139606
1.1411859309279702
.006369549650832528
.0006829432007636644
.0007551862663878013
.17500961441176874
.11104355012192539
9.691334969244622
7.664618042934549
2.7306837113542004
.001649250788682182
.00031748545632834187
.0014653878873264357
.00585113349802806
.006283535933212282
3.335260055676359
.0007120316540934648
9.691334969244622
3.0900668165682394
9.691334969244622
8.798562005572487
.0014042782138394905
.008557132758281077
.00015225233745329907
2.1241649599970076
.00019394539576037597
.0017916089548431643
.010649534371633641
.00010500471925954176
.6654339787832478
.034361245856584115
13744785058323873e-21
.0004102441659397013
.4041646082568077
.3760502017621497
2.6690716565008197
.00011295220306975428
.0004414046356133042
.5936747317383062
.7418855769915651
.11574165937994152
.00021707845662258824
.16303815030883995
1.2144057011350813
1.0512224084012642
.06198268095779998
1.2207008293452333
1.9110133993095009
.01786331665147926
.018069197105170628
9721244819797882e-20
.00014322602296599753
3.5798975425580544
4.5000669558311905
.44386316084501304
.0031772516090374844
.00010830200516073652
1533969704811357e-21
3978690372693158e-23
.04341290967789575
.014211742196923347
.00044815820917445964
.34692041662062917
2345894601382396e-20
.00018538470764831917
.023457082296528518
6651262821873048e-22
0
0
0
0
0
0
0
0
0
0
0
0
0
0
0
0
0
0
0
.10204545005552289
0
0
0
0
.20037438583502923
1266.9786144411362
.004415193985024567
.09909006714487026
.0196401626674518
.22023358290435324
.01877445721288653
.43395178703441334
.0134224510196172
.35490056242954954
.004908012188748855
2.1052344318623275
2.338109877009
.0022003180555680295
.005105433824755006
.5420553540980175
.3448287104386762
.1656419357875765
.3294227867864055
.018826571996846012
.018826571996846012
.04864771260686214
2371061964848688e-25
.018826571996846012
.018826571996846012
.018826571996846012
.018826571996846012
.018826571996846012
.018826571996846012
.018826571996846012
.018826571996846012
.018826571996846012
.018826571996846012
.018826571996846012
.018826571996846012
.018826571996846012
.018826571996846012
.018826571996846012
.018826571996846012
.018826571996846012
.018826571996846012
.018826571996846012
.018826571996846012
.018826571996846012
.018826571996846012
.018826571996846012
.018826571996846012
.018826571996846012
.018826571996846012
.018826571996846012
.018826571996846012
.018826571996846012
.018826571996846012
.018826571996846012
.018826571996846012
.018826571996846012
.018826571996846012
.018826571996846012
.018826571996846012
.018826571996846012
.018826571996846012
.018826571996846012
.018826571996846012
.018826571996846012
.018826571996846012
.018826571996846012
.018826571996846012
.1102811649338713
22378556395234727e-21
.018826571996846012
22378556395234727e-21
.11741016039304927
.07391052191597745
.018826571996846012
.018826571996846012
.0003453100871930726
.018826571996846012
.018826571996846012
.018826571996846012
.018826571996846012
.018826571996846012
.018826571996846012
.018826571996846012
.018826571996846012
.018826571996846012
.018826571996846012
.016094699796097553
.018826571996846012
.018826571996846012
.018826571996846012
.018826571996846012
.018826571996846012
.018826571996846012
.018826571996846012
.018826571996846012
.018826571996846012
.018826571996846012
.018826571996846012
.018826571996846012
.018826571996846012
.018826571996846012
.018826571996846012
.018826571996846012
.018826571996846012
.018826571996846012
.1102811649338713
.1102811649338713
.11741016039304927
.018826571996846012
.018826571996846012
.018826571996846012
.018826571996846012
.11741016039304927
.0013048459954789313
.12148984716906425
.018826571996846012
.1102811649338713
.018826571996846012
.018826571996846012
.018826571996846012
.018826571996846012
.018826571996846012
.0003453100871930726
.018826571996846012
.018826571996846012
.10925530500998765
.018826571996846012
.04864771260686214
.018826571996846012
.018826571996846012
22378556395234727e-21
.018826571996846012
.018826571996846012
.018826571996846012
.0953126759253569
.018826571996846012
.018826571996846012
.018826571996846012
.018826571996846012
.018826571996846012
.018826571996846012
.018826571996846012
.018826571996846012
.018826571996846012
.018826571996846012
.018826571996846012
.018826571996846012
.018826571996846012
.018826571996846012
.018826571996846012
.018826571996846012
.018826571996846012
.018826571996846012
.018826571996846012
.018826571996846012
.018826571996846012
.018826571996846012
.018826571996846012
.0953126759253569
.018826571996846012
.018826571996846012
.018826571996846012
.018826571996846012
.018826571996846012
.018826571996846012
.018826571996846012
.018826571996846012
.018826571996846012
.018826571996846012
.04864771260686214
.12112674921677627
.016094699796097553
.018826571996846012
9999999999969778e-28
.12168712418089611
.12168712418089611
.016094699796097553
.016094699796097553
.04864771260686214
.04864771260686214
.04864771260686214
.04864771260686214
