-.00034427830627341874
-.0035055468929679813
.000605418156838051
.000593257048474947
.0006156015523577929
6669453044113446e-22
2990376565842178e-24
.0006154033581892565
-.006149216565072902
-.000615130865732439
.009589216545273798
.01882647941963399
-7542789175599612e-22
-7828935042637806e-22
-20015017289579178e-22
.00901780646629651
-20072169819026182e-23
.0006152825289853183
-.004703330372073664
-.03274454203255608
-.017300278293360036
.007005552465330482
.00885946498005016
.0072561975521053075
-.013249800082800215
-.005197478190392649
.012226875296702237
-.01376693984981109
.11076894582710445
-.0001803347723922159
-2417176118939122e-23
-3313267934126453e-23
.001539831500968707
.00044402833260431194
