3.066556533994274
.006294168653747617
.0002711682866088628
14780585178771942e-21
34176197960020733e-29
.0010046060787945908
6.327257529044828
.7742632081312003
.047120281498179914
.01759676586618101
.06825861524923271
.7387215730761284
.7034277283007939
.055473879258251216
.000968395572461664
.005414015193667094
.000542932088831159
.0022135624570976714
.07542383271201454
.004984398506578493
.002105300966056383
.0024706413963951697
4997001800693862e-20
.00195634939171664
.07682937961443154
3.966690975056998
5012602582665767e-21
.005679461327194815
.0058787944559269565
.005322412286723576
12726367243223332e-22
.0001678657358517435
.013396825082246735
.0012654911889497
.009771246212934943
32043958665044727e-22
.0023506433507297403
.0028330916225078103
5282709808967619e-20
.004962268615437484
5072002721891022e-21
.0053207241172181785
.005320352280940534
.02158192924862475
.0005679131344409736
.11074423374288232
.007673744541009688
.0005062796999049509
.022567854756057375
.07449157196439789
19071486379683785e-22
.12269278874473726
17743715027246206e-21
8.597935013822594
8.13010266909854
1.1816818505163145
.006774077806798542
.0005526978004990986
.0006114852904203932
.1736139521911617
.11360664874276505
9.112579546743014
7.249381948317789
2.5640263908917036
.0018326840666690843
.0003445117699856104
.0012564497026351501
.005848250742534403
.0067775118483496995
3.673847065961339
.0008650196659212566
9.112579546743014
3.366319439812356
9.112579546743014
8.34289423575607
.0014657601800817897
.00874351163972935
.0001462548899883068
2.121377548525468
.00022955263665421852
.002049004617743025
.01074864099361512
879698738500124e-19
.7081018641641821
.032548887823096326
17022506250004178e-21
.0003494323030223926
.3744431821554223
.3489807133188455
2.3173915707592427
.00012242484829049543
.000364738435255614
.6260291797423724
.7556266352043309
.14583145626920666
.0002470594195440067
.1592155169921253
1.1929097418251926
1.0476745629223547
.0625662394733243
1.265602779361617
2.010236201257222
.01746272633436217
.024399513797811648
801933108210349e-19
.0001118877221048653
3.715030840686933
4.260557344799273
.44679772277267593
.003612441467097135
.00011597705725478395
18191247861570793e-22
392720339194679e-22
.05139873610884892
.01598910349739
.0005201422788704506
.3341283302613576
27531690080792285e-21
.0001814353617790059
.026160151302526333
7384289863910287e-22
0
0
0
0
0
0
0
0
0
0
0
0
0
0
0
0
0
0
0
.07199773788528797
0
0
0
0
.15063889409228426
1229.2739656177905
.0044389743396534365
.10018808089527438
.017459495950387188
.21589167631810033
.019737200735322792
.4317454197227395
.012032381823834344
.35919669822031314
.003870702146160273
2.1648541963340726
2.264533478841786
.0019353570920854729
.004531823720673766
.4941881897950376
.3782719514494998
.17679478529815376
.303104584790885
.018810235118208025
.018810235118208025
.0465810380082285
15552567093881125e-26
.018810235118208025
.018810235118208025
.018810235118208025
.018810235118208025
.018810235118208025
.018810235118208025
.018810235118208025
.018810235118208025
.018810235118208025
.018810235118208025
.018810235118208025
.018810235118208025
.018810235118208025
.018810235118208025
.018810235118208025
.018810235118208025
.018810235118208025
.018810235118208025
.018810235118208025
.018810235118208025
.018810235118208025
.018810235118208025
.018810235118208025
.018810235118208025
.018810235118208025
.018810235118208025
.018810235118208025
.018810235118208025
.018810235118208025
.018810235118208025
.018810235118208025
.018810235118208025
.018810235118208025
.018810235118208025
.018810235118208025
.018810235118208025
.018810235118208025
.018810235118208025
.018810235118208025
.018810235118208025
.018810235118208025
.018810235118208025
.018810235118208025
.018810235118208025
.10791345522052141
1877124606117701e-20
.018810235118208025
1877124606117701e-20
.11614295110073848
.07359039630518181
.018810235118208025
.018810235118208025
.00030297800588236136
.01881023539850237
.018810235118208025
.018810235118208025
.018810235118208025
.018810235118208025
.018810235118208025
.018810235118208025
.018810235118208025
.018810235118208025
.018810235118208025
.01507977042773804
.018810235118208025
.018810235118208025
.018810235118208025
.018810235118208025
.018810235118208025
.018810235118208025
.018810235118208025
.018810235118208025
.018810235118208025
.018810235118208025
.018810235118208025
.018810235118208025
.018810235118208025
.018810235118208025
.018810235118208025
.018810235118208025
.018810235118208025
.018810235118208025
.10791345522052141
.10791345522052141
.11614295110073848
.018810235118208025
.018810235118208025
.018810235118208025
.018810235118208025
.11614295110073848
.0011703731096391885
.11965807585483965
.018810235118208025
.10791345522052141
.018810235118208025
.018810235118208025
.018810235118208025
.018810235118208025
.018810235118208025
.00030297800588236136
.018810235118208025
.018810235118208025
.10831092799847715
.018810235118208025
.0465810380082285
.018810235118208025
.018810235118208025
1877124606117701e-20
.018810235118208025
.018810235118208025
.018810235118208025
.09469411097659593
.018810235118208025
.018810235118208025
.018810235118208025
.018810235118208025
.018810235118208025
.018810235118208025
.018810235118208025
.018810235118208025
.018810235118208025
.018810235118208025
.018810235118208025
.018810235118208025
.018810235118208025
.018810235118208025
.018810235118208025
.018810235118208025
.018810235118208025
.018810235118208025
.018810235118208025
.018810235118208025
.018810235118208025
.018810235118208025
.018810235118208025
.09469411097659593
.018810235118208025
.018810235118208025
.018810235118208025
.018810235118208025
.018810235118208025
.018810235118208025
.018810235118208025
.018810235118208025
.018810235118208025
.018810235118208025
.0465810380082285
.1195596587108734
.01507977042773804
.018810235118208025
9999999999969318e-28
.11995647292554823
.11995647292554823
.01507977042773804
.01507977042773804
.0465810380082285
.0465810380082285
.0465810380082285
.0465810380082285
