3.029483725306319
.006760261285839794
.0002864601950932011
1617769889725924e-20
5651428704217177e-28
.0010460081213901358
6.3369924579965335
.7741795329040495
.047506479257972224
.01805300406385649
.06830090999208042
.7403481329439862
.7040085507951023
.055592115218520526
.0009704542686355381
.005982621639175133
.0005992412023001142
.002236285404261275
.07548264744471317
.00498083094244924
.002103803776965561
.002533219667114847
511530853583335e-19
.0019769210579340156
.07880078661735522
4.002780455029851
5077618763223049e-21
.005686198117175953
.005884050927511586
.005326224021334811
1273521825825184e-21
.00016799024641899333
.013406762424448906
.001266435327954635
.00977849380489792
32108849094813983e-22
.0023493584579621436
.002835210254074101
5293423194346436e-20
.004966120890926258
5078413430071416e-21
.005324523319642903
.005324141290031171
.021587414991352506
.0005631246535644473
.11083617275599406
.007677964199298916
.0005081298056833042
.022672851398503738
.07691111167309711
2220270344491095e-21
.1321305703145402
2066973040712442e-20
8.673691943714184
8.207873621523559
1.1880614407260268
.0067798901250437455
.0006184979274085631
.0006842099479034216
.1747260521452172
.11414026814787005
9.606883662582412
7.62984186109047
2.6954433444471393
.0018487594765334843
.000348440039096438
.00125719481963185
.005856477641871718
.007231906581888507
3.709052164760531
.0008745588339944478
9.606883662582412
3.3688800364503475
9.526381900235517
8.837993169633924
.0014669478971252262
.008749880217521568
.00015780980928309024
2.1221556847613274
.0002319368609947439
.002070427561961991
.01075616187917616
9104462813115166e-20
.7146842790040466
.03537062257818073
17223602911826046e-21
.0003784144311255539
.3828607145881438
.3568747573982631
2.3573677800641843
.00012233273635875306
.00035949150230084965
.6258040531896596
.7645613759348194
.14556613261206391
.00027118107355916554
.16254484352565324
1.2106707375575623
1.062550522629644
.06360324088159812
1.2730917669255588
2.0126636332105554
.017597459768727244
.02464701312820251
8996619259349557e-20
.00011178342493403449
3.7295995073792203
4.296085381990954
.4490345522462058
.003769249091954679
.00011795608461449941
1853594382360713e-21
4662539915617875e-23
.052081910999118956
.0161538306309801
.0005292155022230144
.3361386214792851
2784404073368185e-20
.00018307608378433432
.026453294380726602
7513512800483068e-22
0
0
0
0
0
0
0
0
0
0
0
0
0
0
0
0
0
0
0
.07747391733562103
0
0
0
0
.16580920954513234
1230.1857563756453
.004442266865071248
.10026239351293534
.017472446201909325
.21605180989342232
.02060900936297116
.4360384175689834
.012773035591267903
.36229887083497864
.004011982631487861
2.1899565782032497
2.291379361576988
.002040267907887968
.004778893210199388
.5036492464739432
.3850977165227753
.17975444010646377
.3081996025062267
.018824187255008742
.018824187255008742
.048340938365845104
2421423339071471e-25
.018824187255008742
.018824187255008742
.018824187255008742
.018824187255008742
.018824187255008742
.018824187255008742
.018824187255008742
.018824187255008742
.018824187255008742
.018824187255008742
.018824187255008742
.018824187255008742
.018824187255008742
.018824187255008742
.018824187255008742
.018824187255008742
.018824187255008742
.018824187255008742
.018824187255008742
.018824187255008742
.018824187255008742
.018824187255008742
.018824187255008742
.018824187255008742
.018824187255008742
.018824187255008742
.018824187255008742
.018824187255008742
.018824187255008742
.018824187255008742
.018824187255008742
.018824187255008742
.018824187255008742
.018824187255008742
.018824187255008742
.018824187255008742
.018824187255008742
.018824187255008742
.018824187255008742
.018824187255008742
.018824187255008742
.018824187255008742
.018824187255008742
.018824187255008742
.10993251685333341
2187792086925789e-20
.018824187255008742
2187792086925789e-20
.11722439634290298
.07386372299076527
.018824187255008742
.018824187255008742
.00033907184158363604
.018824187255008742
.018824187255008742
.018824187255008742
.018824187255008742
.018824187255008742
.018824187255008742
.018824187255008742
.018824187255008742
.018824187255008742
.018824187255008742
.015943174778828877
.018824187255008742
.018824187255008742
.018824187255008742
.018824187255008742
.018824187255008742
.018824187255008742
.018824187255008742
.018824187255008742
.018824187255008742
.018824187255008742
.018824187255008742
.018824187255008742
.018824187255008742
.018824187255008742
.018824187255008742
.018824187255008742
.018824187255008742
.018824187255008742
.10993251685333341
.10993251685333341
.11722439634290298
.018824187255008742
.018824187255008742
.018824187255008742
.018824187255008742
.11722439634290298
.0012848008685406318
.12122083456278177
.018824187255008742
.10993251685333341
.018824187255008742
.018824187255008742
.018824187255008742
.018824187255008742
.018824187255008742
.00033907184158363604
.018824187255008742
.018824187255008742
.1091169926109326
.018824187255008742
.048340938365845104
.018824187255008742
.018824187255008742
2187792086925789e-20
.018824187255008742
.018824187255008742
.018824187255008742
.09522216487898348
.018824187255008742
.018824187255008742
.018824187255008742
.018824187255008742
.018824187255008742
.018824187255008742
.018824187255008742
.018824187255008742
.018824187255008742
.018824187255008742
.018824187255008742
.018824187255008742
.018824187255008742
.018824187255008742
.018824187255008742
.018824187255008742
.018824187255008742
.018824187255008742
.018824187255008742
.018824187255008742
.018824187255008742
.018824187255008742
.018824187255008742
.09522216487898348
.018824187255008742
.018824187255008742
.018824187255008742
.018824187255008742
.018824187255008742
.018824187255008742
.018824187255008742
.018824187255008742
.018824187255008742
.018824187255008742
.048340938365845104
.12089681544059068
.015943174778828877
.018824187255008742
999999999996969e-27
.12143305369614675
.12143305369614675
.015943174778828877
.015943174778828877
.048340938365845104
.048340938365845104
.048340938365845104
.048340938365845104
