3.066556533994274
.006296440746445669
.00026974585185011074
14787546690056744e-21
41757053070179363e-29
.0010048757602176403
6.327257487362954
.7742632348155704
.0468353538722059
.017597086709848
.06825860616816107
.7388178672223498
.7034277501322818
.05548110947387561
.0009685214042515913
.005462427368580575
.0005594807540783903
.0021993188173341934
.07542383276864084
.004984398442436036
.002105300939049552
.0024706853062659616
5104482775168623e-20
.001943371511980155
.07683076977629409
3.9662425307253497
4978639929492353e-21
.005679461316828707
.005878786082829503
.005322411255464593
12726366516206227e-22
.00016786573585221258
.0133968250822832
.001265491204819334
.009771246212962246
32048147321895383e-22
.0023506434834133657
.002833091672151919
5283391492581562e-20
.00496226862985402
5072671512176685e-21
.005320723801194541
.005320352177401181
.021581927644396277
.0005679131239946313
.11074423458494483
.007673743231781558
.0005061861153180223
.022563810451022893
.07397675491345397
19619174883273458e-22
.12307182579654839
1787289985632682e-20
8.59793310739011
8.130093406274577
1.1816807601915214
.006774071177265883
.000553819108549977
.000612681346262618
.17361375792922162
.11360656052846907
9.112579546743014
7.245437664792666
2.572979125601917
.0018224330520234698
.00034222164226248677
.0012564462730438927
.0058482724465261345
.006777242800018379
3.6737869294667282
.0008649040449910998
9.112579546743014
3.3663191230615954
9.112579546743014
8.363501286382347
.0014657601478491305
.008743538143266085
.0001467284246548096
2.12137493339629
.0002280444992197467
.002035513867427903
.010748637591709477
8738415411297755e-20
.7037458516421096
.03238468685794202
16984813460585213e-21
.00034985330360401954
.37208922748040674
.346710360474779
2.316702886469575
.00012299672902707268
.00036268232579013746
.6390877896242647
.7561450571430468
.14491967267657627
.0002457053228116244
.15861372231003756
1.1928573532361417
1.0476758838345863
.06255648538786039
1.2634130116526825
2.010234190476409
.01743130974429489
.024381113183121757
8035584905095049e-20
.00011187053688129109
3.7143457941732714
4.258147340038047
.4467966173567094
.0035895424672480387
.00011595886685149863
18188255902550235e-22
395291083416782e-22
.051336267541211275
.01598881524206104
.0005167496333544086
.3341279602561513
2748654451647437e-20
.00018035925114759152
.026159663863364793
7383116776919823e-22
0
0
0
0
0
0
0
0
0
0
0
0
0
0
0
0
0
0
0
.07200220502701175
0
0
0
0
.15302690847370465
1229.2739656212254
.004438974339665841
.10018808089555434
.017459495950435975
.2158916763187036
.019654540504789857
.4317392455094621
.012033498573216384
.35923868123116276
.0038690858080838845
2.1649012737531343
2.264569934282427
.001935534216000091
.0045322547709929885
.4941970203042742
.3782792543262425
.1768062184052277
.3031246034435245
.018810235118260587
.018810235118260587
.046581951571693335
18996715650782037e-26
.018810235118260587
.018810235118260587
.018810235118260587
.018810235118260587
.018810235118260587
.018810235118260587
.018810235118260587
.018810235118260587
.018810235118260587
.018810235118260587
.018810235118260587
.018810235118260587
.018810235118260587
.018810235118260587
.018810235118260587
.018810235118260587
.018810235118260587
.018810235118260587
.018810235118260587
.018810235118260587
.018810235118260587
.018810235118260587
.018810235118260587
.018810235118260587
.018810235118260587
.018810235118260587
.018810235118260587
.018810235118260587
.018810235118260587
.018810235118260587
.018810235118260587
.018810235118260587
.018810235118260587
.018810235118260587
.018810235118260587
.018810235118260587
.018810235118260587
.018810235118260587
.018810235118260587
.018810235118260587
.018810235118260587
.018810235118260587
.018810235118260587
.018810235118260587
.10791357986032245
18907913988686507e-21
.018810235118260587
18907913988686507e-21
.11614295924105945
.07359039643491642
.018810235118260587
.018810235118260587
.0003035925156538541
.018810235118260587
.018810235118260587
.018810235118260587
.018810235118260587
.018810235118260587
.018810235118260587
.018810235118260587
.018810235118260587
.018810235118260587
.018810235118260587
.015081360377794097
.018810235118260587
.018810235118260587
.018810235118260587
.018810235118260587
.018810235118260587
.018810235118260587
.018810235118260587
.018810235118260587
.018810235118260587
.018810235118260587
.018810235118260587
.018810235118260587
.018810235118260587
.018810235118260587
.018810235118260587
.018810235118260587
.018810235118260587
.018810235118260587
.10791357986032245
.10791357986032245
.11614295924105945
.018810235118260587
.018810235118260587
.018810235118260587
.018810235118260587
.11614295924105945
.0011714489003203702
.11965810845498435
.018810235118260587
.10791357986032245
.018810235118260587
.018810235118260587
.018810235118260587
.018810235118260587
.018810235118260587
.0003035925156538541
.018810235118260587
.018810235118260587
.1083109310896746
.018810235118260587
.046581951571693335
.018810235118260587
.018810235118260587
18907913988686507e-21
.018810235118260587
.018810235118260587
.018810235118260587
.0946941118266982
.018810235118260587
.018810235118260587
.018810235118260587
.018810235118260587
.018810235118260587
.018810235118260587
.018810235118260587
.018810235118260587
.018810235118260587
.018810235118260587
.018810235118260587
.018810235118260587
.018810235118260587
.018810235118260587
.018810235118260587
.018810235118260587
.018810235118260587
.018810235118260587
.018810235118260587
.018810235118260587
.018810235118260587
.018810235118260587
.018810235118260587
.0946941118266982
.018810235118260587
.018810235118260587
.018810235118260587
.018810235118260587
.018810235118260587
.018810235118260587
.018810235118260587
.018810235118260587
.018810235118260587
.018810235118260587
.046581951571693335
.11955967618982093
.015081360377794097
.018810235118260587
9999999999969318e-28
.11995649869235213
.11995649869235213
.015081360377794097
.015081360377794097
.046581951571693335
.046581951571693335
.046581951571693335
.046581951571693335
