45.882927707629825
.3192337435442658
1.1804550371181428
51.00187454413907
1.31100926182423
8.018521237804519
.7854869324679606
.1852002883828469
1.414358103533145
.07631777289132274
23.28329573367492
.8151459493546754
1.6109323589138178
.022067678958439686
9.555971009194874
11.741825577418105
.010905753953644515
.08246965947968495
.016251980302981094
.006573667567430856
.0428410480709019
.01403536928485696
.009991206372758955
1.6278941016890112
29.013155895715176
.0052248300339463516
.006105697815634846
.006795318234201064
.006081197952933881
.005138399959678617
.0001823509003400369
.01417251683319233
.0013221712079408696
.010644961301886533
.0002893273739614486
.0049479652960966476
.003015688805762964
.002410582781628311
.010106451181730994
.0002153570179254984
17.8216472747591
18.09608190564097
.02939944520535995
.003849950047562135
.14926814124659168
.011322659284231583
.009209575646075545
.6047878620408103
5.085773190812079
5.171689633139946
3.906568946460304
5.156175578986284
22.429130136065876
20.480617564666918
1.909744025035214
.00749777874822579
9.292604164754914
154.51473267418555
.3443062752238661
.16972561408829218
52.06995885553663
55.05739468644577
18.361961833353636
.005624792859306068
.002328111610959854
.001729113704147721
.010444811917744967
81.40041230912328
76.77247960298443
.038739484594772736
28.669325611823293
3.4384267118661
111.25538356171674
34.435450684270855
.0015965520917143132
.010241425387365583
.004920424928436119
2.664679487353872
.0010476423951968725
.010231751445241896
.011351352484372964
.007278540432027786
11.095720769436822
23.958133606853355
.009309873891443783
.05239912558873255
27.507657898893502
131.93021196683642
7.781840569262569
.014061807251394479
.01012391226861986
5.1812839641924935
1.6406893428265108
12.421179816083464
10.923774312941866
6.228033741081603
8.035605709338217
6.801489029767428
4.035173128333184
63.539019593542456
2.176120106550995
7.555334413765304
5.143630326735891
2.6743372313571023
.003244399992703294
63.89770144099534
8.805360264453748
2.166202170062012
.4766304366093609
.016743699940611822
.00018044849669430184
54.93525695133792
98.37525959699914
.08795012461181062
.00333560213315224
.6438653355452448
.006199100229011527
.007835850351493886
.19699111535411426
4191117969879244e-20
0
0
0
0
0
0
0
0
0
0
0
0
0
0
0
0
0
0
0
3.2757500214829705
0
0
0
0
4.420736182715532
1380.3959747625022
.004633447243138679
.10772074529285111
.0209061801626864
.2326201434719363
.8321494159968552
1.190236321129289
1.5904673227387935
18.85257961280914
.016503822219944075
6.359201065619486
6.74042152257545
.352988241100582
.8308157469337083
80.66044048859796
85.86249572888143
48.59004663864161
82.21947676370338
3.1421694881150173
2.199290292119275
1.5967034156350581
1.6721824829655931
2.7515780928082867
1.777162385302646
2.4733366280106925
2.0022518072289177
1.9225372947085688
2.2525888314655957
1.9049002124566574
1.8626780616342449
1.37589296437247
2.0726889716821892
1.6104744358558134
2.6854230520204645
1.9435279682431519
2.1089014379189153
2.202069749043937
1.8262889476897939
2.4507713670687554
2.718570935952363
2.5321945699872113
2.0929550239991586
1.8199893949537302
2.497466109322917
.024214164527768187
1.8098288540960483
2.19582130318789
5.935862457347739
2.049543587139259
1.9385102221755615
1.2990703664949563
2.9570195249654736
1.4089992183315074
1.5185731932478248
3.1576261777826167
1.3064939301504839
1.9078850346528302
1.5052039822306087
2.142374408131816
1.4449344524707017
1.928667645214378
2.7062466918858448
2.0399493647005693
2.2835443887391547
1.781122841777936
2.306443039078187
1.6612797004569055
2.180590274149804
2.593655455544247
3.015465099455311
2.435929604733572
2.0222464562957034
2.2014731433791215
3.138746663900881
2.377885426717483
1.138352690915282
2.7282180422701727
2.803916242007886
2.178280387902354
1.1993351998826784
1.710698611731935
1.8819109470906858
1.9142155660465159
1.5600544487850942
2.239375731407756
2.254427307677818
1.8673754888667504
1.6939938776662748
2.4853661925323105
2.3824321483085753
1.9542725569510837
2.3367000270933382
2.5302940815926873
2.081187573117268
2.3148450267890266
2.1436723554310713
1.902861069144674
2.9500537772432662
2.16747926487977
1.877401053099975
1.306307232889743
1.5668843261041954
1.5673323909468433
.7126002965708668
.18652309250143226
2.058935185729903
.011561176058618835
2.4389123635990635
2.2005627930688623
2.48456335831332
1.94568095139139
.1943159383599453
1.4291667982399479
.21970908366881248
1.1389699326980791
3.0683052788998726
1.7455071300115679
1.8691103755847254
1.8186590954444783
2.24756341067903
1.8922642305755342
2.0739946051019653
2.136417058596909
2.556935870414291
.010070792534012671
1.8783606451136101
1.984501651082289
1.4236195261363407
2.3930170120366947
1.7551316643490327
1.4080383416852802
2.202761190302353
1.8281432686266883
2.099380757923935
1.8945006795617596
.7599805704933338
1.8198519907221264
4.643019943809121
6.628204796785474
1.5691737625113662
2.12136226804093
2.490665384206457
2.425506844824613
2.879373468688655
1.8712978348043938
.008172478981390159
1.5160871454568272
1.3581908984744528
2.7936295942635225
2.5572690046263062
1.8891277287574173
2.0161895757707438
2.301152609920747
1.9955824219908347
2.786934744706582
2.2185395989929275
2.534081800752182
1.6937438697203846
1.6037374238012636
2.055893726812178
1.2847587314844238
.22046633174707359
2.206079120768414
5.23749179157731
1.5052549785771459
1.7639200297619009
2.226920475723521
2.28051410915611
.9444551157300782
1.725867005296427
2.2941416968611263
2.2042054307473293
2.085559494276858
1.392214648789936
2.022414772691236
2.5410654113049507
1.7941872215098003
2.4469738210481218
1.4464923789834758
1.2481492376825483
1.567714423535084
2.0022561278642788
2.0928689662427216
2.251167640582707
2.6475546816771858
1.266916798905656
2.338506517506998
2.2230869293133946
2.3747669370646856
2.377485956330912
1.7466911123933335
2.0147609298994538
3.1924007245528507
1.8189943881249164
2.031847346839043
.022784940105888045
2.189381079359429
.05910980331134282
1.8878986065907948
1.880505734947266
.5432617118449926
1.4566444032319694
2.1523745574620934
1.232974174985775
.049712008060349235
2.0630706812472885
1.0690954954410108
1.5963659525068596
2.193284350126016
1.974417454112689
1.5437359064988607
2.4840899860463765
3.2071084922294633
2.873317056235365
.7116211290608567
.011631658454923782
1.9514700130570601
2.3170946929891465
1.9787642613819267
.049856744697135164
2.3712938472718
1.7668806319870014
2.232548450769793
1.1882142647881972
1.2293107707223478
.006490154345784261
.0040545627939637865
2.3138636219887214
.5524320852080287
.15083521951495923
.8447802963225783
.19754151725859814
2.1988620856601853
.10214863023907078
.09471356330065125
1.7957553569632991
.6055341731080329
8.616348069292547
2.06258903042795
2.2222034802716943
2.5187393912285083
2.4197053741817753
2.3111258393749425
2.1963381459487765
.10993038340636939
.17521797720574137
1.8787984619804443
3.051693531128287
1.103324900738199
2.0677511560760293
2.4079241311677366
1.9868123085547098
.010573882552423641
.29335947432392606
2.7598382471656873
3.5535823885945357
4.2597737093846115
4.417685727271128
2.488706920323222
.011065173117790959
3.0010065650656426
1.313247933993113
.015061705983371018
.01103010849999448
.1664188426075311
.012072300644314285
1.9290086618335534
2.8384042971387085
.01
1.7365053697568602
.01360227420721655
.007244465617080046
1.931632562184339
.009245259105351336
.007764361491349405
2.2860814204273003
.007141578638919589
2.1912409972174185
2.189440332466555
1.6642754652555398
1.5676259288579508
.009731757114477354
2.1058199762765697
2.2577566733019983
2.4499401563104803
2.600065274218769
2.180603899560526
2.8347766717143084
.010393388055069522
1.4509620776524972
.011065842352768442
.008759708397123603
.00998606537941259
.011837407565338957
.010514543081973407
1.4450339851463776
.08514859901564517
.0664598081512097
.009150072712026709
1.3721491485247612
2.192509002692189
.09261458337236411
1.9508892519507395
1.4717283012130868
.06459652513086575
2.0803834852527427
1.6192935200379712
1.7490107224303364
2.7694215659745547
.009178134349111279
1.59048488741392
2.6084151701100984
3.451421008734937
.7773243968973377
1.6451117895718539
2.2126177929724693
1.5223633718388823
2.349594796643832
1.698201703521803
1.8037414773592213
2.203238738942716
.008237700123177597
.19598414380894974
.196406436855271
1.9934839688409678
1.4861308515904192
1.8775670913946854
1.7280394333157192
1.5025542545198225
2.1829576583952055
2.1148349349879685
1.8205931167852263
1.9346103890738469
2.0263063323995016
1.786007700803217
.005846894363911515
1.6404555863088088
1.941183236881846
1.7008220945526946
2.2083369165665685
3.139904706948703
1.7442349647015802
1.8813544589997349
1.8723654478470568
2.097107058141138
.11722633807515669
1.796268184583764
2.365112294025268
2.3185628873093664
1.6186904301718135
2.4682166214697916
1.5079215207688623
.23015255109129334
.1502206822304864
.13226133827639602
1.7082858303537214
2.1258027126581713
1.9872235600895334
2.6319667783425413
1.402258294556248
1.7355463577360977
1.4770729979362334
2.0068025415512167
2.4071835533465347
1.7209212641980358
2.298332990690014
2.373512025144581
2.1069065668575235
2.156081587409356
3.195739984181978
2.1573952469777264
1.933279981505994
1.843630538935133
1.3579757043180694
2.0802973028173866
1.5486058723866556
2.0915440833332175
1.7909073308508006
1.5715923682635933
2.24044450638646
1.6618005526720452
2.272901497504597
1.408298829210593
2.3136154082767897
1.5395907704367446
2.447642026093772
1.7225898068375127
2.203856699934193
1.6470837629797925
1.9073692212450803
17.385726468052614
16.89113697048368
2.6081177548692716
2.028786650661652
1.9324444023639715
1.3541651995665946
1.5391148939521277
1.5284666292961702
2.563565611877778
1.6313883936690503
1.6478305679376661
2.392889825079512
1.9437479167482155
2.68253596045467
1.895060997284753
1.9774163393280713
1.443948954124008
1.8423090490682872
1.4525542917324181
1.8027063721069945
1.333066729749714
1.965096554000853
2.3109429484414408
1.1870153954574203
1.7864644578630853
1.6608597697973837
2.3511082087332134
2.026549160899469
2.7719110853607987
2.0386599954600686
1.9330830200397173
2.625006840663003
1.18824125698725
2.308506914053018
11.013385485126655
1.7834774239256073
1.5599479610246711
1.5847237860498025
3.6954145261491607
2.000047324630716
2.1435336323083334
2.9226616370305414
1.5586420426924141
1.880428937250412
2.8019038208639713
1.4219714544824917
3.1185784007529227
2.510630504186898
2.587738784249274
1.9486889659577493
1.2913793159644948
1.6844323996593762
1.7752507508207607
.27454437421662986
2.8363202708551567
1.6861875532829382
2.4084480090399087
1.7175305922743256
1.9050880785082864
2.65060661121265
1.9204313439962915
2.098664719327676
1.932557948585399
1.6364297434610025
1.3789048479910888
1.7567216535623014
2.569152977767131
1.7578322686377559
1.856877353976587
1.5454248084281625
1.5839195539317181
2.419287855922188
2.9071643084263976
1.9287279198570528
2.026811968036533
1.9488450561367208
2.2991042086215545
1.6418489162893541
1.250325818753458
2.199494191169054
1.846098141787713
1.6489383085958462
2.387976562755738
.16990535576927443
.988570055285848
.1302508650845453
.945053265408028
.10846666091084879
.8405720096357462
.085431719133392
2.070637396734508
.1717478818998023
2.477081292265034
.09210364001683533
.9608874848182717
5.541794273893092
.3607852305686068
.118639054862813
1.2235796030671833
.06754495448077165
.2086781282887623
.04018824836508024
.8610308809591674
.06681978876782457
1.0386416931777371
.1034470529970569
1.3535650129767653
.18848668376453973
.9087580072332653
.053952934033770064
.6884714035474613
.06474331858994277
1.424385670377327
.00020042309813594913
.00045696267918326426
.12303359528276317
.11496440241623387
