-.0015564047204685084
8490854528690979e-20
-.0001436755956431137
-18727099033766456e-21
.0038820945193542957
12405656795246123e-23
-11176007558443492e-23
.003904222858085763
-.0022115147047365733
-.0006341978365602403
.009859164360379551
.017658512974042195
-11444070786875594e-23
45077513432191125e-24
-.0019500606301945127
-3922178682974044e-21
-15415672197009594e-23
-629818880694926e-22
-.0005347769598763333
-.00011871426501006506
-.0016844079187618298
-.002641030532508271
-.0009902292681456034
-.000749074095586203
-.0007853363023881288
-.0017289990537273574
-.0009733751736183097
-.0017469776391639505
-.001823046313007324
-.0018198867149904722
14351248602953831e-24
25642254429512634e-24
.0012375866233891705
.00027837668148554567
