.0638094110699533
-.025649462067514894
.0004386124233115861
.0014246700619632432
-.012705724972174731
-1137915281486786e-20
8232090630456087e-22
.003062758113429611
-1948508329059707e-20
9080049382012306e-22
-.0002710516215301231
-53764817963437206e-21
4044197632332839e-21
23564080664229912e-23
.0011018926563273253
.0005791086506731728
.0036160832048910555
15597589432821686e-23
9861186592188509e-25
-.00012955726272707922
-7761698566396005e-20
-.0004200230423630048
31889712296891863e-22
-.004485677275523946
-.02974422116610498
18549595092722763e-23
-29551350401480453e-23
39712680477971147e-23
8824476676914031e-24
-23339049348721223e-23
8285580025982743e-24
16252470353146396e-24
18896127589538128e-24
-28948528001018092e-25
18247596986968894e-24
8054926155566716e-24
4931532344930554e-24
2526992156591994e-23
-887401150302882e-25
18332111382235834e-24
-.0014771409374201082
.0020743565938577692
-.002038788839024605
20289323919292743e-25
-6285448261862769e-22
4231486579631876e-21
-5201308163677857e-22
.00131922402480416
-.002604715122016427
-.000616053517690242
-.0019226612333341905
-.00019129670267627375
-.0013103037348616182
.0005089232364615115
-.00015493879505981863
-3507646161965326e-20
.0003988142135613182
-.001866560986124858
-.002248290958257457
11269714537531176e-21
.027188196843249267
-.032848410455888516
.02661113771056185
.0036083762166362688
-.0019377189745074664
-4495187867528815e-20
-.0015982112520147031
-.00516705001632919
.0019411203115141035
-.0015829082964318988
-.001124575275559904
.001639429854357598
.03073612803173257
.0071172266161204575
-13511386799988603e-24
-4950861585319614e-20
15517101209440378e-23
-.0018443355878925754
-7580046811428046e-22
.0036087584757155855
-7788568474583543e-22
-8122597066619166e-21
-.09631398853431428
-.01883237605762931
975654755869194e-20
.00010816005626834898
.19162603453045332
.00980767790472518
.2612626230627733
.003023466771839471
-6733277130460791e-22
.005449844127215159
-.06291216820529227
-9087687910437636e-20
-.0008194178616031296
-.006888825705568663
-.00034380375142486856
.0019200350057832494
.0003924875518546035
-.14100406438816904
.09137539209966873
.002806630830151743
.0066260514399921954
-.0022052551998116734
.003025072065495588
.000435798858687093
.10339025338499143
-8696430207837237e-21
.07503646902709878
-.001976153984669244
-.02214896341308555
.002230888264591893
-.007237652060994372
8518919693451691e-20
-6162006770898084e-22
-.0006601406692536663
.0036114901030469618
-.0019087165679925603
.0002683934238267879
54164571639955356e-24
0
0
0
0
0
0
0
0
0
0
0
0
0
0
0
0
0
0
0
-.027038613831999556
0
0
0
0
-.007063056836280894
36296197787415504e-23
-309650179958664e-22
-266847277570199e-21
49374248763783316e-24
-3850100228827319e-26
-.00921763980092578
-.24781262127048873
-.00022820897401704284
-8343494360483368e-20
.8174472080012359
.12038683619324317
.0016745203116784887
.0028183277688309254
.007806636707960629
.003723894071858669
-.0007842231588275859
-.014079766746574107
.0001268295734143791
