.002626614667116386
-.009017731104505562
-4832875594982739e-21
8297975591004322e-21
-9400256575086072e-21
18231723237409358e-22
6202871709495074e-20
37876026234220467e-22
-.0001522041112977459
-.001787970938108432
.009252050072447381
.017086472256151196
5960168232301812e-22
12301487793985225e-22
.0001888917165036783
.004221998915213313
-145233080150808e-21
2522920082471473e-21
.0045617675453317914
-.0029218391691677764
-.0019228811719898442
-.003824165239850914
.0005047919696860305
-.0019490807366297001
-.0015325863908934763
-.0002494581097717561
.0029977029938388707
-.0008146855623330383
-.0015686654617903114
-.0009938322597968425
2679920142658471e-21
36725631495396394e-22
-.0001806509775630597
.00039773151574382955
