6100452534136022e-27
41.027220363700934
.15966762759469022
.3025518436568422
11.774338205455653
.36631046619490815
5.923830045760445
.217324264404552
.0026498820196194637
.34300598587479847
.02726910962408639
7.327844908353711
.791865469122494
.6107570186359147
.009076053278223483
7.849682274828123
1.1487020610581775
.0037487282992355766
.07865718398749813
.00439495727586814
.001719392071252078
.04109738131617384
.0001383708489015293
15820851937034598e-21
.271443693873178
39209903276443884e-24
14055360195975727e-30
.004759742158504602
.007065837262374429
.005965645972025771
.0023082945424189416
.00017929194219829927
.014295334243093157
.001356772925918781
.011128245623841687
35618461609866186e-21
.00046876556967431776
.0028321591597922175
.0005076293598469948
.005539841098528982
148778230043298e-19
9.762688516576306
13.786518244794868
.005499015718844244
6088265202669428e-20
.12492277695735933
.008025350992934596
.007037064243224002
.42032404248483657
8454907578759362e-26
.44758821108960634
3007345642597949e-26
3.8350502229997385
17.792149081872545
14457807701270134e-25
2152691636968625e-25
.0069686604561651185
2.907121537691694
14.132777472837097
27759642276243667e-27
2162202364884696e-26
42.11986075436057
29.957848329463324
9.413023417293104
.0024744588705243385
.0006030687528176473
.0015484924646164753
.006820166977133019
5632352831739676e-24
0
7420433866374244e-27
22.41600770034076
3.2698981711929935
8.901700753182984
17.49418125815585
.0014426711954722983
.008275692938289949
.0004005300190094435
2.1433910650591117
.0003674826128848403
.0034961364621208467
.010789365034954463
.001605463967124214
.8308412219507035
1.3555916480203756
.0001231044396864131
.025598067948749293
1.362622726980087
1.6905040349631064
3.246892229358341
.0034890421435860696
.00044799633874986473
.5770157480001283
.7698730314638174
1056596259372222e-26
.4785181390247732
.8021013360860724
2.0348207616304252
2.6965002234198203
3301131105612438e-25
5.6077255514952995
1.999884953087559
.5570115436709374
1.136370065654324
.953000248998898
.000806566829817377
49.999999999918664
8.18818435141887
.47562071617483104
.06500158389093778
6438670414198171e-28
7230852902736717e-30
34197165877967905e-25
4.850401318369139
.010160259499813813
.0005009431762332102
.48751814488559264
.0013355776618425884
.00023753694828988485
.01545912834405559
33666282615752384e-31
0
0
0
0
0
0
0
0
0
0
0
0
0
0
0
0
0
0
0
1.810055152669238
0
0
0
0
.5529591343928574
1334.6426973047087
.004645551630293952
.10549109436400796
.02123897745864305
.22327561795332684
.5553165117756496
.9632287581094028
1.416960776551178
1.4519434211961277
.0077438430139968786
5.830741654407518
6.350352537841226
.1469083669428915
.36387214062354817
5.513535059295027
3.802496822911273
9509932900896989e-26
16132653279143526e-26
.01999999999999756
.01999999999999756
.9999999999938995
7.999999999609571
.01999999999999756
.01999999999999756
.01999999999999756
.01999999999999756
.01999999999999756
.01999999999999756
.01999999999999756
.01999999999999756
.01999999999999756
.01999999999999756
.01999999999999756
.01999999999999756
.01999999999999756
.01999999999999756
.01999999999999756
.01999999999999756
.01999999999999756
.01999999999999756
.01999999999999756
.01999999999999756
.01999999999999756
.01999999999999756
.01999999999999756
.01999999999999756
.01999999999999756
.01999999999999756
.01999999999999756
.01999999999999756
.01999999999999756
.01999999999999756
.01999999999999756
.01999999999999756
.01999999999999756
.01999999999999756
.01999999999999756
.01999999999999756
.01999999999999756
.01999999999999756
.01999999999999756
.01999999999999756
.01999999999999756
.01999999999999756
.01999999999999756
.01999999999999756
.4999999999984749
3.9999999999023927
.01999999999999756
3.9999999999023927
.24999999999961872
.099999999999939
.01999999999999756
.01999999999999756
2.999999999945096
.01999999999999756
.01999999999999756
.01999999999999756
.01999999999999756
.01999999999999756
.01999999999999756
.01999999999999756
.01999999999999756
.01999999999999756
.01999999999999756
1.499999999986274
.01999999999999756
.01999999999999756
.01999999999999756
.01999999999999756
.01999999999999756
.01999999999999756
.01999999999999756
.01999999999999756
.01999999999999756
.01999999999999756
.01999999999999756
.01999999999999756
.01999999999999756
.01999999999999756
.01999999999999756
.01999999999999756
.01999999999999756
.01999999999999756
.4999999999984749
.4999999999984749
.24999999999961872
.01999999999999756
.01999999999999756
.01999999999999756
.01999999999999756
.24999999999961872
2.4999999999618723
.3499999999992527
.01999999999999756
.4999999999984749
.01999999999999756
.01999999999999756
.01999999999999756
.01999999999999756
.01999999999999756
2.999999999945096
.01999999999999756
.01999999999999756
.19999999999975598
.01999999999999756
.9999999999938995
.01999999999999756
.01999999999999756
3.9999999999023927
.01999999999999756
.01999999999999756
.01999999999999756
.14999999999986274
.01999999999999756
.01999999999999756
.01999999999999756
.01999999999999756
.01999999999999756
.01999999999999756
.01999999999999756
.01999999999999756
.01999999999999756
.01999999999999756
.01999999999999756
.01999999999999756
.01999999999999756
.01999999999999756
.01999999999999756
.01999999999999756
.01999999999999756
.01999999999999756
.01999999999999756
.01999999999999756
.01999999999999756
.01999999999999756
.01999999999999756
.14999999999986274
.01999999999999756
.01999999999999756
.01999999999999756
.01999999999999756
.01999999999999756
.01999999999999756
.01999999999999756
.01999999999999756
.01999999999999756
.01999999999999756
.9999999999938995
.299999999999451
1.499999999986274
.01999999999999756
1e-12
.32999999999933566
.32999999999933566
1.499999999986274
1.499999999986274
.9999999999938995
.9999999999938995
.9999999999938995
.9999999999938995
