3.0251123623418397
.005380792521863264
.00018966972656665038
11155151804246105e-21
36680302581232427e-29
.0007575437154862607
6.62424120700877
.7440369736792406
.04299490198360476
.022413771890233608
.0641121064958444
.7526289776616947
.729411019538842
.06419778350218217
.001081554051582353
.00516193154687569
.0008629188362443237
.001975128096097818
.07414578218738031
.004923754545681507
.001926257104462828
.003291147654822522
7051209058857102e-20
.001702856732725367
.09213445703664107
4.20749725017262
60112413030334414e-22
.005065866234627644
.006538523152578595
.005656888744684806
11650870631129343e-22
.00016876605815519823
.013456037751508198
.0012766436584535216
.010474928294040847
37712678475059113e-22
.002458468192744663
.0026643521152364285
58348136664452444e-21
.005198694038872907
5749956191398171e-21
.005655324698167633
.005654906637061486
.020019056618653948
.0005920166052993904
.11431179655437064
.008093513755758591
.0004700940078294325
.0276570532572136
.06912561068249276
2850327966159358e-21
.14916395803757204
2125020192530489e-20
8.458530738562446
8.04935655197778
1.2171498661566993
.006475679037431124
.0006500029308731057
.0007196274001560901
.18992318063985766
.10709197391355983
9.665168502108806
7.641527425989565
2.635769469626151
.0015580102471505276
.00030143384068178687
.0015216448082042413
.006042165686320139
.009155663139794299
3.9198516654371613
.0009228435324506228
9.665168502108806
3.0792507230912465
9.665168502108806
8.863855783142295
.0013536433112964776
.009062228451939141
.0001467454620225711
2.1342123119622363
.00019031612729462173
.0018001560792330429
.010278694477195514
8828794662377254e-20
.642473075413759
.0440421431312515
1773489012161569e-20
.0005709545315847727
.3718487367388292
.34518698443827056
2.6240033276641492
.00014615281353443148
.0004056854088900121
.6282077091191696
.7830650559343041
.11720286667444992
.00022345259422673343
.163391375306624
1.1838610642204295
1.020200440981319
.08137931432352186
1.2946374594631176
1.9731964751459623
.020491955228012018
.02405970406139935
8618045556222662e-20
.00013418806727827189
3.7162768330554656
4.311774107906428
.4524232814797483
.0031538719735147228
.0001469246086850084
21887554723263325e-22
640319401830967e-22
.0527406199432716
.01579252999871462
.0004556330902778597
.32953242118726833
3148099836993846e-20
.00016091332295260498
.02512333905736735
8470316829529788e-22
0
0
0
0
0
0
0
0
0
0
0
0
0
0
0
0
0
0
0
.09151754466631516
0
0
0
0
.2764144265689396
1256.2880316467551
.004372818976435704
.0992978866646919
.019992072214977792
.21016747565454072
.01878928187896894
.3896092440900156
.01356280333501654
.3821970898558535
.005061781712351434
2.176388158188469
2.355304422162986
.0020857129377695833
.005050685434063981
.5042437156899044
.355770381221206
.1936420439444893
.32829391096391786
.018825833074030334
.018825833074030334
.04855234896962131
2434513807263666e-25
.018825833074030334
.018825833074030334
.018825833074030334
.018825833074030334
.018825833074030334
.018825833074030334
.018825833074030334
.018825833074030334
.018825833074030334
.018825833074030334
.018825833074030334
.018825833074030334
.018825833074030334
.018825833074030334
.018825833074030334
.018825833074030334
.018825833074030334
.018825833074030334
.018825833074030334
.018825833074030334
.018825833074030334
.018825833074030334
.018825833074030334
.018825833074030334
.018825833074030334
.018825833074030334
.018825833074030334
.018825833074030334
.018825833074030334
.018825833074030334
.018825833074030334
.018825833074030334
.018825833074030334
.018825833074030334
.018825833074030334
.018825833074030334
.018825833074030334
.018825833074030334
.018825833074030334
.018825833074030334
.018825833074030334
.018825833074030334
.018825833074030334
.018825833074030334
.11017300543061512
22219328890488122e-21
.018825833074030334
22219328890488122e-21
.11735257054296316
.07389601850836557
.018825833074030334
.018825833074030334
.0003433313683004944
.018825833074030334
.018825833074030334
.018825833074030334
.018825833074030334
.018825833074030334
.018825833074030334
.018825833074030334
.018825833074030334
.018825833074030334
.018825833074030334
.01604743787171315
.018825833074030334
.018825833074030334
.018825833074030334
.018825833074030334
.018825833074030334
.018825833074030334
.018825833074030334
.018825833074030334
.018825833074030334
.018825833074030334
.018825833074030334
.018825833074030334
.018825833074030334
.018825833074030334
.018825833074030334
.018825833074030334
.018825833074030334
.018825833074030334
.11017300543061512
.11017300543061512
.11735257054296316
.018825833074030334
.018825833074030334
.018825833074030334
.018825833074030334
.11735257054296316
.0012985259813773293
.12140642797829113
.018825833074030334
.11017300543061512
.018825833074030334
.018825833074030334
.018825833074030334
.018825833074030334
.018825833074030334
.0003433313683004944
.018825833074030334
.018825833074030334
.10921243101794015
.018825833074030334
.04855234896962131
.018825833074030334
.018825833074030334
22219328890488122e-21
.018825833074030334
.018825833074030334
.018825833074030334
.09528462259116563
.018825833074030334
.018825833074030334
.018825833074030334
.018825833074030334
.018825833074030334
.018825833074030334
.018825833074030334
.018825833074030334
.018825833074030334
.018825833074030334
.018825833074030334
.018825833074030334
.018825833074030334
.018825833074030334
.018825833074030334
.018825833074030334
.018825833074030334
.018825833074030334
.018825833074030334
.018825833074030334
.018825833074030334
.018825833074030334
.018825833074030334
.09528462259116563
.018825833074030334
.018825833074030334
.018825833074030334
.018825833074030334
.018825833074030334
.018825833074030334
.018825833074030334
.018825833074030334
.018825833074030334
.018825833074030334
.04855234896962131
.12105545727547136
.01604743787171315
.018825833074030334
9999999999969774e-28
.12160834254541124
.12160834254541124
.01604743787171315
.01604743787171315
.04855234896962131
.04855234896962131
.04855234896962131
.04855234896962131
