.007619812858002661
.00039490117985815844
22963363004560523e-21
7598860826727257e-28
.0013363388868354407
6.5637524104770355
.7264531751888534
.050331809042666195
.015166065779889683
.07176989356556111
.7685956672042439
.7263580573402489
.05533686393540704
.000921978894977533
.0072366094702032814
.0008915201198008402
.00257084077588217
.06938390180682494
.004757666387538295
.0020808435350778646
.002209246459677809
4884412459642168e-20
.0019152599071701082
.06484199773668824
4.069644330865301
66802972903012e-19
.005558401013023464
.005934135296312308
.005719241329902847
1325114305036627e-21
.000173063648058342
.013400030413788858
.0013056796067439033
.009710246316305212
31194198068086384e-22
.0023112250394487013
.0027461846496374446
4856554616253591e-20
.005089309533756893
5011819662242165e-21
.00571749357442679
.005717093564804056
.020589187462651384
.000599530227002328
.11420018383183203
.00750480660774269
.0004927344145040994
.02449652730554658
.0855964421000855
2733413354794364e-21
.13343371857330671
23228454181676218e-21
8.364404833531259
7.953757515657511
1.2220347752519831
.0066248414677861035
.0007033615599277775
.0007776907053324266
.1971908396689488
.11965293781316089
9.949296046385648
7.76038152780814
2.9065492992710995
.001925587997367722
.00035794447558306074
.0013919892637496705
.005693850216715252
.007902524723595901
3.7513745895355632
.0008308564684698968
9.949296046385648
3.247996421856976
9.524585853404348
9.159880837096164
.0013790084221688029
.009283913404875528
.0001660878333717697
2.1423146774511834
.0002559783265652655
.002285271029456164
.011252854262432934
7492232784378508e-20
.7535464608962797
.027883255534649723
20203299285180077e-21
.0002876491601749956
.39970732682922333
.37510187142567913
2.4996476619127983
.0001375487540026898
.00034768317749638635
.5657861036890612
.7849546641016388
.14774955626331787
.00029177921183421514
.1665824248830203
1.2243466507280638
1.0679342801480258
.07412193161287815
1.3065674922485897
1.9257604851667034
.019872761392053306
.025882616767423684
8464165907837717e-20
.00012939702726469293
3.698343981432699
4.219691791349549
.4815574395754406
.0037053682019648733
.00014227206878898884
19078519951832e-19
6711214045600003e-23
.05727149399257336
.016174886263328962
.0006259319015572961
.35420242870434615
34183259429593836e-21
.00017540256984938235
.026861328012935507
7971119580248921e-22
0
0
0
0
0
0
0
0
0
0
0
0
0
0
0
0
0
0
0
.10583550784319393
0
0
0
0
.3360867837080063
1267.9296616955182
.004236623456552303
.10220080009762463
.017604282084090383
.20625743795010668
.020365667020277152
.4261847901039427
.013152966535145737
.3617832205941318
.004822867133914628
2.326891884056811
2.2579507664250533
.002108807460697896
.00488227049210579
.5199496505624872
.38168720595518874
.18919656831167467
.3094155041445687
.018833858190638077
.018833858190638077
.049598563524865386
27045242707377186e-26
.018833858190638077
.018833858190638077
.018833858190638077
.018833858190638077
.018833858190638077
.018833858190638077
.018833858190638077
.018833858190638077
.018833858190638077
.018833858190638077
.018833858190638077
.018833858190638077
.018833858190638077
.018833858190638077
.018833858190638077
.018833858190638077
.018833858190638077
.018833858190638077
.018833858190638077
.018833858190638077
.018833858190638077
.018833858190638077
.018833858190638077
.018833858190638077
.018833858190638077
.018833858190638077
.018833858190638077
.018833858190638077
.018833858190638077
.018833858190638077
.018833858190638077
.018833858190638077
.018833858190638077
.018833858190638077
.018833858190638077
.018833858190638077
.018833858190638077
.018833858190638077
.018833858190638077
.018833858190638077
.018833858190638077
.018833858190638077
.018833858190638077
.018833858190638077
.11135322115824195
2422657851277008e-20
.018833858190638077
2422657851277008e-20
.11797942661310017
.0740536556912809
.018833858190638077
.018833858190638077
.0003662076191489002
.018833858190638077
.018833858190638077
.018833858190638077
.018833858190638077
.018833858190638077
.018833858190638077
.018833858190638077
.018833858190638077
.018833858190638077
.018833858190638077
.016569446313081437
.018833858190638077
.018833858190638077
.018833858190638077
.018833858190638077
.018833858190638077
.018833858190638077
.018833858190638077
.018833858190638077
.018833858190638077
.018833858190638077
.018833858190638077
.018833858190638077
.018833858190638077
.018833858190638077
.018833858190638077
.018833858190638077
.018833858190638077
.018833858190638077
.11135322115824195
.11135322115824195
.11797942661310017
.018833858190638077
.018833858190638077
.018833858190638077
.018833858190638077
.11797942661310017
.0013700054411249674
.12231532324561112
.018833858190638077
.11135322115824195
.018833858190638077
.018833858190638077
.018833858190638077
.018833858190638077
.018833858190638077
.0003662076191489002
.018833858190638077
.018833858190638077
.10967887999413513
.018833858190638077
.049598563524865386
.018833858190638077
.018833858190638077
2422657851277008e-20
.018833858190638077
.018833858190638077
.018833858190638077
.09558968147098688
.018833858190638077
.018833858190638077
.018833858190638077
.018833858190638077
.018833858190638077
.018833858190638077
.018833858190638077
.018833858190638077
.018833858190638077
.018833858190638077
.018833858190638077
.018833858190638077
.018833858190638077
.018833858190638077
.018833858190638077
.018833858190638077
.018833858190638077
.018833858190638077
.018833858190638077
.018833858190638077
.018833858190638077
.018833858190638077
.018833858190638077
.09558968147098688
.018833858190638077
.018833858190638077
.018833858190638077
.018833858190638077
.018833858190638077
.018833858190638077
.018833858190638077
.018833858190638077
.018833858190638077
.018833858190638077
.049598563524865386
.1218318381192527
.016569446313081437
.018833858190638077
9999999999969952e-28
.12246654020678688
.12246654020678688
.016569446313081437
.016569446313081437
.049598563524865386
.049598563524865386
.049598563524865386
.049598563524865386
