45.40894441831778
.31859730306981776
1.1439801176980537
46.953665621358105
1.428149418866542
7.81736064580809
.8338265040373467
.18803857112030883
1.3282826992540264
.0837059662747848
22.649921674972806
.8211762422492085
1.5444931037240708
.01986537255613738
9.407843701790984
12.51936987034472
.010498216965081601
.07841626482382699
.016334408909236143
.006689294979816626
.046470817880757076
.015595327610440982
.00925224961956129
1.7357932486045584
29.491070403916336
.004776878140269695
.006403163151969165
.006759980685054543
.006271682224340678
.005514699067436901
.00018509106408745658
.014414636884275463
.0014036955125579914
.010394841270910895
.0002832384537715016
.004418390574778699
.0029945304786855704
.0023823491480830608
.008676783347692014
.00021339860310289833
18.41837666350354
18.992626035301225
.029320003812366414
.0040439570996782135
.14922780845589304
.010176003286276004
.009494381629871049
.5925173610880388
5.377614297259459
4.84265628608758
3.6424350263205447
5.079666356321246
21.186103489910934
19.029771326216512
2.017014243874175
.0077690723219388585
9.620854083357894
163.29101451861624
.363620249985249
.18471738226435974
52.639016864747816
52.60668983001703
18.050196328046574
.006019861114124471
.002227776326055732
.0017323863595817305
.010247231808334879
84.70790070235412
77.88518031176791
.041454203852734746
27.98885906903176
3.4799060087060165
104.48605005047982
36.12537468683622
.001529258585109015
.010598218690338088
.00555558251093824
2.6687177060088465
.0011666557748938992
.009790675235003524
.01213126906920658
.008386509170037923
11.33301528745014
25.189855805944916
.010067518254937622
.05520941079608372
28.357885599811013
133.0530810211924
7.5582578805999265
.017380838834934395
.009905671329197787
5.0744235566685
1.6444317094837622
12.943725292580336
10.985751949211984
6.484723418581683
8.219000130325767
6.8204280977415594
3.6950117785914407
62.16192567673113
2.0794065302063407
7.2481052050457215
5.405440895295018
2.5849969195698996
.003338706588539454
60.254743099042145
8.26094575554416
2.275503790015169
.4772551992230352
.016709408789928545
.0001749675270538809
56.769901522062696
102.59402428022794
.09357840192766179
.00357226599926459
.6294548274414604
.006538415063934757
.007135549086525674
.19364864978144974
4203046591603659e-20
0
0
0
0
0
0
0
0
0
0
0
0
0
0
0
0
0
0
0
3.3590762838373407
0
0
0
0
4.288166917243074
1346.436453817816
.0044989437784534675
.10852879857450189
.018694291850239277
.2190283433828051
.799780414812374
1.2317923479371453
1.582550387907352
19.732364318964226
.01598312090513153
6.547708138847234
6.400539813125571
.3702495844466223
.8416745956203415
80.05409667772044
90.39434473780649
49.75017864460461
78.36937725326048
3.343632749746579
1.9725517321623074
1.5779312363913673
1.773558048805095
2.9601250867066713
1.692374349241843
2.5239581048026634
1.9543126142257794
1.8116335912289228
2.227301883635318
1.8665414158943459
1.8605195009452469
1.3643029227783612
2.055557095602955
1.5925431106822492
2.641458669939036
1.900198472140714
2.2475727502336094
2.204158999858581
1.6712913925866437
2.472711470641776
2.7004281414023525
2.451518810126348
2.1742383167068615
1.7705904418934255
2.4500946606703238
.02350486578788693
1.770123239316429
2.435305307016702
5.7929083578730625
2.107459242799071
2.0933414517817117
1.3008888788300608
3.0554473017714368
1.4189823544693843
1.6225467956593869
3.078899381330341
1.3447626325042348
2.094735530264582
1.5885362296770233
2.132712325630388
1.5598944518561362
1.9103039154256944
2.730049785191176
1.9562357571991371
2.1015097083512804
1.82732514787304
2.174786336838776
1.7083199157642135
2.2367850440347885
2.5334366898819964
3.2510389849286776
2.292361951945012
2.004412350186042
1.99880844649522
2.8291483927611667
2.3904136415736272
1.067383869415902
2.7101376804783226
2.7198401004231005
2.178519299541524
1.159051478763766
1.6540038939840804
1.7411068339076912
1.9739327452681505
1.5649569982377756
2.403644521294632
2.200353292036357
1.9469941871832863
1.728276357404044
2.687033960261435
2.585967580071805
1.899710511421279
2.156612094686063
2.320869830722074
2.095775673378806
2.5465752970922573
2.3718219297471714
1.9335562054652127
3.151750547907004
2.185112402408373
1.9088192921723988
1.2825120762863726
1.5262987743496663
1.5389668768012459
.7521502062003788
.1863719914260815
2.029373643690808
.01128293147647007
2.5480281391222297
2.2716383526936803
2.4342340239742684
1.825844688462169
.18918568344881034
1.520180346447995
.2043402643131842
1.163402957924917
3.065398217894067
1.7851862916206613
1.7637521766133573
1.8463544134837553
2.09173948389684
1.7667480230383186
2.067264534872572
2.168817226231972
2.4112536455917004
.009740528805961752
1.8454421869234015
1.9521082576225168
1.4718390231809735
2.425953811527863
1.8239132910877078
1.3989660620563946
2.2315125511586027
1.9083734271416612
1.9502570022246286
1.849801657017248
.7154051523831338
1.7030648450383554
4.8457742782076565
6.24609541932959
1.5792076662134433
2.0107858296275376
2.7294273505798303
2.6393864835592984
2.958112162422011
1.996197330723744
.009136337030470565
1.6012252581413562
1.4001487448048016
2.7720815242919783
2.395131316035484
1.8572229738479755
1.9010565855486614
2.392190161805858
1.9135061178397423
2.677092600817406
2.151105850706537
2.293163932260868
1.7324943641577077
1.5780617576281653
2.1882324969699023
1.2100463108015558
.22872043126380945
2.26739619309386
5.891048511186918
1.673088509458578
1.80260713983513
1.9662103945632732
2.3729486758157234
.9447390141188039
1.6895932031806287
2.174221006530251
2.227685445196787
2.31311388862668
1.408623833478449
2.161939902182732
2.6162780385438222
1.8087206448006696
2.4167535077349114
1.46453872604444
1.260736871743659
1.5566060227427423
1.8227109301180437
2.3470194944713993
2.2392979930026726
2.8240844014688955
1.2801929645998467
2.440039237779563
2.3340388568601464
2.1276975039201025
2.427685065963151
1.7547920336255198
1.859555493079948
2.861952605234559
1.9516737144290313
2.1873293317576126
.023496333368161513
2.0733624128492028
.05780502910717846
1.9153333425436008
1.9238018828694219
.5431183656819244
1.3451025736922015
2.1402371340137463
1.2204935948993563
.049398492788879915
2.0496545171710907
1.1482033326038041
1.6417333603407034
2.0750605941281037
1.9268480039496387
1.620385460453444
2.467421332528315
3.536684669388659
3.0664227394700996
.6788132890307873
.011596028042178507
2.0688125959193835
2.2060222929151623
1.9759508213983912
.04644686303268809
2.2653702999665164
1.808046369363974
2.1425342065183215
1.2421696074814788
1.3249297997310405
.0061637488939822235
.0045708914682407184
2.486324466622611
.5650337207453482
.14097293476241074
.8013229370589046
.2056739636512974
2.26202100872911
.1115027050775273
.10223183350337481
1.72458673288771
.590798050185958
8.504327114348088
2.14508889679056
2.160651021056299
2.4895905868886987
2.3603271858199446
2.11795426134289
1.923922211350476
.12049096848880039
.16477554822717155
1.9088546458591662
3.06818778108515
1.0201838336833626
2.048900231057397
2.522168184227462
1.9978807157035776
.010354671708758914
.3046390511133856
2.8611215860637103
3.693849568282519
4.285217782323428
4.059448702085623
2.4056143383000315
.011388125657361409
3.0647052773843235
1.3469055759314388
.0155812169034731
.010796991446273548
.16055000951065285
.012422991627524367
1.8114242570082093
2.902498457879771
.01
1.887371734046385
.014714154935791821
.007326978841375757
2.1135941870700705
.009494601772239365
.008178451622864373
2.1504303894831476
.00699482905069116
2.4324613763749507
2.1660131276350514
1.6311769399387124
1.5906821805540006
.008894209444537903
2.0814202649288345
2.497197834923411
2.432593707967111
2.467199501661289
2.203527410040543
2.7840207723024397
.011003094582773447
1.4334253373202919
.011084037078768818
.009615884606586743
.0104700851873124
.012191056964936107
.009657736127468468
1.3591425756566329
.09179526709610461
.06910341378378473
.009371255036880398
1.372648696442948
2.2625412495236734
.0975395513010506
1.9950105997940353
1.4341340488934629
.06654795710780204
2.275066941229011
1.8333638527498504
1.7533608251682569
2.87636645015253
.009237493960304991
1.6779914377175065
2.577192152808847
3.4050940349631587
.7990668267453971
1.6164851436645522
2.215346254446195
1.5189322771448823
2.24683479095665
1.6141060341799376
1.8609022594307079
2.0871731734648624
.009533800475322377
.20228429033385978
.19513450380089875
1.9251273238397455
1.4253712724086742
1.866591527586237
1.7960123649378559
1.4233387669256028
2.1816512276660553
2.136884633564289
1.7476636343677292
2.0898261821998343
2.1701887186963082
1.772236951587427
.006017772788917632
1.6243440976223036
2.034330798262904
1.87040051533637
2.0434931161416396
3.0772883581171233
1.6736808677422452
2.0215955246330446
1.7465124743443816
2.1586645018892163
.12032827535072506
1.8325742352495005
2.5099017957588203
2.384462348283707
1.5509424642757097
2.571284635811007
1.6180763443329078
.21932292348762206
.1527283301081714
.1274849613314694
1.737771618152383
2.0790611775325285
1.859668051486838
2.4792091668115286
1.4087094732286327
1.7989255047321209
1.4822545988603593
2.102908517628013
2.3990870549943737
1.606831154126697
2.2906556603902484
2.5102446756355485
1.9283337824922402
2.268198207422947
3.226142347053809
2.014853933941395
2.0799636243662247
1.8728185100214594
1.3523606767571679
2.117167498090514
1.5725613227118231
2.256709617506643
1.8775302305367862
1.6618053257122005
2.2672497875639412
1.7048040715636028
2.261876854777859
1.3281629457145714
2.348826032409677
1.5772972264412024
2.3082548265779366
1.7385536682683187
2.197435708830829
1.6324701801429657
2.0234447652883873
15.471565062839565
17.381708897535304
2.4040038470611376
2.187078452648523
1.6853012767270408
1.3566870594937057
1.4885773583207118
1.530627765850005
2.6250674493679185
1.805333769216438
1.6590156813313885
2.151370515276769
1.933218805679378
3.055502727594311
1.6260071853369653
1.741974044005711
1.4675519940908495
1.8723139945543579
1.523133674265391
1.9253369416863533
1.2938326557569495
1.9529912674331875
2.166626916433218
1.2378193720058226
1.8789702789285998
1.5768329213504935
2.4062434144415192
1.858647298741267
2.7925961685166336
1.8713116960459744
1.9031755361824791
2.586513401112677
1.2478715537631326
2.536513406220546
10.627837321037754
1.8129835587666865
1.7108124627894714
1.5781546380751088
3.408510707467965
1.971073418813341
1.930553203121442
2.6928059854757507
1.4883263536367022
1.8602419376051793
2.8493585088217017
1.3650604431869575
3.2009242826569504
2.525794779533031
2.501281215737336
2.0110439154754842
1.4129145802244047
1.6336106974532882
1.7497725710267542
.28754615876007794
2.6971622538125213
1.7978617134031876
2.4171221368619014
1.674657997974484
2.0350315614493977
2.5305282248628966
2.0518354886881838
2.3376069556086874
1.978526990570491
1.7131333537716065
1.431105776236636
2.0027140623220006
2.359911851070924
1.7898541044687155
1.78086587277048
1.6071647394067405
1.639828571756031
2.674835630212757
2.956460552664363
2.022916121778494
2.1044556268511885
1.8854651364112096
2.284351934038713
1.664343515149353
1.2978978773455683
2.1272214849352653
1.7028904897978845
1.6657861363871873
2.3113351879141124
.16727320166313986
.9819757470236223
.12656185671162062
.9286386251129122
.10512272648771842
.9028387938485637
.08604247115349731
2.175507195397819
.15940982934263498
2.4200718314797185
.08667232568855487
.9579523117752398
5.845029765991817
.33720290773118633
.11655074330544604
1.211331993350101
.06803501960043855
.21029607775349918
.040258236167256996
.8798887718069964
.07467229732619068
1.1633924809419904
.10181510557811162
1.2716086222684109
.1769270422124751
.9566733100037538
.04808672613179487
.6989274210922629
.0578531678510962
1.456694455724063
.0001965069003315424
.0003812182035019389
.11270616818947966
.12074835993011128
