.7224375756287673
.012934814339617297
.002719204942038907
4157812963815622e-21
.03238921928079968
7.005266858439716
.7379476610175055
.05617449459512525
.06429524344778555
.06541328875011578
4.820488920904112
.723285052878433
.3699084445804368
.005829804398226121
3.046556119902431
.3978688474340787
.003223747720506928
.0723470673365848
.004666917636627577
.0018007719346846236
.00947405256824517
.0001977637262850922
.002588739179544934
.27567494921352426
16.946767327840472
.00015859443011494067
.006008824210862008
.006622692888013927
.005640153765238286
12723313819006905e-22
.0001732953073248512
.01313227063721949
.0012104817205066526
.010469314832270548
21467940993196262e-21
.0023977523166003483
.0027481456894896486
.00034528096212950286
.005537731771808818
3192803889276706e-20
.0056465137121012345
.005886674626945436
.019839169221453203
.000347547324729986
.11202896956291104
.0076950648482941
.0008429022900985842
.04424302010059729
.27326243647763926
.0011336939695759701
.5428579377890032
.008857929221692495
11.917199147877819
11.056730144377717
1.3264525935252718
.006694323211969701
.06024296966028911
.06678741624085575
.21857027839732865
.1264255678067688
29.919264183043314
23.455878226354272
7.8572418647256725
.0022755317138953655
.0005238759428808627
.0014400001522670322
.006800933077149935
2.9030396788852246
7.148378845075917
.018745992263674297
22.508405808470723
3.269659653012625
9.850805519841298
21.11982911720814
.001423065573947411
.008714943665522454
.0006230919925298959
2.1621309079118705
.00031461344155118336
.0027619195548482596
.01077497382959262
.000340863187251097
.9339581158383501
.6638494451946204
26391499270698242e-21
.007056413643406198
.8450691730640152
.7589722671898901
3.453667976405871
.00015585563975272954
5198540160603347e-20
.6242712812840525
.8446004840865885
.07854545836642667
.010161748228181331
.28361113335806615
1.4752143222193939
1.3882993308551437
2.0493256659156946
1.5721653168817287
2.0656574730635295
.025338017821028094
.0360268210953652
.009391633830446482
.00018769238633258205
6.324534912106587
6.165574644037105
.5439489713208592
.018277628056894212
.0037586928432908904
60327917790749284e-21
.000497589441757178
.08710459898900057
.02052029898715973
.0008058979197210545
.4549383361415585
50666616785250836e-21
.00024468528508845856
.03390886206461311
20364384011376507e-21
0
0
0
0
0
0
0
0
0
0
0
0
0
0
0
0
0
0
0
.7332614264976979
0
0
0
0
.5542452429010327
1223.925425074608
.004539688457933855
.0991310273539108
.02039028136476359
.21601043842503437
.11228353003013036
.6318064445444237
.14055409437431815
.43994064321539605
.006346507415261203
2.9438395885614077
3.3018046063901023
.017031546026393583
.03914077783205855
.7602272374636944
.5523547299451188
.2538003068271056
.4521608883782394
.019406560321907053
.019406560321907053
.22178316898182104
4635986003199929e-20
.019406560321907053
.019406560321907053
.019406560321907053
.019406560321907053
.019406560321907053
.019406560321907053
.019406560321907053
.019406560321907053
.019406560321907053
.019406560321907053
.019406560321907053
.019406560321907053
.019406560321907053
.019406560321907053
.019406560321907053
.019406560321907053
.019406560321907053
.019406560321907053
.019406560321907053
.019406560321907053
.019406560321907053
.019406560321907053
.019406560321907053
.019406560321907053
.019406560321907053
.019406560321907053
.019406560321907053
.019406560321907053
.019406560321907053
.019406560321907053
.019406560321907053
.019406560321907053
.019406560321907053
.019406560321907053
.019406560321907053
.019406560321907053
.019406560321907053
.019406560321907053
.019406560321907053
.019406560321907053
.019406560321907053
.019406560321907053
.019406560321907053
.019406560321907053
.23546929409940837
.009675808339732877
.019406560321907053
.009675808339732877
.1715624126227104
.0860186959502306
.019406560321907053
.019406560321907053
.032725832995528614
.019406560321907053
.019406560321907053
.019406560321907053
.019406560321907053
.019406560321907053
.019406560321907053
.019406560321907053
.019406560321907053
.019406560321907053
.019406560321907053
.1566693353914645
.019406560321907053
.019406560321907053
.019406560321907053
.019406560321907053
.019406560321907053
.019406560321907053
.019406560321907053
.019406560321907053
.019406560321907053
.019406560321907053
.019406560321907053
.019406560321907053
.019406560321907053
.019406560321907053
.019406560321907053
.019406560321907053
.019406560321907053
.019406560321907053
.23546929409940837
.23546929409940837
.1715624126227104
.019406560321907053
.019406560321907053
.019406560321907053
.019406560321907053
.1715624126227104
.0579103381545423
.20660605066865012
.019406560321907053
.23546929409940837
.019406560321907053
.019406560321907053
.019406560321907053
.019406560321907053
.019406560321907053
.032725832995528614
.019406560321907053
.019406560321907053
.14798432111977694
.019406560321907053
.22178316898182104
.019406560321907053
.019406560321907053
.009675808339732877
.019406560321907053
.019406560321907053
.019406560321907053
.11966869102464642
.019406560321907053
.019406560321907053
.019406560321907053
.019406560321907053
.019406560321907053
.019406560321907053
.019406560321907053
.019406560321907053
.019406560321907053
.019406560321907053
.019406560321907053
.019406560321907053
.019406560321907053
.019406560321907053
.019406560321907053
.019406560321907053
.019406560321907053
.019406560321907053
.019406560321907053
.019406560321907053
.019406560321907053
.019406560321907053
.019406560321907053
.11966869102464642
.019406560321907053
.019406560321907053
.019406560321907053
.019406560321907053
.019406560321907053
.019406560321907053
.019406560321907053
.019406560321907053
.019406560321907053
.019406560321907053
.22178316898182104
.19094127517527912
.1566693353914645
.019406560321907053
9999999999984959e-28
.20075684433933413
.20075684433933413
.1566693353914645
.1566693353914645
.22178316898182104
.22178316898182104
.22178316898182104
.22178316898182104
