1.5161275008031871
.6718988812560514
.011865491648529099
.002266269357233387
3916656562922035e-21
.031072537885070837
6.148110574620431
.6328579619546563
.05373538705797688
.06576059137310596
.06774705250938912
4.608701167652888
.770280131943524
.3222793807106581
.0049312761277069
2.63821853755086
.31032391696619266
.003360864770882538
.06903332962439752
.004748842524442458
.0020302561682904886
.010115839701694919
.00018060667334843586
.002730408030249569
.2984716815408912
17.411278815520543
.00014124196363760522
.005594477764400036
.0060919513134585716
.005473653570698426
13390901966947263e-22
.00017274333908099388
.012839299766315627
.0012610254990049754
.010371351251267126
17055809471662953e-21
.0021615515871170445
.002782937557000172
.0002754010228408649
.005057242313989095
3075204495630034e-20
.005483298640042431
.0056639678898852755
.02100618020798301
.00034391067022382073
.1188168501168615
.007687420663287179
.0008638911856223459
.049258862160753446
.26922672567243905
.0010816921363803675
.5571001077273589
.008701948781134804
12.738218835526762
11.823632787203344
1.4434614940686015
.006967735968327664
.056270331514612276
.06194368072850181
.22123748718389763
.12372612884401195
29.784966655957504
23.499352843948337
8.269047862089757
.0022268143570166937
.00047527792836207333
.0014628336260070324
.006307680909245229
2.8788913528755566
7.073829928404454
.019288581761167673
22.26909553106584
3.570050058614377
9.510940114122247
20.873666087654865
.0013327481053718687
.009198718518856978
.0006510346786458831
2.0406093886824173
.0003293486611053419
.003014074294198071
.01122119766724306
.0003594218084832151
.9427309097374005
.645065778341779
29659034655724113e-21
.00697648193327833
.86527848144226
.7737413369411338
3.4564247488591007
.0001788038191067566
5964213771769747e-20
.660509761696711
.8373021472482834
.09015192249898125
.010046418825766693
.3017593814665838
1.812940556286549
1.6772347945850408
2.084018884693295
1.612356326239326
2.074181220461554
.02535592631543339
.03420541981181714
.008990047039928053
.00017133337272984484
6.3867202746604255
6.125013385811463
.5226261447753308
.016134680577135168
.003548041975090852
6439328427460022e-20
.0005873101898573986
.09707710299302309
.020606017898151825
.0008398355048048759
.4292185832523869
4809890365065632e-20
.00022278292587948027
.034760819356441534
2023200422773064e-20
0
0
0
0
0
0
0
0
0
0
0
0
0
0
0
0
0
0
0
.7670460871341502
0
0
0
0
.5834954347261206
1276.4732930973435
.004410984846382381
.097355758626093
.01825695545410715
.22083506277438833
.10463573008208117
.6104743386703758
.12887369940985444
.40468952097843974
.006378002460380066
3.071332450440042
3.305991732448697
.01577921660397445
.041561031350708384
.9750674298129786
.6125021541167651
.26265490752421333
.425529527775322
.0194026513360536
.0194026513360536
.21956048325999214
4321344358598041e-20
.0194026513360536
.0194026513360536
.0194026513360536
.0194026513360536
.0194026513360536
.0194026513360536
.0194026513360536
.0194026513360536
.0194026513360536
.0194026513360536
.0194026513360536
.0194026513360536
.0194026513360536
.0194026513360536
.0194026513360536
.0194026513360536
.0194026513360536
.0194026513360536
.0194026513360536
.0194026513360536
.0194026513360536
.0194026513360536
.0194026513360536
.0194026513360536
.0194026513360536
.0194026513360536
.0194026513360536
.0194026513360536
.0194026513360536
.0194026513360536
.0194026513360536
.0194026513360536
.0194026513360536
.0194026513360536
.0194026513360536
.0194026513360536
.0194026513360536
.0194026513360536
.0194026513360536
.0194026513360536
.0194026513360536
.0194026513360536
.0194026513360536
.0194026513360536
.23428641134895958
.009295372045959876
.0194026513360536
.009295372045959876
.17113094824508593
.08593209883037878
.0194026513360536
.0194026513360536
.03175272386841643
.0194026513360536
.0194026513360536
.0194026513360536
.0194026513360536
.0194026513360536
.0194026513360536
.0194026513360536
.0194026513360536
.0194026513360536
.0194026513360536
.15432008059223298
.0194026513360536
.0194026513360536
.0194026513360536
.0194026513360536
.0194026513360536
.0194026513360536
.0194026513360536
.0194026513360536
.0194026513360536
.0194026513360536
.0194026513360536
.0194026513360536
.0194026513360536
.0194026513360536
.0194026513360536
.0194026513360536
.0194026513360536
.0194026513360536
.23428641134895958
.23428641134895958
.17113094824508593
.0194026513360536
.0194026513360536
.0194026513360536
.0194026513360536
.17113094824508593
.056470841990073066
.20587898177869673
.0194026513360536
.23428641134895958
.0194026513360536
.0194026513360536
.0194026513360536
.0194026513360536
.0194026513360536
.03175272386841643
.0194026513360536
.0194026513360536
.14768651218759782
.0194026513360536
.21956048325999214
.0194026513360536
.0194026513360536
.009295372045959876
.0194026513360536
.0194026513360536
.0194026513360536
.11948802641449502
.0194026513360536
.0194026513360536
.0194026513360536
.0194026513360536
.0194026513360536
.0194026513360536
.0194026513360536
.0194026513360536
.0194026513360536
.0194026513360536
.0194026513360536
.0194026513360536
.0194026513360536
.0194026513360536
.0194026513360536
.0194026513360536
.0194026513360536
.0194026513360536
.0194026513360536
.0194026513360536
.0194026513360536
.0194026513360536
.0194026513360536
.11948802641449502
.0194026513360536
.0194026513360536
.0194026513360536
.0194026513360536
.0194026513360536
.0194026513360536
.0194026513360536
.0194026513360536
.0194026513360536
.0194026513360536
.21956048325999214
.1903651794073312
.15432008059223298
.0194026513360536
999999999998484e-27
.20009066305449294
.20009066305449294
.15432008059223298
.15432008059223298
.21956048325999214
.21956048325999214
.21956048325999214
.21956048325999214
