1.5161275008031871
.671899588645305
.011869860128609829
.002266270829632556
3916660148260067e-21
.03107256444551882
6.148110571433412
.6328579612326143
.053756468406919763
.06576059557376758
.06774705253774295
4.608701098788517
.7702801319428392
.32227937588838507
.0049312755193306355
2.6382177105403777
.3103199888817025
.0033622977716917103
.0690333296727124
.004748842524374243
.002030256168261676
.010115840508781839
.00018060440624101832
.0027316492430564717
.2984717014031374
17.411278812299305
.0001413059106525879
.005594477761351204
.006091950834215539
.005473653822725193
13390901887919142e-22
.00017274333908099388
.012839299766315627
.001261025498980519
.010371351251267126
17055809207305074e-21
.002161551584172336
.002782937556921198
.00027540101882886494
.005057242315474994
3075204442693437e-20
.005483298609275344
.00566396137752269
.021006183929884945
.0003439106702344882
.11881685011797426
.0076874206595626245
.0008638887476822179
.049258722840708674
.2693576622159354
.0010816786570548753
.557100003316161
.008701948582453286
12.73821926426245
11.823632780547193
1.443461493505031
.006967735623457
.05627033248055467
.06194376471781036
.22123748707789959
.12372612875809211
29.784966655957504
23.499355043867588
8.269030222320323
.0022276522965863055
.0004754934451465458
.0014628335247585025
.006307680854694855
2.8788910542988377
7.07382986461971
.01928858092767501
22.26909588762942
3.570050041334784
9.510820389973729
20.873663635067935
.0013327481064805019
.009198718543951804
.0006510344609575207
2.0406092443710566
.0003294964740705603
.003015422439498956
.011221198444547447
.00035958996525829566
.9431232232708865
.6453439004336899
29673907384445422e-21
.006976504640818803
.8656439808464282
.774081644678539
3.4564821882509773
.0001788080886055867
5829412134835068e-20
.6605017805218693
.8373379703435001
.09018966618832037
.010050750604676749
.3018299298531876
1.8129403674375624
1.6772349040954726
2.0840188041637213
1.6130051537287569
2.0741812192513036
.02536782720330019
.03421856317709893
.008990047103469952
.0001713330035347672
6.386702135740559
6.125195308732519
.5226260496118655
.016141828376267427
.003548041662699835
6439327783212858e-20
.0005875251460691728
.09711963671874242
.02060601614819606
.0008402188594850126
.4292186046968203
4812096610663358e-20
.00022287069783406984
.03476081875700883
2023200185514408e-20
0
0
0
0
0
0
0
0
0
0
0
0
0
0
0
0
0
0
0
.7670459384719182
0
0
0
0
.5834886006866906
1276.4732930973435
.004410984846382381
.097355758626093
.01825695545410715
.22083506277438833
.104664645170235
.6104743161764739
.12887369392021245
.4046893516384232
.006378073621152498
3.0574225999169236
3.2956399322448355
.015779184451829638
.04156094709565621
.9750673298801535
.6125020465023012
.26265487688731914
.4255294410739297
.0194026513360536
.0194026513360536
.21956048326003183
4321344519511876e-20
.0194026513360536
.0194026513360536
.0194026513360536
.0194026513360536
.0194026513360536
.0194026513360536
.0194026513360536
.0194026513360536
.0194026513360536
.0194026513360536
.0194026513360536
.0194026513360536
.0194026513360536
.0194026513360536
.0194026513360536
.0194026513360536
.0194026513360536
.0194026513360536
.0194026513360536
.0194026513360536
.0194026513360536
.0194026513360536
.0194026513360536
.0194026513360536
.0194026513360536
.0194026513360536
.0194026513360536
.0194026513360536
.0194026513360536
.0194026513360536
.0194026513360536
.0194026513360536
.0194026513360536
.0194026513360536
.0194026513360536
.0194026513360536
.0194026513360536
.0194026513360536
.0194026513360536
.0194026513360536
.0194026513360536
.0194026513360536
.0194026513360536
.0194026513360536
.23428641134896022
.00929537205584427
.0194026513360536
.00929537205584427
.17113094824508593
.08593209883037878
.0194026513360536
.0194026513360536
.03175272387366764
.0194026513360536
.0194026513360536
.0194026513360536
.0194026513360536
.0194026513360536
.0194026513360536
.0194026513360536
.0194026513360536
.0194026513360536
.0194026513360536
.15432008059256677
.0194026513360536
.0194026513360536
.0194026513360536
.0194026513360536
.0194026513360536
.0194026513360536
.0194026513360536
.0194026513360536
.0194026513360536
.0194026513360536
.0194026513360536
.0194026513360536
.0194026513360536
.0194026513360536
.0194026513360536
.0194026513360536
.0194026513360536
.0194026513360536
.23428641134896022
.23428641134896022
.17113094824508593
.0194026513360536
.0194026513360536
.0194026513360536
.0194026513360536
.17113094824508593
.05647084199300838
.20587898177869682
.0194026513360536
.23428641134896022
.0194026513360536
.0194026513360536
.0194026513360536
.0194026513360536
.0194026513360536
.03175272387366764
.0194026513360536
.0194026513360536
.14768651218759782
.0194026513360536
.21956048326003183
.0194026513360536
.0194026513360536
.00929537205584427
.0194026513360536
.0194026513360536
.0194026513360536
.11948802641449502
.0194026513360536
.0194026513360536
.0194026513360536
.0194026513360536
.0194026513360536
.0194026513360536
.0194026513360536
.0194026513360536
.0194026513360536
.0194026513360536
.0194026513360536
.0194026513360536
.0194026513360536
.0194026513360536
.0194026513360536
.0194026513360536
.0194026513360536
.0194026513360536
.0194026513360536
.0194026513360536
.0194026513360536
.0194026513360536
.0194026513360536
.11948802641449502
.0194026513360536
.0194026513360536
.0194026513360536
.0194026513360536
.0194026513360536
.0194026513360536
.0194026513360536
.0194026513360536
.0194026513360536
.0194026513360536
.21956048326003183
.19036517940733125
.15432008059256677
.0194026513360536
999999999998484e-27
.20009066305449297
.20009066305449297
.15432008059256677
.15432008059256677
.21956048326003183
.21956048326003183
.21956048326003183
.21956048326003183
