1.5143767101393688
.6776669219652744
.011941946149517043
.002283417459039212
3995743645871945e-21
.031250574742335155
6.148442901733495
.6327817981189957
.05374945226566314
.06596500010003302
.06774628619035672
4.6261075478076155
.7703176810580799
.323494557401686
.004948740646357769
2.6510227247951934
.3119271507118056
.003363342491662587
.06903580293145849
.004748625484591831
.002030165348875298
.01014215078787935
.00018104776624346748
.0027321641718441782
.29928698652387226
17.396423986311756
.00014170809400903205
.0055947266888260565
.006092221775597152
.005473826913775741
13391815954167665e-22
.0001727493879103187
.012839749374373157
.0012610699573664843
.010371714417181122
17122329565024603e-21
.002161145405778641
.0027830359834598866
.0002764111019969102
.005057427818665987
3087181131008667e-20
.00548368189408701
.005667878435821875
.020998988957907326
.00034361527303822074
.11882171862187955
.007687409882516828
.0008646495665531437
.04932100647483804
.26991137080576477
.0010893472401411976
.5572418791641184
.008762627788217112
12.743144137012745
11.826821941795002
1.4436195169867452
.00696800993831816
.05656293631720677
.062266849504957006
.22126505811992658
.12373856573993737
29.808310531475083
23.52142286122583
8.27435584072448
.0022281828482786873
.00047580089316732907
.0014626272891665021
.0063093532196703255
2.9014014486824853
7.081525760256062
.01935090484331968
22.26988457890471
3.5701784122589375
9.511808972458546
20.8743874420351
.0013328001996845745
.009198762520816542
.000651058493128632
2.040615742309221
.00032960189161548875
.0030163969375646667
.011221528958497134
.00036057399148521255
.9432329305840538
.6470488459303065
29696847423323335e-21
.006997746620649927
.8662202091991856
.7745032252109085
3.4574768722114735
.00017895258356178314
5782224017149048e-20
.660568712872046
.8372708669694802
.09010828519155321
.010093221213384688
.3019611810746784
1.8132208256893068
1.6777200661572844
2.090471446382036
1.6134233552032604
2.07426555612615
.025385957092531008
.03425400406169539
.009036693308374696
.00017141121747848412
6.3923271546968286
6.127465784683713
.5226768838976938
.016168404270607246
.0035602426040195955
6462329901849655e-20
.0005933589055928928
.09723846592066274
.020611209633217196
.0008405886518237736
.4293324685017861
48172622019889506e-21
.00022288536111787912
.0347702072373783
20294096270389605e-21
0
0
0
0
0
0
0
0
0
0
0
0
0
0
0
0
0
0
0
.7682462308203033
0
0
0
0
.5837349191274963
1276.5179906303827
.004411139303308328
.09735916767684342
.01825759474744295
.22084279562909664
.10486671706026189
.6107835625905998
.12921628969378599
.4047392526549575
.00637887662946583
3.0541059757980196
3.293755661055326
.015815086223959614
.04165670787666292
.9754471711272972
.6127201300468162
.2626921844237679
.4255888143234186
.019403330747564857
.019403330747564857
.21994522440658848
4382296572979443e-20
.019403330747564857
.019403330747564857
.019403330747564857
.019403330747564857
.019403330747564857
.019403330747564857
.019403330747564857
.019403330747564857
.019403330747564857
.019403330747564857
.019403330747564857
.019403330747564857
.019403330747564857
.019403330747564857
.019403330747564857
.019403330747564857
.019403330747564857
.019403330747564857
.019403330747564857
.019403330747564857
.019403330747564857
.019403330747564857
.019403330747564857
.019403330747564857
.019403330747564857
.019403330747564857
.019403330747564857
.019403330747564857
.019403330747564857
.019403330747564857
.019403330747564857
.019403330747564857
.019403330747564857
.019403330747564857
.019403330747564857
.019403330747564857
.019403330747564857
.019403330747564857
.019403330747564857
.019403330747564857
.019403330747564857
.019403330747564857
.019403330747564857
.019403330747564857
.23449159437481337
.009360697532809766
.019403330747564857
.009360697532809766
.17120586825666642
.08594714505911563
.019403330747564857
.019403330747564857
.03191993974621837
.019403330747564857
.019403330747564857
.019403330747564857
.019403330747564857
.019403330747564857
.019403330747564857
.019403330747564857
.019403330747564857
.019403330747564857
.019403330747564857
.15472588645464716
.019403330747564857
.019403330747564857
.019403330747564857
.019403330747564857
.019403330747564857
.019403330747564857
.019403330747564857
.019403330747564857
.019403330747564857
.019403330747564857
.019403330747564857
.019403330747564857
.019403330747564857
.019403330747564857
.019403330747564857
.019403330747564857
.019403330747564857
.019403330747564857
.23449159437481337
.23449159437481337
.17120586825666642
.019403330747564857
.019403330747564857
.019403330747564857
.019403330747564857
.17120586825666642
.05671855527219967
.20600517828960183
.019403330747564857
.23449159437481337
.019403330747564857
.019403330747564857
.019403330747564857
.019403330747564857
.019403330747564857
.03191993974621837
.019403330747564857
.019403330747564857
.14773823487597132
.019403330747564857
.21994522440658848
.019403330747564857
.019403330747564857
.009360697532809766
.019403330747564857
.019403330747564857
.019403330747564857
.11951941031347514
.019403330747564857
.019403330747564857
.019403330747564857
.019403330747564857
.019403330747564857
.019403330747564857
.019403330747564857
.019403330747564857
.019403330747564857
.019403330747564857
.019403330747564857
.019403330747564857
.019403330747564857
.019403330747564857
.019403330747564857
.019403330747564857
.019403330747564857
.019403330747564857
.019403330747564857
.019403330747564857
.019403330747564857
.019403330747564857
.019403330747564857
.11951941031347514
.019403330747564857
.019403330747564857
.019403330747564857
.019403330747564857
.019403330747564857
.019403330747564857
.019403330747564857
.019403330747564857
.019403330747564857
.019403330747564857
.21994522440658848
.19046519254398858
.15472588645464716
.019403330747564857
9999999999984856e-28
.20020630102220718
.20020630102220718
.15472588645464716
.15472588645464716
.21994522440658848
.21994522440658848
.21994522440658848
.21994522440658848
