1.4828873579811641
.7925353334666992
.013315330994405825
.0026188784991670786
57337728298612195e-22
.03468310173432985
6.154389678780815
.631379352185197
.05351401454896173
.06987195694073114
.06772995945179165
4.944693620070645
.7709984148904332
.34573237066926277
.005266951372451751
2.883422610881285
.34128067911829546
.0033759798302762174
.06908022391555267
.00474468665667938
.00202851697513851
.010639709292246812
.00018940518906623272
.0027353078418927497
.31474634415302205
17.11291913756969
.00014776445019736264
.005599186952958087
.006097097062627956
.005476937090328703
1340994905387135e-21
.00017285821705109703
.012847838618822683
.001261869841523838
.010378248414462362
18342705534145065e-21
.0021536905421214833
.0027848068482900002
.0002948597562143128
.005060765492059108
3306888694969818e-20
.005491270423312059
.005752270769123017
.02086965032761478
.00033828953646047855
.11890951322302232
.007687003235237434
.0008773522394743869
.050375727138307805
.2793219938715814
.001236976771815839
.5597913584435974
.009929235709910212
12.832106818378252
11.88378789182321
1.4464101114900885
.006972964919523345
.06208892554969191
.06836858918771441
.22175158369188397
.1239583938318872
30.228168560251145
23.91459327840434
8.370587679436115
.002234097751020547
.0004802846566875112
.0014588843660748006
.006338253319856814
3.308268794263542
7.2119480508253275
.020383876419979033
22.284066884536937
3.5724878083909934
9.529934105390494
20.887451577516362
.0013337351063110157
.009199496230514066
.0006514957689730382
2.040734438039942
.0003308635525361307
.0030281388754268383
.011227462339038268
.00037836211395414997
.9434520039239367
.6766883510824052
30044935264104514e-21
.00738574919860547
.8749967271192982
.7805463651135194
3.4751577344898434
.00018156657614992757
55252130076221474e-21
.6617955334167692
.8358805027588676
.08848987289592693
.010868959405725085
.30402374409351307
1.8181999999687657
1.6863900608649962
2.1967595122874237
1.6181335124120586
2.075781601566116
.025663847445010227
.03484386823306921
.009917874287082549
.00017260406440367497
6.486397108926429
6.167654660573548
.5235603311680666
.016621298440905454
.0037625646670369005
6841999438543769e-20
.0007048169485488707
.099225342834943
.020704605301067568
.0008455948860687548
.431383750250001
4901960296904872e-20
.0002227583980169204
.03493896761401649
21317519265579516e-21
0
0
0
0
0
0
0
0
0
0
0
0
0
0
0
0
0
0
0
.7899863657099203
0
0
0
0
.5881182327967355
1277.322178328163
.004413918256669702
.09742050253110052
.018269096765585052
.22098192336618452
.10843925371261169
.61636483036371
.13553475533398357
.4056659621765744
.006392595606189376
3.0556206717925245
3.305447236764115
.016473599187934264
.04341387595684541
.9822458585935314
.6166228210934346
.26334191900922943
.426622174024099
.019415554562660055
.019415554562660055
.22698135726853194
56377474999213335e-21
.019415554562660055
.019415554562660055
.019415554562660055
.019415554562660055
.019415554562660055
.019415554562660055
.019415554562660055
.019415554562660055
.019415554562660055
.019415554562660055
.019415554562660055
.019415554562660055
.019415554562660055
.019415554562660055
.019415554562660055
.019415554562660055
.019415554562660055
.019415554562660055
.019415554562660055
.019415554562660055
.019415554562660055
.019415554562660055
.019415554562660055
.019415554562660055
.019415554562660055
.019415554562660055
.019415554562660055
.019415554562660055
.019415554562660055
.019415554562660055
.019415554562660055
.019415554562660055
.019415554562660055
.019415554562660055
.019415554562660055
.019415554562660055
.019415554562660055
.019415554562660055
.019415554562660055
.019415554562660055
.019415554562660055
.019415554562660055
.019415554562660055
.019415554562660055
.2382128063378874
.010617219986897398
.019415554562660055
.010617219986897398
.1725589778057312
.08621821361556489
.019415554562660055
.019415554562660055
.0350823775438758
.019415554562660055
.019415554562660055
.019415554562660055
.019415554562660055
.019415554562660055
.019415554562660055
.019415554562660055
.019415554562660055
.019415554562660055
.019415554562660055
.16220956414151722
.019415554562660055
.019415554562660055
.019415554562660055
.019415554562660055
.019415554562660055
.019415554562660055
.019415554562660055
.019415554562660055
.019415554562660055
.019415554562660055
.019415554562660055
.019415554562660055
.019415554562660055
.019415554562660055
.019415554562660055
.019415554562660055
.019415554562660055
.019415554562660055
.2382128063378874
.2382128063378874
.1725589778057312
.019415554562660055
.019415554562660055
.019415554562660055
.019415554562660055
.1725589778057312
.06136408877496592
.20828817530925156
.019415554562660055
.2382128063378874
.019415554562660055
.019415554562660055
.019415554562660055
.019415554562660055
.019415554562660055
.0350823775438758
.019415554562660055
.019415554562660055
.1486716071808998
.019415554562660055
.22698135726853194
.019415554562660055
.019415554562660055
.010617219986897398
.019415554562660055
.019415554562660055
.019415554562660055
.1200852840062613
.019415554562660055
.019415554562660055
.019415554562660055
.019415554562660055
.019415554562660055
.019415554562660055
.019415554562660055
.019415554562660055
.019415554562660055
.019415554562660055
.019415554562660055
.019415554562660055
.019415554562660055
.019415554562660055
.019415554562660055
.019415554562660055
.019415554562660055
.019415554562660055
.019415554562660055
.019415554562660055
.019415554562660055
.019415554562660055
.019415554562660055
.1200852840062613
.019415554562660055
.019415554562660055
.019415554562660055
.019415554562660055
.019415554562660055
.019415554562660055
.019415554562660055
.019415554562660055
.019415554562660055
.019415554562660055
.22698135726853194
.19227300578632497
.16220956414151722
.019415554562660055
999999999998517e-27
.20229758901545694
.20229758901545694
.16220956414151722
.16220956414151722
.22698135726853194
.22698135726853194
.22698135726853194
.22698135726853194
