1.4926389213991509
.7545781446707743
.012860902858537563
.0025092714985788813
5125398125105641e-21
.033571516759898355
6.152554496942725
.6318203507410736
.053550923500447774
.06861338156811715
.06773553915729905
4.844927251155382
.7707865127466424
.3387692125125071
.005167598880649733
2.8110884229240294
.3320832027704058
.003369335347717592
.06906648027793173
.004745913680812409
.002029030514968721
.01048052700650638
.00018672381813695564
.0027321428669979343
.3097919334231065
17.2035070226361
.00014593770628492872
.005597809247065001
.00609558822430014
.005475973827232118
13403965014770888e-22
.0001728245077209336
.01284533301222144
.0012616220816725533
.010376224538596008
1795995461068647e-20
.0021560298016715315
.0027842583329746027
.0002890903684119535
.005059731629589467
3237984810508874e-20
.005488769151101534
.005723117067332052
.02090968089097342
.0003399413935795474
.11888227749593917
.007687173625727752
.0008735983520061201
.050061332651580075
.27614953896586764
.001189147869940665
.5590030986497879
.009552243291565477
12.804475670434462
11.866227689394366
1.445556472731403
.006971427067132675
.060323172643498464
.0664183222693204
.22160283234813286
.12389110659860829
30.09814771467799
23.79360643075794
8.340599170888003
.002230676908769915
.0004785076362344834
.0014600499371015005
.006329538003831258
3.1818231010999622
7.173093641987107
.020080785994230865
22.279673023374738
3.571772577338085
9.523571943823024
20.883410354475604
.001333446011635458
.009199280712956158
.0006513604666747437
2.0406976864512023
.00033019103382494623
.003021932188170252
.011225624946802716
.00037235277961319697
.94265662723632
.6669369310251339
2991140317658267e-20
.007264372943891676
.8715870562793001
.7780403688051415
3.4695586471736477
.00018075798312436382
586708418598751e-19
.661365668786228
.8362621697471716
.08891881124617486
.010613726395931887
.3032509375717256
1.8166699016096908
1.6837157227707626
2.165702913713309
1.6155719858919517
2.075312288557088
.02555675373505235
.034637195586569226
.009636242719832135
.00017227454096258997
6.458568299688156
6.15483527481031
.5232931936619366
.016466101903954974
.0037031811507441644
6730960931245023e-20
.0006683173591548343
.09853022930827562
.020675691332682513
.0008433124534185977
.43074777632848144
48716572799187706e-21
.00022263465030124892
.03488673037298204
2101834919799196e-20
0
0
0
0
0
0
0
0
0
0
0
0
0
0
0
0
0
0
0
.7832238786167826
0
0
0
0
.586731549637493
1277.0730848549172
.004413057488534746
.09740150433960855
.01826553406790109
.22093882918387894
.10726390868252145
.6146326069248688
.13354596009762565
.40537436030574053
.006388385997320705
3.0839611438050514
3.3233514431391455
.016267154442018948
.042862851743092414
.9801471710503549
.6154183704963885
.2631451502922215
.4263094744038699
.01941176829166041
.01941176829166041
.22477869134157374
52146731939623784e-21
.01941176829166041
.01941176829166041
.01941176829166041
.01941176829166041
.01941176829166041
.01941176829166041
.01941176829166041
.01941176829166041
.01941176829166041
.01941176829166041
.01941176829166041
.01941176829166041
.01941176829166041
.01941176829166041
.01941176829166041
.01941176829166041
.01941176829166041
.01941176829166041
.01941176829166041
.01941176829166041
.01941176829166041
.01941176829166041
.01941176829166041
.01941176829166041
.01941176829166041
.01941176829166041
.01941176829166041
.01941176829166041
.01941176829166041
.01941176829166041
.01941176829166041
.01941176829166041
.01941176829166041
.01941176829166041
.01941176829166041
.01941176829166041
.01941176829166041
.01941176829166041
.01941176829166041
.01941176829166041
.01941176829166041
.01941176829166041
.01941176829166041
.01941176829166041
.23705415964347745
.010211055038343323
.01941176829166041
.010211055038343323
.1721388102213319
.0861341783581955
.01941176829166041
.01941176829166041
.03407092053830558
.01941176829166041
.01941176829166041
.01941176829166041
.01941176829166041
.01941176829166041
.01941176829166041
.01941176829166041
.01941176829166041
.01941176829166041
.01941176829166041
.15985413767956272
.01941176829166041
.01941176829166041
.01941176829166041
.01941176829166041
.01941176829166041
.01941176829166041
.01941176829166041
.01941176829166041
.01941176829166041
.01941176829166041
.01941176829166041
.01941176829166041
.01941176829166041
.01941176829166041
.01941176829166041
.01941176829166041
.01941176829166041
.01941176829166041
.23705415964347745
.23705415964347745
.1721388102213319
.01941176829166041
.01941176829166041
.01941176829166041
.01941176829166041
.1721388102213319
.0598861872836364
.20757848972061604
.01941176829166041
.23705415964347745
.01941176829166041
.01941176829166041
.01941176829166041
.01941176829166041
.01941176829166041
.03407092053830558
.01941176829166041
.01941176829166041
.1483819336285455
.01941176829166041
.22477869134157374
.01941176829166041
.01941176829166041
.010211055038343323
.01941176829166041
.01941176829166041
.01941176829166041
.11990975952103529
.01941176829166041
.01941176829166041
.01941176829166041
.01941176829166041
.01941176829166041
.01941176829166041
.01941176829166041
.01941176829166041
.01941176829166041
.01941176829166041
.01941176829166041
.01941176829166041
.01941176829166041
.01941176829166041
.01941176829166041
.01941176829166041
.01941176829166041
.01941176829166041
.01941176829166041
.01941176829166041
.01941176829166041
.01941176829166041
.01941176829166041
.11990975952103529
.01941176829166041
.01941176829166041
.01941176829166041
.01941176829166041
.01941176829166041
.01941176829166041
.01941176829166041
.01941176829166041
.01941176829166041
.01941176829166041
.22477869134157374
.19171133903340074
.15985413767956272
.01941176829166041
9999999999985074e-28
.2016476384882838
.2016476384882838
.15985413767956272
.15985413767956272
.22477869134157374
.22477869134157374
.22477869134157374
.22477869134157374
