1.4926389213991509
.7545795663523261
.012869418013956364
.0025092733836460388
5125398575108211e-21
.033571561496266396
6.152554490777502
.6318203490093529
.05358871194827428
.06861339117215737
.06773553922179039
4.844927360841424
.7707865127525512
.33876922019142863
.005167597963159909
2.8110864338665507
.33208868591128193
.0033719198578830907
.0690664804008269
.004745913680548766
.0020290305148573597
.010480528733380203
.00018672702547548156
.0027343776123489433
.30979197718929125
17.20350739174746
.0001460565936444039
.005597809241869917
.006095587359207413
.005475974291077557
13403963668959756e-22
.0001728245077209336
.01284533301222144
.001261622081562323
.010376224538596008
17959955033154117e-21
.002156029794253827
.0027842583326186427
.0002890903747832292
.0050597316322719445
32379848808312024e-21
.005488768602317381
.005723048286907512
.02090968353297581
.0003399413936476862
.11888227749957776
.007687173617837709
.0008735985998960902
.050061347081432464
.27639124824116496
.0011891679098867108
.5590027274668028
.009552243293156931
12.804476856399532
11.866227671798633
1.4455564711135152
.006971426446839308
.06032317242571992
.06641867959360746
.2216028320477499
.12389110641605548
30.09814771467799
23.793614365387878
8.340627930713227
.002232186582791256
.0004788980653881275
.0014600497304467983
.006329538028783712
3.1818226074469127
7.173093564198812
.02008078554090902
22.27967436648442
3.571772546226945
9.523737806327299
20.88340271596883
.001333446013162947
.009199280800018642
.0006513598266341863
2.04069742708184
.00033045766787302
.0030243641438236915
.011225626378834268
.000372666261083033
.9433615276270346
.6674529857073676
29937598119273637e-21
.00726440764262467
.8722485176680141
.7786558710915175
3.4696637988269936
.00018076093256868986
5620057038284249e-20
.6613767256915335
.8363226767409916
.08898586644839857
.01062196235491388
.3033780458174068
1.8166697612829554
1.683715910622948
2.1657027864477283
1.6167031718877507
2.0753122854076342
.025577632985801808
.03466019798112256
.00963624265819568
.00017227463345355416
6.458569193683179
6.155163426522412
.5232930380114627
.016479213965726068
.0037031805988469693
6730959641016819e-20
.0006687391993510697
.09860522979784035
.020675687951147367
.0008440050840369769
.4307478159964733
4875547271990136e-20
.00022279225054365568
.034886728857529595
2101834493684382e-20
0
0
0
0
0
0
0
0
0
0
0
0
0
0
0
0
0
0
0
.78322357264374
0
0
0
0
.5867409534308968
1277.0730848549172
.004413057488534746
.09740150433960855
.01826553406790109
.22093882918387894
.10731718977100761
.6146325457488404
.13354595312510062
.4053738858285267
.006388486117437585
3.0571331840124407
3.3033146346057713
.016267092428650324
.042862689470817436
.9801469559966919
.6154181528422515
.26314534632110703
.42630972481288254
.01941176829166041
.01941176829166041
.2247786913418079
5214664998089633e-20
.01941176829166041
.01941176829166041
.01941176829166041
.01941176829166041
.01941176829166041
.01941176829166041
.01941176829166041
.01941176829166041
.01941176829166041
.01941176829166041
.01941176829166041
.01941176829166041
.01941176829166041
.01941176829166041
.01941176829166041
.01941176829166041
.01941176829166041
.01941176829166041
.01941176829166041
.01941176829166041
.01941176829166041
.01941176829166041
.01941176829166041
.01941176829166041
.01941176829166041
.01941176829166041
.01941176829166041
.01941176829166041
.01941176829166041
.01941176829166041
.01941176829166041
.01941176829166041
.01941176829166041
.01941176829166041
.01941176829166041
.01941176829166041
.01941176829166041
.01941176829166041
.01941176829166041
.01941176829166041
.01941176829166041
.01941176829166041
.01941176829166041
.01941176829166041
.2370541596434811
.010211055091033204
.01941176829166041
.010211055091033204
.17213881022133193
.0861341783581955
.01941176829166041
.01941176829166041
.03407092056885914
.01941176829166041
.01941176829166041
.01941176829166041
.01941176829166041
.01941176829166041
.01941176829166041
.01941176829166041
.01941176829166041
.01941176829166041
.01941176829166041
.15985413768155382
.01941176829166041
.01941176829166041
.01941176829166041
.01941176829166041
.01941176829166041
.01941176829166041
.01941176829166041
.01941176829166041
.01941176829166041
.01941176829166041
.01941176829166041
.01941176829166041
.01941176829166041
.01941176829166041
.01941176829166041
.01941176829166041
.01941176829166041
.01941176829166041
.2370541596434811
.2370541596434811
.17213881022133193
.01941176829166041
.01941176829166041
.01941176829166041
.01941176829166041
.17213881022133193
.059886187301031193
.2075784897206164
.01941176829166041
.2370541596434811
.01941176829166041
.01941176829166041
.01941176829166041
.01941176829166041
.01941176829166041
.03407092056885914
.01941176829166041
.01941176829166041
.1483819336285455
.01941176829166041
.2247786913418079
.01941176829166041
.01941176829166041
.010211055091033204
.01941176829166041
.01941176829166041
.01941176829166041
.11990975952103529
.01941176829166041
.01941176829166041
.01941176829166041
.01941176829166041
.01941176829166041
.01941176829166041
.01941176829166041
.01941176829166041
.01941176829166041
.01941176829166041
.01941176829166041
.01941176829166041
.01941176829166041
.01941176829166041
.01941176829166041
.01941176829166041
.01941176829166041
.01941176829166041
.01941176829166041
.01941176829166041
.01941176829166041
.01941176829166041
.01941176829166041
.11990975952103529
.01941176829166041
.01941176829166041
.01941176829166041
.01941176829166041
.01941176829166041
.01941176829166041
.01941176829166041
.01941176829166041
.01941176829166041
.01941176829166041
.2247786913418079
.19171133903340085
.15985413768155382
.01941176829166041
9999999999985074e-28
.20164763848828404
.20164763848828404
.15985413768155382
.15985413768155382
.2247786913418079
.2247786913418079
.2247786913418079
.2247786913418079
