1.4895353865455687
.7664134968005926
.01300917792173189
.002543575357992388
5311502030194238e-21
.03392040149244574
6.153139206159349
.6316806581932438
.05356484476721995
.06900899302898486
.06773381526861282
4.876572165816582
.7708538459718428
.34097792714189823
.005199140906427061
2.83407835812069
.3349930266798018
.0033731782937956034
.0690708556440826
.0047455238873409895
.0020288673805581026
.010530675594203412
.00018756368535079027
.0027346622375726826
.3113518873559621
17.174900879360486
.000146614727119378
.005598248068278259
.006096067863884214
.005476280739127982
1340583004375396e-21
.00017283523534702484
.012846130394150175
.0012617009286248091
.010376868614982156
18081301548585383e-21
.0021552883281285456
.0027844328922589224
.0002909211382426538
.005060060643868653
325983045789719e-19
.0054895490223599115
.005732026390465702
.020896943505419634
.00033941592598509684
.11889094081077638
.007687123863019943
.0008748051200944768
.05016227301840805
.2773205228322177
.0012041306659287196
.5592539570753282
.00967064377496262
12.813262033776477
11.871824388113657
1.4458291878799003
.006971915692299714
.06087972012936971
.06703318591558045
.2216503621378801
.12391259876095956
30.139528179392418
23.832193685981625
8.350095359344692
.00223277575671244
.0004793365535289692
.0014596794109694039
.006332334030327772
3.222017170634289
7.185600651014992
.020178783301386675
22.281071766315712
3.5720001772303864
9.525313598770314
20.884693355329286
.0013335380637597054
.009199350520048995
.0006514032220110311
2.0407091826965087
.0003305833619127782
.0030255337204660236
.011226210812939511
.00037445782131548933
.9433840503143845
.6703847292876522
29972435789094644e-21
.00730292194123424
.8731165419518622
.7792509821534309
3.471407674591061
.00018102269301592267
5595279050543804e-20
.6614836020515193
.8361866367091463
.08882699837299028
.010699831398512287
.3035824062060284
1.8171574656328406
1.6845679863193184
2.175756194236924
1.617192697485488
2.075461665844152
.02560563880653141
.03471935375735055
.009725002339988685
.0001723824733044959
6.467511744789571
6.159131979232744
.5233786912415491
.016524173433028377
.0037223793732957546
6766900250550732e-20
.0006800781913696964
.09880432319505628
.02068489159469157
.0008445019909769078
.43095014012356503
4884041886332104e-20
.00022278001823291385
.03490335633290835
2111517664847853e-20
0
0
0
0
0
0
0
0
0
0
0
0
0
0
0
0
0
0
0
.785372998534405
0
0
0
0
.5871579677503098
1277.152356131692
.004413331418590703
.09740755030651548
.018266667857520263
.22095254343663878
.10767234820271827
.6151834863654063
.13417573792976428
.4054666630474943
.006389834627115272
3.057297932510418
3.3044785819329547
.016332561846198343
.04303741958417517
.9808155576319005
.6158019141068106
.2632083294017834
.42640985417509736
.019412973231044992
.019412973231044992
.22547738349160923
5345758323631045e-20
.019412973231044992
.019412973231044992
.019412973231044992
.019412973231044992
.019412973231044992
.019412973231044992
.019412973231044992
.019412973231044992
.019412973231044992
.019412973231044992
.019412973231044992
.019412973231044992
.019412973231044992
.019412973231044992
.019412973231044992
.019412973231044992
.019412973231044992
.019412973231044992
.019412973231044992
.019412973231044992
.019412973231044992
.019412973231044992
.019412973231044992
.019412973231044992
.019412973231044992
.019412973231044992
.019412973231044992
.019412973231044992
.019412973231044992
.019412973231044992
.019412973231044992
.019412973231044992
.019412973231044992
.019412973231044992
.019412973231044992
.019412973231044992
.019412973231044992
.019412973231044992
.019412973231044992
.019412973231044992
.019412973231044992
.019412973231044992
.019412973231044992
.019412973231044992
.23742229812558072
.010338606630768986
.019412973231044992
.010338606630768986
.17227242174742666
.08616091454927788
.019412973231044992
.019412973231044992
.03438962278693628
.019412973231044992
.019412973231044992
.019412973231044992
.019412973231044992
.019412973231044992
.019412973231044992
.019412973231044992
.019412973231044992
.019412973231044992
.019412973231044992
.16060004187064417
.019412973231044992
.019412973231044992
.019412973231044992
.019412973231044992
.019412973231044992
.019412973231044992
.019412973231044992
.019412973231044992
.019412973231044992
.019412973231044992
.019412973231044992
.019412973231044992
.019412973231044992
.019412973231044992
.019412973231044992
.019412973231044992
.019412973231044992
.019412973231044992
.23742229812558072
.23742229812558072
.17227242174742666
.019412973231044992
.019412973231044992
.019412973231044992
.019412973231044992
.17227242174742666
.060352641704810625
.20780409170426287
.019412973231044992
.23742229812558072
.019412973231044992
.019412973231044992
.019412973231044992
.019412973231044992
.019412973231044992
.03438962278693628
.019412973231044992
.019412973231044992
.1484740639190759
.019412973231044992
.22547738349160923
.019412973231044992
.019412973231044992
.010338606630768986
.019412973231044992
.019412973231044992
.019412973231044992
.11996559413407071
.019412973231044992
.019412973231044992
.019412973231044992
.019412973231044992
.019412973231044992
.019412973231044992
.019412973231044992
.019412973231044992
.019412973231044992
.019412973231044992
.019412973231044992
.019412973231044992
.019412973231044992
.019412973231044992
.019412973231044992
.019412973231044992
.019412973231044992
.019412973231044992
.019412973231044992
.019412973231044992
.019412973231044992
.019412973231044992
.019412973231044992
.11996559413407071
.019412973231044992
.019412973231044992
.019412973231044992
.019412973231044992
.019412973231044992
.019412973231044992
.019412973231044992
.019412973231044992
.019412973231044992
.019412973231044992
.22547738349160923
.1918899170006974
.16060004187064417
.019412973231044992
9999999999985104e-28
.20185426503670045
.20185426503670045
.16060004187064417
.16060004187064417
.22547738349160923
.22547738349160923
.22547738349160923
.22547738349160923
