1.4961834151099733
.7413367121376144
.012715910300851084
.002470751241838963
4921001792232846e-21
.03317866566514681
6.151885971154118
.6319791393767547
.05363275008342956
.06816710083363486
.06773744940646008
4.808908958675472
.7707097344193682
.33625517235848307
.005131662138596145
2.7848631195091147
.32875746857139604
.0033716596339907674
.06906148225818563
.004746358043203728
.0020292164830223534
.010423833077498225
.0001857674876300375
.0027350511634107945
.3080293139973781
17.23589474511242
.00014545415266944284
.005597307663022661
.0060950382098308165
.005475624463176341
13401875345071313e-22
.00017281225669838463
.012844422396593303
.0012615320377648161
.010375488998946919
1782190276526092e-20
.002156873185429488
.002784058984599218
.00028700570478417325
.005059355903676577
3213131375768041e-20
.005487895039063274
.005713164270649743
.02092424540497971
.00034054123266746226
.1188723886331426
.0076872254234861
.0008721927257688693
.04994426352598146
.2754399517034289
.0011722262742082734
.5587157939524188
.009418793201344861
12.794452152760249
11.859826700685064
1.4452438284384486
.006970867870091779
.0596936717014069
.06572382551839208
.2215483349001011
.12386647228232656
30.050887798533687
23.74946592120238
8.32971920645091
.0022322005447966476
.00047857229837874524
.0014604719677732765
.00632631872677397
3.135968975578983
7.158643315860172
.01996704953045385
22.278078186096877
3.571512569748703
9.521275326088814
20.881929792552842
.0013333408376025064
.009199199830208248
.0006513103589858132
2.040683918172727
.00033043555290928445
.00302413603326769
.011224959360358076
.0003707813360641677
.9436572199404812
.6643450970313782
29911119359643035e-21
.007220590177221876
.8715597582240573
.7782535128622937
3.4677181935581127
.00018047257052707701
55403549266362066e-21
.6612104820908519
.8365116647712959
.08919808478607208
.010537451826206594
.30320342857264576
1.8161106145567256
1.6827417121354715
2.1540206535026565
1.6167268894161286
2.075141656080872
.025556469092720233
.034604950227542966
.009535855640691706
.000172145919495371
6.448153569085664
6.150783307577174
.5231943674796565
.01643397748554496
.00368090060180733
6689204606703198e-20
.0006561886631598429
.09841739514595925
.020665173623887964
.0008437529429406234
.4305168397247004
4867874087022218e-20
.0002228780994665619
.03486773383857995
20905840341822018e-21
0
0
0
0
0
0
0
0
0
0
0
0
0
0
0
0
0
0
0
.7807719826677796
0
0
0
0
.5862253800793649
1276.982556513376
.004412744658532845
.09739459980395114
.01826423927238301
.2209231674132056
.10693716676498513
.6140037205586351
.13283026063765543
.4052689639148438
.006387029368256728
3.044696523653454
3.2928073018857953
.016192567593179066
.042663812853163084
.9793825626576622
.6149793504544281
.26307302190961773
.42619469840681856
.019410392242622445
.019410392242622445
.22398337501352306
5068878055973875e-20
.019410392242622445
.019410392242622445
.019410392242622445
.019410392242622445
.019410392242622445
.019410392242622445
.019410392242622445
.019410392242622445
.019410392242622445
.019410392242622445
.019410392242622445
.019410392242622445
.019410392242622445
.019410392242622445
.019410392242622445
.019410392242622445
.019410392242622445
.019410392242622445
.019410392242622445
.019410392242622445
.019410392242622445
.019410392242622445
.019410392242622445
.019410392242622445
.019410392242622445
.019410392242622445
.019410392242622445
.019410392242622445
.019410392242622445
.019410392242622445
.019410392242622445
.019410392242622445
.019410392242622445
.019410392242622445
.019410392242622445
.019410392242622445
.019410392242622445
.019410392242622445
.019410392242622445
.019410392242622445
.019410392242622445
.019410392242622445
.019410392242622445
.019410392242622445
.23663441321150128
.010067304464912866
.019410392242622445
.010067304464912866
.1719863415517842
.08610365356291459
.019410392242622445
.019410392242622445
.03371054748292915
.019410392242622445
.019410392242622445
.019410392242622445
.019410392242622445
.019410392242622445
.019410392242622445
.019410392242622445
.019410392242622445
.019410392242622445
.019410392242622445
.15900649006092887
.019410392242622445
.019410392242622445
.019410392242622445
.019410392242622445
.019410392242622445
.019410392242622445
.019410392242622445
.019410392242622445
.019410392242622445
.019410392242622445
.019410392242622445
.019410392242622445
.019410392242622445
.019410392242622445
.019410392242622445
.019410392242622445
.019410392242622445
.019410392242622445
.23663441321150128
.23663441321150128
.1719863415517842
.019410392242622445
.019410392242622445
.019410392242622445
.019410392242622445
.1719863415517842
.05935786601106868
.20732113316043602
.019410392242622445
.23663441321150128
.019410392242622445
.019410392242622445
.019410392242622445
.019410392242622445
.019410392242622445
.03371054748292915
.019410392242622445
.019410392242622445
.14827678313736523
.019410392242622445
.22398337501352306
.019410392242622445
.019410392242622445
.010067304464912866
.019410392242622445
.019410392242622445
.019410392242622445
.1198460235576425
.019410392242622445
.019410392242622445
.019410392242622445
.019410392242622445
.019410392242622445
.019410392242622445
.019410392242622445
.019410392242622445
.019410392242622445
.019410392242622445
.019410392242622445
.019410392242622445
.019410392242622445
.019410392242622445
.019410392242622445
.019410392242622445
.019410392242622445
.019410392242622445
.019410392242622445
.019410392242622445
.019410392242622445
.019410392242622445
.019410392242622445
.1198460235576425
.019410392242622445
.019410392242622445
.019410392242622445
.019410392242622445
.019410392242622445
.019410392242622445
.019410392242622445
.019410392242622445
.019410392242622445
.019410392242622445
.22398337501352306
.19150759148923327
.15900649006092887
.019410392242622445
9999999999985037e-28
.2014119125779261
.2014119125779261
.15900649006092887
.15900649006092887
.22398337501352306
.22398337501352306
.22398337501352306
.22398337501352306
