1.4991184297481501
.8334004125054746
.013325888742698116
.003007029336116762
5163842340693038e-21
.03896911897061747
6.829685826257199
.7283716489736429
.05976691510608875
.07257539229912204
.06812421578001253
5.011282924908179
.6673649493355427
.36512884373470433
.005655270086173455
3.0772023344542037
.37576455792954677
.003172924087799754
.07263479474831651
.0045905903017356125
.002014558567773974
.009879108807878787
.0001659550769335285
.002943932088416965
.2977595893768488
17.277144686628652
.00015285244641361647
.005717149775367193
.006220261778827555
.005739011183431789
11774007110403858e-22
.0001779916167784974
.013847502012273066
.001209986467866248
.00979693579926646
22073077812678484e-21
.0022323694927224714
.0027535771195595278
.0003315429552151906
.005430960114020504
3543203141325744e-20
.0057399250958839665
.006106294617781002
.021298028291661483
.00033670089484256067
.11523102255777162
.007846406140092287
.0007918094818486482
.03922870694105077
.2764277096360269
.0010866283182176762
.5544063365302705
.009074028641876827
11.958326527438333
11.109687407448593
1.3623481901826762
.007265647198808107
.06224131130578042
.06935762312682148
.21322372927572686
.12857987922521125
30.011754270024664
23.2075732807344
8.335707389414415
.0022170258177562187
.0005205636823108205
.0013802512953574144
.006509321117005614
3.317535000266672
7.939007393454409
.01982099154089556
22.17632321884158
3.443616917181726
9.202614690174947
20.768181389808763
.0014371915781855994
.01000237338789473
.0006661395308768628
2.1526467881053644
.0003363420269475526
.002920887732676835
.010878802807356243
.0004063055397096556
.9535926610817196
.6313618489226466
26969229874092006e-21
.006715033579993473
.8568786199595259
.7598338444491438
3.5366136190464394
.0001550133096615938
5984545597716645e-20
.5703545296495148
.8527929494123607
.08468177473602288
.010868089319333933
.29015395152500034
1.6654176191615284
1.5531873588409695
1.9495500455706922
1.46807160742706
1.9669263461241033
.02567098586269587
.03597705617918159
.009708077682676388
.00016148428326819985
5.965016120249527
6.109496280995586
.5561803396010342
.018319046878072908
.004148722355299294
6768844301622567e-20
.0005511780212310351
.09562607665040566
.021477343964849658
.0008893932889817944
.42709944255512755
498415258994972e-19
.00023149575354430312
.03369625356567543
21501509077105814e-21
0
0
0
0
0
0
0
0
0
0
0
0
0
0
0
0
0
0
0
.7462676521454435
0
0
0
0
.5664617236417406
1343.5678786600552
.004543650595642975
.1055521648137669
.019001061523827273
.2236591695315841
.10990683529357136
.6285955052401403
.13930425295447793
.4367425221286372
.006535763017693782
2.952923389451611
3.201445489973005
.017749039213374604
.0442355638494123
.850534317372749
.6196455051245225
.2787827178290449
.43131788720975395
.01940925288035692
.01940925288035692
.22332701142449363
4963462104935232e-20
.01940925288035692
.01940925288035692
.01940925288035692
.01940925288035692
.01940925288035692
.01940925288035692
.01940925288035692
.01940925288035692
.01940925288035692
.01940925288035692
.01940925288035692
.01940925288035692
.01940925288035692
.01940925288035692
.01940925288035692
.01940925288035692
.01940925288035692
.01940925288035692
.01940925288035692
.01940925288035692
.01940925288035692
.01940925288035692
.01940925288035692
.01940925288035692
.01940925288035692
.01940925288035692
.01940925288035692
.01940925288035692
.01940925288035692
.01940925288035692
.01940925288035692
.01940925288035692
.01940925288035692
.01940925288035692
.01940925288035692
.01940925288035692
.01940925288035692
.01940925288035692
.01940925288035692
.01940925288035692
.01940925288035692
.01940925288035692
.01940925288035692
.01940925288035692
.2362874094973317
.009950745726852478
.01940925288035692
.009950745726852478
.1718601924265106
.0860783857253086
.01940925288035692
.01940925288035692
.033415947902746525
.01940925288035692
.01940925288035692
.01940925288035692
.01940925288035692
.01940925288035692
.01940925288035692
.01940925288035692
.01940925288035692
.01940925288035692
.01940925288035692
.1583082463104729
.01940925288035692
.01940925288035692
.01940925288035692
.01940925288035692
.01940925288035692
.01940925288035692
.01940925288035692
.01940925288035692
.01940925288035692
.01940925288035692
.01940925288035692
.01940925288035692
.01940925288035692
.01940925288035692
.01940925288035692
.01940925288035692
.01940925288035692
.01940925288035692
.2362874094973317
.2362874094973317
.1718601924265106
.01940925288035692
.01940925288035692
.01940925288035692
.01940925288035692
.1718601924265106
.05892467441303988
.20710827172241558
.01940925288035692
.2362874094973317
.01940925288035692
.01940925288035692
.01940925288035692
.01940925288035692
.01940925288035692
.033415947902746525
.01940925288035692
.01940925288035692
.1481897698414839
.01940925288035692
.22332701142449363
.01940925288035692
.01940925288035692
.009950745726852478
.01940925288035692
.01940925288035692
.01940925288035692
.1197932727129129
.01940925288035692
.01940925288035692
.01940925288035692
.01940925288035692
.01940925288035692
.01940925288035692
.01940925288035692
.01940925288035692
.01940925288035692
.01940925288035692
.01940925288035692
.01940925288035692
.01940925288035692
.01940925288035692
.01940925288035692
.01940925288035692
.01940925288035692
.01940925288035692
.01940925288035692
.01940925288035692
.01940925288035692
.01940925288035692
.01940925288035692
.1197932727129129
.01940925288035692
.01940925288035692
.01940925288035692
.01940925288035692
.01940925288035692
.01940925288035692
.01940925288035692
.01940925288035692
.01940925288035692
.01940925288035692
.22332701142449363
.19133904288061263
.1583082463104729
.01940925288035692
9999999999984995e-28
.20121692923492587
.20121692923492587
.1583082463104729
.1583082463104729
.22332701142449363
.22332701142449363
.22332701142449363
.22332701142449363
