1.5150549471655896
.7711207661572756
.012662256235565248
.00281782293658133
4318990295607751e-21
.03712535135430138
6.826179455043549
.7290282320203691
.059909891883718314
.07035610403085159
.06813338425948263
4.862035413679249
.6670712573563679
.354298495001395
.005501761300024329
2.9658217167618384
.3612598448741495
.003167574216183975
.07261128059703516
.004592661575842929
.0020154446688345398
.00961581295162786
.00016174907924699795
.0029432871263865372
.2894175251639826
17.385513546942718
.0001503664823757289
.00571473047727445
.006217782150961657
.00573734653351438
11769735921533592e-22
.00017793489481855498
.013843088874753124
.0012095981209128772
.009793813737381151
21419402224926047e-21
.0022359396657609877
.002752691344477892
.0003222162067260646
.005429142342486662
34362412582424084e-21
.005737757350276618
.006068742437379388
.021346105068395207
.0003393567062309913
.11518792036944774
.007846728030224497
.0007867287239261814
.03882391183741166
.2714827137628172
.001018944575675342
.5531383507237875
.008517538881119275
11.915945878848719
11.08217654348434
1.3609175589481122
.0072630523425379874
.059372238867043264
.06615246031756904
.2129679018328425
.12846073771987587
29.79926737112547
23.003128661814785
8.289597802519062
.0022144195221748333
.0005180029888135212
.001381568654301872
.00649065965841869
3.120450878468873
7.873232652869927
.019370438647571722
22.16916995735545
3.442493893548732
9.19389318076483
20.76164255846859
.0014366864499719876
.010001867420470347
.0006659146824483053
2.152562169115374
.0003357633391196106
.002915792467768902
.010875847292926781
.00039546318271334877
.9538523645051488
.6161254821377656
26819181770715116e-21
.006522889190690693
.85272836429258
.7571389503091872
3.527436876223997
.0001539328289617603
6033725332655154e-20
.569821207799053
.85339744147592
.08547959058166395
.010469619004366717
.289237934465944
1.663172131883056
1.5493235804987455
1.907493893296444
1.46609079316474
1.9661951308615138
.025546827882923305
.035688996894700085
.009255358966078516
.00016109128269512903
5.9265360617058045
6.089431141420086
.5554897093021215
.018066622730634595
.004048713615459739
6605573739323732e-20
.0005066537734322374
.09471184293318738
.021428992675560716
.0008869996293244466
.426072170630365
49437969768437246e-21
.00023155757746947005
.033614662548963274
21054934336655966e-21
0
0
0
0
0
0
0
0
0
0
0
0
0
0
0
0
0
0
0
.7344450642963432
0
0
0
0
.564741014307604
1343.1397110406915
.0045422026270738715
.10551852749640854
.018995006273916006
.2235878939260206
.10807840925546995
.6256927254637982
.13597676403741613
.4362946246154067
.006527823028503376
2.9430591601797955
3.189213700216015
.017387503897646515
.04332484367145786
.8476207435648625
.6176649711624136
.278423864464206
.43077738810562294
.019403067548204075
.019403067548204075
.21979616606250574
43694382739128265e-21
.019403067548204075
.019403067548204075
.019403067548204075
.019403067548204075
.019403067548204075
.019403067548204075
.019403067548204075
.019403067548204075
.019403067548204075
.019403067548204075
.019403067548204075
.019403067548204075
.019403067548204075
.019403067548204075
.019403067548204075
.019403067548204075
.019403067548204075
.019403067548204075
.019403067548204075
.019403067548204075
.019403067548204075
.019403067548204075
.019403067548204075
.019403067548204075
.019403067548204075
.019403067548204075
.019403067548204075
.019403067548204075
.019403067548204075
.019403067548204075
.019403067548204075
.019403067548204075
.019403067548204075
.019403067548204075
.019403067548204075
.019403067548204075
.019403067548204075
.019403067548204075
.019403067548204075
.019403067548204075
.019403067548204075
.019403067548204075
.019403067548204075
.019403067548204075
.23441209172037172
.009336226636944146
.019403067548204075
.009336226636944146
.17117684137243877
.08594131600567963
.019403067548204075
.019403067548204075
.03185593901132141
.019403067548204075
.019403067548204075
.019403067548204075
.019403067548204075
.019403067548204075
.019403067548204075
.019403067548204075
.019403067548204075
.019403067548204075
.019403067548204075
.15456879678466037
.019403067548204075
.019403067548204075
.019403067548204075
.019403067548204075
.019403067548204075
.019403067548204075
.019403067548204075
.019403067548204075
.019403067548204075
.019403067548204075
.019403067548204075
.019403067548204075
.019403067548204075
.019403067548204075
.019403067548204075
.019403067548204075
.019403067548204075
.019403067548204075
.23441209172037172
.23441209172037172
.17117684137243877
.019403067548204075
.019403067548204075
.019403067548204075
.019403067548204075
.17117684137243877
.05662319271820014
.2059562828770906
.019403067548204075
.23441209172037172
.019403067548204075
.019403067548204075
.019403067548204075
.019403067548204075
.019403067548204075
.03185593901132141
.019403067548204075
.019403067548204075
.14771819599555558
.019403067548204075
.21979616606250574
.019403067548204075
.019403067548204075
.009336226636944146
.019403067548204075
.019403067548204075
.019403067548204075
.1195072515761158
.019403067548204075
.019403067548204075
.019403067548204075
.019403067548204075
.019403067548204075
.019403067548204075
.019403067548204075
.019403067548204075
.019403067548204075
.019403067548204075
.019403067548204075
.019403067548204075
.019403067548204075
.019403067548204075
.019403067548204075
.019403067548204075
.019403067548204075
.019403067548204075
.019403067548204075
.019403067548204075
.019403067548204075
.019403067548204075
.019403067548204075
.1195072515761158
.019403067548204075
.019403067548204075
.019403067548204075
.019403067548204075
.019403067548204075
.019403067548204075
.019403067548204075
.019403067548204075
.019403067548204075
.019403067548204075
.21979616606250574
.1904264427722216
.15456879678466037
.019403067548204075
9999999999984835e-28
.20016149691143872
.20016149691143872
.15456879678466037
.15456879678466037
.21979616606250574
.21979616606250574
.21979616606250574
.21979616606250574
