.005964188153280092
.00022859092702910816
13422900782891711e-21
5760278321222858e-28
.0007577680756707102
6.321328716769862
.7410248059591986
.045454940362585856
.024078624821463918
.06733927387353252
.7246003614354541
.6891125579680207
.05465703903605256
.0008307124075364536
.005297968315296094
.0005712609374734425
.0022971664031684463
.0708027805977288
.00529746926930146
.0019311484120022816
.0030867231169214486
6052542598751356e-20
.0017740876888045294
.08246232702273315
4.159103239043884
49267143538593866e-22
.005401918976774375
.005900119697639265
.005808312513065433
13760645268055386e-22
.00017444621816776164
.013167663194884209
.0012803251271803347
.00963350960733188
29911632584671283e-22
.0023690907088397706
.0026431919471583097
4424201024495067e-20
.005132961181181124
4650352490109348e-21
.0058064432007615945
.005806017473640517
.021056535504004235
.0005835538900643713
.11749434962499108
.007321288858099327
.0005104289545995385
.02486741249483851
.07126534638551497
27688838782054322e-22
.13866452194169065
2353525732761385e-20
8.446621753313382
7.957908747203393
1.156159494653689
.007178034285975753
.0007207410151760312
.0007948879264314329
.1713194429115354
.11458541572468278
10.069835926268645
8.007936703983738
2.7839821233176223
.0017245066194450718
.0003041679938341636
.001376905773257507
.005843071073781014
.008432555957471147
3.867690013245262
.0008734192653029541
10.069835926268645
3.366494914331882
9.683856792542123
9.325384198449534
.001428001556339732
.009065217751646017
.00019636729662571908
2.101059745462822
.00021991019348683257
.001963462815796136
.011578929311674062
8046247315972753e-20
.6897134666728504
.028430238422805353
17506737980018435e-21
.000345513553576449
.3498530313117914
.3264489047938409
2.439758740630841
.00014550679496164813
.0004291742155476887
.5822086075486049
.7622476209130782
.1201971013293932
.00025857821762922825
.1700243848465073
1.2320399298386455
1.0745727876098479
.06915094668504414
1.3481153296877189
2.004738403508128
.019144348160384784
.023935759853796472
.00010666459071567205
.00012692138217494382
3.8400609932105065
4.351532240869543
.4775624461350168
.0033314965153850556
.0001267525186135165
20299942235304315e-22
6496000265449272e-23
.055799154991658856
.015426567989581535
.0004996550136864409
.3780112488451743
32167192411119486e-21
.00017483069931516633
.025442921443888912
7826025143200963e-22
0
0
0
0
0
0
0
0
0
0
0
0
0
0
0
0
0
0
0
.09485824325900381
0
0
0
0
.27408974676256037
1252.9708664045297
.004311081912225915
.10556176459490166
.017770634266469992
.2127704060254101
.020462359114214523
.4059762704494018
.014265002328628372
.3502836743278013
.0046565356766138264
2.128563825514699
2.313970540626102
.001983516722645831
.005018088648043307
.5247489376974361
.3847238129391428
.18248447361523612
.3179147282637677
.018837263835685382
.018837263835685382
.050046125261145304
3275054373119033e-25
.018837263835685382
.018837263835685382
.018837263835685382
.018837263835685382
.018837263835685382
.018837263835685382
.018837263835685382
.018837263835685382
.018837263835685382
.018837263835685382
.018837263835685382
.018837263835685382
.018837263835685382
.018837263835685382
.018837263835685382
.018837263835685382
.018837263835685382
.018837263835685382
.018837263835685382
.018837263835685382
.018837263835685382
.018837263835685382
.018837263835685382
.018837263835685382
.018837263835685382
.018837263835685382
.018837263835685382
.018837263835685382
.018837263835685382
.018837263835685382
.018837263835685382
.018837263835685382
.018837263835685382
.018837263835685382
.018837263835685382
.018837263835685382
.018837263835685382
.018837263835685382
.018837263835685382
.018837263835685382
.018837263835685382
.018837263835685382
.018837263835685382
.018837263835685382
.11185686433130909
25101201348265174e-21
.018837263835685382
25101201348265174e-21
.11824626317470317
.07412062953038323
.018837263835685382
.018837263835685382
.00037593396756326704
.018837263835685382
.018837263835685382
.018837263835685382
.018837263835685382
.018837263835685382
.018837263835685382
.018837263835685382
.018837263835685382
.018837263835685382
.018837263835685382
.016792641441192267
.018837263835685382
.018837263835685382
.018837263835685382
.018837263835685382
.018837263835685382
.018837263835685382
.018837263835685382
.018837263835685382
.018837263835685382
.018837263835685382
.018837263835685382
.018837263835685382
.018837263835685382
.018837263835685382
.018837263835685382
.018837263835685382
.018837263835685382
.018837263835685382
.11185686433130909
.11185686433130909
.11824626317470317
.018837263835685382
.018837263835685382
.018837263835685382
.018837263835685382
.11824626317470317
.0014004054014460313
.12270264332292279
.018837263835685382
.11185686433130909
.018837263835685382
.018837263835685382
.018837263835685382
.018837263835685382
.018837263835685382
.00037593396756326704
.018837263835685382
.018837263835685382
.10987731565126034
.018837263835685382
.050046125261145304
.018837263835685382
.018837263835685382
25101201348265174e-21
.018837263835685382
.018837263835685382
.018837263835685382
.0957193761758444
.018837263835685382
.018837263835685382
.018837263835685382
.018837263835685382
.018837263835685382
.018837263835685382
.018837263835685382
.018837263835685382
.018837263835685382
.018837263835685382
.018837263835685382
.018837263835685382
.018837263835685382
.018837263835685382
.018837263835685382
.018837263835685382
.018837263835685382
.018837263835685382
.018837263835685382
.018837263835685382
.018837263835685382
.018837263835685382
.018837263835685382
.0957193761758444
.018837263835685382
.018837263835685382
.018837263835685382
.018837263835685382
.018837263835685382
.018837263835685382
.018837263835685382
.018837263835685382
.018837263835685382
.018837263835685382
.050046125261145304
.12216251145308579
.016792641441192267
.018837263835685382
9999999999970043e-28
.12283217926210697
.12283217926210697
.016792641441192267
.016792641441192267
.050046125261145304
.050046125261145304
.050046125261145304
.050046125261145304
