2.985122338431904
.007462781030254338
.00030077770917326044
17644544018177575e-21
8478060562627185e-28
.0010979260965360551
6.987278977653478
.6854970422243077
.04993389949831258
.02054975054673446
.06630441206584367
.7238384840859209
.6895830672267037
.05843721155439145
.0009787898636896158
.006915854869315588
.0009797882668580644
.0023756920225603095
.07392093427304332
.004879374086335495
.001884415145668129
.0030134031277738726
625420841858578e-19
.002000935549925167
.08511780237839292
3.7738043940132346
5959399227050168e-21
.005383594844397796
.005969201894295203
.005848569530120808
1238078502426567e-21
.00017114513872224258
.013199576865561627
.0011981592176616603
.010246438685447709
3616876336211154e-21
.002519767961902253
.002634137846417764
54585224300147215e-21
.00493345815636943
5511961646927853e-21
.0058468949673397465
.005846466570251963
.019929777794903222
.0005654233060556768
.11294719490154533
.007638981125943864
.0005101339806878332
.026411994474355983
.07699645054817342
3278605456653674e-21
.14717842109784163
24879592303858446e-21
8.621744219987212
8.199732186009873
1.188666698583046
.006405207224216639
.0007541852451214414
.0008360607542313047
.1795715268095687
.1125274614446044
10.198368820907945
7.999204446019093
2.8622374827542427
.0018140434146256173
.0003542021647190224
.0013439258427588778
.005979630841489936
.007589804071984712
3.4858397068520737
.0008391931709741896
10.198368820907945
3.1662351302942713
9.454496351356555
9.425994994202142
.0014152551760454259
.008982907104141711
.00015979368853731547
2.12034663153405
.00024024953099139167
.0020136177735244646
.010356679113988602
9635100138831348e-20
.6966180675875167
.07455857695359795
15448351434703995e-21
.001009425608577062
.38946096165959176
.36308953212883693
2.5411597475488588
.00011156146488071506
.0003496588597119124
.620670716837691
.772397898628362
.127847762145056
.0002965374040124441
.1625181377633096
1.1681729731505075
1.0138848611408684
.07292380494405439
1.3061275174008924
1.9317795819427148
.017958174295934045
.023109499371494105
9886534796081562e-20
.0001320261232035421
3.706483212064932
4.172732472701332
.46831702880838527
.0035288297872852325
.00013545545448124385
1966511974934828e-21
5449433426853563e-23
.05075216313939151
.016678080251816496
.0005310055038784341
.35661254870594516
29466151904973354e-21
.000185419175235855
.02672651521039149
7492907030713445e-22
0
0
0
0
0
0
0
0
0
0
0
0
0
0
0
0
0
0
0
.07675055213216515
0
0
0
0
.2995432539189965
1257.4938205725357
.004544641800165286
.09604604188873528
.019113871648001202
.21393639169825482
.02182734642900403
.3872789646043658
.013717326437099846
.379946146239609
.004785771458484639
2.2063190523170157
2.386302891049318
.0023333491601201174
.005107571753697059
.5008405480968441
.35290371086727274
.19014041787147787
.31992648599413964
.018840896007226757
.018840896007226757
.05053389151555878
35633087189130566e-26
.018840896007226757
.018840896007226757
.018840896007226757
.018840896007226757
.018840896007226757
.018840896007226757
.018840896007226757
.018840896007226757
.018840896007226757
.018840896007226757
.018840896007226757
.018840896007226757
.018840896007226757
.018840896007226757
.018840896007226757
.018840896007226757
.018840896007226757
.018840896007226757
.018840896007226757
.018840896007226757
.018840896007226757
.018840896007226757
.018840896007226757
.018840896007226757
.018840896007226757
.018840896007226757
.018840896007226757
.018840896007226757
.018840896007226757
.018840896007226757
.018840896007226757
.018840896007226757
.018840896007226757
.018840896007226757
.018840896007226757
.018840896007226757
.018840896007226757
.018840896007226757
.018840896007226757
.018840896007226757
.018840896007226757
.018840896007226757
.018840896007226757
.018840896007226757
.11239816698390633
26162046857172962e-21
.018840896007226757
26162046857172962e-21
.11853169306697948
.07419212060761236
.018840896007226757
.018840896007226757
.0003874918969611643
.018840896007226757
.018840896007226757
.018840896007226757
.018840896007226757
.018840896007226757
.018840896007226757
.018840896007226757
.018840896007226757
.018840896007226757
.018840896007226757
.017040527240350524
.018840896007226757
.018840896007226757
.018840896007226757
.018840896007226757
.018840896007226757
.018840896007226757
.018840896007226757
.018840896007226757
.018840896007226757
.018840896007226757
.018840896007226757
.018840896007226757
.018840896007226757
.018840896007226757
.018840896007226757
.018840896007226757
.018840896007226757
.018840896007226757
.11239816698390633
.11239816698390633
.11853169306697948
.018840896007226757
.018840896007226757
.018840896007226757
.018840896007226757
.11853169306697948
.0014357544673913069
.12311766249396872
.018840896007226757
.11239816698390633
.018840896007226757
.018840896007226757
.018840896007226757
.018840896007226757
.018840896007226757
.0003874918969611643
.018840896007226757
.018840896007226757
.11008941692438262
.018840896007226757
.05053389151555878
.018840896007226757
.018840896007226757
26162046857172962e-21
.018840896007226757
.018840896007226757
.018840896007226757
.0958579059850272
.018840896007226757
.018840896007226757
.018840896007226757
.018840896007226757
.018840896007226757
.018840896007226757
.018840896007226757
.018840896007226757
.018840896007226757
.018840896007226757
.018840896007226757
.018840896007226757
.018840896007226757
.018840896007226757
.018840896007226757
.018840896007226757
.018840896007226757
.018840896007226757
.018840896007226757
.018840896007226757
.018840896007226757
.018840896007226757
.018840896007226757
.0958579059850272
.018840896007226757
.018840896007226757
.018840896007226757
.018840896007226757
.018840896007226757
.018840896007226757
.018840896007226757
.018840896007226757
.018840896007226757
.018840896007226757
.05053389151555878
.12251651823129979
.017040527240350524
.018840896007226757
9999999999970146e-28
.1232238247719138
.1232238247719138
.017040527240350524
.017040527240350524
.05053389151555878
.05053389151555878
.05053389151555878
.05053389151555878
