3.0549548475620525
.006498358863855957
.0002671461174143603
14829178741951019e-21
4524415582685502e-28
.00100339434213044
6.964304295311702
.6855338582716611
.04872905964079099
.019657536062560096
.06622806310124084
.7204906815627723
.6885154209297294
.05817527308596843
.000974427926218248
.00573030905123454
.0008228683663993397
.0023075445586633408
.07381227741846844
.00488598855018323
.0018869245468257914
.0028818441267122784
6068094474511377e-20
.0019424139259395438
.0813391704672947
3.707709370576195
57464938915220085e-22
.005369152598348999
.005958964720108705
.005840686572999281
12364597926781536e-22
.0001709062767494173
.013181153634311783
.0011964771585962935
.010232138055909503
360139915009643e-20
.002522390748959983
.002630429571262798
5435088455845388e-20
.004926234457794286
5496071624123874e-21
.0058390359854743725
.005838628943287037
.019910861245762097
.0005746035958109676
.1127699684510685
.007630711335796786
.00050701616015117
.02623027680924396
.07182830329368077
25185680841028833e-22
.12892616226264816
1887991790103541e-20
8.481327994079955
8.056471699007194
1.177295705655141
.0063947597185803
.0006121381532812992
.0006786734087636207
.1774790998161789
.1115637848535116
9.267268699172632
7.286637567015682
2.6165050912345817
.0017686108689681627
.0003434088436059852
.0013420223435799644
.0059675920520377975
.006707363254366879
3.4217888187433223
.0008218640996814346
9.267268699172632
3.1617130835548335
9.267268699172632
8.516112774364718
.001413113394784165
.008970246062062561
.0001394240543890709
2.118643492354366
.00023324470275653414
.0019534331006304862
.01034298924016433
8957447341826196e-20
.6788928779397385
.06501813093596742
1510085196198784e-20
.000895174393072566
.3697020173952415
.3443609323558974
2.485623218613053
.00011235948089411895
.0003647456271665697
.6280070513398988
.7579867735465415
.12734763164719565
.00024674399896054423
.15572841852548688
1.1391075563077488
.9888061298585101
.07084234378816268
1.291522523883648
1.928004476553363
.017705362613042185
.022699385433683054
798415023565726e-19
.000132333012887021
3.6818164551964636
4.104425128985625
.4637913930167814
.0032250397762844246
.00013146540437606238
19049705450028701e-22
3992070767586046e-23
.049535312070703656
.01641629809878737
.0005103008571174493
.3526875978414035
28843977659216626e-21
.00018060272911747056
.026270866311828615
7268539218681208e-22
0
0
0
0
0
0
0
0
0
0
0
0
0
0
0
0
0
0
0
.06579671964046364
0
0
0
0
.2741062323389503
1255.7387674827035
.004538298955768699
.0959119927985328
.01908719488908146
.21363780595641266
.01998767854083647
.37954348032269175
.012274509733627138
.3748233479478951
.004593639072913944
2.1606432104259947
2.335280295627314
.0021110306847956922
.004619594872798065
.4841537264022727
.34178873768565415
.18485151340903247
.3109639257211346
.018814600233671677
.018814600233671677
.047125729870802255
21373519993094551e-26
.018814600233671677
.018814600233671677
.018814600233671677
.018814600233671677
.018814600233671677
.018814600233671677
.018814600233671677
.018814600233671677
.018814600233671677
.018814600233671677
.018814600233671677
.018814600233671677
.018814600233671677
.018814600233671677
.018814600233671677
.018814600233671677
.018814600233671677
.018814600233671677
.018814600233671677
.018814600233671677
.018814600233671677
.018814600233671677
.018814600233671677
.018814600233671677
.018814600233671677
.018814600233671677
.018814600233671677
.018814600233671677
.018814600233671677
.018814600233671677
.018814600233671677
.018814600233671677
.018814600233671677
.018814600233671677
.018814600233671677
.018814600233671677
.018814600233671677
.018814600233671677
.018814600233671677
.018814600233671677
.018814600233671677
.018814600233671677
.018814600233671677
.018814600233671677
.10854141688832224
1983223347812503e-20
.018814600233671677
1983223347812503e-20
.11648031364014026
.07367582328023502
.018814600233671677
.018814600233671677
.00031446913491744993
.018814600233671677
.018814600233671677
.018814600233671677
.018814600233671677
.018814600233671677
.018814600233671677
.018814600233671677
.018814600233671677
.018814600233671677
.018814600233671677
.015346455373390187
.018814600233671677
.018814600233671677
.018814600233671677
.018814600233671677
.018814600233671677
.018814600233671677
.018814600233671677
.018814600233671677
.018814600233671677
.018814600233671677
.018814600233671677
.018814600233671677
.018814600233671677
.018814600233671677
.018814600233671677
.018814600233671677
.018814600233671677
.018814600233671677
.10854141688832224
.10854141688832224
.11648031364014026
.018814600233671677
.018814600233671677
.018814600233671677
.018814600233671677
.11648031364014026
.0012061458939631351
.12014498622360797
.018814600233671677
.10854141688832224
.018814600233671677
.018814600233671677
.018814600233671677
.018814600233671677
.018814600233671677
.00031446913491744993
.018814600233671677
.018814600233671677
.10856254148410283
.018814600233671677
.047125729870802255
.018814600233671677
.018814600233671677
1983223347812503e-20
.018814600233671677
.018814600233671677
.018814600233671677
.09485904720289068
.018814600233671677
.018814600233671677
.018814600233671677
.018814600233671677
.018814600233671677
.018814600233671677
.018814600233671677
.018814600233671677
.018814600233671677
.018814600233671677
.018814600233671677
.018814600233671677
.018814600233671677
.018814600233671677
.018814600233671677
.018814600233671677
.018814600233671677
.018814600233671677
.018814600233671677
.018814600233671677
.018814600233671677
.018814600233671677
.018814600233671677
.09485904720289068
.018814600233671677
.018814600233671677
.018814600233671677
.018814600233671677
.018814600233671677
.018814600233671677
.018814600233671677
.018814600233671677
.018814600233671677
.018814600233671677
.047125729870802255
.11997653333541046
.015346455373390187
.018814600233671677
9999999999969447e-28
.12041664505495354
.12041664505495354
.015346455373390187
.015346455373390187
.047125729870802255
.047125729870802255
.047125729870802255
.047125729870802255
