3.0549548475620525
.00649837412969148
.0002667613484108563
1482966060088496e-20
4524380030707719e-28
.0010033864919702907
6.9643042947334415
.6855338647957256
.04865581302154426
.01965751812085811
.06622806210690751
.7204904501559612
.6885154209468233
.05817525445402788
.0009744279482341965
.005729544401357247
.0008267964645963527
.0023037821974495683
.07381227745694306
.00488598854996375
.0018869245467417676
.0028818414862908674
60983848684418907e-21
.0019391655770555022
.08133909602100645
3.7076915397907917
5736764570750206e-21
.0053691525794207304
.005958962260516425
.005840686299214483
12364597720520969e-22
.0001709062767494173
.013181153634311783
.001196477162728092
.010232138055909503
360139799455137e-20
.0025223907921214134
.002630429584612039
5435086730690531e-20
.004926234461285901
5496069904292218e-21
.0058390359126039735
.005838628921775957
.01991088230904209
.0005746035966887299
.11276996844724403
.007630711358427277
.0005069737209844381
.026228086798636828
.07170284721137296
2530855053614678e-21
.12893729230093257
18879909659151925e-21
8.481324525802949
8.056471552637701
1.1772956911633685
.006394757960167818
.0006121383432171246
.0006786745936311215
.17747909700114536
.11156378299685411
9.267268699172632
7.286108191582054
2.618657430745563
.0017660677572935335
.00034282267210723256
.001342021733836249
.00596759247928051
.006707321518689068
3.421786395585732
.0008218594604762979
9.267268699172632
3.161712994428992
9.267268699172632
8.516692773534835
.001413113419485299
.008970251445384372
.00013943658433525233
2.1186426313876043
.00023285574910462666
.001950100935971223
.010342988494797985
8942047685554285e-20
.677844508888846
.06491789387830414
15092463915670948e-21
.000895239653721311
.3691179067633257
.34379171243432616
2.4854215011535037
.00011249785922752465
.00036417944508130044
.6310457582997607
.7580295671551446
.12714404345114932
.00024634956636100213
.15557967398448402
1.1390949404725668
.9888056412158289
.07084177941968839
1.2910362100803834
1.9280042216185127
.01769830950123437
.02269514099366976
7984149761474684e-20
.00013232386034357262
3.681508963691546
4.103825343630408
.46379111990483257
.0032198041091988415
.00013146433225035047
19049535006223078e-22
3991543466998925e-23
.04951954741333854
.01641624845470698
.0005094410104669003
.35268753331398517
28832504059658075e-21
.00018033176310891345
.02627078843293253
7268476722924207e-22
0
0
0
0
0
0
0
0
0
0
0
0
0
0
0
0
0
0
0
.06579651141796045
0
0
0
0
.27531740186049597
1255.7387674827035
.004538298955768699
.0959119927985328
.01908719488908146
.21363780595641266
.01996606411165687
.3795426951942189
.012274473140308615
.3748352000611124
.004594375017137247
2.160648720554759
2.335285232760264
.0021110251058607016
.004619586010253813
.48415348327834457
.3417886904106206
.1848572012254152
.3109735725331159
.018814600233671677
.018814600233671677
.047125729870802296
21373519993094414e-26
.018814600233671677
.018814600233671677
.018814600233671677
.018814600233671677
.018814600233671677
.018814600233671677
.018814600233671677
.018814600233671677
.018814600233671677
.018814600233671677
.018814600233671677
.018814600233671677
.018814600233671677
.018814600233671677
.018814600233671677
.018814600233671677
.018814600233671677
.018814600233671677
.018814600233671677
.018814600233671677
.018814600233671677
.018814600233671677
.018814600233671677
.018814600233671677
.018814600233671677
.018814600233671677
.018814600233671677
.018814600233671677
.018814600233671677
.018814600233671677
.018814600233671677
.018814600233671677
.018814600233671677
.018814600233671677
.018814600233671677
.018814600233671677
.018814600233671677
.018814600233671677
.018814600233671677
.018814600233671677
.018814600233671677
.018814600233671677
.018814600233671677
.018814600233671677
.10854141688832222
1983223347814423e-20
.018814600233671677
1983223347814423e-20
.11648031364014026
.07367582328023502
.018814600233671677
.018814600233671677
.0003144691349176598
.018814600233671677
.018814600233671677
.018814600233671677
.018814600233671677
.018814600233671677
.018814600233671677
.018814600233671677
.018814600233671677
.018814600233671677
.018814600233671677
.015346455373390813
.018814600233671677
.018814600233671677
.018814600233671677
.018814600233671677
.018814600233671677
.018814600233671677
.018814600233671677
.018814600233671677
.018814600233671677
.018814600233671677
.018814600233671677
.018814600233671677
.018814600233671677
.018814600233671677
.018814600233671677
.018814600233671677
.018814600233671677
.018814600233671677
.10854141688832222
.10854141688832222
.11648031364014026
.018814600233671677
.018814600233671677
.018814600233671677
.018814600233671677
.11648031364014026
.001206145893963304
.12014498622360797
.018814600233671677
.10854141688832222
.018814600233671677
.018814600233671677
.018814600233671677
.018814600233671677
.018814600233671677
.0003144691349176598
.018814600233671677
.018814600233671677
.10856254148410283
.018814600233671677
.047125729870802296
.018814600233671677
.018814600233671677
1983223347814423e-20
.018814600233671677
.018814600233671677
.018814600233671677
.09485904720289068
.018814600233671677
.018814600233671677
.018814600233671677
.018814600233671677
.018814600233671677
.018814600233671677
.018814600233671677
.018814600233671677
.018814600233671677
.018814600233671677
.018814600233671677
.018814600233671677
.018814600233671677
.018814600233671677
.018814600233671677
.018814600233671677
.018814600233671677
.018814600233671677
.018814600233671677
.018814600233671677
.018814600233671677
.018814600233671677
.018814600233671677
.09485904720289068
.018814600233671677
.018814600233671677
.018814600233671677
.018814600233671677
.018814600233671677
.018814600233671677
.018814600233671677
.018814600233671677
.018814600233671677
.018814600233671677
.047125729870802296
.11997653333541046
.015346455373390813
.018814600233671677
9999999999969447e-28
.12041664505495354
.12041664505495354
.015346455373390813
.015346455373390813
.047125729870802296
.047125729870802296
.047125729870802296
.047125729870802296
