6140019895796298e-27
39.79397508554554
.1526865495076623
.2882964016184865
11.586681296115351
.37652138729688284
6.301674408411835
.19785152157446018
.0032666571170694436
.31664995715313915
.02676126926865608
7.668202589431309
.7479346065262171
.5923733038089869
.00879145189750246
7.926263918199209
1.102795782913513
.0038918773957537667
.07841722016076096
.0043612956024045735
.001686645005761164
.04056384945236589
.00013225982559879752
21048933916647005e-21
.27671576470809195
3859050767355338e-23
13618263438803342e-30
.005065524545011639
.006455911222307123
.006162044121647066
.0022570732544616146
.00018167404530789524
.01401166503402154
.0012723463326786968
.010876802667762628
3696059654045707e-20
.00047744222150210394
.0027977356288081245
.0005108440016002827
.005252860525931507
1527291167311367e-20
9.254356336999955
14.220750225401476
.00530875195399837
58891022871967425e-21
.12348444413218197
.007560073355875521
.0074155606167925
.40628354830094854
8174566634970178e-26
.46774453412062894
2966593259515752e-26
3.786394055437273
17.84835082132244
14569328086807199e-25
21420618363072163e-26
.006896997176416139
3.115577658029686
13.900181845826959
25728506350679742e-27
2305477981729015e-26
42.655447751008666
28.4477832150461
9.181912329736766
.002497898813419819
.0005976974264204346
.0013723411767214526
.006684591903981583
50473898870776015e-25
0
7589944422058833e-27
24.651148232918885
3.360205556176184
9.247161361016987
17.175120954360796
.0015055664336960743
.008238678273806428
.0004014072178938187
2.121846463561385
.0003950519274464261
.0033895694101380765
.010869663856837512
.0016069348758577138
.8356811435724014
1.3296671582556876
.00011965995042348698
.026493761066235952
1.3607808078450898
1.5068462744968771
3.221544503316596
.0032972856640492774
.00045870508507989485
.6092687446765963
.806958492875912
11109681302098943e-27
.4913024980929812
.7368689162443
1.9322954446413714
2.6415813557761605
32162142824941775e-26
6.33465386383479
1.9533109464658536
.5379889400313251
1.1357421782436712
.9243297574370758
.0008706312094240715
49.99999999991813
7.773451768948178
.4633864859208849
.06514475169102531
6601329145519836e-28
7214282743878856e-30
30848385578950033e-25
4.882914573112009
.010211366024392153
.0004833070901779321
.5241205835537518
.001323259592568682
.00024426007569223275
.015275118583826403
31821697147321658e-31
0
0
0
0
0
0
0
0
0
0
0
0
0
0
0
0
0
0
0
1.885672170208923
0
0
0
0
.5886609698652215
1334.8556460266511
.004824231075232888
.1019548559175565
.020289769277074078
.22709789557372376
.5620485271683711
.9540689308559617
1.338479254565459
1.3689975128561653
.007899601432661914
5.901589892848873
6.394512095790812
.1568084030087212
.34748106781243876
5.420815292739752
3.7276720780689185
9964249144402036e-26
16825305162996615e-26
.019999999999997544
.019999999999997544
.99999999999386
7.999999999607039
.019999999999997544
.019999999999997544
.019999999999997544
.019999999999997544
.019999999999997544
.019999999999997544
.019999999999997544
.019999999999997544
.019999999999997544
.019999999999997544
.019999999999997544
.019999999999997544
.019999999999997544
.019999999999997544
.019999999999997544
.019999999999997544
.019999999999997544
.019999999999997544
.019999999999997544
.019999999999997544
.019999999999997544
.019999999999997544
.019999999999997544
.019999999999997544
.019999999999997544
.019999999999997544
.019999999999997544
.019999999999997544
.019999999999997544
.019999999999997544
.019999999999997544
.019999999999997544
.019999999999997544
.019999999999997544
.019999999999997544
.019999999999997544
.019999999999997544
.019999999999997544
.019999999999997544
.019999999999997544
.019999999999997544
.019999999999997544
.019999999999997544
.019999999999997544
.499999999998465
3.9999999999017595
.019999999999997544
3.9999999999017595
.24999999999961625
.09999999999993861
.019999999999997544
.019999999999997544
2.9999999999447398
.019999999999997544
.019999999999997544
.019999999999997544
.019999999999997544
.019999999999997544
.019999999999997544
.019999999999997544
.019999999999997544
.019999999999997544
.019999999999997544
1.4999999999861848
.019999999999997544
.019999999999997544
.019999999999997544
.019999999999997544
.019999999999997544
.019999999999997544
.019999999999997544
.019999999999997544
.019999999999997544
.019999999999997544
.019999999999997544
.019999999999997544
.019999999999997544
.019999999999997544
.019999999999997544
.019999999999997544
.019999999999997544
.019999999999997544
.499999999998465
.499999999998465
.24999999999961625
.019999999999997544
.019999999999997544
.019999999999997544
.019999999999997544
.24999999999961625
2.499999999961625
.3499999999992478
.019999999999997544
.499999999998465
.019999999999997544
.019999999999997544
.019999999999997544
.019999999999997544
.019999999999997544
2.9999999999447398
.019999999999997544
.019999999999997544
.1999999999997544
.019999999999997544
.99999999999386
.019999999999997544
.019999999999997544
3.9999999999017595
.019999999999997544
.019999999999997544
.019999999999997544
.14999999999986183
.019999999999997544
.019999999999997544
.019999999999997544
.019999999999997544
.019999999999997544
.019999999999997544
.019999999999997544
.019999999999997544
.019999999999997544
.019999999999997544
.019999999999997544
.019999999999997544
.019999999999997544
.019999999999997544
.019999999999997544
.019999999999997544
.019999999999997544
.019999999999997544
.019999999999997544
.019999999999997544
.019999999999997544
.019999999999997544
.019999999999997544
.14999999999986183
.019999999999997544
.019999999999997544
.019999999999997544
.019999999999997544
.019999999999997544
.019999999999997544
.019999999999997544
.019999999999997544
.019999999999997544
.019999999999997544
.99999999999386
.2999999999994474
1.4999999999861848
.019999999999997544
1e-12
.3299999999993314
.3299999999993314
1.4999999999861848
1.4999999999861848
.99999999999386
.99999999999386
.99999999999386
.99999999999386
