1.4808063644745992
.767163103029618
.011298542174138195
.0025035934035305893
49812272057845695e-22
.03261643588704822
7.423063970256036
.6648858717098662
.0581130406447411
.07455585106083377
.06733697595879345
5.273488067280803
.7143285214990366
.4165172674065307
.006430708354738209
3.1912896778658166
.43183421782349507
.003208395065877883
.0762881011716152
.004703972691953672
.0018176926471760797
.010271371697587791
.00018789844512863744
.0026554662423550713
.3028471194803509
16.784735822165068
.0001592660116712636
.0056616049471168405
.006203540355904726
.006016046389752534
12737663504132387e-22
.0001763724836439881
.013602758381369236
.0012349979093960188
.010559399015658315
2594844247099236e-20
.002347456074856192
.002715381375007515
.00036820548927274377
.0050917658841518245
3916378631071111e-20
.006021226707519495
.006271937825348264
.019983971126078443
.0003388510392638356
.11688321531394874
.007778057936012229
.0008495936874017819
.04525654631887993
.2710016508260475
.0012490086888287605
.6456385598149417
.009801496228812089
12.118839946748102
11.250543826517724
1.387195098397281
.006653515003769835
.06779179015961478
.07539642955393659
.21704109766083426
.12927362240363102
30.255915140338676
23.672109731794045
8.067566663559044
.0023165831197481702
.0004936706873591995
.0013862385050363597
.0062916401456209895
3.2149512223020755
7.075074543043929
.020028352853333712
23.179274934053023
3.2654249907036554
9.073517159315799
21.707172304256968
.001460460544217974
.009224350939624558
.0006821968523551438
2.161007842606315
.0003254587402596899
.0027568351880458506
.01064279919519879
.00041468853016414313
.8601886980996806
.7392372553113892
21326874972045167e-21
.010827414813441804
.824969599331807
.7338641096937601
3.4383890384492326
.0001378385192461513
46834459343213266e-21
.5971048379497669
.823870636792199
.07398754280404785
.01113210136981676
.27863580137361105
1.5145551289792598
1.4205714336832185
2.10612583166313
1.5146540049362651
2.0041216911346846
.0227531446685089
.034443186767951696
.009919690842025979
.00017334154015536294
6.2341755137047095
5.763434525048642
.5458835634760043
.01692583903722969
.0043043919721836585
6837761241065203e-20
.0005323341427964679
.08595704178281116
.0214102286721571
.000822649454575925
.44931882849124605
4552011144387685e-20
.00023073194405069788
.0348860461929736
21382567062607787e-21
0
0
0
0
0
0
0
0
0
0
0
0
0
0
0
0
0
0
0
.7483842062421995
0
0
0
0
.5373849939969892
1295.9020655887425
.004683451003770096
.09897962283310908
.01969767592079716
.22047075490211424
.1162280487096537
.6084955273126363
.13866950390924918
.43662333071163817
.006365842457815421
2.803110932829679
3.2533458164761164
.018947644235323254
.04184058209859303
.8003583689875436
.5457263209880426
.2584761137836244
.43629122689703925
.019416362652335966
.019416362652335966
.2274541501944611
56638400332044284e-21
.019416362652335966
.019416362652335966
.019416362652335966
.019416362652335966
.019416362652335966
.019416362652335966
.019416362652335966
.019416362652335966
.019416362652335966
.019416362652335966
.019416362652335966
.019416362652335966
.019416362652335966
.019416362652335966
.019416362652335966
.019416362652335966
.019416362652335966
.019416362652335966
.019416362652335966
.019416362652335966
.019416362652335966
.019416362652335966
.019416362652335966
.019416362652335966
.019416362652335966
.019416362652335966
.019416362652335966
.019416362652335966
.019416362652335966
.019416362652335966
.019416362652335966
.019416362652335966
.019416362652335966
.019416362652335966
.019416362652335966
.019416362652335966
.019416362652335966
.019416362652335966
.019416362652335966
.019416362652335966
.019416362652335966
.019416362652335966
.019416362652335966
.019416362652335966
.23846079354972294
.010703139477116918
.019416362652335966
.010703139477116918
.172648774658659
.08623615743668865
.019416362652335966
.019416362652335966
.035300048224635644
.019416362652335966
.019416362652335966
.019416362652335966
.019416362652335966
.019416362652335966
.019416362652335966
.019416362652335966
.019416362652335966
.019416362652335966
.019416362652335966
.1627164324625987
.019416362652335966
.019416362652335966
.019416362652335966
.019416362652335966
.019416362652335966
.019416362652335966
.019416362652335966
.019416362652335966
.019416362652335966
.019416362652335966
.019416362652335966
.019416362652335966
.019416362652335966
.019416362652335966
.019416362652335966
.019416362652335966
.019416362652335966
.019416362652335966
.23846079354972294
.23846079354972294
.172648774658659
.019416362652335966
.019416362652335966
.019416362652335966
.019416362652335966
.172648774658659
.06168279734942962
.20843993658174606
.019416362652335966
.23846079354972294
.019416362652335966
.019416362652335966
.019416362652335966
.019416362652335966
.019416362652335966
.035300048224635644
.019416362652335966
.019416362652335966
.14873349698032126
.019416362652335966
.2274541501944611
.019416362652335966
.019416362652335966
.010703139477116918
.019416362652335966
.019416362652335966
.019416362652335966
.12012277436007167
.019416362652335966
.019416362652335966
.019416362652335966
.019416362652335966
.019416362652335966
.019416362652335966
.019416362652335966
.019416362652335966
.019416362652335966
.019416362652335966
.019416362652335966
.019416362652335966
.019416362652335966
.019416362652335966
.019416362652335966
.019416362652335966
.019416362652335966
.019416362652335966
.019416362652335966
.019416362652335966
.019416362652335966
.019416362652335966
.019416362652335966
.12012277436007167
.019416362652335966
.019416362652335966
.019416362652335966
.019416362652335966
.019416362652335966
.019416362652335966
.019416362652335966
.019416362652335966
.019416362652335966
.019416362652335966
.2274541501944611
.1923930788380636
.1627164324625987
.019416362652335966
999999999998519e-27
.2024365599676916
.2024365599676916
.1627164324625987
.1627164324625987
.2274541501944611
.2274541501944611
.2274541501944611
.2274541501944611
