1.5177470039481826
.6358211984489772
.009858059130674845
.00211269676905597
32358079194654074e-22
.02861064549644915
7.413700219852136
.6662360806241121
.058354115119528246
.07022898396103797
.06736942089819667
4.933007373327857
.713599501234532
.3902198420534234
.006059067637248667
2.9372081982085985
.396348804871643
.0031947337645757763
.07623102536535642
.004709331613961886
.0018197356521934196
.009744824175863049
.00017907635439137745
.0026531083510316048
.2864212468951269
16.977709733853754
.00015169323996499443
.005655543377452044
.006197716698643357
.006012013181637496
12724457033150767e-22
.0001762422261251301
.013592711698660971
.0012340797416698782
.010551600518321467
24293071294633716e-21
.0023564114922384853
.0027133562492350992
.0003462581067820323
.0050878157859133
3662541521877659e-20
.006014777498781639
.006181593345264193
.02009527358958257
.0003451131068938864
.11678076537039953
.007777901375934446
.0008355178585486377
.0441088945141131
.2594070073146762
.0010772695095178663
.6413992697963549
.008464455062974217
12.020031343849949
11.183853335358064
1.3838758668639624
.006647851160475635
.060751764824962126
.0675451437643126
.21641256102974538
.12899596150016482
29.763373280690896
23.193586340132725
7.971963942127478
.0023097672962726357
.0004876366588882092
.0013893512005020772
.006249469596319836
2.759684713037952
6.930689151650591
.0188365480780871
23.16159121095671
3.2629620667860775
9.064185781124529
21.692374786498743
.0014592818422041623
.00922223615262755
.0006817362571509614
2.160511770690017
.00032407074960482687
.0027445146778267626
.010636043059726097
.0003935258258943334
.8600767215078919
.7153236453330439
21176948991490735e-21
.010386537443622954
.814048335583261
.7264277302470774
3.417515186474364
.00013610375222851753
4811216019171947e-20
.596494625323647
.8251622341779083
.07558337877674072
.010197642090811738
.276214911301442
1.5113357760657826
1.4141771895300186
1.9878584241248758
1.511433691435522
2.002447668222267
.022546682384737
.03391892918472449
.008884989557885123
.00017183719157287656
6.129567485501995
5.7195026727004885
.5449896010283063
.01636663536282539
.004043664453810671
6412669170878113e-20
.0004364913945536006
.08438406364993511
.02130579081628495
.0008173695619576293
.44682594559832206
44809553763066656e-21
.00023061749007064579
.034704836687759644
2021253556187504e-20
0
0
0
0
0
0
0
0
0
0
0
0
0
0
0
0
0
0
0
.7198744231361035
0
0
0
0
.5348007339168427
1294.9449901620999
.004679992088172522
.09890652242894477
.01968312840051275
.22030792844522895
.11177900081123116
.6019889696480051
.1311502186380695
.435455421093799
.00635135074244836
2.7908176898188772
3.2328757101406733
.01804340700120499
.0398319800264463
.7950008703892525
.5423742093708591
.2577572363203016
.4350620282365625
.01940202289313442
.01940202289313442
.2192051477776616
42141317092648534e-21
.01940202289313442
.01940202289313442
.01940202289313442
.01940202289313442
.01940202289313442
.01940202289313442
.01940202289313442
.01940202289313442
.01940202289313442
.01940202289313442
.01940202289313442
.01940202289313442
.01940202289313442
.01940202289313442
.01940202289313442
.01940202289313442
.01940202289313442
.01940202289313442
.01940202289313442
.01940202289313442
.01940202289313442
.01940202289313442
.01940202289313442
.01940202289313442
.01940202289313442
.01940202289313442
.01940202289313442
.01940202289313442
.01940202289313442
.01940202289313442
.01940202289313442
.01940202289313442
.01940202289313442
.01940202289313442
.01940202289313442
.01940202289313442
.01940202289313442
.01940202289313442
.01940202289313442
.01940202289313442
.01940202289313442
.01940202289313442
.01940202289313442
.01940202289313442
.2340967729292073
.009232889253224541
.01940202289313442
.009232889253224541
.17106167546077877
.08591818322666679
.01940202289313442
.01940202289313442
.03159699039187587
.01940202289313442
.01940202289313442
.01940202289313442
.01940202289313442
.01940202289313442
.01940202289313442
.01940202289313442
.01940202289313442
.01940202289313442
.01940202289313442
.1539454061480066
.01940202289313442
.01940202289313442
.01940202289313442
.01940202289313442
.01940202289313442
.01940202289313442
.01940202289313442
.01940202289313442
.01940202289313442
.01940202289313442
.01940202289313442
.01940202289313442
.01940202289313442
.01940202289313442
.01940202289313442
.01940202289313442
.01940202289313442
.01940202289313442
.2340967729292073
.2340967729292073
.17106167546077877
.01940202289313442
.01940202289313442
.01940202289313442
.01940202289313442
.17106167546077877
.05624140770534324
.20576231705894102
.01940202289313442
.2340967729292073
.01940202289313442
.01940202289313442
.01940202289313442
.01940202289313442
.01940202289313442
.03159699039187587
.01940202289313442
.01940202289313442
.14763868417082424
.01940202289313442
.2192051477776616
.01940202289313442
.01940202289313442
.009232889253224541
.01940202289313442
.01940202289313442
.01940202289313442
.1194590032530668
.01940202289313442
.01940202289313442
.01940202289313442
.01940202289313442
.01940202289313442
.01940202289313442
.01940202289313442
.01940202289313442
.01940202289313442
.01940202289313442
.01940202289313442
.01940202289313442
.01940202289313442
.01940202289313442
.01940202289313442
.01940202289313442
.01940202289313442
.01940202289313442
.01940202289313442
.01940202289313442
.01940202289313442
.01940202289313442
.01940202289313442
.1194590032530668
.01940202289313442
.01940202289313442
.01940202289313442
.01940202289313442
.01940202289313442
.01940202289313442
.01940202289313442
.01940202289313442
.01940202289313442
.01940202289313442
.2192051477776616
.19027271268177484
.1539454061480066
.01940202289313442
9999999999984821e-28
.19998375581405936
.19998375581405936
.1539454061480066
.1539454061480066
.2192051477776616
.2192051477776616
.2192051477776616
.2192051477776616
