0
39.98632140358214
.14917530935180895
.3100920702717682
11.598897148636008
.3873119238806263
5.7262463625966635
.22228755435579658
.0028659392406751453
.3132451398233833
.026958202558659647
8.266065110710324
.7929501531024765
.5986423210017014
.008365264164997761
7.801025821409293
.9879804175009543
.003981244212918805
.076994548630467
.00453484099069616
.00188587409544309
.040598470049324806
.00014385964225210215
18979006221449394e-21
.28036148751765333
0
0
.00543237610523726
.006276191435059404
.006056617359429864
.002211213623770263
.00018968882133994525
.014647458119949908
.001361818911994735
.010668931373610469
33907381187511513e-21
.0004725656323383133
.0029527517088896935
.00048614255269205603
.005200291101565361
16672939387389235e-21
9.269180640451792
13.337095970946391
.006047223438656762
56464254215587295e-21
.11578370409945943
.007699983208083785
.007240540938702716
.3711639703685939
0
.4545081196711551
0
3.8384540318609868
18.28159226031805
0
0
.007059565047843991
3.032330997303091
13.871451301112858
0
0
42.11521126561742
27.450871191827872
9.109970355793733
.0024498502330480153
.0005800397327887658
.0014186769966770291
.006770752404170838
0
0
0
25.5337437248104
3.225610331996363
9.121812068715466
18.276031487977132
.001473298037222086
.008616791829991527
.0004554724164301611
2.1465810734161583
.00040048462608350454
.003608174372908777
.011966397086168975
.0017565969855615382
.8420075590780536
1.5209128748006457
.00011995322200334763
.02535481786072108
1.3562586902447682
1.632991337217
3.096697715307526
.003813224450769651
.0004223710762447114
.6724289256435462
.7817493377719432
0
.4941778534097277
.7441817322175145
2.0688529645267746
2.873851484230219
0
5.746466960015388
1.9607249684651602
.4876967217426332
1.097865011943359
.9492534234109882
.0007844913831383409
47.28293002382986
8.385620869629497
.4873212772440802
.07100909282505027
0
0
0
5.133172234050549
.00976305401290248
.0005325746019038316
.5244830663657403
.0012968026005920551
.0002450486955254767
.016366513071444332
0
0
0
0
0
0
0
0
0
0
0
0
0
0
0
0
0
0
0
0
1.8695478567580046
0
0
0
0
.5956736894305453
1349.0715951214283
.004422280564640445
.1044107647608146
.018240473683383693
.23242572389100907
.5217418140261436
1.0073760842243917
1.4350675711120497
1.3111402144741167
.007611303471196383
5.864456467977282
6.527407089094839
.14816198951045212
.38906763076781925
5.374887002740486
3.8082972653087808
0
0
.02
.02
1
8
.02
.02
.02
.02
.02
.02
.02
.02
.02
.02
.02
.02
.02
.02
.02
.02
.02
.02
.02
.02
.02
.02
.02
.02
.02
.02
.02
.02
.02
.02
.02
.02
.02
.02
.02
.02
.02
.02
.02
.02
.02
.02
.02
.02
.5
4
.02
4
.25
.1
.02
.02
3
.02
.02
.02
.02
.02
.02
.02
.02
.02
.02
1.5
.02
.02
.02
.02
.02
.02
.02
.02
.02
.02
.02
.02
.02
.02
.02
.02
.02
.02
.5
.5
.25
.02
.02
.02
.02
.25
2.5
.35
.02
.5
.02
.02
.02
.02
.02
3
.02
.02
.2
.02
1
.02
.02
4
.02
.02
.02
.15
.02
.02
.02
.02
.02
.02
.02
.02
.02
.02
.02
.02
.02
.02
.02
.02
.02
.02
.02
.02
.02
.02
.02
.15
.02
.02
.02
.02
.02
.02
.02
.02
.02
.02
1
.3
1.5
.02
1e-12
.33
.33
1.5
1.5
1
1
1
1
