1.5162645363905756
.477852347549834
.008047419917036808
.0016520395578272715
2736946589985838e-21
.023023965170815203
6.66383368126809
.6472440977406607
.05389095737766738
.062095735986215365
.06907884235253035
4.534742663229922
.7809678908193621
.2841699725722514
.004606274503857571
2.585567358543424
.259468195771592
.003493405906063129
.07417644360085035
.004551002643744657
.0018699652277112107
.008877502555925428
.00015914715649391817
.002754998244404195
.2765685873903803
17.760416792730037
.00014117892390882997
.005598592440542604
.006122054461512134
.005856322398557081
13046706083828183e-22
.00016910292820039902
.013472076756179398
.001231579274838464
.009864307473716293
16519829560614116e-21
.0021397635668239483
.0028902836713469203
.0002690101181528152
.004913755513965347
26831421790974223e-21
.005865358172704066
.006065873716343839
.02091081859152393
.0003405920249046564
.11598072803617673
.007597390501397948
.0007876034028390715
.03912770812497689
.25367420707989147
.0010270243560314132
.608122487404133
.008959709854139297
12.937661334364508
12.05161356334601
1.4643347583787754
.00750901765057179
.05849933912175639
.06432768162891635
.2149692898510202
.1289503625528642
29.783139514792325
23.122075991425373
8.399210003533966
.0021831693167652464
.0003993369779062219
.001531314270071572
.006402327367285562
2.501936686259054
7.317735854652009
.01782698686768524
22.707217676460054
3.4768080610906567
9.187658786038627
21.297444848969576
.0014378431373684255
.009286482996298388
.0007230050092813612
2.1544033913632297
.0003195437376718949
.0027667138922372898
.011292170110179685
.00035781395691052604
1.006499505151515
.6809850412046907
2507756052402327e-20
.00766671536258576
.8663748242865409
.777301996508961
3.3638316244101274
.00016101922836094884
4974606416590854e-20
.6437753780150985
.7999077020857923
.07929535221570386
.010435752063413127
.2753189337854049
1.5883832210866329
1.4928859164291242
1.7718855258629933
1.555454239070033
2.0013718086640613
.024948663203435605
.028978520199480672
.00936413126036009
.0001575727560627615
5.961109693487609
6.075956137195566
.5175336222522713
.016293498590962543
.0035263118817630904
5765713221321736e-20
.00047698099306511045
.09338658279625002
.020853711017094555
.0009120746460377795
.4234606764993001
47842975057907015e-21
.00024526668503586794
.03534324669334267
18309523718050146e-21
0
0
0
0
0
0
0
0
0
0
0
0
0
0
0
0
0
0
0
.7572533645541284
0
0
0
0
.552427893131627
1203.6945108303328
.004392180821468946
.10255000654720485
.018525578591422863
.2163852599108888
.10512133877606814
.6313019311006194
.13657200123606977
.4115312046857345
.006126284745914912
2.888155871909719
3.32119100780274
.015584615555034206
.04235402212227828
.8213461103257651
.5900637368209679
.2451412278274333
.42123277737323866
.019402598159051765
.019402598159051765
.21953039805397845
43175105681135385e-21
.019402598159051765
.019402598159051765
.019402598159051765
.019402598159051765
.019402598159051765
.019402598159051765
.019402598159051765
.019402598159051765
.019402598159051765
.019402598159051765
.019402598159051765
.019402598159051765
.019402598159051765
.019402598159051765
.019402598159051765
.019402598159051765
.019402598159051765
.019402598159051765
.019402598159051765
.019402598159051765
.019402598159051765
.019402598159051765
.019402598159051765
.019402598159051765
.019402598159051765
.019402598159051765
.019402598159051765
.019402598159051765
.019402598159051765
.019402598159051765
.019402598159051765
.019402598159051765
.019402598159051765
.019402598159051765
.019402598159051765
.019402598159051765
.019402598159051765
.019402598159051765
.019402598159051765
.019402598159051765
.019402598159051765
.019402598159051765
.019402598159051765
.019402598159051765
.23427035911836308
.00929031307975654
.019402598159051765
.00929031307975654
.1711250855878592
.0859309212628568
.019402598159051765
.019402598159051765
.03173969490559884
.019402598159051765
.019402598159051765
.019402598159051765
.019402598159051765
.019402598159051765
.019402598159051765
.019402598159051765
.019402598159051765
.019402598159051765
.019402598159051765
.15428836498488585
.019402598159051765
.019402598159051765
.019402598159051765
.019402598159051765
.019402598159051765
.019402598159051765
.019402598159051765
.019402598159051765
.019402598159051765
.019402598159051765
.019402598159051765
.019402598159051765
.019402598159051765
.019402598159051765
.019402598159051765
.019402598159051765
.019402598159051765
.019402598159051765
.23427035911836308
.23427035911836308
.1711250855878592
.019402598159051765
.019402598159051765
.019402598159051765
.019402598159051765
.1711250855878592
.056451512806204716
.2058691075544686
.019402598159051765
.23427035911836308
.019402598159051765
.019402598159051765
.019402598159051765
.019402598159051765
.019402598159051765
.03173969490559884
.019402598159051765
.019402598159051765
.1476824645813405
.019402598159051765
.21953039805397845
.019402598159051765
.019402598159051765
.00929031307975654
.019402598159051765
.019402598159051765
.019402598159051765
.11948557032287968
.019402598159051765
.019402598159051765
.019402598159051765
.019402598159051765
.019402598159051765
.019402598159051765
.019402598159051765
.019402598159051765
.019402598159051765
.019402598159051765
.019402598159051765
.019402598159051765
.019402598159051765
.019402598159051765
.019402598159051765
.019402598159051765
.019402598159051765
.019402598159051765
.019402598159051765
.019402598159051765
.019402598159051765
.019402598159051765
.019402598159051765
.11948557032287968
.019402598159051765
.019402598159051765
.019402598159051765
.019402598159051765
.019402598159051765
.019402598159051765
.019402598159051765
.019402598159051765
.019402598159051765
.019402598159051765
.21953039805397845
.19035735352694028
.15428836498488585
.019402598159051765
9999999999984833e-28
.2000816148106113
.2000816148106113
.15428836498488585
.15428836498488585
.21953039805397845
.21953039805397845
.21953039805397845
.21953039805397845
