1.4902883084096132
.642277519554819
.010844544651715658
.0020947483433848136
4035280909415089e-21
.0290235806204923
7.08617617578928
.7010321564269115
.05879445055844045
.0643533199845899
.06651434430785956
5.220913327316581
.677482813349476
.40852542761819755
.006535063648610885
3.379404476593623
.44058749888875337
.0031403664985906153
.07696882601856635
.004423570748090206
.0018831319521697444
.009486810642009971
.00017204655603023745
.002761364433058877
.28520712989196706
18.075098042076814
.00014405464448468886
.005658684476008918
.006163465922321574
.005917924528420067
12336403872679047e-22
.0001685962079833797
.013441313520719825
.0012706212331259426
.010281105710631946
24126098040423404e-21
.0022498227341329075
.002685161877076513
.0003816828062920809
.005400378423433118
39722372920866554e-21
.005918074370580503
.006086638283919753
.019956150781015296
.0003190564044939995
.10437520024688071
.008306467323704696
.0007926742761999965
.04640676694357265
.29382150889291064
.001175579485281731
.599425187652829
.009968557514457944
12.360497553035435
11.595249114309686
1.3226023827405873
.006839473590400815
.06669045354430474
.07394779857348464
.2177128127717321
.12591989694964859
30.129489221205155
23.18019847216108
8.387134432196325
.0024276388248519157
.0004972115167577811
.001445500880288614
.0065569344135913326
2.5194981310364644
6.940672966826098
.01619948128799444
22.133082604171726
3.3111266705826017
9.564941132372823
20.73174767323439
.0014102905643407877
.009297126112636611
.0005792676588201044
2.2970498203483296
.0003188147410181969
.002900632692169603
.011203062171771864
.0003817320499851517
.8946458010764341
.6803971474700962
26472490127239314e-21
.00789735808013321
.8649433223568804
.7791925334477781
3.557744242401519
.00017008986057677098
5074274117999468e-20
.5683483047061494
.8005972105407031
.07294763061215136
.010579604494978256
.3029379036819328
1.573797034006842
1.4702716634172153
1.8775691535404344
1.6424555264551608
2.0982318326166816
.028765074157769282
.03756906641414999
.009859434682146083
.00017249128424774393
6.31451181099068
6.062099925875596
.5525200792245705
.01655722090548805
.003388000231060649
499282479336557e-19
.0005456609889513479
.09531328820404943
.01924678116473493
.0007962088444541212
.44054707957264116
47720164692222496e-21
.0002247552156876902
.037209606367726245
19000477407723195e-21
0
0
0
0
0
0
0
0
0
0
0
0
0
0
0
0
0
0
0
.7554656609172662
0
0
0
0
.5597523879920918
1289.9283587134562
.004518210510038576
.10150189939063921
.020799188876226705
.20980559882264477
.11106757498465149
.6331457914882497
.1457524786092536
.3912483934751217
.006523106751128891
2.980220475448843
3.2466395217767063
.016763939834418973
.03840757590323156
.8107781161209084
.5832725606245194
.24042095181569662
.4319266083019116
.019412680904206253
.019412680904206253
.22530766389116727
52852979559226825e-21
.019412680904206253
.019412680904206253
.019412680904206253
.019412680904206253
.019412680904206253
.019412680904206253
.019412680904206253
.019412680904206253
.019412680904206253
.019412680904206253
.019412680904206253
.019412680904206253
.019412680904206253
.019412680904206253
.019412680904206253
.019412680904206253
.019412680904206253
.019412680904206253
.019412680904206253
.019412680904206253
.019412680904206253
.019412680904206253
.019412680904206253
.019412680904206253
.019412680904206253
.019412680904206253
.019412680904206253
.019412680904206253
.019412680904206253
.019412680904206253
.019412680904206253
.019412680904206253
.019412680904206253
.019412680904206253
.019412680904206253
.019412680904206253
.019412680904206253
.019412680904206253
.019412680904206253
.019412680904206253
.019412680904206253
.019412680904206253
.019412680904206253
.019412680904206253
.23733293421096746
.01030642349648537
.019412680904206253
.01030642349648537
.17223999786960148
.08615442754980628
.019412680904206253
.019412680904206253
.03431126028507112
.019412680904206253
.019412680904206253
.019412680904206253
.019412680904206253
.019412680904206253
.019412680904206253
.019412680904206253
.019412680904206253
.019412680904206253
.019412680904206253
.16041867008375205
.019412680904206253
.019412680904206253
.019412680904206253
.019412680904206253
.019412680904206253
.019412680904206253
.019412680904206253
.019412680904206253
.019412680904206253
.019412680904206253
.019412680904206253
.019412680904206253
.019412680904206253
.019412680904206253
.019412680904206253
.019412680904206253
.019412680904206253
.019412680904206253
.23733293421096746
.23733293421096746
.17223999786960148
.019412680904206253
.019412680904206253
.019412680904206253
.019412680904206253
.17223999786960148
.06023863154421168
.2077493377590375
.019412680904206253
.23733293421096746
.019412680904206253
.019412680904206253
.019412680904206253
.019412680904206253
.019412680904206253
.03431126028507112
.019412680904206253
.019412680904206253
.14845170772544322
.019412680904206253
.22530766389116727
.019412680904206253
.019412680904206253
.01030642349648537
.019412680904206253
.019412680904206253
.019412680904206253
.11995204619073713
.019412680904206253
.019412680904206253
.019412680904206253
.019412680904206253
.019412680904206253
.019412680904206253
.019412680904206253
.019412680904206253
.019412680904206253
.019412680904206253
.019412680904206253
.019412680904206253
.019412680904206253
.019412680904206253
.019412680904206253
.019412680904206253
.019412680904206253
.019412680904206253
.019412680904206253
.019412680904206253
.019412680904206253
.019412680904206253
.019412680904206253
.11995204619073713
.019412680904206253
.019412680904206253
.019412680904206253
.019412680904206253
.019412680904206253
.019412680904206253
.019412680904206253
.019412680904206253
.019412680904206253
.019412680904206253
.22530766389116727
.19184657842967076
.16041867008375205
.019412680904206253
9999999999985098e-28
.2018041176515372
.2018041176515372
.16041867008375205
.16041867008375205
.22530766389116727
.22530766389116727
.22530766389116727
.22530766389116727
