2.9880700063078747
.007891986366470925
.0003704822252512169
19917336167993452e-21
9024788948938829e-28
.0013282315998303788
6.677458139043474
.727047958684972
.04905161475654685
.015544432205235572
.06552995613507166
.6978977040296894
.6541501924609013
.055352963339607215
.0009741627151577531
.010773958063145173
.0014634492949468672
.002224182131527625
.07460258895263597
.004595581408071647
.0019531100105603548
.002682961840876555
54452782251961794e-21
.0019893035000891654
.07711581158362503
4.047921358987625
6685412300789565e-21
.00539391929591613
.005937232466069469
.00575404015282299
12002540442851648e-22
.00016362071973285769
.01304462180422629
.0012328887560694819
.00997769745505351
32440900864032608e-22
.0024154629794799804
.0026051637827957876
5601517015048386e-20
.005233461545019567
5476026243552265e-21
.005752427910421345
.0057520086432219855
.01959237576085383
.0005286187868247455
.10092475136651742
.008157745699927083
.0004819139242695022
.02825635603772132
.08605173349652231
31346288748435474e-22
.1511717990092496
25903342307111485e-21
8.81550417614204
8.424877191473321
1.1201958281911797
.006582961992610812
.0007552359350408816
.0008352719572091943
.18030458754918158
.10883995474075307
10.159066582561671
7.968445241628075
2.8759392854231383
.0018386321380990391
.00035285432352944265
.00139041373569133
.006355765746940035
.008504191490809424
3.770019934046737
.0008389159196897466
10.159066582561671
3.2112695560948343
9.882708403976464
9.241458257304092
.0013668248196050787
.009072968324600918
.00015108744131838646
2.2521487348161093
.00022537536759822193
.00203435779651336
.010903545136234722
8117282637449362e-20
.7103054198717761
.02957505678077706
16626226374972603e-21
.00032960375275034153
.41271266792772854
.3855288781498185
2.638621899004024
.00013308387690055853
.00038167296697245615
.5860563315781249
.754582286258347
.1224913404795048
.00027313518925795944
.1794888502759878
1.2152868576943983
1.0449925747520479
.0791289326200928
1.3194909292591002
2.017438980711593
.021095905535037793
.0231588451081547
9872883032835884e-20
.00013638995272996734
3.8062135686200382
4.376629661974443
.4625108618264378
.003412864919327807
.00012615515127451383
16890597147236628e-22
6391348639567192e-23
.05155925983291516
.01431500560682935
.0004769943150876389
.3490275233548102
28380514609922688e-21
.00017691664810668708
.02700475298085873
771847827852585e-21
0
0
0
0
0
0
0
0
0
0
0
0
0
0
0
0
0
0
0
.09079283212170128
0
0
0
0
.21563645078018648
1251.8607531857995
.004384871744187575
.09850643515403265
.020185375471717077
.2036139396351221
.020465825658644042
.4061144870290804
.014582974585611945
.34791376400014046
.004831731286825987
2.2992408858995397
2.3126760431743456
.0021432809808971565
.004845867936824395
.507711614764978
.37581118373913264
.17940354691955293
.320582171909124
.018839785305854843
.018839785305854843
.05038457850718767
33051309838276325e-26
.018839785305854843
.018839785305854843
.018839785305854843
.018839785305854843
.018839785305854843
.018839785305854843
.018839785305854843
.018839785305854843
.018839785305854843
.018839785305854843
.018839785305854843
.018839785305854843
.018839785305854843
.018839785305854843
.018839785305854843
.018839785305854843
.018839785305854843
.018839785305854843
.018839785305854843
.018839785305854843
.018839785305854843
.018839785305854843
.018839785305854843
.018839785305854843
.018839785305854843
.018839785305854843
.018839785305854843
.018839785305854843
.018839785305854843
.018839785305854843
.018839785305854843
.018839785305854843
.018839785305854843
.018839785305854843
.018839785305854843
.018839785305854843
.018839785305854843
.018839785305854843
.018839785305854843
.018839785305854843
.018839785305854843
.018839785305854843
.018839785305854843
.018839785305854843
.11223255376152634
2577438551992687e-20
.018839785305854843
2577438551992687e-20
.11844437205166147
.07417025437478085
.018839785305854843
.018839785305854843
.00038370723315627093
.018839785305854843
.018839785305854843
.018839785305854843
.018839785305854843
.018839785305854843
.018839785305854843
.018839785305854843
.018839785305854843
.018839785305854843
.018839785305854843
.016964355351186573
.018839785305854843
.018839785305854843
.018839785305854843
.018839785305854843
.018839785305854843
.018839785305854843
.018839785305854843
.018839785305854843
.018839785305854843
.018839785305854843
.018839785305854843
.018839785305854843
.018839785305854843
.018839785305854843
.018839785305854843
.018839785305854843
.018839785305854843
.018839785305854843
.11223255376152634
.11223255376152634
.11844437205166147
.018839785305854843
.018839785305854843
.018839785305854843
.018839785305854843
.11844437205166147
.0014245528333930889
.12299068879825088
.018839785305854843
.11223255376152634
.018839785305854843
.018839785305854843
.018839785305854843
.018839785305854843
.018839785305854843
.00038370723315627093
.018839785305854843
.018839785305854843
.11002453267732311
.018839785305854843
.05038457850718767
.018839785305854843
.018839785305854843
2577438551992687e-20
.018839785305854843
.018839785305854843
.018839785305854843
.09581553122194204
.018839785305854843
.018839785305854843
.018839785305854843
.018839785305854843
.018839785305854843
.018839785305854843
.018839785305854843
.018839785305854843
.018839785305854843
.018839785305854843
.018839785305854843
.018839785305854843
.018839785305854843
.018839785305854843
.018839785305854843
.018839785305854843
.018839785305854843
.018839785305854843
.018839785305854843
.018839785305854843
.018839785305854843
.018839785305854843
.018839785305854843
.09581553122194204
.018839785305854843
.018839785305854843
.018839785305854843
.018839785305854843
.018839785305854843
.018839785305854843
.018839785305854843
.018839785305854843
.018839785305854843
.018839785305854843
.05038457850718767
.12240821361248905
.016964355351186573
.018839785305854843
9999999999970113e-28
.12310400312357023
.12310400312357023
.016964355351186573
.016964355351186573
.05038457850718767
.05038457850718767
.05038457850718767
.05038457850718767
