2.9880700063078747
.007891986150183465
.00037053149850438817
199170577976316e-19
9025797330167621e-28
.0013282295540399643
6.6774581390504135
.7270479586923914
.049058517188112986
.015544432260337764
.06552995613168132
.6978977473992969
.6541501924686776
.055352966773737695
.0009741625103766977
.01077419534786969
.001463032487058392
.002224527026324
.07460258894376476
.004595581408067535
.0019531100105586513
.00268296184869112
54435949369343884e-21
.0019896163616874843
.077115811326648
4.047688938045976
668601296869896e-20
.00539391929847935
.005937234598552534
.005754040148022152
12002540447475478e-22
.00016362071973285769
.013044621804226289
.0012328887616106286
.00997769745505351
32440902880584177e-22
.0024154629794912686
.0026051638005562794
56015173580869504e-21
.005233461544962522
5476026586187982e-21
.005752427909607746
.00575200864348964
.019592365505733983
.0005286187868198623
.1009247513665355
.008157745705015224
.0004819282526356411
.028257186782700252
.08606608979755884
3133674106797902e-21
.15529013368009512
25903365361108337e-21
8.815503180669392
8.424877201401314
1.1201955824457819
.0065829688059647565
.0007552359696232366
.0008352706867064363
.18030454491974765
.10883995489329948
10.159066582561671
7.968490378378077
2.8757941750205087
.0018388787536309258
.00035291019497124445
.0013904156241039986
.006355763938660571
.008503614302174953
3.7699892425949177
.000838859240563446
10.159066582561671
3.2112696350017145
9.879637686242376
9.438783968691137
.0013668244189368184
.009072978451608652
.000155474950078848
2.252152402229883
.00022541087945746825
.0020346826029832297
.01090354511433298
8118583039820487e-20
.710414714200412
.029579475112143535
1664518549887829e-20
.0003296004463293534
.412777485129927
.385588619033958
2.638644073427211
.00013321272576153592
.00038167394040122474
.5858800523032557
.7577843568774201
.12248023543484751
.0002731754819127757
.17950454404317348
1.2152868815694966
1.0449925724043077
.0791231874099516
1.3207954876399142
2.0174383281956154
.021119897823774
.023184660513824833
9872884298986484e-20
.00013639501037397364
3.8063274233271005
4.376690527126877
.46251088292217735
.0034134105347211822
.00012614597672418778
16889329973431174e-22
6398028763464943e-23
.05161726837284229
.014314922497929178
.0004770665703373304
.3490273400456949
28412482782904578e-21
.00017694292369940207
.027004554460452454
7717913568444349e-22
0
0
0
0
0
0
0
0
0
0
0
0
0
0
0
0
0
0
0
.0907927623040605
0
0
0
0
.21557775686028643
1251.8607531857995
.004384871744187575
.09850643515403265
.020185375471717077
.2036139396351221
.02046790211105528
.4061143840152885
.014582974697622255
.34790851264815736
.004832628097747778
2.299231824735186
2.312670444364402
.002143282131880025
.004845870054515159
.5077117734978515
.37581127136428505
.17935946537214778
.32050396707306783
.018839785305854843
.018839785305854843
.05038457851636418
33055003160958045e-26
.018839785305854843
.018839785305854843
.018839785305854843
.018839785305854843
.018839785305854843
.018839785305854843
.018839785305854843
.018839785305854843
.018839785305854843
.018839785305854843
.018839785305854843
.018839785305854843
.018839785305854843
.018839785305854843
.018839785305854843
.018839785305854843
.018839785305854843
.018839785305854843
.018839785305854843
.018839785305854843
.018839785305854843
.018839785305854843
.018839785305854843
.018839785305854843
.018839785305854843
.018839785305854843
.018839785305854843
.018839785305854843
.018839785305854843
.018839785305854843
.018839785305854843
.018839785305854843
.018839785305854843
.018839785305854843
.018839785305854843
.018839785305854843
.018839785305854843
.018839785305854843
.018839785305854843
.018839785305854843
.018839785305854843
.018839785305854843
.018839785305854843
.018839785305854843
.11223255376183106
25774411949862752e-21
.018839785305854843
25774411949862752e-21
.11844437205166639
.07417025437478085
.018839785305854843
.018839785305854843
.00038370729566246354
.018839785305854843
.018839785305854843
.018839785305854843
.018839785305854843
.018839785305854843
.018839785305854843
.018839785305854843
.018839785305854843
.018839785305854843
.018839785305854843
.01696435538813098
.018839785305854843
.018839785305854843
.018839785305854843
.018839785305854843
.018839785305854843
.018839785305854843
.018839785305854843
.018839785305854843
.018839785305854843
.018839785305854843
.018839785305854843
.018839785305854843
.018839785305854843
.018839785305854843
.018839785305854843
.018839785305854843
.018839785305854843
.018839785305854843
.11223255376183106
.11223255376183106
.11844437205166639
.018839785305854843
.018839785305854843
.018839785305854843
.018839785305854843
.11844437205166639
.0014245529070375954
.12299068879828963
.018839785305854843
.11223255376183106
.018839785305854843
.018839785305854843
.018839785305854843
.018839785305854843
.018839785305854843
.00038370729566246354
.018839785305854843
.018839785305854843
.11002453267732432
.018839785305854843
.05038457851636418
.018839785305854843
.018839785305854843
25774411949862752e-21
.018839785305854843
.018839785305854843
.018839785305854843
.09581553122194222
.018839785305854843
.018839785305854843
.018839785305854843
.018839785305854843
.018839785305854843
.018839785305854843
.018839785305854843
.018839785305854843
.018839785305854843
.018839785305854843
.018839785305854843
.018839785305854843
.018839785305854843
.018839785305854843
.018839785305854843
.018839785305854843
.018839785305854843
.018839785305854843
.018839785305854843
.018839785305854843
.018839785305854843
.018839785305854843
.018839785305854843
.09581553122194222
.018839785305854843
.018839785305854843
.018839785305854843
.018839785305854843
.018839785305854843
.018839785305854843
.018839785305854843
.018839785305854843
.018839785305854843
.018839785305854843
.05038457851636418
.12240821361250427
.01696435538813098
.018839785305854843
9999999999970113e-28
.12310400312359743
.12310400312359743
.01696435538813098
.01696435538813098
.05038457851636418
.05038457851636418
.05038457851636418
.05038457851636418
