3.0114079172966317
.00754882954800166
.000357445888344859
18852982779852374e-21
7219526474997174e-28
.0012928691279420338
6.670377291932797
.7271071494418514
.048712676515946796
.015286649703399355
.06550443844848257
.6960494804979301
.6538139592946208
.05520875439633098
.0009716514271894604
.009936959876750565
.0013501667301967697
.0022052128136941587
.07456606652911821
.004597795671218007
.0019540043147577833
.0026412499341435113
5363273653252168e-20
.001972186501487673
.07589619840808558
4.026264364685066
6618871548256703e-21
.0053894035946290735
.005933897590831245
.005751452276063618
11997303187287793e-22
.00016354436660090364
.013038534238728403
.0012323101558781265
.00997304139519402
3235847383667165e-21
.0024163620082448102
.0026039375465114986
5587373206691983e-20
.005230903340346139
5464834217644574e-21
.005749847550627871
.005749435309829297
.019588623848814896
.0005314948455409624
.10087254333836589
.008154834838830269
.00048065930452905744
.028173581348437417
.08418168632343746
28560081895480653e-22
.14805392103951484
2360279259991364e-20
8.767235479630425
8.375399628705953
1.1164052866091028
.006579349695185875
.0007042009124853385
.0007788613262414259
.17961511961025622
.1085173535226917
9.84789443604491
7.732085881205894
2.7910002668162455
.0018251906615434892
.000349697007347443
.0013898589694176747
.006351204849237489
.008165847795321885
3.7492482495099697
.0008335873771438002
9.84789443604491
3.2097404653309893
9.84789443604491
9.099935034461318
.0013661301828187624
.009068742370536472
.0001479985286026992
2.251529255789206
.00022343578952530122
.002016569051608352
.010898740245506352
792636894989817e-19
.7050510167462956
.027992447396257756
16498837818746194e-21
.0003133561152664609
.40624026224240845
.37939486681731327
2.617075764816034
.00013326274762928366
.00038562249112118215
.5859299844361155
.7526825793495583
.12249755898950929
.0002571158294955119
.17717986841075592
1.2050676447319895
1.0362103507712703
.07833342600930326
1.3144560829653784
2.0159209317638522
.020996484063336356
.02301633754997155
919035702826291e-19
.00013643682127672656
3.7956718926070456
4.352871115186149
.46092577564320003
.003316158002366137
.0001248211612766159
16691604414636193e-22
57578441077744674e-24
.05114754074788922
.014217102607142748
.0004707263637753294
.3477022457085274
28181669152705126e-21
.00017557431379010234
.026801403386696353
7634070129909818e-22
0
0
0
0
0
0
0
0
0
0
0
0
0
0
0
0
0
0
0
.08678752815918223
0
0
0
0
.20513600472763088
1251.276573235239
.004382825546835182
.0984604671945198
.020175955980279946
.20351892333168198
.019888300818097168
.40341064707870566
.014051894914518285
.3465633231667257
.004756565082809084
2.2827089483776413
2.295583859207037
.002073243805114201
.004686841478868398
.5020177301500125
.3717974387600944
.17772781446695693
.3175524987896277
.01883099373313357
.01883099373313357
.049222322760220864
2742290136592925e-25
.01883099373313357
.01883099373313357
.01883099373313357
.01883099373313357
.01883099373313357
.01883099373313357
.01883099373313357
.01883099373313357
.01883099373313357
.01883099373313357
.01883099373313357
.01883099373313357
.01883099373313357
.01883099373313357
.01883099373313357
.01883099373313357
.01883099373313357
.01883099373313357
.01883099373313357
.01883099373313357
.01883099373313357
.01883099373313357
.01883099373313357
.01883099373313357
.01883099373313357
.01883099373313357
.01883099373313357
.01883099373313357
.01883099373313357
.01883099373313357
.01883099373313357
.01883099373313357
.01883099373313357
.01883099373313357
.01883099373313357
.01883099373313357
.01883099373313357
.01883099373313357
.01883099373313357
.01883099373313357
.01883099373313357
.01883099373313357
.01883099373313357
.01883099373313357
.11093052849815067
234771915730621e-19
.01883099373313357
234771915730621e-19
.11775532307377579
.07399735832542449
.01883099373313357
.01883099373313357
.0003577613297440621
.01883099373313357
.01883099373313357
.01883099373313357
.01883099373313357
.01883099373313357
.01883099373313357
.01883099373313357
.01883099373313357
.01883099373313357
.01883099373313357
.016380760926248312
.01883099373313357
.01883099373313357
.01883099373313357
.01883099373313357
.01883099373313357
.01883099373313357
.01883099373313357
.01883099373313357
.01883099373313357
.01883099373313357
.01883099373313357
.01883099373313357
.01883099373313357
.01883099373313357
.01883099373313357
.01883099373313357
.01883099373313357
.01883099373313357
.11093052849815067
.11093052849815067
.11775532307377579
.01883099373313357
.01883099373313357
.01883099373313357
.01883099373313357
.11775532307377579
.001343815797340728
.12199015964512175
.01883099373313357
.11093052849815067
.01883099373313357
.01883099373313357
.01883099373313357
.01883099373313357
.01883099373313357
.0003577613297440621
.01883099373313357
.01883099373313357
.10951218077976872
.01883099373313357
.049222322760220864
.01883099373313357
.01883099373313357
234771915730621e-19
.01883099373313357
.01883099373313357
.01883099373313357
.0954806974870284
.01883099373313357
.01883099373313357
.01883099373313357
.01883099373313357
.01883099373313357
.01883099373313357
.01883099373313357
.01883099373313357
.01883099373313357
.01883099373313357
.01883099373313357
.01883099373313357
.01883099373313357
.01883099373313357
.01883099373313357
.01883099373313357
.01883099373313357
.01883099373313357
.01883099373313357
.01883099373313357
.01883099373313357
.01883099373313357
.01883099373313357
.0954806974870284
.01883099373313357
.01883099373313357
.01883099373313357
.01883099373313357
.01883099373313357
.01883099373313357
.01883099373313357
.01883099373313357
.01883099373313357
.01883099373313357
.049222322760220864
.12155418120293071
.016380760926248312
.01883099373313357
9999999999969881e-28
.12215955783127223
.12215955783127223
.016380760926248312
.016380760926248312
.049222322760220864
.049222322760220864
.049222322760220864
.049222322760220864
