45.970388410124556
.32615239250926203
1.1289115801139877
46.585374631910085
1.3862853464814466
7.780126905046629
.829382282557831
.1900990082862468
1.37947937480316
.07635937479971827
22.00720944696898
.7600328430619653
1.7601667380615014
.01979228580994426
8.966142692169084
11.600900540956628
.010926312233096406
.08282521807011467
.016765915482071972
.0066572529011918145
.04526222542092555
.014569560500083014
.010029165489712574
1.6604932380410773
29.880733636302107
.005046602996630992
.006191320961046868
.00701230534495478
.006202966674253165
.0052984427165361754
.00016985989289943347
.013602365438861433
.0013048501075926006
.011006877517057796
.00028325263644516806
.004642352072298871
.0029273403310422705
.0025801413545840928
.009032310871387735
.00021913545707548396
18.668577469544093
17.329235137432267
.02879108925318754
.003801337841896421
.15256495675050522
.010921507046244755
.009138890834552008
.5918832303612322
5.320038959534924
4.989169012835788
3.667868091073062
4.868390871186774
21.637188258300334
20.919519704490003
1.8760263275011673
.007202335275062736
9.473615940627736
158.17498490574886
.3431133112031912
.17543541281624778
54.46726833572264
54.21416606631844
18.72124775531167
.005906956235123419
.0023367816679960587
.0018249947255806842
.01086835056939765
83.75521381976978
83.76768254901245
.03967497319212681
29.01220904036934
3.2858450147698997
99.7021247485716
36.42662545716365
.0014901782825387005
.010007575673210256
.004963490615694031
2.732980011399946
.001092949652445324
.009391038594120845
.011519879564038717
.007693000618459962
11.20347584761761
23.604469700282678
.00959615394483182
.05233520593174906
26.642575795811375
134.14427195234808
7.316220155001158
.014779572801452312
.009509459745841775
5.154407502475629
1.6029741812805995
11.953160829194985
10.906974061583993
6.508207359900732
7.780416060081273
6.944372762122938
4.046405566390265
66.31527546258867
2.2291769716201024
7.643346072393557
5.301746357709254
2.5274519133216766
.0032917927383868707
62.1535273763065
8.674753195271814
2.0436673325198793
.47134875720985414
.01787309075242258
.0001798620689010723
52.22440486536427
107.61205270809377
.09317275825459549
.003499310984757083
.6044259003137629
.006604965236742746
.0070246877276592965
.18225132993747814
4156729799584626e-20
0
0
0
0
0
0
0
0
0
0
0
0
0
0
0
0
0
0
0
3.2967511736674617
0
0
0
0
4.391573762484316
1322.4857667431772
.00452827293783916
.10332906484254567
.01953580958771007
.22272378583866875
.8245258721950381
1.146712688736531
1.6389826115940047
18.568566226723096
.016949567835744504
6.217746842722784
6.275717389477882
.381002488549963
.8176478066601033
77.07366041210712
85.78060899822688
51.024402065818165
86.22256562705229
3.3900434345771755
2.2072861190114215
1.628211594181478
1.7731980891088435
2.903159530448848
1.9299234628523598
2.6046867375605958
2.0288746858301643
1.8453285359885288
2.173861362215496
2.061469252734757
1.8956452072714833
1.5189437287209442
2.1422404125943184
1.5407226470823663
2.66391250724642
1.9843214878511974
2.2058485178308143
2.2501984571339873
1.7949082287451072
2.3859530527897257
2.7742554801083394
2.62463274552431
2.115831384834295
1.81918941254286
2.548113463542984
.024732040698418414
1.700698185792682
2.2998829496895006
6.140711102361474
2.100936307898056
1.9896370014331974
1.368750111960738
3.0757960484806723
1.4987575226310683
1.484722116246406
3.000958647135751
1.3136016221704654
2.0061958597091083
1.5156931261763522
2.1010706641751495
1.5456538812386715
1.9285120229936052
2.8237869539309406
2.1115545626365493
2.177962732334931
1.7963940645142262
2.052377827693529
1.668704334724133
2.130802882652696
2.64285519194023
3.010270446033055
2.5433856093412825
2.042708922753095
2.172961770745907
3.287473736089226
2.3860399532450485
1.05409870369877
2.6566884800994695
2.8718336420643444
2.143791107426561
1.123369786683164
1.7040301919724732
1.754681715655175
1.9934467788028045
1.5367955227707906
2.4145132114513674
2.2602782740585634
1.8295625709425296
1.7261842084970231
2.6792487264466067
2.3879056612257985
1.907203812916312
2.4782478687545626
2.3409158122358873
2.134304981411796
2.348447125701313
2.299733146617927
1.9607137928281522
3.036401981227909
2.1220445911459813
1.7968520513465656
1.3752016252407007
1.5374856701248
1.5310859860968187
.7226476176920723
.18839628273652348
2.153218401230513
.012184432611381983
2.7239142099190983
2.2383010107270334
2.4519401377051935
1.9000732144520462
.20253065211374338
1.5278764761962977
.19982405818811264
1.1570142935032899
3.026856133961228
1.7458185000568804
1.938598925157543
1.886005271220567
2.1543830919217926
1.886594357591484
2.022802274912522
2.1313966468144523
2.3663639693654437
.01000675287731238
2.0077926365618226
1.9687095800817167
1.4311298721699173
2.3632532591615827
1.775088040033621
1.4354514071249806
2.161149863208696
1.939208973676899
2.082095509460533
1.9522934245570835
.7208539684972884
1.7841673855008524
4.648722244590192
6.131816611922998
1.4775625342514167
2.0132011325194656
2.5080154776918193
2.42331665806242
2.8868320746731606
1.9656362959503773
.008327067752855796
1.5041072577894452
1.3968058432853718
2.844765161991042
2.5390239635297407
1.8745113242009912
2.0729013245104215
2.323234627123431
1.994800676527303
2.7286032855504385
2.212235771677585
2.37230171859754
1.7210517748240493
1.484741595065638
2.2149976355567906
1.2822708620508096
.22576256165271064
2.0628467765819187
5.686195414625378
1.5183679074935912
1.7551427440021061
2.008291915944681
2.389094139062671
.9859809126041237
1.6928364577912065
2.3405576380540865
2.1414337882595156
2.2669975228747834
1.3484369529221467
2.146725893943285
2.6582347830211908
1.8204419102989153
2.4115978431066907
1.5231904288371982
1.2004978031808355
1.4563857445304282
1.9041183375591666
2.3389097739505273
2.282431011943494
2.6191148571100125
1.3317830189307491
2.3963842199230654
2.420307587038408
2.401602585952481
2.5504996042267076
1.6414664162930617
1.886698443992412
3.029398266089655
1.6702505656693365
2.0167129334386455
.023634678949812967
2.2143590067032584
.06011452577775479
1.8442071774559439
1.8814298165111174
.5400301370170708
1.462013279197462
2.232531133568412
1.2738664475744037
.04930212806540989
2.103770521127341
1.0513646993934176
1.5738701591335795
2.115142451981748
1.9590518708580442
1.355198761359594
2.540658107393365
3.300694643041957
2.7956925861015627
.6503764264612889
.011667004942811423
1.887515982915315
2.1909760915007843
1.9618169568378503
.05222159830348664
2.3715982136709277
1.6135518444185493
2.152087891595425
1.214806507252918
1.266783049079823
.0062904223156555325
.004306588638542642
2.297344719413623
.6019463835113312
.1452054636332358
.8347462319193185
.1998672993714973
2.233796226226838
.1118764179216157
.09201638315206319
1.7603042686607053
.6018261595923875
8.122876163124285
2.128016664169022
2.134527454869434
2.4856908337225883
2.261052754393571
2.3821747603858947
2.068829667835937
.11889010291363769
.1746336014886127
1.879587757350548
3.000325936019668
1.025991458607262
1.959619631952369
2.292227484341021
1.903310767474344
.010987781264608157
.2982579311565516
2.664590505019647
3.6977760968023423
4.373142140430018
4.425991733064779
2.45577839495407
.010957312266314844
2.855669072813705
1.2747351717205353
.014818736085540308
.01140069950389277
.1640840126198905
.012487737056287912
1.9149580113596885
2.7056885034514555
.01
1.7673243222974688
.013923357528512016
.007332027428248632
1.8886065206560658
.009468666374830376
.007713084493656159
2.2004197675182757
.006944459119372564
2.1656717278353566
2.1957590758094954
1.604734386274728
1.6446013883535384
.009201606836813496
2.1213716550479296
2.369526328418408
2.590136648141999
2.353863971274936
2.074024993057783
2.926272645439579
.010644095639028869
1.4282397937529645
.011020825259167099
.008779072107159919
.009992735487246763
.01190385996965217
.01042488381450375
1.369082898563223
.08488261895180525
.06554310253863618
.00935688923014169
1.3604784129594927
2.1570265682168177
.09203111446812208
1.968735345620505
1.4695657285964798
.06342021990079406
2.1958629108290966
1.6724458132146218
1.6505424648199962
2.8497530423559283
.009171100863751721
1.6741378369043567
2.6253902242164076
3.5983712929870353
.7736457526207954
1.706304424576293
2.2002089529289877
1.57023801984507
2.3027131135332946
1.709477177518462
1.751493021524312
2.138196272461682
.008897957152202169
.20846666178890721
.18920415053927914
1.9018569841068467
1.4112161887994459
1.9959041446408117
1.7356467370657218
1.4808577465008315
2.0279603137142472
2.203629744737673
1.8023466940455983
1.8061366785971957
2.1043374318782857
1.777839015776999
.005989840458018536
1.5319399970186478
2.036387250571448
1.8285019610222188
2.2052214489875164
3.2770463512731993
1.69254043598635
1.8941977901590792
1.9469418037494832
2.1963755312206588
.11350649883287424
1.8181797627899592
2.2672045731281028
2.3344441341628976
1.5434082369033066
2.5369480977331675
1.6698119355791485
.23230060620904555
.15574296936751753
.13084300377464686
1.755385361766188
2.0579206712036964
1.9508237694537711
2.5829163870308225
1.2868180978228607
1.6856207897504158
1.4756886726156802
2.073655797270661
2.320538420904341
1.6132598119397417
2.1307058893232442
2.3387847808995637
2.084814549518669
2.2068317647101985
3.201582823666263
2.153903974439895
2.159881993873105
1.7834526634159562
1.3949987613499104
1.9652776182169995
1.517460003101262
2.103666397798548
1.731525930200628
1.551459592810314
2.3353451824779436
1.778698881420511
2.1877371953611147
1.312914715239602
2.2831709002382765
1.6014490358843128
2.5476423388371052
1.828100015514088
2.186388118427234
1.6277132777310974
2.013270569931536
16.288323738741287
16.412173251285715
2.503381247449902
2.0172689205474295
1.85926211420888
1.363847104258481
1.5522690292426817
1.4747021615773916
2.560453955678178
1.74849484020429
1.5725876389818525
2.3395015752774224
1.8494003452452914
2.725745677628451
1.7716743979835405
1.8945320475339218
1.4459579030023961
1.92222407413736
1.5227796531308515
1.7498552195499244
1.382629835866748
1.9815012182019915
2.242668743137189
1.204692531569104
1.8022366289600171
1.5807025590600945
2.1582865340143296
1.9618244072081248
2.6871345186367104
2.0646098016913284
2.0261266739453703
2.522419296766179
1.3345053298314928
2.5957669269147856
11.450076968743058
1.7944090140826683
1.6708599388606198
1.6733591625571533
3.5273848054367942
1.9555185002362234
2.117725291557245
2.9029419764054327
1.542655598600155
1.7836420057202902
2.6416276801771064
1.4895812190000444
3.0981921630423632
2.5273317110375606
2.6040431734040004
2.068154589526505
1.3263020800282217
1.694335017358534
1.6693604728032858
.29148152197047933
2.6778745788088343
1.7675352539453852
2.4530882413581834
1.7946918167577295
1.9741889717540295
2.504503689168401
2.0613785174572046
2.1681943155418755
1.9517124906746703
1.638191431193008
1.3323577705455842
1.900648664403405
2.6401857523985157
1.7409599238391589
1.8305673074667614
1.5302452172088759
1.7080831094986646
2.521835491986973
2.998140152078769
1.877536217871605
2.0957977760011803
1.9017582109599023
2.3018283496287686
1.736860942833495
1.259997155091539
2.1429707855049633
1.7783566040562628
1.6302239162388714
2.3243547734505214
.1635403573374976
.9995700745757164
.12319703040125149
.9453112992695912
.10150707079100935
.8564398226235165
.09116004950944628
2.109741534919384
.17306954546682538
2.490288848113993
.08479813612142323
.9756119716590363
5.94920735096085
.36416458655475054
.11311076962847089
1.218022370208702
.0698140317571999
.2027698783832158
.04255363315824681
.8607319372637147
.07246097316611368
1.129367311551387
.10723121935782023
1.2487447631049016
.1888256386667315
.9365481452363634
.04848729951102005
.6801779166647911
.06127940465894495
1.4057195806496936
.00021009643643332557
.000405120992127935
.1180315767120669
.13300352566998122
