.8545313621124557
.014543727112769538
.002882629952237719
4827081999822015e-21
.03406709202957721
6.919453784311443
.7298005709598763
.05713777566080919
.07478389481947718
.06731763111543602
5.423879565831755
.6804694360616796
.4819102033881293
.006608148084802582
3.1088451048828083
.43402794930829597
.003140037514742759
.07384070932017418
.004451381672014991
.0019257728576889772
.010675460429331526
.0001824320221714122
.0027663505865652494
.2909367674377337
16.44672967484761
.00016518248989841168
.005558686626957503
.006767095553078433
.006023486809661501
12282038386908552e-22
.00017125671762319795
.013607826527827167
.0013012230853226522
.010778831134138873
28314485501499735e-21
.0022916459512902173
.002662659189425422
.00042019443143024676
.005563242818278959
4422861566434971e-20
.006024800264850605
.006263217859538877
.020563035844680094
.0003190922810049346
.11284126988982984
.007684107850452471
.0008788180859733984
.049705829702405314
.2688661269051397
.0010761527105127794
.6210383065061924
.00919188536393766
11.937057155295577
11.096738942945125
1.3563780599953708
.006574238892828873
.06310061624537303
.06990681204790267
.21376790153133643
.1246870952383502
29.957087558256415
23.525333286928376
7.972317423765287
.0023902839199132606
.0005130578375898963
.0014348541181812675
.006606814168688506
3.2355204870041976
7.062673658486228
.01942308416195851
23.264988254862693
3.227324895147691
9.860175470387158
21.823546945347307
.0014311954677113277
.009274159950540092
.0007101313763439473
2.1003334273426137
.00030152811013863076
.0027822710940589713
.010432991767753927
.0003645774428128033
.9018129511806279
.7150276205633419
24206532366223518e-21
.00866744106863333
.8398401660763739
.7572824761188615
3.6263968028151967
.00015133178477786906
6058743587024709e-20
.5631169947228499
.8182904177518906
.0706547655549089
.009993306051957952
.301659031385005
1.6064929022624337
1.4908187649383318
2.107790842998002
1.5724577095152377
2.046109531173959
.026954525672550744
.03609028703450254
.009623835806372204
.00018831250551523725
6.322975840643795
6.019551751985416
.5528311514224876
.016913641171142767
.004374616490751525
6774577011854934e-20
.00048360244252927605
.08778022096141512
.020510629744900546
.0008518406720152697
.44652139962734355
4554104583864549e-20
.00023698680507284062
.03288184047436783
21479536128311548e-21
0
0
0
0
0
0
0
0
0
0
0
0
0
0
0
0
0
0
0
.7107237404571745
0
0
0
0
.5580660698628256
1267.2222212930496
.004579444097401104
.10112067167886335
.01966466905144109
.2123791308377427
.10917916918030175
.6278104035232094
.13836083553327955
.40368995395002294
.006776997814826362
2.89619077774411
3.3197197412405166
.016451599312478356
.03849044189047396
.8317848146419583
.5834781568922731
.2589721283294072
.4324345384938923
.019407661385558647
.019407661385558647
.22241314693749245
4787854263882509e-20
.019407661385558647
.019407661385558647
.019407661385558647
.019407661385558647
.019407661385558647
.019407661385558647
.019407661385558647
.019407661385558647
.019407661385558647
.019407661385558647
.019407661385558647
.019407661385558647
.019407661385558647
.019407661385558647
.019407661385558647
.019407661385558647
.019407661385558647
.019407661385558647
.019407661385558647
.019407661385558647
.019407661385558647
.019407661385558647
.019407661385558647
.019407661385558647
.019407661385558647
.019407661385558647
.019407661385558647
.019407661385558647
.019407661385558647
.019407661385558647
.019407661385558647
.019407661385558647
.019407661385558647
.019407661385558647
.019407661385558647
.019407661385558647
.019407661385558647
.019407661385558647
.019407661385558647
.019407661385558647
.019407661385558647
.019407661385558647
.019407661385558647
.019407661385558647
.23580350959290458
.009787684153992539
.019407661385558647
.009787684153992539
.17168412553821263
.08604310078817073
.019407661385558647
.019407661385558647
.03300623403043555
.019407661385558647
.019407661385558647
.019407661385558647
.019407661385558647
.019407661385558647
.019407661385558647
.019407661385558647
.019407661385558647
.019407661385558647
.019407661385558647
.15733728781259923
.019407661385558647
.019407661385558647
.019407661385558647
.019407661385558647
.019407661385558647
.019407661385558647
.019407661385558647
.019407661385558647
.019407661385558647
.019407661385558647
.019407661385558647
.019407661385558647
.019407661385558647
.019407661385558647
.019407661385558647
.019407661385558647
.019407661385558647
.019407661385558647
.23580350959290458
.23580350959290458
.17168412553821263
.019407661385558647
.019407661385558647
.019407661385558647
.019407661385558647
.17168412553821263
.058322763095102655
.2068112828814103
.019407661385558647
.23580350959290458
.019407661385558647
.019407661385558647
.019407661385558647
.019407661385558647
.019407661385558647
.03300623403043555
.019407661385558647
.019407661385558647
.14806830383346342
.019407661385558647
.22241314693749245
.019407661385558647
.019407661385558647
.009787684153992539
.019407661385558647
.019407661385558647
.019407661385558647
.1197196224125136
.019407661385558647
.019407661385558647
.019407661385558647
.019407661385558647
.019407661385558647
.019407661385558647
.019407661385558647
.019407661385558647
.019407661385558647
.019407661385558647
.019407661385558647
.019407661385558647
.019407661385558647
.019407661385558647
.019407661385558647
.019407661385558647
.019407661385558647
.019407661385558647
.019407661385558647
.019407661385558647
.019407661385558647
.019407661385558647
.019407661385558647
.1197196224125136
.019407661385558647
.019407661385558647
.019407661385558647
.019407661385558647
.019407661385558647
.019407661385558647
.019407661385558647
.019407661385558647
.019407661385558647
.019407661385558647
.22241314693749245
.19110383966162062
.15733728781259923
.019407661385558647
9999999999984973e-28
.20094486554834273
.20094486554834273
.15733728781259923
.15733728781259923
.22241314693749245
.22241314693749245
.22241314693749245
.22241314693749245
