43.586271585326664
.3293705662007108
1.1405761054127603
47.065016704864796
1.2775840620936365
7.780974970655579
.8672973051324055
.18318216305475338
1.3936702876253098
.07763014036705854
20.37399866250562
.7405155245586575
1.6602885920167112
.019753047894033666
9.157471543114243
12.071691988106327
.010651163558666394
.08104604937383737
.01612795609614194
.006603092536347661
.0453823258127575
.01452344295298513
.009829643349334238
1.6378929865750569
28.87599446758454
.005107749273812312
.00614247203612493
.0074487146845908
.006422053808059106
.005221925707872868
.00017767892406283636
.014184064633511571
.0013577291788927088
.011201639315703124
.0002889071474937063
.004778590915940622
.0028239923795881083
.0024325031856687472
.00914826771640182
.00021429697233913287
18.543792440401784
18.16630282998486
.029528141535163227
.003703334873399269
.1428708974683951
.010189906325408027
.009078953033051045
.6100805268655286
5.3083546413841125
4.886458662120515
3.706712352540334
5.036348270608253
21.426393561947116
20.122467085771127
1.984166928256833
.007427103926660006
9.82701338238747
156.9869774709
.33566840791370745
.1709845146118279
54.35986206312736
54.02795564015362
18.251114720307065
.00591990763882823
.00223029840884582
.0017335791346044873
.011232575321893753
78.11717499849698
74.08882203339802
.038034991732219456
29.80055731452986
3.3536185424697083
110.11898718723715
34.415956716212875
.0015333250205751623
.010320046897536492
.005125099834345148
2.561400685828282
.0010493718573277282
.009540790324356742
.010939944751538566
.007672189422725471
10.509715657638663
24.164398355100904
.009383416009227399
.05124625423901417
25.799442566589118
133.85608257797813
7.739803604372294
.015516791167914351
.009689538931198149
4.972419592701567
1.626769052038199
11.620339019879426
10.577151289226943
6.398036282138845
7.654242316080798
6.3654902601708105
3.8835956439623076
64.96521956640412
2.12997376443061
7.672387319693592
5.1855330433674895
2.7662380903586454
.003384428706039678
61.33504237505804
8.536110584844254
2.1920620440695933
.49155748118607384
.01710243260005484
.00017954407775959232
52.47926566130355
105.40521012123097
.09262353813788253
.003323119569585396
.631193230202883
.006766504366614778
.007074072503940399
.18150290363741461
4095106389126476e-20
0
0
0
0
0
0
0
0
0
0
0
0
0
0
0
0
0
0
0
3.4308572263276362
0
0
0
0
4.27607102428751
1305.8989397207815
.00471921269278605
.10420696205479742
.02026485176217438
.21886112563338025
.8219740440039788
1.1449331778670189
1.606399128136725
17.899673179293256
.01706907989134133
6.130035877476708
6.625006185001237
.3753377233707955
.8408135982835597
84.59912621463296
91.45535562079446
49.39520081728097
79.51768189305703
3.322158392754445
2.137832384218779
1.5994947828800632
1.615015351696974
2.7305020630032346
1.803303580533732
2.450242968647273
1.9826826157704294
1.9781773972162073
2.175460675114592
2.019722007632812
1.917234527504658
1.470209806319454
2.0120277679760235
1.4566301707787743
2.4621841658922357
1.8450871962050468
2.2146891584376176
2.287296948763324
1.7415095119188315
2.519951062192182
2.7981614644801196
2.588420798730567
2.11922696606161
1.7735450938095192
2.4548419826606316
.02572954039223939
1.876353838449799
2.2994691351015097
6.380083635761916
2.105937817934978
2.0209377049984987
1.3146272855869465
3.0270197964016474
1.3899344247904015
1.546566813415862
3.0996329981501005
1.223951707808583
1.9227816343985429
1.5132652748211102
1.9687148004844843
1.5345660234696978
1.9187490875906037
2.917684736783543
2.084524858554621
2.230056222925138
1.8245231700912516
2.2534071148789097
1.6561838079798115
2.1223689102252634
2.6470094013363292
2.871178013608053
2.367728705811034
1.9837507160939492
2.0540821950020853
3.2038795572373417
2.461069046141353
1.096180934282676
2.718775142811056
2.950279819834508
2.061008517322828
1.12931856582437
1.7806517551173648
1.7193088944942794
1.9878389120713738
1.5459654081063183
2.4186534306824656
2.215260065523762
1.8229701459493861
1.6934462054468309
2.538398182797253
2.4319676377538313
1.912151933396358
2.3028111790520622
2.2560234876610976
2.136780468893769
2.438370540912423
2.1563871247059527
2.047866861117461
2.966566327474767
2.1900538097888322
2.0074718368195277
1.3624615642921216
1.6940699160236798
1.5538777085065707
.7614239192590061
.18854641634867955
2.0873779131043007
.011838752635019432
2.539714667780937
2.1904510004897215
2.4182955812617495
1.959908936833693
.2000111893145073
1.428420905282111
.209996024740096
1.1175575115605072
2.946009210701608
1.6681575774178574
1.7843683555565366
1.760280745952202
2.206158001783335
1.7721434107743388
2.0582037485911613
2.2032224009882677
2.3740522473697387
.010660987880158486
1.8162771137562967
1.9294458520856284
1.4747092891533213
2.4044272844049828
1.761513319436271
1.353333559628914
2.0432946751467886
1.8821751219317682
2.116159191569348
1.848690774712282
.7577216295247106
1.7718595109493605
4.643403185947673
6.212650266111296
1.4972000037760627
2.184689697347441
2.5457140232539506
2.4386047624587204
2.7802905729551735
1.9632256859660517
.008370532903886155
1.5578994997693216
1.3974300913700473
2.7781568504044625
2.640445861602383
1.8069187832224265
2.010823089775285
2.309277579777284
1.9953483841494961
2.7509741148355915
2.2481931708027862
2.377406438693392
1.6070237824498488
1.6088734741651747
2.247017865406812
1.3227518335130353
.22064310451083693
2.3363031335435154
5.4022019353611785
1.5213071428859664
1.7977287109300524
2.0214335063787345
2.235433203765987
.9839640686503445
1.6326093713497911
2.183356943082234
2.247258606351822
2.186883447240673
1.4808850670696185
2.1294927109537
2.6698646910362025
1.8984447511746048
2.383294478749916
1.4821329513289303
1.1845168597455207
1.4859974112474985
2.0479786571228615
2.197258492255544
2.2037414355796985
2.6937941420635583
1.2528440236113927
2.2860352989801505
2.359106798433636
2.2963234009080518
2.394280059391804
1.7887352947634678
1.9310778835714555
3.158835828135652
1.7764685698096339
1.9639430311146278
.024472386048132764
2.0530386831355014
.05947507425575597
1.9560815494814465
1.9690374081867381
.5373951964935036
1.4309251193492414
2.1146431496077405
1.2230049942500298
.046995113233136064
2.1713805075373585
1.103127401414911
1.6226234361214211
2.0517795637695366
1.9318802653121985
1.6166980125527808
2.5758088151450167
3.113257923515915
2.7940167056555163
.6796392626521757
.011631412661961901
1.8623612913623193
2.0950872284463515
2.0354059445258206
.048555913606592824
2.3898938148622633
1.839123603787573
2.0853144591096084
1.2113529675918937
1.1506187277162168
.006254320170747901
.004184701567315072
2.486113204929683
.61628363065704
.14943129440259525
.7863289902487248
.19263011106098044
2.195090701539934
.11007474508250893
.09781511108774699
1.7948375273734254
.5939807527898892
8.449092209811463
2.034879736999755
2.194241011229587
2.397703621337325
2.284928101968965
2.2178841255042823
2.0100307464120495
.12300191564701826
.1562163951459422
1.8904180131319412
2.934070724596784
1.043153713879486
1.926680043950108
2.3380159784124164
1.8976185672039647
.010213867168605709
.2862996131070007
2.6538717780699397
3.4018595043089235
4.4247968529322215
4.325293678329029
2.603152035592871
.010776358058107048
2.840301161029394
1.3317948027200255
.01455632284729741
.011258785607130593
.16671495431597533
.012192126041078648
1.9185767805448257
2.6937993498543134
.01
1.7479754079686842
.01385565131091461
.00729741664009823
1.9841031796944704
.008676803111347255
.00785130038228531
2.0682229722566374
.00697425692188783
2.3000016851366945
2.13974343648756
1.6022449122294469
1.6533233397333775
.009484603719213875
2.0082655273420156
2.35719798643389
2.4136749605915844
2.376443945233696
2.13400723051341
2.7251945526288224
.01017596189828206
1.3832809172281522
.010722014442176245
.008669022053991109
.010278095327784122
.012144794702658257
.010197202092219037
1.4332113133056892
.0917679682329014
.06653327396068912
.009631197454045155
1.371675464904019
2.184500597559617
.09058801195578568
2.0035831106391684
1.531820271623145
.06349659128854353
2.191996783100816
1.7155461190258583
1.754866469881954
2.952704279887909
.00927638866777822
1.659352003043139
2.7963247519201637
3.333257462348111
.8548538498220888
1.6075351456278493
2.097903121524317
1.52766103684807
2.22577416721731
1.759666996818789
1.6932711288421736
2.2093186549705592
.008575927030239032
.21415716769351884
.18656376046720718
1.8986761173687396
1.4244979108365603
1.9378875542629364
1.6339098760305744
1.422910273898519
2.043986410512784
2.173157457063112
1.7966895191129004
1.9834813966770097
2.2110070101758326
1.8420498413087203
.005921282412666981
1.5323163743201422
2.0019104529475578
1.7886596548768565
2.199085927857573
3.0519766184166532
1.7198892618025432
1.886475459391526
1.9312263835871846
2.2313820463622047
.1168695785989082
1.8784861574132798
2.251155746637797
2.392067759131927
1.6155327293079897
2.4619320744393867
1.5964752190504252
.22647470337114126
.15251722165128684
.1301499845036152
1.630273048469356
2.1239624450122476
2.032617270263923
2.5278639070005577
1.3633787862039064
1.8161758922592273
1.5535359133929643
2.1356598167901417
2.3380899751017674
1.7347629340663777
2.3657733046470546
2.37682018200804
2.0477173468603644
2.2946109710384253
3.2141184983894737
2.045393618814886
2.0222574501631776
1.773904084376491
1.4719960874577902
2.119059846664803
1.6145020382588364
2.1107154500023113
1.6978150372462248
1.4796629950765758
2.2570989652186944
1.7028663533204935
2.2816968967977984
1.3721896508636762
2.2532823799971196
1.5862129298050058
2.5608719615530706
1.8787745616827523
2.1577702256066145
1.5847004101067053
1.9397262388358674
18.150830148423015
16.680588229223535
2.45541544310623
2.1419610721091895
1.7855522254771306
1.3388421232689665
1.5091046926636196
1.5355267630277893
2.562795266018637
1.781085617186605
1.6649965883870406
2.384100394873686
1.8971579037535349
2.6680409519838233
1.780390638499891
1.9321801284426552
1.4605050138015543
1.8156789078122757
1.5297764112765655
1.869739978457389
1.265030606964589
1.936210301556051
2.374291912269173
1.1804747724845521
1.8354663494087726
1.550126849915031
2.26430711732957
1.9122926672502039
2.8152307617265966
1.9482846551814839
2.029103509660553
2.6004958215709904
1.3539341413290609
2.4332858320968893
11.030826427901108
1.8027982264191262
1.6376905803019388
1.6824277999965738
3.5232145979633787
1.8944957627304146
2.0286129428034294
2.784083116534714
1.523893208240799
1.8942146202229517
2.8467944231981113
1.420066787168756
3.0247022921973232
2.522138818972536
2.603893709249172
2.037404220592814
1.3701505743424434
1.719207361654442
1.6687738939095484
.28932327331236585
2.7749597837463296
1.7958397002454725
2.4144399139795167
1.6588579815606146
1.9802173662925526
2.545142234948413
1.907520876524239
2.161463866222063
1.8592017752775138
1.7741322308102718
1.4044643548078761
1.9158580411128292
2.6888369969096884
1.8942654684531823
1.9309951197007846
1.4451743080616732
1.6823529810764515
2.506529508769478
2.9198340381618277
2.0233465165224374
2.0302870570799363
1.7909734990810282
2.365472814547761
1.6952862319225885
1.2100873050876788
2.0033867099944476
1.755128851333034
1.5916107628693166
2.356274858434566
.16954915550757818
.9994151011874086
.12516988460861433
.9336987287011074
.10806787395696736
.8071832494321184
.08905954680856629
2.1341136899048285
.16944830588529508
2.5295179621545225
.08766730265733087
.9522619178971686
5.956711048481436
.36751634480158024
.11653400152830241
1.2757102867396897
.07142273370576874
.21532192640674208
.04305900396364829
.8117965456489621
.0673670930490427
1.0718908730054597
.09824000844408566
1.357240038484031
.17721164148227683
.9101646014803122
.05301820391196004
.6584196525178638
.06123203019074127
1.3869384884242661
.0002192391838903226
.0004221007202299002
.11396050410313746
.12454965825344792
