-.00017743082277265463
7460117881380182e-20
-.0005921445076163465
.015883924350982178
.0005150117653306734
8111942220721439e-20
-.001247813726401488
-.0008014895138535181
-.0004030137690638321
-5419264444427622e-20
-.0012925283171209357
.0007767461152356297
-.0004503029570866192
-.0007012047882225331
-.00111090657192871
-.0006991281794031229
-.00030303720936241085
-.005011871456394632
-.0014412243903210386
-.00033249402267336445
.007177415238278305
.000522858779360862
.00046268820434456004
5485348522766989e-20
.0009454333125212981
-.0001764936126800607
.02710855353357931
.004110957644511045
-.009836945010411767
.0013876037096944435
.01553965368162658
.015358897778202693
.006199074153672251
.014519051712711105
0
0
.005461769086721299
-.015383930360257644
.00855366846109751
.010210285294708769
.042321446001221064
.018553378795248744
6842314812763175e-20
0
0
.00025150536455845245
-.0007221824001181148
-.0016684586282122668
.012941843291759821
-.00044785505577126064
.000648466324960166
.0005236125179146891
.0005330342281068029
-.00010456731456384148
.0005224553518096985
-.0007347955938601395
.010756692953895941
.02273869832842608
.015808905167309244
-.0006375708022198853
.00023471277392104076
-.0006921672083604758
-.0015581208419472774
.0007093489980615274
.01577923705290973
.012530682836909163
.0005071789093465984
-.0008140236630766601
-.0019304305300326305
.014201201296467673
-.0019299322806671326
-.010017095631343871
.0006513296056117129
.011005846033564083
0
0
0
0
0
0
0
0
-.010560175182705366
.0018598188315250832
.007379033546671517
-.005372503312872408
.0257492756769887
-6598180666859098e-20
.19031306592551775
0
0
.0014409347483374869
.009181135110535223
-.005463761609381094
-.010070079574115345
-8462947692152338e-20
-.0037457483176983235
-.019798726818751975
.019585093931783898
-.0002806473188770119
.0003000874941655832
.019786129049759692
.0007307020640277117
-.0008896159666417637
-.0007608243156658251
.010435314885341886
.0032295687213880118
.0005051120080082472
.0004274286537800155
-.015479719122135313
.007105498261457145
.02807278727487306
-.07920731582426173
-.011647621147828696
-.0009993969659392345
-.011535651834423538
.00034047903650589507
.02735163049355849
.0005566119540292201
-.05056426507818629
.0006248505059261474
0
0
0
0
0
0
.014804608455600743
.029774420139559082
.04427724484248787
0
0
0
.004545309192139156
.01605476413492129
-.013264917649638365
.00023773942355527993
.002680454546762672
.00952330326443665
-.0005457708449076358
-9567111738511522e-20
.0008696082765201497
-.00010812847948821783
.008902172492580523
-.0001899070670118242
.015273078996508583
.005498259048459391
-.016401972462816782
.027296470230232503
-.00010856823674510533
-.023609193204466066
.0005092919536467345
0
0
-.0007410958690661408
.015427032930801846
6209450411123251e-20
-.0011964501002003805
-.0004022258340275619
.0003504570111121825
.0005819808709014788
-.0038950976217517895
.015923925238131048
.015783013281329333
-.0014281384955453372
.0004805145592508867
.00023008553695561522
.01577987223032958
.005485875465266877
-.0022900148578319113
.01605771477838689
.015781569969460202
.03642880568616706
.03689060744688856
-.003556262072863375
.0689231180035749
.021232663779008454
-.011172034039269762
-.0006223603274600452
.06162480064843414
-.0010648638273863724
-.007703919446858649
-.002641605042637064
.08049854998344226
.015445726124832054
.012940732248184091
.010290298367740959
.04897633195717201
.0006632916685349142
.060975277201443044
-.001344999541138795
.016053045093359992
-.014613152561470426
0
0
0
-.09279281527275413
.003835723918009685
.012211935343437683
.002326152944971231
-.08741470373563215
.010722381020803678
.001427237419186852
.011940677859563159
0
.053224112261458616
-.0017552297100391252
.014756194008045146
.005322653352576113
.008555734186380394
-.001938176955196692
.03157507076514214
-.44814694537641053
-.09628970083324993
.0018349625914125202
-.0019328031516063942
-.0047734433565231596
-.011975272578003062
-.08176042883560956
-.01332087261060177
-.004059442936273403
.0007363627752556697
.0039211902007277154
.0025781828325251756
-.0015425145152486942
-.001278762464846847
.000572987261719067
-.0006099329623347415
-.0030568988859824816
.018343835341335508
-.009698269662867798
-.005406408351093138
7430565418229666e-20
-.0035337357371407925
.01078566378909628
.05285274026549281
.013134322963734525
-.00461354147554079
-.0017575961204641286
.020965372232543696
.016053952842687444
-.0452388667790771
-.08308192353431784
0
.01173832699403206
.01195304027217687
.013073284006882306
-.005672566028368885
.028585640002742697
0
.009653959512633443
.013225920004630867
.0028611248918692044
.010855437873537294
0
.012325012838623398
.0115703999526933
0
.01277879000376154
.007487909316615251
-.012612970256491269
.0023835585500320854
0
.01224704053079578
-.0006293014326703948
0
0
0
0
0
.012063002725837536
0
.009933753723155867
.0015018849825403516
.011966677123425874
.0020646765984710883
.01257167941124528
-.016462437264265526
.015447657536069071
.0153660723003951
.016110909779765918
-.0004793979038428166
.0005781497603826486
-.020643005999470866
.00045414012353475644
.0004516871683868821
.007203338674559421
-.0006440435392206023
.00033298087870520915
0
0
.00765902676207962
.029250691468161685
.07018134041056989
-.13463238281719145
.019621395117316073
.010594902160085573
.09919424454090656
.0164959261634214
-.015496566468890203
.04896002964676403
-.0154615483954306
0
.002544882400265185
-.0032632930458963362
-9636694813279789e-20
0
0
0
0
0
-.0007104312311005168
-.001930148980006067
.014221630843600147
.0005549196800908844
.007510945502410174
-.004791328983586403
.0007155682693711531
.0006378884497438707
0
.008326752923400378
.016822382637593322
-.0003542701976787426
.0016860281728151637
.0028218831471688785
.017946335818310517
.011053003645499276
.008777591244460663
-.0004503664060579195
.0006223252247217678
.0005157119806045888
-.0008845958025236448
.006198137915084104
.01308168513291262
.00064926566089351
-.00041340398271921374
.00026743286954381646
-.00020078308075521985
.0003910052698987443
-.0010755089269626223
.016028764013682757
.0007490486070735227
7690596734158002e-22
-.0002877765093127179
-.0007539300552349633
.00022696600016230902
.0005553466516674
.0004518261214059982
0
0
0
0
.014097226531433412
.014094723850407222
-.0003877409727339142
-.00044191617254359225
-.0012114137150704054
-.0006636565638445319
.0026698382757850627
.0026697450817994694
-.0006334386748972977
-.0009444106534987308
-.0012956567629464324
-.00034426714276961854
-.0006012378499823718
.014533340163598125
-.0026204666012619345
.007449063008994401
-.0007867093198360531
-.0012875652493781022
.019137651140912825
.012466791811668501
-.02571675133364207
-.008500679099304478
-.0009908474969595263
.00037540596848906546
.02898450687154302
.011789991593462591
.01058657957871106
-.0003998847369039055
-.0008642482333883915
0
0
0
0
0
0
0
0
0
0
0
0
0
0
0
0
.016632340451087774
.0007391692269609387
.002289791283343617
.011798145834542202
.00019371377217844473
-.00018168839507087217
-.0009828230828982664
.0007773999414543723
-.00024118679591305812
-.006003936198418564
.015813025231427462
-.0017424315441531015
-.0013217900455429494
-.002258211196714105
0
0
0
0
0
0
0
0
0
0
-.00043419692703958575
.00039044997202199617
.013048328783267869
.01254458463207384
-.012737552782264783
-.0015345547500333313
-.00010972927882095589
.0003876418961003669
.0007789710014171605
.0006334465544011866
-.0019301659185688034
-.0005085614743046735
-.00017633842065817347
0
0
0
0
0
.0005507658973403669
-.0019089886747009489
-.0002841373648442395
-.0007888398792121975
.04507822155709943
-.015506594075791585
.010412555514194885
-.001207000778597816
38100496999380945e-21
-.018256932731397973
.03091839899993744
-.0009929079908388412
7710604724897364e-20
-.00042342852632235305
0
0
