-.25105727008513606
-.15997180327263355
.0007372186511872611
.0015331489522960409
-.07843790750317968
2075517024944745e-21
-14662674304035342e-23
-.04016469008232273
-.002298715071872735
6333310112111802e-22
-.0015862640270845661
-30437044775335725e-22
2571138266983958e-21
-.00039151731058502566
.0005880158860506019
-.059546402317210916
-.04015182836391708
3589289422625191e-22
-20620903280971425e-24
4171707259109698e-21
-5609529590423935e-20
.0003851469808255425
13537652009978588e-22
-.04022803323842852
-.030180077771408766
28119026122765256e-21
.00017638481487965493
3994064877259437e-22
-18691146979141272e-23
.00010712222570643964
-10488529588157246e-25
11107570379014892e-23
12107636161779618e-25
-19998854898607712e-23
-58463299301115056e-24
-63225992822818925e-25
-3738210375486714e-24
-11255334657356493e-23
-12868200181410935e-23
-22484956190493125e-23
-.06535983421571417
-.04074852072398052
-.0008542263430156486
-58022265131648174e-24
-.037585009112933394
-.03759658771695894
.00010718837655228282
-.06592638343129884
-.0015903992339516284
-.06533165656188503
-.038394188035676284
-.03829481068477233
-.0008952192600871364
.00040195522870862394
.0006031039311539685
.0001759232070011295
-.03853339289927053
-.0014274982823882158
.0004749971732979003
.0005562999400196939
.02202465567181493
-.029005161456390736
-.04556304549924936
-.07285333037381246
-.0016757054456698665
-.00153355491533325
-.0016440315028535678
-.0077186051490215415
.0005654875659778165
-.0014792337810156414
-.002778637302628216
-.0379294749720346
-.05561719878747469
.002497253105599764
.00010770570832541899
.00017691597800740497
-.0026740983933190624
.00032863641772739807
-8630082436908311e-20
-.0401405029447695
.0006110456443802552
-.003347764959458878
-.1235842925730235
-.08821878817411244
10955329187783232e-22
-.0021326946415252666
.1365521240796794
-.04990352403175477
.1963472270671842
-7630230763750763e-20
-9517918480435353e-20
-.09870290824142164
-.09884275597805695
-.0008882030827429372
-.07641260976986097
-.0687963655445999
-5860090469616282e-20
-.0010278763961892015
.000969589414978657
-.19285720568151826
.029414483459168576
-.09828620732567372
-.05904451409089258
-.02970556477077158
-.002952643061271649
-.028051845220815785
.06378969087292052
-.0004015180902617359
-.06755263593879764
-.0017077791759751075
.0005538598979113741
-.12654445339944365
-.07061662550775528
7362884349935064e-20
-.039592786018985915
-.038045614494519764
-.04013826828763769
-.005205505618903883
.00023138663883799898
-1454560410185448e-22
0
0
0
0
0
0
0
0
0
0
0
0
0
0
0
0
0
0
0
-.04470791487879298
0
0
0
0
-.05217858563596416
-153802892036972e-20
-9577336351239813e-23
38046310724255045e-22
-178709066379271e-21
0
-.08486913224510771
-.2835723307913212
-.00031270698772575833
.0013261061080125465
.6975558563247986
-.05940798589301672
-.057582617995029534
.0034014441899407116
.0070416016660496015
-.0034330176165524575
-.0010747164145845276
-.012643577228687256
-.01345334881112616
