.7242110329943615
.010933894586030321
.0023680951971641246
3873116672398474e-21
.03160322724219826
6.960076915063312
.717310834394087
.05636650761425869
.0618263085959186
.07293039711635664
4.677208257027114
.7516415502447638
.31464043004840225
.005081802951340846
3.004448586004921
.350447641197646
.0032816643193339747
.07477887769519512
.004627204479220982
.0020698235986195196
.009642627936292723
.00015075383440164616
.002872368510710646
.2873545507885923
16.426085794574373
.00015578641770931832
.005731842650976805
.006187467302606975
.005535449707871671
1199278173514652e-21
.0001801314651349405
.013581115494834478
.0012832852085476836
.00990810781268693
1797864009462732e-20
.0021689757643104267
.0029225178350127936
.00029414127916873147
.005374306792322428
3032791023756293e-20
.005545522129070853
.0058725648913005865
.020889797598636066
.00035357997878551506
.11239470968997886
.007738928757044809
.0008513098151953479
.045537183623611054
.2857096705805535
.0009778003673589642
.5021269869419587
.008655431097342235
11.74146850155473
10.716555177385619
1.4352625231058536
.006746172437664361
.056196418745877774
.06190118339781012
.2237063551499879
.129116689677353
29.849031591081655
23.36498690943659
8.225106534691783
.002595513341987782
.0005041366353678184
.0014323960859881075
.006545730901456973
3.448833646090707
7.6147500370454075
.021842654331558485
22.17861358297212
3.2800156785710533
9.267240668741433
20.8707157772787
.0015018879902854534
.009435344619122526
.000556418136096824
2.174344803194269
.0003401926254409856
.0029043051375559474
.0111517676432346
.00041090195429905046
.9543968315890501
.6586357789139439
28046016973123447e-21
.007162868744119813
.814492817249992
.7344824930678685
3.4068347939998564
.00014427984071148896
5541673944625145e-20
.6058309518269454
.8049763706787241
.08496145290656983
.010535234820839397
.27575431224353325
1.6283057718210063
1.5304651393560063
2.078491565432016
1.5605337154515224
2.0398605573411563
.022954881297204695
.03219541792467708
.009107098374522312
.00017079557139613275
6.237744082876451
5.999620170844467
.5437043961141526
.017697994566814788
.004374101762426416
6657467640048909e-20
.0005111197851960056
.09014007608376091
.021483900797679752
.0008888580099429756
.42368886289174873
48843874385436614e-21
.00023292589722357642
.03403969835760786
2221129052175184e-20
0
0
0
0
0
0
0
0
0
0
0
0
0
0
0
0
0
0
0
.7217622019667331
0
0
0
0
.524770112518564
1271.165655724429
.004431215992841982
.09981825451639241
.019257409924304
.2283582810947907
.1099919901118826
.654239144360072
.13844614682466092
.4065245844611685
.006224751856814737
2.901056240036199
3.24255336092358
.014930406265432666
.036219870629959884
.8698045178349461
.5797689221374782
.254461473065065
.4099564504114201
.019404515970044462
.019404515970044462
.2206179983839094
4542207540818476e-20
.019404515970044462
.019404515970044462
.019404515970044462
.019404515970044462
.019404515970044462
.019404515970044462
.019404515970044462
.019404515970044462
.019404515970044462
.019404515970044462
.019404515970044462
.019404515970044462
.019404515970044462
.019404515970044462
.019404515970044462
.019404515970044462
.019404515970044462
.019404515970044462
.019404515970044462
.019404515970044462
.019404515970044462
.019404515970044462
.019404515970044462
.019404515970044462
.019404515970044462
.019404515970044462
.019404515970044462
.019404515970044462
.019404515970044462
.019404515970044462
.019404515970044462
.019404515970044462
.019404515970044462
.019404515970044462
.019404515970044462
.019404515970044462
.019404515970044462
.019404515970044462
.019404515970044462
.019404515970044462
.019404515970044462
.019404515970044462
.019404515970044462
.019404515970044462
.23484994640087645
.009477212253132921
.019404515970044462
.009477212253132921
.17133663726587267
.08597339800906884
.019404515970044462
.019404515970044462
.03221468770857128
.019404515970044462
.019404515970044462
.019404515970044462
.019404515970044462
.019404515970044462
.019404515970044462
.019404515970044462
.019404515970044462
.019404515970044462
.019404515970044462
.1554364321154591
.019404515970044462
.019404515970044462
.019404515970044462
.019404515970044462
.019404515970044462
.019404515970044462
.019404515970044462
.019404515970044462
.019404515970044462
.019404515970044462
.019404515970044462
.019404515970044462
.019404515970044462
.019404515970044462
.019404515970044462
.019404515970044462
.019404515970044462
.019404515970044462
.23484994640087645
.23484994640087645
.17133663726587267
.019404515970044462
.019404515970044462
.019404515970044462
.019404515970044462
.17133663726587267
.0571538737147714
.2062255007607903
.019404515970044462
.23484994640087645
.019404515970044462
.019404515970044462
.019404515970044462
.019404515970044462
.019404515970044462
.03221468770857128
.019404515970044462
.019404515970044462
.1478285033072065
.019404515970044462
.2206179983839094
.019404515970044462
.019404515970044462
.009477212253132921
.019404515970044462
.019404515970044462
.019404515970044462
.11957417612427093
.019404515970044462
.019404515970044462
.019404515970044462
.019404515970044462
.019404515970044462
.019404515970044462
.019404515970044462
.019404515970044462
.019404515970044462
.019404515970044462
.019404515970044462
.019404515970044462
.019404515970044462
.019404515970044462
.019404515970044462
.019404515970044462
.019404515970044462
.019404515970044462
.019404515970044462
.019404515970044462
.019404515970044462
.019404515970044462
.019404515970044462
.11957417612427093
.019404515970044462
.019404515970044462
.019404515970044462
.019404515970044462
.019404515970044462
.019404515970044462
.019404515970044462
.019404515970044462
.019404515970044462
.019404515970044462
.2206179983839094
.19063978129434292
.1554364321154591
.019404515970044462
9999999999984884e-28
.2004081799539258
.2004081799539258
.1554364321154591
.1554364321154591
.2206179983839094
.2206179983839094
.2206179983839094
.2206179983839094
