1.5113750827116885
.9115620096960018
.015830563077925543
.003056050609867981
4652195637149142e-21
.04481225944014848
6.848462479693795
.7349925908911331
.05578867833781191
.06747986392826645
.07251372258880674
4.749598514630397
.6884499021782005
.3622023054167333
.005273090375658352
2.594566813644405
.28556762712947487
.003202462386981856
.07289934118039691
.00456898582423935
.0020491444683208454
.009442528349270611
.00019787733142400318
.0027574089488032307
.29554784850061266
15.881967192236601
.00016598209212546276
.005977594435426343
.005975515268538185
.0059745978782201345
13088633180873297e-22
.00017835152323640883
.014200135499056077
.0012771974721114531
.010370181959574518
2109343938635014e-20
.002132098362374349
.002751083045948999
.0003234347782650025
.00519338822463208
3120404979348446e-20
.005993160868460377
.006020118542253733
.020675102296695627
.0003344906867916825
.11227020040683487
.0075119453912271495
.0007978887538604062
.03961840906947474
.2938143394695551
.001231205285738008
.5411419142487763
.008864807579176053
12.101900268842899
11.282984135595706
1.342765022868461
.006855203081923206
.05901926694985892
.06558661449787573
.2211339096345081
.12980351052753888
29.84833223051082
23.638577303994573
7.916682318026458
.0022288306279077256
.00049516649144125
.0013785821597555748
.006570737218401988
3.751683942450428
8.080176116125836
.02278794347084875
23.406908248796725
3.3525116319331563
9.614352297435614
22.053924859274787
.0014983363881129262
.009848559191923555
.0006788398975223001
2.1502033783983703
.0003366945398841597
.0030262078737414606
.010996199807169581
.0003705727643579645
.9839698623174027
.6520254215658244
2799247770566029e-20
.007157852606183187
.8562112833925479
.7664589703953825
3.4259529233714527
.00016016212015683513
5247767554196326e-20
.6404129453790524
.8104437348497748
.08041989747185899
.010331071899497196
.28500101095737
1.592952125732377
1.4856627086499026
2.1382321520572463
1.508950969623177
1.9747056819817062
.02306549887299811
.03576150845325828
.00918783799500355
.00015918359250345252
6.177379794787797
6.130177355720324
.5519335412274664
.01754080410128438
.004672197525139748
7341724926487166e-20
.0005286696444293203
.09513456759640024
.020862191900144808
.0009031601377051787
.4341759055244815
4718443354210336e-20
.00024143838948767094
.034033311369895874
23234617926596384e-21
0
0
0
0
0
0
0
0
0
0
0
0
0
0
0
0
0
0
0
.7431065771468007
0
0
0
0
.5524255923640652
1270.9990566199353
.004552813482188492
.10415087149611696
.017597089792281095
.21937920481414572
.1090507464846606
.6368690576450319
.13798218575708152
.4004716798553639
.0062336514684998125
2.91909126243829
3.267208646303331
.0163397760083482
.04086698938101424
.8480958061965447
.5575312237126001
.251375655239647
.42144157363109935
.019404495613925744
.019404495613925744
.2206064265412747
44311478544780445e-21
.019404495613925744
.019404495613925744
.019404495613925744
.019404495613925744
.019404495613925744
.019404495613925744
.019404495613925744
.019404495613925744
.019404495613925744
.019404495613925744
.019404495613925744
.019404495613925744
.019404495613925744
.019404495613925744
.019404495613925744
.019404495613925744
.019404495613925744
.019404495613925744
.019404495613925744
.019404495613925744
.019404495613925744
.019404495613925744
.019404495613925744
.019404495613925744
.019404495613925744
.019404495613925744
.019404495613925744
.019404495613925744
.019404495613925744
.019404495613925744
.019404495613925744
.019404495613925744
.019404495613925744
.019404495613925744
.019404495613925744
.019404495613925744
.019404495613925744
.019404495613925744
.019404495613925744
.019404495613925744
.019404495613925744
.019404495613925744
.019404495613925744
.019404495613925744
.23484378983096535
.00947150018591759
.019404495613925744
.00947150018591759
.1713343907100714
.08597294706474591
.019404495613925744
.019404495613925744
.03220723709273743
.019404495613925744
.019404495613925744
.019404495613925744
.019404495613925744
.019404495613925744
.019404495613925744
.019404495613925744
.019404495613925744
.019404495613925744
.019404495613925744
.1554240501961946
.019404495613925744
.019404495613925744
.019404495613925744
.019404495613925744
.019404495613925744
.019404495613925744
.019404495613925744
.019404495613925744
.019404495613925744
.019404495613925744
.019404495613925744
.019404495613925744
.019404495613925744
.019404495613925744
.019404495613925744
.019404495613925744
.019404495613925744
.019404495613925744
.23484378983096535
.23484378983096535
.1713343907100714
.019404495613925744
.019404495613925744
.019404495613925744
.019404495613925744
.1713343907100714
.057144933678479504
.20622171554656343
.019404495613925744
.23484378983096535
.019404495613925744
.019404495613925744
.019404495613925744
.019404495613925744
.019404495613925744
.03220723709273743
.019404495613925744
.019404495613925744
.1478269525971155
.019404495613925744
.2206064265412747
.019404495613925744
.019404495613925744
.00947150018591759
.019404495613925744
.019404495613925744
.019404495613925744
.1195732353585463
.019404495613925744
.019404495613925744
.019404495613925744
.019404495613925744
.019404495613925744
.019404495613925744
.019404495613925744
.019404495613925744
.019404495613925744
.019404495613925744
.019404495613925744
.019404495613925744
.019404495613925744
.019404495613925744
.019404495613925744
.019404495613925744
.019404495613925744
.019404495613925744
.019404495613925744
.019404495613925744
.019404495613925744
.019404495613925744
.019404495613925744
.1195732353585463
.019404495613925744
.019404495613925744
.019404495613925744
.019404495613925744
.019404495613925744
.019404495613925744
.019404495613925744
.019404495613925744
.019404495613925744
.019404495613925744
.2206064265412747
.19063678184930535
.1554240501961946
.019404495613925744
9999999999984892e-28
.20040471162350287
.20040471162350287
.1554240501961946
.1554240501961946
.2206064265412747
.2206064265412747
.2206064265412747
.2206064265412747
