3.050742233796866
.013530605796278596
.0009176350661018882
4784542371130226e-20
206159682371761e-26
.003500980315667354
6.464574181786907
.75951881124705
.04478258681655294
.010943641917228745
.07109656829814841
.7012565148598727
.6643570693264937
.05440581825473655
.0008440863280925012
.003883945508993734
.0004139524098724214
.002194393558470768
.07057977165716212
.004727047758814008
.0021138807392806973
.0018164978048140705
414558375214771e-19
.0018926866483880438
.05524662363099326
3.9323357701318518
6037222159101837e-21
.005706947128914051
.005746158063363276
.0058041332367452115
1268384927831824e-21
.00017294424879598966
.013769590467776805
.0012382189884831162
.010055778336827241
3130233755430094e-21
.0022865487994680866
.002666928203780193
5065131819473616e-20
.005028588455092597
4700939292252102e-21
.005802410282812012
.005802015045929495
.021193832009583875
.0005582727754636572
.10845705141073163
.007404830252968507
.000466066262477719
.021003596824872607
.07066408744721253
2678424762717985e-21
.11351882705059149
1963027400506558e-20
8.532833249832152
8.133185510838292
1.139461804332156
.006596891780697982
.0005915703065483175
.0006543550804010761
.18188933592747886
.11111349869432277
9.32343688270845
7.400380205047532
2.6207383255024124
.0016162257508085475
.0003102264044680882
.0013578040860538728
.006016422364431598
.007508191624160612
3.6284441646525183
.0008543810023604763
9.32343688270845
3.2483060933899885
9.32343688270845
8.622264041794415
.0014503241566169852
.00959951472733789
.0001428901632667717
2.115032596491635
.00022988501957563724
.0020386550260335363
.010695732600719939
52255495626363925e-21
.7114270127561182
.021005661024066934
17445870409129412e-21
.00022675888421772313
.3756463821695689
.3512656434649095
2.504047643608951
.00012752367319137262
.0003746606687979571
.6327523467641181
.7376232659803301
.1286519684565088
.0002353471941305055
.15605964904207895
1.1497157202077426
.9969329625747847
.0706226537817958
1.2370298747918826
1.8935365885688693
.01665939813098641
.022141054257607026
8260467095367834e-20
.00011991670911540193
3.5849734392184875
4.374887874162744
.4580090214254532
.003326905056877268
.00013193882323179256
18664649796600705e-22
43988094296073465e-24
.050811839326447
.015156781451088506
.0005091526164024902
.341382540532536
27986434730268063e-21
.00018196210152532748
.024317392425858467
7731805422263814e-22
0
0
0
0
0
0
0
0
0
0
0
0
0
0
0
0
0
0
0
.10322990279330137
0
0
0
0
.2347390556929434
1232.4646031281716
.004414780193751105
.10099320045545788
.017063577013763105
.21272801359497026
.018637577740647157
.4010799438133471
.012641524440384667
.3465435091506182
.004719909402572532
2.1787346191329817
2.2794784520396463
.0019394743061486074
.004789848098935451
.4962822273720612
.33837560226954283
.17742510672015527
.2978477058690376
.01881618547327585
.01881618547327585
.0473238741783219
3399310382760896e-25
.01881618547327585
.01881618547327585
.01881618547327585
.01881618547327585
.01881618547327585
.01881618547327585
.01881618547327585
.01881618547327585
.01881618547327585
.01881618547327585
.01881618547327585
.01881618547327585
.01881618547327585
.01881618547327585
.01881618547327585
.01881618547327585
.01881618547327585
.01881618547327585
.01881618547327585
.01881618547327585
.01881618547327585
.01881618547327585
.01881618547327585
.01881618547327585
.01881618547327585
.01881618547327585
.01881618547327585
.01881618547327585
.01881618547327585
.01881618547327585
.01881618547327585
.01881618547327585
.01881618547327585
.01881618547327585
.01881618547327585
.01881618547327585
.01881618547327585
.01881618547327585
.01881618547327585
.01881618547327585
.01881618547327585
.01881618547327585
.01881618547327585
.01881618547327585
.10877016065627572
2018107600265253e-20
.01881618547327585
2018107600265253e-20
.1166030418733558
.07370686646681239
.01881618547327585
.01881618547327585
.0003182574649439666
.01881618547327585
.01881618547327585
.01881618547327585
.01881618547327585
.01881618547327585
.01881618547327585
.01881618547327585
.01881618547327585
.01881618547327585
.01881618547327585
.015442504894264235
.01881618547327585
.01881618547327585
.01881618547327585
.01881618547327585
.01881618547327585
.01881618547327585
.01881618547327585
.01881618547327585
.01881618547327585
.01881618547327585
.01881618547327585
.01881618547327585
.01881618547327585
.01881618547327585
.01881618547327585
.01881618547327585
.01881618547327585
.01881618547327585
.10877016065627572
.10877016065627572
.1166030418733558
.01881618547327585
.01881618547327585
.01881618547327585
.01881618547327585
.1166030418733558
.0012183643701776342
.12032222870096643
.01881618547327585
.10877016065627572
.01881618547327585
.01881618547327585
.01881618547327585
.01881618547327585
.01881618547327585
.0003182574649439666
.01881618547327585
.01881618547327585
.10865404336918494
.01881618547327585
.0473238741783219
.01881618547327585
.01881618547327585
2018107600265253e-20
.01881618547327585
.01881618547327585
.01881618547327585
.09491900597502322
.01881618547327585
.01881618547327585
.01881618547327585
.01881618547327585
.01881618547327585
.01881618547327585
.01881618547327585
.01881618547327585
.01881618547327585
.01881618547327585
.01881618547327585
.01881618547327585
.01881618547327585
.01881618547327585
.01881618547327585
.01881618547327585
.01881618547327585
.01881618547327585
.01881618547327585
.01881618547327585
.01881618547327585
.01881618547327585
.01881618547327585
.09491900597502322
.01881618547327585
.01881618547327585
.01881618547327585
.01881618547327585
.01881618547327585
.01881618547327585
.01881618547327585
.01881618547327585
.01881618547327585
.01881618547327585
.0473238741783219
.12012823649868343
.015442504894264235
.01881618547327585
9999999999969493e-28
.1205841350291966
.1205841350291966
.015442504894264235
.015442504894264235
.0473238741783219
.0473238741783219
.0473238741783219
.0473238741783219
