3.024533026542423
.014139249331933366
.0009486205839306779
5047159617618086e-20
16858937142367254e-28
.0035823387367284795
6.471769694449869
.7594758011820539
.04524002991078505
.01118305799250241
.07112797633239204
.7018775949369994
.6647439681044596
.05445145364123444
.0008447975315709596
.004005236815010121
.00042650339009864914
.0022200387732374638
.07061867040098894
.004724855525338996
.0021129969240636314
.0018544047804186596
42268739685285735e-21
.001915732317276422
.05640737372892208
3.968403201561486
6136213985329213e-21
.0057119306143220494
.005749812093184225
.00580707439848523
1269009713242593e-21
.00017303492669469998
.013776810529593462
.0012388719926441202
.01006105076400476
31326263738804524e-22
.002285628130682149
.0026683375589114447
5069077477421443e-20
.005031348490751515
47019444370046155e-22
.005805341963183713
.005804939048268688
.021199043917684745
.0005549224093424718
.10852023630674494
.007407674066737659
.00046735782936501623
.021081194121362546
.07261802890181349
29525009931489383e-22
.11912196697428623
21648136938793343e-21
8.58563670054062
8.18725640127651
1.143664275332831
.006600908476049843
.0006391781123843302
.0007070326913253492
.18268375869649425
.11150087843203547
9.672892979434359
7.667932049650138
2.7143860502244785
.0016332128079326908
.0003142263787754303
.00135843145471745
.006023039979726898
.007885499961493257
3.6641131715984856
.000863868169645096
9.672892979434359
3.2500496570402686
9.503789423075713
8.953128481485509
.0014511502608237474
.009604510352451528
.0001501412334435504
2.115604228699157
.0002326072265194878
.0020634422707768757
.010701023001832833
5396377284537302e-20
.7194704659738275
.022412514338882653
17596705991712996e-21
.0002401914710886461
.38347725410303857
.35865504746406685
2.524121901063917
.00012714137394749173
.00037078296954214053
.6325736258443484
.7431883817394754
.12893790152429063
.00025236838863439625
.15873030426266854
1.16200171620228
1.0070416873394852
.07174073817679902
1.2427946945511348
1.8952682479826155
.016755011043670606
.022286462214389697
8942997723045591e-20
.00011989284561399676
3.595586006436951
4.402654667293718
.4597711303836881
.0034445341821975066
.00013405943006929264
18994670219860424e-22
49296811244144545e-24
.051276732350400124
.015284984152369816
.0005182658415463828
.3428541956140999
28206109517156917e-21
.0001839508372760222
.024536286741251922
7860094698971646e-22
0
0
0
0
0
0
0
0
0
0
0
0
0
0
0
0
0
0
0
.10792609869085346
0
0
0
0
.24546475994368913
1233.1108108836393
.00441709495816109
.1010461533672236
.017072523814972915
.21283955147755237
.01928011492139278
.40419677259219583
.01318822973598182
.3482635150408499
.004783616239013276
2.1964859214890367
2.298514997313531
.002013846502221805
.0049741902161063575
.5029852528963372
.3426936198120979
.17938649989598018
.3011336862964303
.018826051204876005
.018826051204876005
.04858045258888702
2688438304865593e-25
.018826051204876005
.018826051204876005
.018826051204876005
.018826051204876005
.018826051204876005
.018826051204876005
.018826051204876005
.018826051204876005
.018826051204876005
.018826051204876005
.018826051204876005
.018826051204876005
.018826051204876005
.018826051204876005
.018826051204876005
.018826051204876005
.018826051204876005
.018826051204876005
.018826051204876005
.018826051204876005
.018826051204876005
.018826051204876005
.018826051204876005
.018826051204876005
.018826051204876005
.018826051204876005
.018826051204876005
.018826051204876005
.018826051204876005
.018826051204876005
.018826051204876005
.018826051204876005
.018826051204876005
.018826051204876005
.018826051204876005
.018826051204876005
.018826051204876005
.018826051204876005
.018826051204876005
.018826051204876005
.018826051204876005
.018826051204876005
.018826051204876005
.018826051204876005
.1102049223297141
22264387559550332e-21
.018826051204876005
22264387559550332e-21
.11736956844047974
.073900299694916
.018826051204876005
.018826051204876005
.00034388075879173774
.018826051204876005
.018826051204876005
.018826051204876005
.018826051204876005
.018826051204876005
.018826051204876005
.018826051204876005
.018826051204876005
.018826051204876005
.018826051204876005
.016061300056909932
.018826051204876005
.018826051204876005
.018826051204876005
.018826051204876005
.018826051204876005
.018826051204876005
.018826051204876005
.018826051204876005
.018826051204876005
.018826051204876005
.018826051204876005
.018826051204876005
.018826051204876005
.018826051204876005
.018826051204876005
.018826051204876005
.018826051204876005
.018826051204876005
.1102049223297141
.1102049223297141
.11736956844047974
.018826051204876005
.018826051204876005
.018826051204876005
.018826051204876005
.11736956844047974
.0013003238752234646
.12143104768807345
.018826051204876005
.1102049223297141
.018826051204876005
.018826051204876005
.018826051204876005
.018826051204876005
.018826051204876005
.00034388075879173774
.018826051204876005
.018826051204876005
.10922508590590772
.018826051204876005
.04858045258888702
.018826051204876005
.018826051204876005
22264387559550332e-21
.018826051204876005
.018826051204876005
.018826051204876005
.09529290322811874
.018826051204876005
.018826051204876005
.018826051204876005
.018826051204876005
.018826051204876005
.018826051204876005
.018826051204876005
.018826051204876005
.018826051204876005
.018826051204876005
.018826051204876005
.018826051204876005
.018826051204876005
.018826051204876005
.018826051204876005
.018826051204876005
.018826051204876005
.018826051204876005
.018826051204876005
.018826051204876005
.018826051204876005
.018826051204876005
.018826051204876005
.09529290322811874
.018826051204876005
.018826051204876005
.018826051204876005
.018826051204876005
.018826051204876005
.018826051204876005
.018826051204876005
.018826051204876005
.018826051204876005
.018826051204876005
.04858045258888702
.12107649864600846
.016061300056909932
.018826051204876005
9999999999969756e-28
.1216315939259183
.1216315939259183
.016061300056909932
.016061300056909932
.04858045258888702
.04858045258888702
.04858045258888702
.04858045258888702
