1.4973891048892332
.7716730126601639
.012626185219450982
.002361053697331153
424452614468511e-20
.03144945697022968
7.265611126527401
.6987627104570354
.058965424384573785
.07285135457011488
.06697620938039955
4.477583449427376
.7568145541744842
.3281160590637045
.0048516832746273286
2.699857325160653
.340207726104597
.0032466787305561085
.06913256348049118
.004515375129060444
.0019853751055394016
.010175652552074758
.00019334158613242878
.0028919646153352484
.2954005345842234
16.8184350782367
.0001559389816188884
.005614313383205806
.0064017115924803365
.005854764144088501
12327989020685014e-22
.00017921799140932696
.013215550860549843
.0012919047883620635
.010727527419838736
18966645095937593e-21
.002397796319159062
.002614822514365789
.0002915293075299945
.005157254113404638
28550956792133484e-21
.005855011318238487
.006038853201349788
.02000088290983126
.000349672989358617
.11252081212571036
.007695613546914564
.0007149697788375436
.04360747446300063
.2526248575058808
.001191566571847172
.5811223787107674
.009176427816062614
11.930221615531671
11.01716129615403
1.3284944158791903
.006595946250265999
.06368726824751292
.07092959795989141
.2254794434230869
.11892156221196522
30.034811934810225
23.573739699511204
7.700014096372269
.0024525489377314183
.0004982890850705581
.0014287090989229536
.006427391890722787
3.325055437838016
7.719533040539671
.020250867614925724
21.9671928141007
3.3199954218398204
10.119226077266479
20.629506709023932
.0013782103119896524
.009237180648553854
.0006655595656870597
2.246273906693909
.00029558777503573523
.00260278198289151
.010399866590831764
.00039278093274102837
.9215521877650072
.7335055426504306
22699692456919262e-21
.009165542277769407
.8686361460250527
.7738543174804967
3.534100547186121
.00014283760275851017
6316309225731765e-20
.5998243881833486
.7547471797857607
.07477629799463155
.010197808889197801
.2731570883714815
1.570236767115473
1.4753574090711994
2.0845494280150505
1.6131045063055092
2.0035531973673457
.024535287511644226
.031043096024647
.009704417205792204
.00016548468612950293
6.307060494536658
6.049681493278434
.5534006627779277
.016596407389977644
.004340892195674154
6534703997626116e-20
.0004830455080518467
.07958482106375135
.020790931510911933
.0008718708907148674
.47245534030003006
41838111360118685e-21
.0002513512674221286
.03642078779845129
22915726705555598e-21
0
0
0
0
0
0
0
0
0
0
0
0
0
0
0
0
0
0
0
.722760629905165
0
0
0
0
.5595807654356799
1242.9934828423504
.004694636703389789
.10131135984112168
.01993826280606338
.22418206384180656
.10934035700746571
.6363075657809523
.13816295652163924
.37535112591589015
.006483540750567188
2.919372600655631
3.2765247303692084
.01927775414532117
.042345500888621435
.8025979829372694
.5936413651167226
.22524181730541448
.4036447994346435
.0194099241900352
.0194099241900352
.22371344647834626
4969371473635509e-20
.0194099241900352
.0194099241900352
.0194099241900352
.0194099241900352
.0194099241900352
.0194099241900352
.0194099241900352
.0194099241900352
.0194099241900352
.0194099241900352
.0194099241900352
.0194099241900352
.0194099241900352
.0194099241900352
.0194099241900352
.0194099241900352
.0194099241900352
.0194099241900352
.0194099241900352
.0194099241900352
.0194099241900352
.0194099241900352
.0194099241900352
.0194099241900352
.0194099241900352
.0194099241900352
.0194099241900352
.0194099241900352
.0194099241900352
.0194099241900352
.0194099241900352
.0194099241900352
.0194099241900352
.0194099241900352
.0194099241900352
.0194099241900352
.0194099241900352
.0194099241900352
.0194099241900352
.0194099241900352
.0194099241900352
.0194099241900352
.0194099241900352
.0194099241900352
.2364918011919121
.010016670321081013
.0194099241900352
.010016670321081013
.17193450879476427
.08609327275911666
.0194099241900352
.0194099241900352
.033587233576849604
.0194099241900352
.0194099241900352
.0194099241900352
.0194099241900352
.0194099241900352
.0194099241900352
.0194099241900352
.0194099241900352
.0194099241900352
.0194099241900352
.15871897404079294
.0194099241900352
.0194099241900352
.0194099241900352
.0194099241900352
.0194099241900352
.0194099241900352
.0194099241900352
.0194099241900352
.0194099241900352
.0194099241900352
.0194099241900352
.0194099241900352
.0194099241900352
.0194099241900352
.0194099241900352
.0194099241900352
.0194099241900352
.0194099241900352
.2364918011919121
.2364918011919121
.17193450879476427
.0194099241900352
.0194099241900352
.0194099241900352
.0194099241900352
.17193450879476427
.05917813295949689
.2072336637086671
.0194099241900352
.2364918011919121
.0194099241900352
.0194099241900352
.0194099241900352
.0194099241900352
.0194099241900352
.033587233576849604
.0194099241900352
.0194099241900352
.14824103228046048
.0194099241900352
.22371344647834626
.0194099241900352
.0194099241900352
.010016670321081013
.0194099241900352
.0194099241900352
.0194099241900352
.11982435094731296
.0194099241900352
.0194099241900352
.0194099241900352
.0194099241900352
.0194099241900352
.0194099241900352
.0194099241900352
.0194099241900352
.0194099241900352
.0194099241900352
.0194099241900352
.0194099241900352
.0194099241900352
.0194099241900352
.0194099241900352
.0194099241900352
.0194099241900352
.0194099241900352
.0194099241900352
.0194099241900352
.0194099241900352
.0194099241900352
.0194099241900352
.11982435094731296
.0194099241900352
.0194099241900352
.0194099241900352
.0194099241900352
.0194099241900352
.0194099241900352
.0194099241900352
.0194099241900352
.0194099241900352
.0194099241900352
.22371344647834626
.19143833431999457
.15871897404079294
.0194099241900352
9999999999985023e-28
.20133179110249708
.20133179110249708
.15871897404079294
.15871897404079294
.22371344647834626
.22371344647834626
.22371344647834626
.22371344647834626
