1.5111607537495713
.7195036699770369
.012009740035741965
.0022178053108471035
36156395717274046e-22
.02996512626759395
7.2622434511830285
.6993298719538287
.059071754946920525
.07126450798946604
.06698136077230085
4.351686058739367
.7565285707075011
.31894977564205057
.004726255572599371
2.5968869843154687
.3264116400244955
.003241385391352773
.06911305514847894
.004517084073326407
.001986096840574628
.00997245881593077
.0001895867059221166
.002890989519009177
.2891074577056334
16.899877729576595
.00015419447613136285
.0056121256829451075
.006399513575917575
.005853300712596954
12324330593466296e-22
.00017916863585945485
.013211911190174477
.0012915466888987607
.010724573126312507
18433929273896007e-21
.002401134693995857
.0026140950824906648
.00028385732899653774
.0051557609302856
2774739224059817e-20
.005853199433022082
.006009808988328003
.02003612766777353
.00035204342482263407
.1124841491903536
.0076956538329029985
.000711363031547613
.04321247008507538
.24817128953057296
.0011268632589159294
.5798283859288282
.008688281255844331
11.893942825233601
10.995118029388765
1.32746626494884
.006593903805516249
.06113645296771736
.06808258721873195
.22527852336630366
.11883676626701196
29.851189950005715
23.38933434327163
7.668871113023744
.0024498346549931427
.0004955745024757244
.0014297270950630538
.006407907186960843
3.164926699672187
7.669235195865185
.019872661975287136
21.96102497109692
3.3190626053038264
10.10832167083355
20.62418701702666
.0013777892737951727
.009237075394713839
.0006653881190922322
2.2460998126993927
.0002950938622182894
.0025982662158150023
.010397425737915533
.000384728570296427
.9214534860093679
.7230304153525463
22624882898952806e-21
.00900157970481471
.864543640849204
.771074342059413
3.526527239778685
.00014211748577517823
64324566904919e-18
.5991912447862806
.7551680615464701
.07536729100875088
.009868356257543297
.2722728400055714
1.568634416036742
1.4725776580188452
2.050701267515086
1.6112393697122365
2.0029057921444617
.02444308286635024
.03085201404810629
.0093134851433909
.0001651805523666285
6.274720442532726
6.03243073152396
.5530996238787803
.01639218945261048
.00425908803518178
6412024186618809e-20
.0004502111737154091
.07901471597468158
.020748234335295736
.0008696358070342417
.47146825963601874
4157451030126388e-20
.0002513535056179332
.036341067088568234
2254770073283078e-20
0
0
0
0
0
0
0
0
0
0
0
0
0
0
0
0
0
0
0
.711982625483408
0
0
0
0
.5580104662675394
1242.6511685912033
.004693343823684697
.10128345919421128
.0199327719072004
.22412032521134395
.10775664989526226
.6337814146733675
.13531368983597242
.37492741448859673
.006478205565508105
2.917604678598393
3.2708172406119203
.018932539373326847
.04157934217060562
.8004145203638954
.5921505154216911
.2249887621353025
.4031832202847471
.019404578793011284
.019404578793011284
.22065366093567795
4450976180874075e-20
.019404578793011284
.019404578793011284
.019404578793011284
.019404578793011284
.019404578793011284
.019404578793011284
.019404578793011284
.019404578793011284
.019404578793011284
.019404578793011284
.019404578793011284
.019404578793011284
.019404578793011284
.019404578793011284
.019404578793011284
.019404578793011284
.019404578793011284
.019404578793011284
.019404578793011284
.019404578793011284
.019404578793011284
.019404578793011284
.019404578793011284
.019404578793011284
.019404578793011284
.019404578793011284
.019404578793011284
.019404578793011284
.019404578793011284
.019404578793011284
.019404578793011284
.019404578793011284
.019404578793011284
.019404578793011284
.019404578793011284
.019404578793011284
.019404578793011284
.019404578793011284
.019404578793011284
.019404578793011284
.019404578793011284
.019404578793011284
.019404578793011284
.019404578793011284
.23486895390208967
.00947980829969764
.019404578793011284
.00947980829969764
.17134357123103455
.08597478973100803
.019404578793011284
.019404578793011284
.032227853049297366
.019404578793011284
.019404578793011284
.019404578793011284
.019404578793011284
.019404578793011284
.019404578793011284
.019404578793011284
.019404578793011284
.019404578793011284
.019404578793011284
.15547387416241415
.019404578793011284
.019404578793011284
.019404578793011284
.019404578793011284
.019404578793011284
.019404578793011284
.019404578793011284
.019404578793011284
.019404578793011284
.019404578793011284
.019404578793011284
.019404578793011284
.019404578793011284
.019404578793011284
.019404578793011284
.019404578793011284
.019404578793011284
.019404578793011284
.23486895390208967
.23486895390208967
.17134357123103455
.019404578793011284
.019404578793011284
.019404578793011284
.019404578793011284
.17134357123103455
.05717535616278299
.2062371849530461
.019404578793011284
.23486895390208967
.019404578793011284
.019404578793011284
.019404578793011284
.019404578793011284
.019404578793011284
.032227853049297366
.019404578793011284
.019404578793011284
.14783328937878384
.019404578793011284
.22065366093567795
.019404578793011284
.019404578793011284
.00947980829969764
.019404578793011284
.019404578793011284
.019404578793011284
.1195770796023797
.019404578793011284
.019404578793011284
.019404578793011284
.019404578793011284
.019404578793011284
.019404578793011284
.019404578793011284
.019404578793011284
.019404578793011284
.019404578793011284
.019404578793011284
.019404578793011284
.019404578793011284
.019404578793011284
.019404578793011284
.019404578793011284
.019404578793011284
.019404578793011284
.019404578793011284
.019404578793011284
.019404578793011284
.019404578793011284
.019404578793011284
.1195770796023797
.019404578793011284
.019404578793011284
.019404578793011284
.019404578793011284
.019404578793011284
.019404578793011284
.019404578793011284
.019404578793011284
.019404578793011284
.019404578793011284
.22065366093567795
.1906490394708054
.15547387416241415
.019404578793011284
9999999999984886e-28
.2004188857472656
.2004188857472656
.15547387416241415
.15547387416241415
.22065366093567795
.22065366093567795
.22065366093567795
.22065366093567795
