2.9839305090138897
.00846495837487521
.00036456651046935833
1949454667608371e-20
8741100365916014e-28
.0012296287262528118
6.8516084751734025
.7224195402054739
.04789988710391393
.02135677447650056
.06575165074120407
.7622354276381678
.7308911753331311
.05626753952275436
.0008890138690722967
.004914455937059771
.0005870974090617245
.002253676611009111
.06700227542594589
.004660675518663841
.002046302269429528
.002983839731068483
58147956438955336e-21
.0020405690200240027
.08261624809934653
3.788377946474531
55210748182383046e-22
.005349752984573461
.006168999484602409
.005693752568065156
1199638006246342e-21
.00017396814073880745
.012828406837886741
.0012538256651302255
.010413285145485875
32480054827764317e-22
.0025664799542668617
.002537482457513341
527270138984852e-19
.004998654988085052
5032871264493545e-21
.005692146653699874
.005691734602416685
.02013320020593652
.0005770391663006539
.10878683814481278
.007561656181900619
.0004252678323151863
.02399107151881472
.0621282716103881
30783076164800533e-22
.15521141476739622
2502981572349847e-20
8.545281569669768
8.249532616835328
1.1516778055640389
.006359999364782515
.0007464037325668997
.0008287248556480074
.1906571577038739
.10421230914488931
10.214259879814804
8.10248772579144
2.8639841265312476
.001823655163045231
.0003182854084839145
.0013962409581834494
.00589424954920579
.007578181891191082
3.48838564478732
.0008005365873769988
10.214259879814804
3.2204890181669614
9.6759616355403
9.482601864309807
.0013355708745020367
.009040466522084177
.00018514185596421901
2.208394687867246
.00020255816003649868
.0017677540386643016
.010125196804901926
832613175888838e-19
.6957688000507318
.05070883750039972
14668286759266639e-21
.0006111241529175667
.3976396455050039
.36749333101685483
2.5937649718817326
.0001150567591804585
.00041831722587923066
.5737661787368951
.7142760573364432
.12160022850414587
.000259569199888048
.15670689380127004
1.1791710718574768
1.0361737982980694
.06800240669624906
1.3092235283599913
1.9251304352465561
.01783155375287449
.01926159096209753
.00010389933435540354
.0001277912634749571
3.7190952984463825
4.3690958634331425
.4761974073933653
.003330498767425924
.00011915818186579938
16841534269412473e-22
50790072988499305e-24
.044262653660306295
.015278676947934586
.0005055884235234269
.37463975985770787
2485661530762703e-20
.00019449976849677272
.02620292476285799
7443617343271757e-22
0
0
0
0
0
0
0
0
0
0
0
0
0
0
0
0
0
0
0
.06852925386322198
0
0
0
0
.2417916200233954
1206.582207994814
.004557115702937257
.09834362443520675
.019354206994802087
.21761505053473254
.019938173779075512
.40933853293487976
.013920208897648863
.3309061277253774
.00475981340028053
2.1722838118296854
2.2927887136467255
.002466683682688489
.005340849234310821
.4939734344958834
.3775133022220243
.16713275745332784
.2983163226478639
.01884134511523819
.01884134511523819
.05059373888647086
3432240418821589e-25
.01884134511523819
.01884134511523819
.01884134511523819
.01884134511523819
.01884134511523819
.01884134511523819
.01884134511523819
.01884134511523819
.01884134511523819
.01884134511523819
.01884134511523819
.01884134511523819
.01884134511523819
.01884134511523819
.01884134511523819
.01884134511523819
.01884134511523819
.01884134511523819
.01884134511523819
.01884134511523819
.01884134511523819
.01884134511523819
.01884134511523819
.01884134511523819
.01884134511523819
.01884134511523819
.01884134511523819
.01884134511523819
.01884134511523819
.01884134511523819
.01884134511523819
.01884134511523819
.01884134511523819
.01884134511523819
.01884134511523819
.01884134511523819
.01884134511523819
.01884134511523819
.01884134511523819
.01884134511523819
.01884134511523819
.01884134511523819
.01884134511523819
.01884134511523819
.11246511034964249
26222392580221407e-21
.01884134511523819
26222392580221407e-21
.11856701205713037
.07420096351155972
.01884134511523819
.01884134511523819
.00038859192575416395
.01884134511523819
.01884134511523819
.01884134511523819
.01884134511523819
.01884134511523819
.01884134511523819
.01884134511523819
.01884134511523819
.01884134511523819
.01884134511523819
.017070288296750315
.01884134511523819
.01884134511523819
.01884134511523819
.01884134511523819
.01884134511523819
.01884134511523819
.01884134511523819
.01884134511523819
.01884134511523819
.01884134511523819
.01884134511523819
.01884134511523819
.01884134511523819
.01884134511523819
.01884134511523819
.01884134511523819
.01884134511523819
.01884134511523819
.11246511034964249
.11246511034964249
.11856701205713037
.01884134511523819
.01884134511523819
.01884134511523819
.01884134511523819
.11856701205713037
.0014395377338152651
.12316901585483907
.01884134511523819
.11246511034964249
.01884134511523819
.01884134511523819
.01884134511523819
.01884134511523819
.01884134511523819
.00038859192575416395
.01884134511523819
.01884134511523819
.11011566022412822
.01884134511523819
.05059373888647086
.01884134511523819
.01884134511523819
26222392580221407e-21
.01884134511523819
.01884134511523819
.01884134511523819
.0958750440760945
.01884134511523819
.01884134511523819
.01884134511523819
.01884134511523819
.01884134511523819
.01884134511523819
.01884134511523819
.01884134511523819
.01884134511523819
.01884134511523819
.01884134511523819
.01884134511523819
.01884134511523819
.01884134511523819
.01884134511523819
.01884134511523819
.01884134511523819
.01884134511523819
.01884134511523819
.01884134511523819
.01884134511523819
.01884134511523819
.01884134511523819
.0958750440760945
.01884134511523819
.01884134511523819
.01884134511523819
.01884134511523819
.01884134511523819
.01884134511523819
.01884134511523819
.01884134511523819
.01884134511523819
.01884134511523819
.05059373888647086
.12256032383140233
.017070288296750315
.01884134511523819
9999999999970164e-28
.1232722870839841
.1232722870839841
.017070288296750315
.017070288296750315
.05059373888647086
.05059373888647086
.05059373888647086
.05059373888647086
