3.023819245370138
.007827713685512069
.000341033370166479
1769366594355178e-20
59636888075031e-26
.0011699291791583254
6.839150906033689
.7224874380610493
.0472226251399165
.020849148142606647
.06570823939949727
.7608701456923785
.7302351619222694
.05617165134734047
.000887504430692666
.004509568005075776
.000539116909201454
.0022160061449462472
.06694591735382606
.004663818604653075
.0020476091047467743
.0029086657297690303
567459700155114e-19
.0020059812819337385
.08049565817328984
3.7234823657085068
53644950931984225e-22
.005341910309074709
.006163087847689356
.005689373317730255
11987420983865628e-22
.00017382940923761056
.012818176262444133
.0012528202375944307
.010404981041932373
32428491595643342e-22
.002568002412328374
.002535441346849309
5264253368571576e-20
.0049944697128573795
502909776865697e-20
.005687780077201572
.0056873798077935805
.020122080835243396
.000582388454733591
.10868955498313981
.007556993584315743
.00042337115005717146
.02386323480723874
.05965545342847643
26265279986101313e-22
.1445765412304153
21357908296063337e-21
8.466246449852608
8.171350892999468
1.145544906675149
.006354109902420262
.0006623120231907447
.0007354015437806719
.189466533420566
.10370108580020782
9.682410061731488
7.69276827288372
2.7220570702799405
.0017972788408795975
.00031254232681089894
.0013951255018693804
.005885575843197054
.007003497390608158
3.4252883664759595
.0007842603722651184
9.682410061731488
3.2178641506696843
9.67451178304791
8.977577512716316
.0013344177016541047
.009033241002051023
.00017208167538931157
2.2073858111497495
.00019905423735088688
.0017366797705188923
.010117587114089433
7983195963948794e-20
.6852944237228523
.046584566446131015
14464804507957088e-21
.0005668461046409198
.3860482959118117
.35657628970551947
2.5566877125390777
.00011550951705127283
.00042368239604681274
.5736694969816428
.7078519675545422
.12147474001820714
.0002334266601908293
.15305175000871984
1.1614620115190524
1.0211062523869299
.06614197877633447
1.2994336206243005
1.9225047066293792
.017671052108676807
.019047882944770576
9196312100741031e-20
.0001278852773424129
3.701455265417658
4.32758756296459
.47360677164806997
.003162553955856331
.00011578575495328255
16341536702651315e-22
42092473123610277e-24
.04364734720937545
.015084035548048911
.0004926795939389704
.3721948846549516
24534623026571336e-21
.00019162252609663893
.025842239712376237
723217915344861e-21
0
0
0
0
0
0
0
0
0
0
0
0
0
0
0
0
0
0
0
.06246332245539105
0
0
0
0
.22566630917058128
1205.6200110624288
.004553481600991416
.09826519966387812
.019338772854902004
.21744151197873698
.018949678267481566
.4046958348936452
.013059589413458793
.32887866663737814
.004630523890359632
2.1453465086816856
2.263768621719973
.002330152656564882
.00504387818070527
.48433660968143455
.37054432589711056
.16463800462481734
.2938214901518957
.018826319960423398
.018826319960423398
.04861537104906734
2503200857431065e-25
.018826319960423398
.018826319960423398
.018826319960423398
.018826319960423398
.018826319960423398
.018826319960423398
.018826319960423398
.018826319960423398
.018826319960423398
.018826319960423398
.018826319960423398
.018826319960423398
.018826319960423398
.018826319960423398
.018826319960423398
.018826319960423398
.018826319960423398
.018826319960423398
.018826319960423398
.018826319960423398
.018826319960423398
.018826319960423398
.018826319960423398
.018826319960423398
.018826319960423398
.018826319960423398
.018826319960423398
.018826319960423398
.018826319960423398
.018826319960423398
.018826319960423398
.018826319960423398
.018826319960423398
.018826319960423398
.018826319960423398
.018826319960423398
.018826319960423398
.018826319960423398
.018826319960423398
.018826319960423398
.018826319960423398
.018826319960423398
.018826319960423398
.018826319960423398
.11024428933794767
22359538781731144e-21
.018826319960423398
22359538781731144e-21
.11739051614735385
.07390557477500939
.018826319960423398
.018826319960423398
.00034478547768320437
.018826319960423398
.018826319960423398
.018826319960423398
.018826319960423398
.018826319960423398
.018826319960423398
.018826319960423398
.018826319960423398
.018826319960423398
.018826319960423398
.01607893059484566
.018826319960423398
.018826319960423398
.018826319960423398
.018826319960423398
.018826319960423398
.018826319960423398
.018826319960423398
.018826319960423398
.018826319960423398
.018826319960423398
.018826319960423398
.018826319960423398
.018826319960423398
.018826319960423398
.018826319960423398
.018826319960423398
.018826319960423398
.018826319960423398
.11024428933794767
.11024428933794767
.11739051614735385
.018826319960423398
.018826319960423398
.018826319960423398
.018826319960423398
.11739051614735385
.001302946139568528
.12146139512616427
.018826319960423398
.11024428933794767
.018826319960423398
.018826319960423398
.018826319960423398
.018826319960423398
.018826319960423398
.00034478547768320437
.018826319960423398
.018826319960423398
.10924068025341056
.018826319960423398
.04861537104906734
.018826319960423398
.018826319960423398
22359538781731144e-21
.018826319960423398
.018826319960423398
.018826319960423398
.09530310669918199
.018826319960423398
.018826319960423398
.018826319960423398
.018826319960423398
.018826319960423398
.018826319960423398
.018826319960423398
.018826319960423398
.018826319960423398
.018826319960423398
.018826319960423398
.018826319960423398
.018826319960423398
.018826319960423398
.018826319960423398
.018826319960423398
.018826319960423398
.018826319960423398
.018826319960423398
.018826319960423398
.018826319960423398
.018826319960423398
.018826319960423398
.09530310669918199
.018826319960423398
.018826319960423398
.018826319960423398
.018826319960423398
.018826319960423398
.018826319960423398
.018826319960423398
.018826319960423398
.018826319960423398
.018826319960423398
.04861537104906734
.12110243194785728
.01607893059484566
.018826319960423398
9999999999969764e-28
.12166025312215097
.12166025312215097
.01607893059484566
.01607893059484566
.04861537104906734
.04861537104906734
.04861537104906734
.04861537104906734
