-.21550308126081533
-.0006724608962346333
.00041233228518854824
.001115749978362478
-.01478062803826115
-.00010443608128956812
39270510286038096e-23
-53655271325062726e-21
-2193877202404418e-20
10921991551302052e-22
-.0003217179087850771
-34547313371190515e-22
37133893268569614e-22
-617066385456446e-19
-7646495990241804e-20
-.21770559308107695
-.00011000053786486092
-.00015899871024968088
-.00016268002281670705
-.00015792398455107738
-.00022129153309751145
-.0052084430212783585
2437903540927895e-21
-.002241942820898658
-.06688061761292613
-.00015736994505766584
-.00015566292707016
24204823134194563e-23
-1450118696543506e-20
-25126833975107323e-23
7806667872189715e-24
-9552571119902234e-23
-.00016008203349610146
-.00016177280977112187
3845044490529917e-23
-21264120023828423e-23
2096954370782632e-22
-18105660293830344e-23
-.00015570197588047737
-.00015672982679127654
-.005051183738227092
-.036005515056193635
-.03798409300322536
-.00016223604929074313
-7939089953273586e-22
-.0001581143158179027
-5240294439765884e-22
-.015953254176477517
-.009640777530693966
-.2178360620669792
-9460736802168705e-21
-6146725166777519e-20
-.01690153133232243
.0005485294743626317
-.00022222294609229793
-.00011073977331447443
-.007449864103016204
-.010196091001298696
-5921844730066239e-20
-.0006175776766034662
-.012891918619803449
-.03623326814567577
.008446784581246968
-.00019508791846202585
-.0006881407145173913
-.00011124718008820421
-.00016636242498109223
-.004960946470690214
.00013025457124186832
-.00019690617041602724
-.016857781108313173
-.004933951092636778
-.01725271531089305
-.0005981095127916298
19189208857864302e-23
6571881984964262e-22
19267878089625567e-23
7198244023626338e-20
-3393454252121084e-22
-29130108661128835e-21
-.00016257664146566102
-.00010558748826019488
-.02198586316782313
-.023428494004050532
-14210350316935385e-22
-27184734184715484e-21
.2169724297080325
.005987493131124164
.2649031977363572
-.00013471505026231003
-3776846618582908e-20
-.0029057745351652987
-.14149471782304948
-5866949321531553e-20
-.005976108732809458
-.20474655453310034
-.0003294885855128168
.0003763432201281161
1067690484738457e-20
-.1389231154194138
.03939908322073417
-.002111462924133458
.0037103055735837453
-.005487955251314447
-8009127833759592e-20
-.00420125453604358
.12661770483923662
-.0005913969123379613
-.011394249665123231
-.1393465770717615
-.00016189825165911052
-.24587277314407083
-.04310520648321016
7166126376267883e-20
2644021348415667e-22
-.0077523164591243605
-2422694311218025e-21
-.07176000754552939
.00024810477949102297
2912757677513369e-22
0
0
0
0
0
0
0
0
0
0
0
0
0
0
0
0
0
0
0
-.033986223212267144
0
0
0
0
-.013081953270240334
-.0001566180106282632
-.00016150967357927786
5567554023619478e-22
1952847646300241e-22
-5816149028631031e-28
-.01101323557062222
-.2928054576604796
-.000371347908632169
.0021470983808264147
.5735319279478975
-.0068580840587240365
-.6348774076425765
.0028684509386576757
.008424038162367267
-.005208547387419757
-.01600111628070522
-6581635120167266e-20
-7778302967036706e-20
