40.44707341593874
.16024770435219354
.3174673972508357
11.723564917996363
.389587165146476
5.692153910673617
.21480794620684332
.003055787059219246
.3285877509795556
.029689170287168335
7.749984267406747
.7661878219923742
.5960935498950927
.008445590221576593
7.94000084875731
1.0353731868164715
.004029252945155485
.07546598589250196
.004272163319695146
.0018434071913777975
.03958894151063609
.00014074980877502478
19806647791611212e-21
.28308249479390174
0
0
.005445285216746924
.0063096295369251525
.0059460694174544425
.002189588589633991
.00018477031862279713
.013630294331058276
.0012778291211084534
.010708651528156931
3404488871657896e-20
.0004344146472626617
.0029117781208077157
.00048360777491461223
.005206671459334025
15235374271074454e-21
9.046255824649444
14.010029076496615
.0053463724821897025
5982981278086654e-20
.11943567257798114
.007429053066814526
.007346286916715964
.3868820747688526
0
.45548298372267276
0
3.881408917999221
18.050089091825054
0
0
.007181979614484896
2.8227512297600486
14.641350912032697
0
0
41.6659273348637
27.914680619321373
9.385274067807833
.0024819754927558426
.0006144775289679897
.0013217841745288136
.006376561918672806
0
0
0
24.355823053232513
3.7192480840406117
9.520163040143053
17.920877679327422
.0015745828322914588
.008475993546198027
.00047388298801124526
2.104126667053407
.0004164855923077184
.0037810600316211776
.011783459321661457
.0015824239472729173
.9327385385396462
1.5748261281342888
.00013112269258586942
.02536772268285141
1.388553420086278
1.6204192565507158
3.034517523080787
.0035389286753254806
.00046056078162398965
.6174197771423069
.7677922960682777
0
.44911810360226834
.7444024279516201
2.1354958765563055
2.7244856594690297
0
5.769930003683472
2.0671439642912466
.532332023851011
1.1205410095498092
.9017098759367955
.0008193247540852327
48.89953351433071
8.18219717966631
.4466148908544855
.06834433830139265
0
0
0
5.259527520476336
.010343362675110676
.0005327697432610911
.5193197075230676
.0013163788907291217
.0002253033000156198
.01594249777925012
0
0
0
0
0
0
0
0
0
0
0
0
0
0
0
0
0
0
0
0
1.7654113313991242
0
0
0
0
.6403272597341372
1346.8726965556198
.004626560242703454
.10386920590172678
.01952904944184744
.21933429264495524
.5672763028516277
1.0522700847670488
1.383665534488721
1.418415452691122
.007542095512352022
6.243373823758552
5.851149699290101
.1480882061327628
.3723523233689187
5.130872844945263
3.820013235808774
0
0
.02
.02
1
8
.02
.02
.02
.02
.02
.02
.02
.02
.02
.02
.02
.02
.02
.02
.02
.02
.02
.02
.02
.02
.02
.02
.02
.02
.02
.02
.02
.02
.02
.02
.02
.02
.02
.02
.02
.02
.02
.02
.02
.02
.02
.02
.02
.02
.5
4
.02
4
.25
.1
.02
.02
3
.02
.02
.02
.02
.02
.02
.02
.02
.02
.02
1.5
.02
.02
.02
.02
.02
.02
.02
.02
.02
.02
.02
.02
.02
.02
.02
.02
.02
.02
.5
.5
.25
.02
.02
.02
.02
.25
2.5
.35
.02
.5
.02
.02
.02
.02
.02
3
.02
.02
.2
.02
1
.02
.02
4
.02
.02
.02
.15
.02
.02
.02
.02
.02
.02
.02
.02
.02
.02
.02
.02
.02
.02
.02
.02
.02
.02
.02
.02
.02
.02
.02
.15
.02
.02
.02
.02
.02
.02
.02
.02
.02
.02
1
.3
1.5
.02
1e-12
.33
.33
1.5
1.5
1
1
1
1
