45.474591840413176
.3283395064678023
1.2024487797698276
49.42442350285854
1.3769942871081715
7.61607541669117
.8180853491711714
.19031163581659236
1.3333241887828051
.0819231882702465
21.504267141481666
.7977457923609722
1.576112985450463
.019514204858608195
9.483989601022676
11.710085223199119
.011025409235036622
.0808879748591325
.016562080829347004
.006559258230655276
.04256002166822232
.015221221067358313
.010047092911200197
1.7059273097610104
29.50692295414239
.005049333360664048
.006626820170944572
.0066556441220050454
.006185436851331418
.0050934048528838306
.00018609169684534056
.013793902393179654
.0012941334400456666
.010796929008266686
.00026772464067334505
.004298515742187866
.0029909386999920147
.0024131600504424156
.008450129577790321
.00021758601477830526
17.630825420694407
18.226954473463106
.027594621304651488
.003834260155627522
.1434488297318719
.01030075713669858
.009507298580324692
.5880497903364504
5.245435220434803
5.038713699416773
3.5500636716214053
5.093909357203251
21.77310406556219
20.645321947100932
1.950971795188035
.007808951982464789
9.255923276830472
172.23607444857598
.36224989494380155
.17755234160713387
53.2280371823964
53.17201537574907
18.88368966959425
.005832447999481513
.0022571708813460176
.001614168027740829
.010278826685454278
87.12526264325055
80.14341483682689
.04263250121703492
29.054183561289815
3.753792977059145
105.67112330369937
35.26827247248515
.0016385906297851673
.010587771792583162
.005556563371401355
2.6267703198571395
.0011441741266028425
.01017998661277873
.012132003955713068
.008316871615931063
11.129032193822766
25.258614444361218
.009539212812154018
.05572887919306535
27.910628429529158
128.86739657846636
7.25932875148849
.01599982068469478
.010151227789731536
5.185510392211967
1.6259935410065054
12.85936407059709
10.630864746593126
6.3672092853954165
8.004026694026356
6.569503626378231
3.841482399593207
62.80165213093712
2.200479493445444
7.552324165562574
5.214170177104589
2.6090372472518957
.003243979733843951
61.17943449183295
8.56217770721578
2.008756046842287
.5075572083218114
.01565710530303729
.00017980340850273305
55.50235232219904
104.8617066497783
.09831175304605468
.0035144687697212483
.6204593004280686
.006536557566185123
.0069541442233806644
.19345778494785965
4258943504699643e-20
0
0
0
0
0
0
0
0
0
0
0
0
0
0
0
0
0
0
0
3.294397844048816
0
0
0
0
4.46181093027077
1346.8726965556198
.004626560242703454
.10386920590172678
.01952904944184744
.21933429264495524
.8580207660601495
1.2012006581291503
1.616293220430967
19.33169272473379
.015773219733117707
6.537835487441838
6.150887042907578
.3755210731344386
.8945510443488881
79.7444614282043
91.23293186609294
47.2486696708363
80.48951145156398
3.4131687441924665
1.9739680208295793
1.5095407343235985
1.8476320529357255
2.8110205304650733
1.7938472046056901
2.513666206848288
1.9831169655543743
1.9000261835758603
2.2482824766796496
1.967610135260027
1.9239091650267688
1.4171068167188878
1.9664134572245069
1.6225823641107073
2.682916278567718
2.0069761802565433
2.256683382699056
2.2294464825683327
1.8567696341143778
2.3228517347576787
2.7627836346346006
2.4568834501693786
2.043445937449788
1.701562109910494
2.3996746255341024
.023641004501665945
1.6289624668757305
2.3086649968595325
5.8836136932033405
1.8263126294615175
1.962810709619951
1.3258975449454002
3.037304580148948
1.4655667252261932
1.6672095849671626
3.1465338594472647
1.3184107710582325
2.0792748403144277
1.5885765288375946
2.082121530893827
1.5122070226733246
1.944801279351269
2.5916395879603984
2.037519081214843
2.1365232886703844
1.799317361576062
2.294480763595136
1.6965436823814135
2.240955245817754
2.5831723737170837
3.0037416905563994
2.2598753497914505
2.121875656037833
2.1230603870655416
2.9939158089344335
2.408163763563093
1.0498423438218163
2.7536606405603417
2.775692468768711
2.1292642536942616
1.2010543404090044
1.7419606608891276
1.8040577190153102
1.925546585619784
1.5145078944597756
2.3449841081089544
2.238241983760261
1.926729276929506
1.7174124259746812
2.7637431260133063
2.4855686324211197
2.037881941106378
2.195839230482192
2.4052974252593287
2.092733948990121
2.484065579687305
2.3138805102447795
1.866747574251647
3.1950984320590043
2.195013185703755
1.8103932447256557
1.3417643407378865
1.6204427391025569
1.5377841762534137
.775957524830037
.17977129631153546
1.9579623299505666
.01197768838083581
2.487155176328515
2.2674278736839413
2.5041281845911842
1.880963645482027
.18959921133694063
1.4731949395193207
.20802119253950563
1.1620476131332227
3.056341385315577
1.7360669917003266
1.8152593428840067
1.974100872064753
2.1717447212602248
1.7829201730328428
2.0047139838601664
2.240207460588259
2.3637763628244075
.010068473625063665
1.912286545950351
1.8931786215001034
1.441423935970971
2.3998030337607026
1.8365454663467866
1.4159739995319711
2.371651979928097
1.8834370806068477
1.977340290162696
1.9310385177411815
.7505681955117025
1.688412505105033
4.617199445270814
6.435222875886472
1.503206869714923
2.072614435596688
2.457267678077584
2.620028535082895
2.83785873184084
1.977053485041025
.008789967146714883
1.5874374643312852
1.3872261616846204
2.6965262522477143
2.4216466210676675
1.8507117614422448
1.8829443227605762
2.3561640708386844
1.8942400708908294
2.680530176068142
2.1443951481179204
2.457660166448315
1.8450810158903024
1.5146143671498484
2.2656781011097915
1.3185148031537637
.21274612718304758
2.2580698254308635
5.844496037172081
1.5284064297797608
1.6666994031055562
2.1054446157850317
2.405190124789241
.9895008825136055
1.683016407110024
2.302197932410665
2.218685218926202
2.287849237122411
1.3770739003909365
2.0432186803157575
2.7007525425280936
1.7376190905600823
2.628711991376458
1.4310484262548782
1.2119281782531628
1.5988212072194814
1.9950610766430994
2.3971188449251164
2.2486102633549985
2.8717206656184837
1.289250933385372
2.3656453266881607
2.2326903982390256
2.1650549997025728
2.653688427232139
1.6408746931561675
1.921852742551319
3.0089570591432566
1.8778901001843984
2.103167939998996
.024985105617356528
2.0976232894436144
.059786493865271684
1.8580986597226594
1.8450154628674753
.5564585835918855
1.3810425453322208
2.175452962495717
1.2331682574985843
.046467044670527716
2.0020749308037793
1.1351223996690643
1.6026790594486024
2.2177835079453523
1.921126622314048
1.6508651426098861
2.4333200205237224
3.442517136309046
2.8858461997852753
.6731416286155328
.011514687148998259
1.9615219469895366
2.193802380614961
1.948035742248151
.0485662743413303
2.319413488522931
1.7011134777563253
2.0672865789214923
1.1725727415838174
1.269395355639407
.006169363813808544
.004360436353740187
2.3746725144067913
.5876726694811155
.14392057447526513
.8620327395407024
.20284367683614854
2.1752633823975005
.1113333772193663
.09710434139465043
1.749176904564786
.6119384530496316
8.503557049340271
2.19111302202488
2.3339711911076044
2.2988235305972995
2.359823571682158
2.17173892130464
1.9772813748803426
.12491732456620833
.15746441207790354
1.9658575367047213
3.05941314134051
1.0439112623168572
2.0316286561251893
2.2808735936856164
1.9499119016583106
.010005610254014856
.2855706839336145
2.838118637186162
3.5819294535309454
4.468873354402483
4.023192981186261
2.4219382865864194
.011394241317184707
2.881445055676903
1.2995953956209922
.01463860160561491
.01023754679312208
.16643671630189927
.013490267727734257
1.7920904739341228
2.888972820098997
.01
1.913873155220036
.015284785979143546
.007290853071529654
1.873259471233483
.009033301076043448
.0079824210650927
2.2162125977233473
.007653540144274095
2.3793057936187982
2.1352294230493203
1.6531996648107508
1.6316038791511303
.009370569201250843
2.117618814338611
2.435159980650869
2.4223780428574835
2.440220164866819
2.448276445831607
2.7694702877151394
.01057700379632372
1.4578882294169726
.010901096008311902
.009626277925177396
.010236153056047142
.012678896575675981
.010266798977522104
1.5528149829748834
.09023703376769984
.06378143070480118
.009471160124407463
1.3582383000226066
2.3511927922418945
.09118504009915471
2.0296682149910286
1.4093263989847724
.06313023009654023
2.176619725741396
1.7683775485494027
1.7766642757724724
2.9191763069361243
.00951833348280498
1.6465180524964644
2.4753406726222633
3.3742620182119296
.856770899468213
1.654674520725509
2.2658692109614798
1.5148090353987307
2.2095229838311923
1.769824478082409
1.8418769082573656
2.0714523455079976
.00961250563643576
.22776494951485027
.1939091397254987
1.918133274363193
1.5089889762743465
1.9119215557741833
1.6751497938430875
1.4385944193462237
2.289547338066682
2.002656508696197
1.6569451891873745
2.0687576151871965
2.0713319291745065
1.792523048487527
.0058245966293295785
1.6575566499624592
2.032110343342966
1.8384336597746955
2.0875524652806727
3.2660054530236518
1.7903314779018598
1.942635352946708
1.7386065024129476
2.10223368189255
.1199654447409988
1.8461774851050092
2.2941198060450905
2.3716855770178493
1.6399498387563127
2.461897662133417
1.607807928452236
.25006845413431855
.167013434851412
.12512335020615015
1.754886325628607
2.0561947556676894
1.8906010936521862
2.3194975389452424
1.377433477188068
1.8401615974186776
1.4344584435039345
1.9734367685914946
2.388992353340912
1.7486555759740656
2.1783665592813235
2.323935579134
1.9462438982221093
2.2981496987063426
3.371168015304565
2.0033452302377097
1.9565267887570352
1.8075389357618876
1.3719157598093612
2.1091802589405475
1.5754251546835079
2.0920870533844105
1.8405669040621804
1.5986867380933087
2.2635845805450323
1.7569373760009086
2.2399921797576376
1.373693360250517
2.2588501326846324
1.528818310450303
2.2738356256171297
1.7500677624309058
2.3654448055018733
1.6984552491245057
2.068701096658498
15.574894538611114
17.47233080810623
2.3734599040500255
2.0695838322021167
1.6341270505940968
1.3548899161316712
1.5993045518393763
1.4750982045940364
2.5773146434625605
1.7388440431996206
1.6885556821188694
2.216805252632573
1.854760533646932
2.8712941992283207
1.6548817686204893
1.7957507615987656
1.4699464803689186
1.9016819613915639
1.4339248277591194
1.838006298460439
1.2927262392092147
1.9763922881354805
2.203149995153296
1.208875325369873
1.9704029906198797
1.4763070774143265
2.3864509107411456
1.8913798642348723
2.786075498785121
1.901846829153137
2.043277582275004
2.43698432276079
1.361049156828696
2.518130533871634
10.488019253583559
1.8690612082999079
1.753277456718679
1.6139239449075413
3.4238254603870804
1.9149014721907847
2.015970033366577
2.681727892190016
1.526917356070923
1.9701608773824766
2.8304056982098875
1.332549532295135
3.057667242073729
2.525209770875438
2.3415779217239194
2.066251663620632
1.3996681501108525
1.7073348102166586
1.6957776665945548
.27727100879957134
2.6518282243659006
1.797602152738789
2.544822684512225
1.7990564746226785
1.8731523687482992
2.4899827394622442
2.0666373379440803
2.0841143772206165
1.8985938384729082
1.6815564573433965
1.4406212832323184
1.951179342016673
2.4773234539605666
1.8230246299046193
1.8390072132538757
1.5089363290498397
1.710344182908007
2.594632870350684
2.98134386515271
2.0396013470736536
2.0587254214714767
1.8204513484939309
2.22914401452148
1.6630375423810606
1.350636140605591
2.081399121118751
1.783696000690476
1.73846236319637
2.2507050371099266
.1713546187738243
.9591960633314097
.12720135601272073
.9777753800739813
.1018758108207562
.9128611243514547
.09230419360932607
2.0957858277506207
.16764900221187806
2.4531529750812386
.08400282792420927
.9916180833404475
6.013603243174798
.34398211688339
.11903837099266582
1.2537296440099965
.06876500886155834
.22365630776750722
.04007590421326039
.8575017978548178
.0711042563144563
1.1696572217742913
.10079378773077433
1.3108315112464115
.17541548753526304
.995042970677087
.04573827377881117
.7094795793356444
.059654329974574656
1.485213421330224
.00019230464113598688
.0004004232568066157
.11660219559441219
.12254317125486193
