-.2531328692216034
-.09873047175784912
-.13972466626282923
-.00814144633882106
-.022161395930482816
-10389725513502515e-21
-28631881183167796e-22
-.2871885865993841
-2396572467051999e-20
23151477699072948e-21
-.00019628946494626258
-36244378774123687e-22
30506497765295817e-22
4063932792948292e-20
-.05609022843891232
-.10413017143160895
-.28734504021629625
-1415498493411362e-22
-33607554895186996e-22
2606443946811429e-20
-5890529962081393e-20
-.009407911850781573
8794759710203706e-22
-.12446957902385516
-.034985184301782164
-3185627381851779e-21
-36856422372892043e-23
22668032776711238e-23
-25685919809996e-19
21973511236263414e-21
-3048578006711774e-22
-3324601574466273e-21
-3208920384634263e-22
-1079336791887611e-23
-3425344213506727e-21
-10496775365898001e-23
-19213162057986808e-23
-11107953917725266e-23
-33089834277739125e-22
-8331740107196421e-23
-.12254801342678395
-.09880315948405789
.002220367883234174
-8839711633880764e-23
-8935787010157902e-22
2431686952498423e-20
-6957457520618833e-22
-.05689085915471121
.0010640553208778535
-.18219895526099295
8394826701232927e-20
-.1859447728383424
-.05347873928046959
.0005719965249336597
-.0001126818198503501
-23430650882786375e-22
.004784954059437905
-.009515299761291535
187544509051921e-19
-.009245915172112821
-.2731894901731904
-.33307845207553644
-.07766405186323222
.11966171639319034
.10361040935056448
.002103805716451458
-9804350126449893e-21
-.01439314448056493
.0004320279067509296
-.006362419493269969
-.05266079582224224
-.12242960240151225
-.055499412014467
-.2981668686385843
-27676689777864306e-23
23433053530124797e-23
2238221704190727e-20
.000175387381836637
-.19455507718151213
-.17346582266297952
-8282278671514369e-22
.14900404582562485
.1546830296814144
-.1250901168530542
-.0599435979694848
.00015925227288073434
.09829621202705584
-.08809621179279783
.1470092576542675
-.3025708913019433
-.1951725437110787
.10616622351908367
-.13095625774001332
-308755022591843e-19
-.1035735048966069
-.12040347500451776
.00217106889961169
.0029557899050575327
.0003102593367575487
-.22846374304767497
-.10471484600657488
-.09858255907228253
-.09220424195642873
-.11332565110699107
-.05598906290025394
-.18282227410061153
.02634963985324389
.00311250597545095
-.10053494506589265
-.009394993291525254
8690212273111355e-23
-.2192551463480282
-.09570303823307627
9955783800256552e-20
.10361175137734645
-.03929109180136923
-.28734142556694725
-.1400842994009666
-.3024121482182279
-3309785679584275e-21
0
0
0
0
0
0
0
0
0
0
0
0
0
0
0
0
0
0
0
-.03445386713614565
0
0
0
0
-.2009904436600193
28806884756939943e-24
-32435837662938886e-22
-30430725756708e-19
-34192397051811746e-22
7864063100848216e-27
-.11146596538624412
-.28299123382764113
-.0001884337243716566
-.2999215907834852
.6597694336350286
-.07075711600963946
-.07043395139156795
.003079777125965974
.008025589761484674
-.1227118971614568
-.038870064973688376
-3116108618018791e-20
18516890704812004e-21
