.010634647745874857
.000556079315330364
3269295273508816e-20
10795072600919724e-28
.0017113494074633992
6.396086502448548
.7376658256288503
.0435264789915278
.014680798537057638
.0701708332980004
.7471012676287407
.7019915757747748
.052558444953717316
.0008889019537185988
.007933370330547891
.0010027759787277278
.002201637189095748
.06946203598662923
.004510194208021609
.0019164586933793264
.0022476725319899578
4632034282795806e-20
.002089193808197619
.06546422423667675
3.8983336114150275
5487465618522898e-21
.005546930639652137
.006138634349283349
.005885985619859602
13402330509589738e-22
.00017765503994682352
.013240108823140402
.0012576238006527373
.009904300375451786
31791185804522604e-22
.0023086136640054944
.0028077032110272455
47946412454997475e-21
.004946444139085883
4854623640060417e-21
.005884212092039825
.005883795180295484
.020356664284889494
.0005647646371178411
.1103784000095857
.007651384114187451
.0005177590352192639
.025869922477904917
.08058960481181804
30444686429617036e-22
.13233735847219244
22877600953783692e-21
8.63359334407628
8.19115279188238
1.1550154019619467
.0067712152497794885
.0006698228317552198
.0007372917331540748
.17960683467804456
.11805633015074429
9.793625763807896
7.772708304670277
2.655738795275406
.0017239164344738929
.0003345437275012938
.0014033307746175153
.006401210719023967
.006975164795105597
3.595204130037142
.0008580812149746486
9.793625763807896
3.2507391305707434
9.634657916546649
9.0339481769282
.0014166277031645127
.009565640514936628
.00016635798094988204
2.161926650123003
.0002132851209389901
.0020846610131121514
.011230992320799068
7252650267463102e-20
.7025687117830459
.02232367664203918
20568937571259216e-21
.00021847322821763867
.36394399863089844
.3381876358823998
2.3606290027389516
.00014658277997413365
.00038044689939103175
.6051755580504744
.7649718778037014
.13669525281503184
.00027029172657025614
.16477753140065982
1.1459133948760016
.9914874301120313
.06993750621696479
1.3274692831693609
2.025420224356117
.020442357097013458
.026211577882184867
8627099485514672e-20
.00011512919681909676
3.804353313057028
4.276429688386588
.4620700064554231
.0034551099251501206
.00012517568784471355
18011595351953413e-22
50687953176255796e-24
.056049291709915246
.015732761962398395
.0004894329430626247
.3413763476283325
3296890491794831e-20
.0001654778943207235
.025114539074485798
7295386273190801e-22
0
0
0
0
0
0
0
0
0
0
0
0
0
0
0
0
0
0
0
.07774231455922724
0
0
0
0
.22435280872731087
1266.5875346779476
.004128087986173284
.10303933395188165
.01758847454774802
.2029184937242795
.020400588262976204
.4069400447269939
.013624751001092896
.3598912093460359
.004230925346062085
2.1613404813147326
2.308190225586178
.002011966496028475
.004921190341887121
.4777132474227169
.36174515257265294
.17579249805240785
.3177090864834952
.01882946089600865
.01882946089600865
.049022823477445604
2775216495333979e-25
.01882946089600865
.01882946089600865
.01882946089600865
.01882946089600865
.01882946089600865
.01882946089600865
.01882946089600865
.01882946089600865
.01882946089600865
.01882946089600865
.01882946089600865
.01882946089600865
.01882946089600865
.01882946089600865
.01882946089600865
.01882946089600865
.01882946089600865
.01882946089600865
.01882946089600865
.01882946089600865
.01882946089600865
.01882946089600865
.01882946089600865
.01882946089600865
.01882946089600865
.01882946089600865
.01882946089600865
.01882946089600865
.01882946089600865
.01882946089600865
.01882946089600865
.01882946089600865
.01882946089600865
.01882946089600865
.01882946089600865
.01882946089600865
.01882946089600865
.01882946089600865
.01882946089600865
.01882946089600865
.01882946089600865
.01882946089600865
.01882946089600865
.01882946089600865
.11070506651097366
23156335833709705e-21
.01882946089600865
23156335833709705e-21
.11763556752183427
.07396724647960806
.01882946089600865
.01882946089600865
.00035369228406233633
.01882946089600865
.01882946089600865
.01882946089600865
.01882946089600865
.01882946089600865
.01882946089600865
.01882946089600865
.01882946089600865
.01882946089600865
.01882946089600865
.016281803151834546
.01882946089600865
.01882946089600865
.01882946089600865
.01882946089600865
.01882946089600865
.01882946089600865
.01882946089600865
.01882946089600865
.01882946089600865
.01882946089600865
.01882946089600865
.01882946089600865
.01882946089600865
.01882946089600865
.01882946089600865
.01882946089600865
.01882946089600865
.01882946089600865
.11070506651097366
.11070506651097366
.11763556752183427
.01882946089600865
.01882946089600865
.01882946089600865
.01882946089600865
.11763556752183427
.0013306981093083843
.1218165178408738
.01882946089600865
.11070506651097366
.01882946089600865
.01882946089600865
.01882946089600865
.01882946089600865
.01882946089600865
.00035369228406233633
.01882946089600865
.01882946089600865
.1094230723566621
.01882946089600865
.049022823477445604
.01882946089600865
.01882946089600865
23156335833709705e-21
.01882946089600865
.01882946089600865
.01882946089600865
.09542242257449861
.01882946089600865
.01882946089600865
.01882946089600865
.01882946089600865
.01882946089600865
.01882946089600865
.01882946089600865
.01882946089600865
.01882946089600865
.01882946089600865
.01882946089600865
.01882946089600865
.01882946089600865
.01882946089600865
.01882946089600865
.01882946089600865
.01882946089600865
.01882946089600865
.01882946089600865
.01882946089600865
.01882946089600865
.01882946089600865
.01882946089600865
.09542242257449861
.01882946089600865
.01882946089600865
.01882946089600865
.01882946089600865
.01882946089600865
.01882946089600865
.01882946089600865
.01882946089600865
.01882946089600865
.01882946089600865
.049022823477445604
.12140585716807892
.016281803151834546
.01882946089600865
999999999996985e-27
.12199560196536258
.12199560196536258
.016281803151834546
.016281803151834546
.049022823477445604
.049022823477445604
.049022823477445604
.049022823477445604
