1.5148907923246542
.6779001863042733
.01139534397926396
.0022142773552087085
2952746725934315e-21
.028468345925664804
6.8729296851081045
.6868158366322822
.05819571190904835
.07101851486370975
.06739778631507848
4.65478180741961
.7392206088842849
.3708297834837886
.00545182262357216
2.8116108521738647
.36147515984691364
.003318487768447842
.07276474736508433
.0043670853534878646
.0017741514070777405
.01053022594620892
.0002129988636549495
.0026635533491501774
.27779573332811575
16.83947662522349
.00016321178320408226
.005748255367146358
.006262550939021335
.00568288843900818
12303641699046202e-22
.00017257872162401366
.014288300665508213
.0012154009790206375
.01075627072816094
21951163693576967e-21
.002335114231341637
.00281523836408302
.0003246511788655629
.005565348577605412
29424032511044202e-21
.005691644200800325
.005915165139094874
.02071993337447188
.00038407806778794566
.11879393369859846
.0080826550293154
.0008284413869214634
.044678148548089006
.2697421757407512
.0011409576258587621
.583874065252903
.008775560479352969
11.633831553344814
10.80093927767145
1.2934147257835582
.007046118744510317
.06099273850662036
.06795729320253908
.22279696099440768
.12600648222300967
29.801456102337944
23.45678001803395
7.529500983497204
.0021644368736362927
.0004765439787699294
.001400205414337024
.006000537793104308
3.032872272037238
7.444026955837028
.019035745205411413
22.313116060057265
3.3237006048583266
10.363282384439296
20.917655377164397
.0014478646062910578
.008761328385135483
.0005923412383420496
2.2036824512346036
.00031815962990624467
.0027907694755513446
.010736264644681621
.00037345914275414306
.9243783059394606
.6913150675720273
28964214035258134e-21
.008083107085723476
.8433604454234241
.75232033494346
3.4756962134340235
.00016224059528562596
613232950935077e-19
.6366221565913689
.8103365363402559
.075269288712864
.00991775566466455
.2834194446990424
1.4586891984780164
1.3693691374151955
2.055073160889822
1.6772419370232279
2.115124705468849
.026569830117709994
.038940531374805874
.009355141128572712
.00020069568332463744
6.481787924402493
6.064575637969359
.5539833486399632
.0160038684990891
.004038381111975251
6575244246765006e-20
.0005367157843767956
.09322488750729818
.020208055643989687
.0008064833271548927
.46709268446056235
5720910943103203e-20
.0002164622786895998
.03489691474385788
20432267312251863e-21
0
0
0
0
0
0
0
0
0
0
0
0
0
0
0
0
0
0
0
.7411621975266409
0
0
0
0
.5862387067682118
1275.7112191084361
.004414859698991925
.1001769896146663
.019223338997212937
.2282375068791232
.10659066218398895
.6161919634582012
.1400026412751189
.40908256630715434
.006460718901220427
2.9636072773289786
3.3417477477991686
.017906392574431666
.04095030679811794
.741033750205359
.5557917579867943
.24115681467313893
.4385555126993257
.019403131250457954
.019403131250457954
.2198321964602236
43168233814917423e-21
.019403131250457954
.019403131250457954
.019403131250457954
.019403131250457954
.019403131250457954
.019403131250457954
.019403131250457954
.019403131250457954
.019403131250457954
.019403131250457954
.019403131250457954
.019403131250457954
.019403131250457954
.019403131250457954
.019403131250457954
.019403131250457954
.019403131250457954
.019403131250457954
.019403131250457954
.019403131250457954
.019403131250457954
.019403131250457954
.019403131250457954
.019403131250457954
.019403131250457954
.019403131250457954
.019403131250457954
.019403131250457954
.019403131250457954
.019403131250457954
.019403131250457954
.019403131250457954
.019403131250457954
.019403131250457954
.019403131250457954
.019403131250457954
.019403131250457954
.019403131250457954
.019403131250457954
.019403131250457954
.019403131250457954
.019403131250457954
.019403131250457954
.019403131250457954
.23443133053927206
.009339621210972426
.019403131250457954
.009339621210972426
.17118386634117175
.08594272678515875
.019403131250457954
.019403131250457954
.03186958183573366
.019403131250457954
.019403131250457954
.019403131250457954
.019403131250457954
.019403131250457954
.019403131250457954
.019403131250457954
.019403131250457954
.019403131250457954
.019403131250457954
.154606577048467
.019403131250457954
.019403131250457954
.019403131250457954
.019403131250457954
.019403131250457954
.019403131250457954
.019403131250457954
.019403131250457954
.019403131250457954
.019403131250457954
.019403131250457954
.019403131250457954
.019403131250457954
.019403131250457954
.019403131250457954
.019403131250457954
.019403131250457954
.019403131250457954
.23443133053927206
.23443133053927206
.17118386634117175
.019403131250457954
.019403131250457954
.019403131250457954
.019403131250457954
.17118386634117175
.056645022591877967
.20596811596410347
.019403131250457954
.23443133053927206
.019403131250457954
.019403131250457954
.019403131250457954
.019403131250457954
.019403131250457954
.03186958183573366
.019403131250457954
.019403131250457954
.14772304579052742
.019403131250457954
.2198321964602236
.019403131250457954
.019403131250457954
.009339621210972426
.019403131250457954
.019403131250457954
.019403131250457954
.11951019426294021
.019403131250457954
.019403131250457954
.019403131250457954
.019403131250457954
.019403131250457954
.019403131250457954
.019403131250457954
.019403131250457954
.019403131250457954
.019403131250457954
.019403131250457954
.019403131250457954
.019403131250457954
.019403131250457954
.019403131250457954
.019403131250457954
.019403131250457954
.019403131250457954
.019403131250457954
.019403131250457954
.019403131250457954
.019403131250457954
.019403131250457954
.11951019426294021
.019403131250457954
.019403131250457954
.019403131250457954
.019403131250457954
.019403131250457954
.019403131250457954
.019403131250457954
.019403131250457954
.019403131250457954
.019403131250457954
.2198321964602236
.19043582069354426
.154606577048467
.019403131250457954
999999999998484e-27
.20017233994854974
.20017233994854974
.154606577048467
.154606577048467
.2198321964602236
.2198321964602236
.2198321964602236
.2198321964602236
