3.034102338588873
.00674167952196196
.00027454403027654114
1546703389681795e-20
5064822196365863e-28
.0009302747323973099
6.486326319769769
.7096089274771291
.04597127656692597
.019620046865297062
.06617959967748661
.7427349347831915
.7134432526173868
.059743079870910355
.0009467070122506086
.0052225752706989365
.0006400991058815119
.0022257865756141818
.0704810290117236
.004524692932530018
.0018375092048511779
.0032663025011630854
6769126683589266e-20
.0018099367242094084
.08160538693775776
3.8386671010398286
5905987051491019e-21
.0054808845453598746
.006027657594942182
.00552235408766089
11946107257743122e-22
.00016741393803086107
.013860669044142997
.0011787945499004008
.010434366793474136
35150533991738853e-22
.0025201205830358412
.002730176833502471
548016532954342e-19
.005390074997886709
4826550838383004e-21
.005520759287012547
.005520384239238281
.020719339099380417
.0006342629383105348
.1147600920882805
.007932589206771047
.0004926343228158648
.025246505915621595
.0675389423450365
26123423740055334e-22
.13765482571471638
21142314300969313e-21
8.26213599132716
7.91274974183554
1.10286913608129
.0067820919444148715
.0006493772475538794
.0007213757444520791
.18646674777486005
.10980766445372286
9.54530215214836
7.6534776453712565
2.537351137312041
.0015500454325277386
.0003014557368356183
.0013611947224492773
.005623912250184583
.007488831495523107
3.547220591193949
.000823199120055488
9.54530215214836
3.221829140922024
9.54530215214836
8.789844454261154
.0014021895907203204
.008552276473804288
.0001434891876902977
2.1647918404694155
.00021200427479482753
.001836618785439365
.010445348511931091
8058090248367398e-20
.6805848286564752
.040725061157806386
17627914430846127e-21
.00047798812711404514
.3707243612699268
.3422410206008956
2.524461506120557
.00012726120567835416
.00042544357707386467
.6093191913409636
.7590967076352858
.12073028719789856
.0002248400756486236
.16012526940762156
1.1398709352044438
.9872165943471208
.07339400432727752
1.308881796532321
2.0310011888113815
.018598580077082535
.023444218565337273
9017118127217881e-20
.00015503796649652164
3.8232509238530223
4.328689778891761
.4719615463041204
.003022342480753954
.00012555415040679831
19113565563723713e-22
49568246535686714e-24
.048831453947404686
.014630565836891676
.000444762474578569
.36838230775669273
3282376749819981e-20
.0001617281619394039
.02518001918592812
7003159089663132e-22
0
0
0
0
0
0
0
0
0
0
0
0
0
0
0
0
0
0
0
.09888719940890468
0
0
0
0
.18902129396764614
1237.5326650035477
.004282735000738309
.09717896579800556
.018648036940612206
.221406981385086
.018310230277373416
.3903940264085858
.013660886746591312
.3673029504342451
.004643523807589629
2.1796877789455134
2.310266555807111
.0021824788576628165
.004910568790557151
.46678464155438987
.3619259750929316
.17833165679959184
.3229192217101636
.01882244850254924
.01882244850254924
.048119221027224074
27733260190728453e-26
.01882244850254924
.01882244850254924
.01882244850254924
.01882244850254924
.01882244850254924
.01882244850254924
.01882244850254924
.01882244850254924
.01882244850254924
.01882244850254924
.01882244850254924
.01882244850254924
.01882244850254924
.01882244850254924
.01882244850254924
.01882244850254924
.01882244850254924
.01882244850254924
.01882244850254924
.01882244850254924
.01882244850254924
.01882244850254924
.01882244850254924
.01882244850254924
.01882244850254924
.01882244850254924
.01882244850254924
.01882244850254924
.01882244850254924
.01882244850254924
.01882244850254924
.01882244850254924
.01882244850254924
.01882244850254924
.01882244850254924
.01882244850254924
.01882244850254924
.01882244850254924
.01882244850254924
.01882244850254924
.01882244850254924
.01882244850254924
.01882244850254924
.01882244850254924
.10967908186181154
2164242716994184e-20
.01882244850254924
2164242716994184e-20
.11708913001889591
.07382961621517277
.01882244850254924
.01882244850254924
.000335132347940916
.01882244850254924
.01882244850254924
.01882244850254924
.01882244850254924
.01882244850254924
.01882244850254924
.01882244850254924
.01882244850254924
.01882244850254924
.01882244850254924
.01583492443784491
.01882244850254924
.01882244850254924
.01882244850254924
.01882244850254924
.01882244850254924
.01882244850254924
.01882244850254924
.01882244850254924
.01882244850254924
.01882244850254924
.01882244850254924
.01882244850254924
.01882244850254924
.01882244850254924
.01882244850254924
.01882244850254924
.01882244850254924
.01882244850254924
.10967908186181154
.10967908186181154
.11708913001889591
.01882244850254924
.01882244850254924
.01882244850254924
.01882244850254924
.11708913001889591
.0012713091262383572
.12102507412009646
.01882244850254924
.10967908186181154
.01882244850254924
.01882244850254924
.01882244850254924
.01882244850254924
.01882244850254924
.000335132347940916
.01882244850254924
.01882244850254924
.10901624876414354
.01882244850254924
.048119221027224074
.01882244850254924
.01882244850254924
2164242716994184e-20
.01882244850254924
.01882244850254924
.01882244850254924
.09515621952061881
.01882244850254924
.01882244850254924
.01882244850254924
.01882244850254924
.01882244850254924
.01882244850254924
.01882244850254924
.01882244850254924
.01882244850254924
.01882244850254924
.01882244850254924
.01882244850254924
.01882244850254924
.01882244850254924
.01882244850254924
.01882244850254924
.01882244850254924
.01882244850254924
.01882244850254924
.01882244850254924
.01882244850254924
.01882244850254924
.01882244850254924
.09515621952061881
.01882244850254924
.01882244850254924
.01882244850254924
.01882244850254924
.01882244850254924
.01882244850254924
.01882244850254924
.01882244850254924
.01882244850254924
.01882244850254924
.048119221027224074
.12072943830734968
.01583492443784491
.01882244850254924
9999999999969667e-28
.1212481422563922
.1212481422563922
.01583492443784491
.01583492443784491
.048119221027224074
.048119221027224074
.048119221027224074
.048119221027224074
