1.506941224442822
.7058835161185608
.0117358098213804
.0022964787771068054
3240382725687605e-21
.029292370070552798
6.874726311121722
.6864980477490679
.058133095014158476
.07196602853164749
.06739337281416766
4.727140432087451
.7393823333317936
.37653892210083567
.005528502653154684
2.8690476359525294
.3693305174892803
.0033214550141871307
.07277654657541506
.004366044041774342
.0017737321515111707
.010646954009198833
.00021528834458317626
.0026640806728422885
.28112531981645217
16.793792788025367
.0001647699769879077
.005749516833127126
.006263807983113598
.0056837135997784794
12307284577840545e-22
.00017260616218596792
.014290572680539322
.001215595531517206
.010757981007885347
22292954853625607e-21
.0023330690920376263
.002815690512670657
.000329389571471251
.005566281116651045
2988624992480537e-20
.005693373076352128
.005937235426024087
.020698998861221483
.0003825882526717709
.1188162928669971
.008082684620379891
.0008311942411221173
.044926408624045254
.272345131305142
.0011783041591278416
.5845982632708826
.009056826993533955
11.654158659717735
10.814217768246777
1.2940696344382612
.007047411301579711
.062449608020572187
.06958437885121849
.2229217935605747
.12606172287948902
29.907450340762374
23.56051179539733
7.548575316975637
.002165777070325069
.0004779251381282529
.0013996336818423531
.006009924723690322
3.131830489206434
7.476843374294095
.019282545423264866
22.316718162045813
3.3242402919541716
10.369531206131725
20.920882429207495
.0014481193690492366
.008761485433994501
.0005924370502032916
2.2037792925666904
.0003184448907815865
.002793393084117902
.010737723299641837
.0003777152571825341
.9243911504927903
.6975203629687792
29025936193117384e-21
.008172889417336604
.8456424589442705
.7538679665045993
3.4801686866706905
.00016274395244263965
6082284111387267e-20
.6369965494587174
.8099977953920339
.07491557891303391
.010107234498219231
.2838916499542678
1.4591960067089549
1.3705589608576139
2.0790643670029407
1.6783804179682293
2.115516654536374
.026629577443520507
.03908163890234035
.009579583719724446
.00020099505208209014
6.503571393886507
6.074581813966475
.5541858754921218
.016118073048792012
.004091488343278641
6660729121695137e-20
.0005600050940920532
.09363044216541762
.020232168389196278
.000807657282721589
.4676564471179384
57420675774749394e-21
.00021645980056714717
.03493919436030333
2067488406167024e-20
0
0
0
0
0
0
0
0
0
0
0
0
0
0
0
0
0
0
0
.7467523377792785
0
0
0
0
.5872310899428117
1275.9140622918437
.004415561679332168
.10019291815646576
.019226395584957492
.22827379755508098
.10748993909073025
.6176216857467806
.14168822264897987
.4092335722259677
.006463980662370239
2.9660573620259085
3.3462639443746287
.018094394841137687
.04138527412815982
.7420342871843573
.5564776132536479
.24128405682147153
.4387920696954481
.01940621642588948
.01940621642588948
.22158673207277071
4600253176875752e-20
.01940621642588948
.01940621642588948
.01940621642588948
.01940621642588948
.01940621642588948
.01940621642588948
.01940621642588948
.01940621642588948
.01940621642588948
.01940621642588948
.01940621642588948
.01940621642588948
.01940621642588948
.01940621642588948
.01940621642588948
.01940621642588948
.01940621642588948
.01940621642588948
.01940621642588948
.01940621642588948
.01940621642588948
.01940621642588948
.01940621642588948
.01940621642588948
.01940621642588948
.01940621642588948
.01940621642588948
.01940621642588948
.01940621642588948
.01940621642588948
.01940621642588948
.01940621642588948
.01940621642588948
.01940621642588948
.01940621642588948
.01940621642588948
.01940621642588948
.01940621642588948
.01940621642588948
.01940621642588948
.01940621642588948
.01940621642588948
.01940621642588948
.01940621642588948
.23536499876213043
.009641376280247591
.01940621642588948
.009641376280247591
.1715244140714222
.08601107470243252
.01940621642588948
.01940621642588948
.03263876490393526
.01940621642588948
.01940621642588948
.01940621642588948
.01940621642588948
.01940621642588948
.01940621642588948
.01940621642588948
.01940621642588948
.01940621642588948
.01940621642588948
.15646119576498715
.01940621642588948
.01940621642588948
.01940621642588948
.01940621642588948
.01940621642588948
.01940621642588948
.01940621642588948
.01940621642588948
.01940621642588948
.01940621642588948
.01940621642588948
.01940621642588948
.01940621642588948
.01940621642588948
.01940621642588948
.01940621642588948
.01940621642588948
.01940621642588948
.23536499876213043
.23536499876213043
.1715244140714222
.01940621642588948
.01940621642588948
.01940621642588948
.01940621642588948
.1715244140714222
.05778204184151839
.2065419890831651
.01940621642588948
.23536499876213043
.01940621642588948
.01940621642588948
.01940621642588948
.01940621642588948
.01940621642588948
.03263876490393526
.01940621642588948
.01940621642588948
.14795809947457603
.01940621642588948
.22158673207277071
.01940621642588948
.01940621642588948
.009641376280247591
.01940621642588948
.01940621642588948
.01940621642588948
.11965278742287346
.01940621642588948
.01940621642588948
.01940621642588948
.01940621642588948
.01940621642588948
.01940621642588948
.01940621642588948
.01940621642588948
.01940621642588948
.01940621642588948
.01940621642588948
.01940621642588948
.01940621642588948
.01940621642588948
.01940621642588948
.01940621642588948
.01940621642588948
.01940621642588948
.01940621642588948
.01940621642588948
.01940621642588948
.01940621642588948
.01940621642588948
.11965278742287346
.01940621642588948
.01940621642588948
.01940621642588948
.01940621642588948
.01940621642588948
.01940621642588948
.01940621642588948
.01940621642588948
.01940621642588948
.01940621642588948
.22158673207277071
.19089052743142979
.15646119576498715
.01940621642588948
999999999998492e-27
.20069815293411727
.20069815293411727
.15646119576498715
.15646119576498715
.22158673207277071
.22158673207277071
.22158673207277071
.22158673207277071
