1.506941224442822
.7058782005504316
.011737440158543272
.0022964653214016953
32403775309992464e-22
.029292206349593793
6.874726329863435
.6864980478037727
.05814234377293267
.07196586866961632
.06739337277343017
4.72714150135161
.7393823334294214
.3765390066897939
.005528503523332517
2.8690478666221755
.3693287364424836
.003322041444097595
.0727765465432967
.004366044055466862
.0017737321570439992
.010646934914621754
.0002152868741248432
.002664566050155945
.2811247696494375
16.793792033001623
.00016480052672023432
.005749516843028029
.006263807801987898
.005683713691771501
12307285001664805e-22
.00017260616218596792
.014290572680539317
.00121559553150257
.010757981007885347
22292959926761945e-21
.002333069092540681
.00281569051262
.0003293896416685838
.005566281117131777
29886257096752926e-21
.005693373272818476
.005937156135310394
.020699000623404365
.0003825882525712562
.1188162928583169
.008082684850612655
.0008311930236586233
.04492634236310265
.27239804865715295
.001178298367669384
.5845982783034093
.009056827674555307
11.654158813032467
10.814217764431618
1.2940696341277804
.007047411162991971
.06244961231083494
.06958450857334161
.2229217934979356
.12606172284057163
29.907450340762374
23.560510856052623
7.5485683502240555
.002166102775513021
.0004780152713226058
.0013996336444447336
.006009924674738023
3.131830873305536
7.476843610808121
.01928254646824265
22.316718105000174
3.3242402854077033
10.36947901712543
20.92088234291215
.0014481193693953393
.00876148543466785
.0005924370343122183
2.2037792356667816
.0003185031473967668
.002793919201449232
.010737723562883434
.0003777859242164249
.9245459734114023
.6976438217130452
29032032625666267e-21
.008172893724050449
.8457862442187108
.7540011610380499
3.4801908093608858
.00016274522633423724
60232241079872254e-21
.6369934563157319
.8100106142799391
.07492853472886336
.010109033142422735
.28391852678408386
1.4591959924255746
1.370558982776102
2.0790645437534523
1.6786529228819982
2.1155166554116023
.0266346191511382
.03908762797379974
.009579583946632624
.0002009947970646556
6.50356179414066
6.07465920286128
.554185851338903
.016120987432087376
.004091488661468993
6660729682974966e-20
.0005600890287236895
.09364644031913275
.02023216802272964
.000807805828946354
.4676564556296877
5743114118185427e-20
.00021649455058621826
.03493919469766893
2067488527258992e-20
0
0
0
0
0
0
0
0
0
0
0
0
0
0
0
0
0
0
0
.7467523167273928
0
0
0
0
.5872283527012703
1275.9140622918437
.004415561679332168
.10019291815646576
.019226395584957492
.22827379755508098
.1075016715873817
.6176216875790675
.1416882215589545
.40923342227208853
.006464008619041898
2.960142503495538
3.34151372649664
.018094385846167876
.041385252309066145
.7420343699841795
.5564776580579742
.24128396466481788
.4387918847689198
.01940621642588948
.01940621642588948
.22158673208598448
4600272153515781e-20
.01940621642588948
.01940621642588948
.01940621642588948
.01940621642588948
.01940621642588948
.01940621642588948
.01940621642588948
.01940621642588948
.01940621642588948
.01940621642588948
.01940621642588948
.01940621642588948
.01940621642588948
.01940621642588948
.01940621642588948
.01940621642588948
.01940621642588948
.01940621642588948
.01940621642588948
.01940621642588948
.01940621642588948
.01940621642588948
.01940621642588948
.01940621642588948
.01940621642588948
.01940621642588948
.01940621642588948
.01940621642588948
.01940621642588948
.01940621642588948
.01940621642588948
.01940621642588948
.01940621642588948
.01940621642588948
.01940621642588948
.01940621642588948
.01940621642588948
.01940621642588948
.01940621642588948
.01940621642588948
.01940621642588948
.01940621642588948
.01940621642588948
.01940621642588948
.23536499876254638
.009641377087927751
.01940621642588948
.009641377087927751
.1715244140714314
.08601107470243258
.01940621642588948
.01940621642588948
.032638765488019014
.01940621642588948
.01940621642588948
.01940621642588948
.01940621642588948
.01940621642588948
.01940621642588948
.01940621642588948
.01940621642588948
.01940621642588948
.01940621642588948
.15646119583968837
.01940621642588948
.01940621642588948
.01940621642588948
.01940621642588948
.01940621642588948
.01940621642588948
.01940621642588948
.01940621642588948
.01940621642588948
.01940621642588948
.01940621642588948
.01940621642588948
.01940621642588948
.01940621642588948
.01940621642588948
.01940621642588948
.01940621642588948
.01940621642588948
.23536499876254638
.23536499876254638
.1715244140714314
.01940621642588948
.01940621642588948
.01940621642588948
.01940621642588948
.1715244140714314
.05778204223577107
.2065419890832255
.01940621642588948
.23536499876254638
.01940621642588948
.01940621642588948
.01940621642588948
.01940621642588948
.01940621642588948
.032638765488019014
.01940621642588948
.01940621642588948
.14795809947457864
.01940621642588948
.22158673208598448
.01940621642588948
.01940621642588948
.009641377087927751
.01940621642588948
.01940621642588948
.01940621642588948
.11965278742287395
.01940621642588948
.01940621642588948
.01940621642588948
.01940621642588948
.01940621642588948
.01940621642588948
.01940621642588948
.01940621642588948
.01940621642588948
.01940621642588948
.01940621642588948
.01940621642588948
.01940621642588948
.01940621642588948
.01940621642588948
.01940621642588948
.01940621642588948
.01940621642588948
.01940621642588948
.01940621642588948
.01940621642588948
.01940621642588948
.01940621642588948
.11965278742287395
.01940621642588948
.01940621642588948
.01940621642588948
.01940621642588948
.01940621642588948
.01940621642588948
.01940621642588948
.01940621642588948
.01940621642588948
.01940621642588948
.22158673208598448
.19089052743145546
.15646119583968837
.01940621642588948
999999999998492e-27
.20069815293416093
.20069815293416093
.15646119583968837
.15646119583968837
.22158673208598448
.22158673208598448
.22158673208598448
.22158673208598448
