0
41.40515639365296
.15189782793576295
.3189974541673474
12.112150272939372
.37504711304803967
5.8499058471675855
.20611182692919533
.002869977700889736
.31059853071960636
.027988403157844448
8.320118465022405
.7497792708664548
.5891391136725984
.008962431534351787
8.165212285099187
.9730363604767844
.0040461194190721155
.07545508613607309
.004427384044598159
.001779132417635774
.04065479688705075
.00012709555177107772
22096553139695942e-21
.292632266116512
0
0
.0051467023438524495
.0064596568882590915
.006009212632302364
.0023464572164270158
.00017684511572178477
.014328689253614189
.0013247916827470684
.010065525033334842
3606966699585671e-20
.0004630281582725944
.002897373426349007
.0005359560117834244
.004790793576037303
1639888359669094e-20
9.077916562379285
13.888688097824138
.004866262224664714
6131484368211884e-20
.12123471879349491
.007494256167916815
.007005532439640462
.3976519159893395
0
.4561753966727095
0
3.718147110254999
17.79561720795508
0
0
.0074181061570113985
2.853464783584113
15.420229269844734
0
0
40.82329485354051
28.474402450319587
9.406286069225848
.00242975374257274
.0006169147672897755
.0013392019514971672
.0070199102984855885
0
0
0
23.744559254242954
3.6873505736848964
9.38779410288332
16.914651324325053
.001447835624219084
.008434370119955155
.00043227006066359227
2.253746310383884
.00038921933865323626
.0036280185279852625
.01063040636503498
.0016367191165750456
.8897375910374263
1.5094158017723411
.00012109772010792108
.026388841256713112
1.371964135091761
1.6890413935457465
3.1721159078185246
.0036459859272300965
.0004079920668858914
.6135455779289202
.7726385243877714
0
.4758404634428584
.7644291970483997
2.0471227436837975
2.608091665712795
0
5.707829194300345
1.9978454973747652
.5350584116468015
1.083427947519773
.9222724349287699
.0007654178634834623
50
8.073805697043472
.47193050352773597
.07054155981680328
0
0
0
5.25791418252953
.01008291182300747
.0005147252088477313
.5214222472867591
.0013328062817231571
.0002560081855152489
.01618168898668043
0
0
0
0
0
0
0
0
0
0
0
0
0
0
0
0
0
0
0
0
1.8792660019567924
0
0
0
0
.6361484120162173
1342.9878308810949
.004601861238468249
.10272130169094007
.018947544912212944
.227820294461614
.5359761675709459
1.089375105225278
1.4433130154450078
1.3326282433221164
.00771582674819714
5.840242802889739
6.110368843020269
.14337903690399775
.33506984847419197
4.967081256084599
3.7015492733637156
0
0
.02
.02
1
8
.02
.02
.02
.02
.02
.02
.02
.02
.02
.02
.02
.02
.02
.02
.02
.02
.02
.02
.02
.02
.02
.02
.02
.02
.02
.02
.02
.02
.02
.02
.02
.02
.02
.02
.02
.02
.02
.02
.02
.02
.02
.02
.02
.02
.5
4
.02
4
.25
.1
.02
.02
3
.02
.02
.02
.02
.02
.02
.02
.02
.02
.02
1.5
.02
.02
.02
.02
.02
.02
.02
.02
.02
.02
.02
.02
.02
.02
.02
.02
.02
.02
.5
.5
.25
.02
.02
.02
.02
.25
2.5
.35
.02
.5
.02
.02
.02
.02
.02
3
.02
.02
.2
.02
1
.02
.02
4
.02
.02
.02
.15
.02
.02
.02
.02
.02
.02
.02
.02
.02
.02
.02
.02
.02
.02
.02
.02
.02
.02
.02
.02
.02
.02
.02
.15
.02
.02
.02
.02
.02
.02
.02
.02
.02
.02
1
.3
1.5
.02
1e-12
.33
.33
1.5
1.5
1
1
1
1
