-.017678223177341534
-.03734300924033178
.00039439276227545546
.0009134490045844447
-.012066855275989538
12453639291726125e-21
20377482207992332e-21
.0016417873839222232
-29654316092146192e-21
7189735494080471e-22
-.00018211194666466313
-2931439284079929e-21
2804087006852403e-21
-3508560687100605e-22
-.00419947414191703
-.03812212092501029
-.009617342083162395
57785389836333656e-24
45154032548161935e-25
5278212121042706e-20
-4620320874647104e-20
-3810042205411335e-21
8577492153562422e-22
-.014457564163804209
-.19547277980284053
8840687992192594e-23
19571526193116138e-21
2023055661721228e-20
-603053389509138e-21
19583248241773622e-21
6321753283401005e-24
11691262621342614e-24
28642809027115703e-25
-1557525724986819e-23
-32897415630945804e-26
-2162099779545488e-25
-8053792190266578e-24
30499407528482096e-25
-19205414522933765e-24
13797098265872107e-24
.008842910335172836
-.0277863607822292
-.0009610126677304156
2547809887516778e-24
-7131219614122221e-22
22380285246349777e-21
19268535215401216e-21
-.013291241899503453
-.014976065338953608
-.040985990902198934
-.009611840740350677
-.00966447716823745
-.006002658065188073
-.0007771357619781027
-.00011650499456045601
2644195186919798e-20
.000681876627336622
.0020402294076993202
6000566342876916e-21
27822339814259423e-21
.028310948666353315
-.009139443245759713
-.11883816292030379
-5952456968813396e-21
-7335460783313514e-22
2582844160736717e-21
-10900317217145386e-21
-.006628744276991068
.00025574109894221074
-470709840655513e-19
-.0023485555828302493
-.009312870904455074
-.017178006531827068
.0053380385952327735
19853811969145174e-21
20173121787143804e-21
12198701423939704e-23
-.010037791874189243
-6311419319315573e-22
-.009617262524967756
-8297911302363967e-22
13499339498851187e-21
-.09145777221016896
-.06272899831061304
-16236060053194418e-22
.00011902510220542914
.17414955720778036
-.02723382018084322
.20623605599925976
.0016510091438288502
-3124747282045577e-22
-.03310419224854645
-.08440270528643012
-.00030174322674738426
-.040617997069309776
-.04255550449781332
-.00024176713973483017
.00027135161068571833
-.0003888782303012206
-.16984042397548832
.07975290320462847
-.03539506190261248
-.031630392945199294
-.00043731343256560973
-10238043525425764e-21
-.01475046974731017
.07383365860203206
-.00027946652613268215
-.04381794094482061
17734465972916317e-22
4342332062561278e-21
-.03405033676591594
-.033183146831163614
.001052461208494872
-6187887105561061e-23
-.003758780496592625
-27304623783528558e-22
-4653032878131652e-21
.00120205964635334
5795913631616292e-23
0
0
0
0
0
0
0
0
0
0
0
0
0
0
0
0
0
0
0
-.033745547523930206
0
0
0
0
-.1297688380337188
18426905261887493e-23
-40879373736883785e-24
14574050531987118e-23
-31379345572967057e-25
0
-.04949080671030653
-.2798308442513343
-.00014071352472274894
.002522313649650661
.7852245423080654
-.037597399128706216
-.03270917744827715
.002936352231193965
.008766827095138117
-.0005306232041272614
-.0015553069551919882
6188249743835051e-20
.0007768562679411671
