3.016383552429845
.009436806069759536
.0005588860610615605
28153254031615835e-21
10669728669553435e-28
.0020515150202723947
6.482691020467166
.703257332067079
.04432128197393005
.011759534791724048
.0710023214469489
.7781039499850239
.7393779980603684
.05742248549602324
.0008880761782459471
.006606575135976793
.0007499338061854113
.0023616212857645053
.06917592755855619
.004923611641073071
.002050437474569767
.002177423503378987
3873347756827106e-20
.0019447020398997833
.06728940677256638
3.979130783672664
6043301457209075e-21
.005660000074692493
.005811481188134791
.0053262492248278325
13066374342057112e-22
.00016534213246502185
.013125574963839374
.0011411293819162506
.009620865283484801
34825940078548675e-22
.002299644969429507
.0027113321500592123
52991204643655694e-21
.005324546458924034
5855595526553066e-21
.005324530816127823
.005324132128821011
.021332511897467658
.0005606954270772835
.11252267390816878
.007244722132787387
.0004970921193286334
.024594019925485683
.07549028420804353
24392843522301643e-22
.14453777347044203
22816710355588035e-21
8.937128107734504
8.538444966846901
1.1486896279563248
.00690361283204529
.0006554669714221758
.0007200644580762344
.1763928572147761
.10835993230359678
9.781552634268735
7.749150989033114
2.7257813335807697
.0016739113346007023
.00030541520666707323
.0014934523928125656
.006165619113889772
.007900459786104295
3.7023008248263998
.0008716251051633276
9.781552634268735
3.4410218370175403
9.11263160482951
9.067542995587887
.0013579422928463227
.00956656814353026
.00015185076386955098
2.0922237237873964
.00022990670834481015
.001850509871176786
.01136205842730248
60702192036553776e-21
.7173518654543417
.03392354904507169
18120482675733464e-21
.00036093203629919694
.39065516552053264
.36309821612107934
2.3723311600500185
.0001228819931615267
.000368354728224069
.6109641565032466
.7407057393774277
.14535542630885898
.00025863091805802883
.14804848473537574
1.1226762134969597
.9863386884678358
.07482922938402356
1.165068158896136
1.8847557241700892
.016290070848735735
.018066736431423654
8837659472387102e-20
.0001236494019348346
3.5009254065871014
4.244501215185635
.44867644680801777
.003453972157956042
.00012295730802798168
1713001274238541e-21
54453343473045956e-24
.04627510552560079
.01620496956540222
.0004982869822013049
.331587867884391
27505363180279238e-21
.00016446742386908098
.02743882738232086
7885250785372083e-22
0
0
0
0
0
0
0
0
0
0
0
0
0
0
0
0
0
0
0
.11991394798273157
0
0
0
0
.14714666220988937
1257.0469177092614
.004153913570146302
.09907508967976433
.018505486334626797
.2131407971778193
.01929498986672428
.4147062636510742
.013017039574674238
.35255601243514667
.004048485054953568
2.0900271480630623
2.236328211360799
.0019569713998937683
.004895698495009302
.48529601633700836
.34428332975852
.16967309532027458
.30015604233536763
.01882911990332705
.01882911990332705
.04897857189534349
2543458222130662e-25
.01882911990332705
.01882911990332705
.01882911990332705
.01882911990332705
.01882911990332705
.01882911990332705
.01882911990332705
.01882911990332705
.01882911990332705
.01882911990332705
.01882911990332705
.01882911990332705
.01882911990332705
.01882911990332705
.01882911990332705
.01882911990332705
.01882911990332705
.01882911990332705
.01882911990332705
.01882911990332705
.01882911990332705
.01882911990332705
.01882911990332705
.01882911990332705
.01882911990332705
.01882911990332705
.01882911990332705
.01882911990332705
.01882911990332705
.01882911990332705
.01882911990332705
.01882911990332705
.01882911990332705
.01882911990332705
.01882911990332705
.01882911990332705
.01882911990332705
.01882911990332705
.01882911990332705
.01882911990332705
.01882911990332705
.01882911990332705
.01882911990332705
.01882911990332705
.11065497869586065
2304740853446526e-20
.01882911990332705
2304740853446526e-20
.11760894282980575
.07396054918884284
.01882911990332705
.01882911990332705
.00035268794627016256
.01882911990332705
.01882911990332705
.01882911990332705
.01882911990332705
.01882911990332705
.01882911990332705
.01882911990332705
.01882911990332705
.01882911990332705
.01882911990332705
.01625983326242224
.01882911990332705
.01882911990332705
.01882911990332705
.01882911990332705
.01882911990332705
.01882911990332705
.01882911990332705
.01882911990332705
.01882911990332705
.01882911990332705
.01882911990332705
.01882911990332705
.01882911990332705
.01882911990332705
.01882911990332705
.01882911990332705
.01882911990332705
.01882911990332705
.11065497869586065
.11065497869586065
.11760894282980575
.01882911990332705
.01882911990332705
.01882911990332705
.01882911990332705
.11760894282980575
.0013276681045354313
.12177792401866062
.01882911990332705
.11065497869586065
.01882911990332705
.01882911990332705
.01882911990332705
.01882911990332705
.01882911990332705
.00035268794627016256
.01882911990332705
.01882911990332705
.10940325858649279
.01882911990332705
.04897857189534349
.01882911990332705
.01882911990332705
2304740853446526e-20
.01882911990332705
.01882911990332705
.01882911990332705
.09540946309689911
.01882911990332705
.01882911990332705
.01882911990332705
.01882911990332705
.01882911990332705
.01882911990332705
.01882911990332705
.01882911990332705
.01882911990332705
.01882911990332705
.01882911990332705
.01882911990332705
.01882911990332705
.01882911990332705
.01882911990332705
.01882911990332705
.01882911990332705
.01882911990332705
.01882911990332705
.01882911990332705
.01882911990332705
.01882911990332705
.01882911990332705
.09540946309689911
.01882911990332705
.01882911990332705
.01882911990332705
.01882911990332705
.01882911990332705
.01882911990332705
.01882911990332705
.01882911990332705
.01882911990332705
.01882911990332705
.04897857189534349
.12137288565424652
.01625983326242224
.01882911990332705
999999999996984e-27
.12195915878426457
.12195915878426457
.01625983326242224
.01625983326242224
.04897857189534349
.04897857189534349
.04897857189534349
.04897857189534349
