1.4997857668167622
.7166701329537221
.012172296832821596
.0022582373982134424
4495910652275818e-21
.033225095203890866
6.861478905716629
.6771358957893958
.053605735331817575
.061700544920127505
.07218705484353938
5.253286543503642
.7667137410309747
.3801744051237404
.0056122778543936025
3.201174164340118
.3805795122407295
.0033657090104580335
.0714038431111551
.004768248375509725
.001986269429087149
.009854302489081512
.0001612408168611244
.0027487213768751916
.31365031606009725
16.301773158264925
.00016510524922687533
.005925873518315358
.00603651156928253
.005480078337848292
13450592680891567e-22
.00017043408870374743
.013529817738912535
.0011765053076837099
.009917153883447972
23281278886373365e-21
.002158563967058438
.0027956526001010184
.00033345545089970833
.005496641157858792
38562726216005206e-21
.005486160920755963
.005750600565182428
.020948837090599557
.00033685761757773356
.11645922982048039
.007361846164046269
.0008787309569750479
.045739116246759595
.2846085700327351
.0010192485891690694
.5380789748847054
.009484180935693547
12.607160855499028
11.834359175927545
1.3664177152749692
.007165684475956032
.061084050254356884
.06738606037214093
.2151544179405092
.12596525045578122
30.002856442443168
23.739400268946785
8.057638629832482
.0022425784692707857
.00045719380664177247
.001518888977196741
.006556893459036063
3.4856872855368524
7.518406752046925
.021260507825847617
21.200773440778264
3.550048731624428
9.134481613391156
19.869116411182983
.0014019786356981449
.009784745102497817
.0005569593274368092
2.121744353103223
.0003299027438030755
.0026663130188485516
.011673428906241085
.00036637057685595583
.9527613231830564
.6905793155130626
3175362755300399e-20
.007898859864170183
.8357122693277188
.7507792211937022
3.336128585414131
.00017521567429498643
57953819572304275e-21
.612983973977292
.7927839833460335
.08820089977201956
.010316992270334864
.26043682057112644
1.5683937912986958
1.4709431218305042
2.173713315570985
1.5353933417808368
1.958976341505428
.024910950509180494
.03308426876472715
.00911472091247838
.00016796100171691933
6.235848406997016
5.9050233673204735
.5301689045939294
.017166495684463875
.004087200755862617
6398629622188019e-20
.000651229138902695
.09712524004648185
.021309434865756722
.0008274263459319619
.4190658435340922
51874388966016715e-21
.000211635816773147
.03656822862453315
2280277899994512e-20
0
0
0
0
0
0
0
0
0
0
0
0
0
0
0
0
0
0
0
.7769825690498898
0
0
0
0
.5729757729653211
1295.7597592120699
.004281840217427285
.102126271134979
.01907539343142021
.21970482098845293
.10888065859602201
.6519874719494494
.13740937761143146
.40748449027807704
.006079476935702262
2.8257212547184554
3.238134514575552
.01564547524571886
.039866231725376136
.8255984035473984
.5678981537950593
.23504455144079647
.41590170205972854
.01940899383180636
.01940899383180636
.2231779277185417
48841475108377244e-21
.01940899383180636
.01940899383180636
.01940899383180636
.01940899383180636
.01940899383180636
.01940899383180636
.01940899383180636
.01940899383180636
.01940899383180636
.01940899383180636
.01940899383180636
.01940899383180636
.01940899383180636
.01940899383180636
.01940899383180636
.01940899383180636
.01940899383180636
.01940899383180636
.01940899383180636
.01940899383180636
.01940899383180636
.01940899383180636
.01940899383180636
.01940899383180636
.01940899383180636
.01940899383180636
.01940899383180636
.01940899383180636
.01940899383180636
.01940899383180636
.01940899383180636
.01940899383180636
.01940899383180636
.01940899383180636
.01940899383180636
.01940899383180636
.01940899383180636
.01940899383180636
.01940899383180636
.01940899383180636
.01940899383180636
.01940899383180636
.01940899383180636
.01940899383180636
.23620857562231284
.009921437680362959
.01940899383180636
.009921437680362959
.17183152243106514
.08607264158461281
.01940899383180636
.01940899383180636
.033346839687229186
.01940899383180636
.01940899383180636
.01940899383180636
.01940899383180636
.01940899383180636
.01940899383180636
.01940899383180636
.01940899383180636
.01940899383180636
.01940899383180636
.15814943242760926
.01940899383180636
.01940899383180636
.01940899383180636
.01940899383180636
.01940899383180636
.01940899383180636
.01940899383180636
.01940899383180636
.01940899383180636
.01940899383180636
.01940899383180636
.01940899383180636
.01940899383180636
.01940899383180636
.01940899383180636
.01940899383180636
.01940899383180636
.01940899383180636
.23620857562231284
.23620857562231284
.17183152243106514
.01940899383180636
.01940899383180636
.01940899383180636
.01940899383180636
.17183152243106514
.05882477097550047
.2070599024567504
.01940899383180636
.23620857562231284
.01940899383180636
.01940899383180636
.01940899383180636
.01940899383180636
.01940899383180636
.033346839687229186
.01940899383180636
.01940899383180636
.14816999258083494
.01940899383180636
.2231779277185417
.01940899383180636
.01940899383180636
.009921437680362959
.01940899383180636
.01940899383180636
.01940899383180636
.11978128192057023
.01940899383180636
.01940899383180636
.01940899383180636
.01940899383180636
.01940899383180636
.01940899383180636
.01940899383180636
.01940899383180636
.01940899383180636
.01940899383180636
.01940899383180636
.01940899383180636
.01940899383180636
.01940899383180636
.01940899383180636
.01940899383180636
.01940899383180636
.01940899383180636
.01940899383180636
.01940899383180636
.01940899383180636
.01940899383180636
.01940899383180636
.11978128192057023
.01940899383180636
.01940899383180636
.01940899383180636
.01940899383180636
.01940899383180636
.01940899383180636
.01940899383180636
.01940899383180636
.01940899383180636
.01940899383180636
.2231779277185417
.19130073990959603
.15814943242760926
.01940899383180636
9999999999984997e-28
.2011726210707528
.2011726210707528
.15814943242760926
.15814943242760926
.2231779277185417
.2231779277185417
.2231779277185417
.2231779277185417
