1.4997857668167622
.7161103101786841
.012163416860326915
.002256964325956182
44798597857326016e-22
.033206463674919376
6.861480955820998
.6771359082047556
.05359707755237136
.06168480730493165
.07218705143576172
5.253391102248249
.766713747979876
.38018184121593196
.0056123820937898725
3.201147895672438
.38059172274509867
.0033650466750264722
.07140384364798871
.004768248762060438
.0019862695894380883
.009852250685964013
.00016121439318735056
.002748189835088828
.313582213138472
16.301643135568007
.00016508570049450667
.00592587461029992
.006036511771581901
.005480078233969652
1345031908969415e-21
.0001704340887037474
.013529817738912263
.0011765053070114915
.009917153883447972
23281741895740523e-21
.0021585640199660817
.002795652597742614
.0003334616166098714
.0054966411538591164
38563536796314264e-21
.005486049334923424
.005741586633589916
.02094881518344976
.00033685761762621973
.11645922943448042
.007361869297263912
.0008787292562717304
.04573907441853509
.2845458383132647
.0010192241199198932
.538078892421117
.009483562428555994
12.60716224562663
11.834359582502826
1.366417762269443
.007165684598245098
.06108347716211704
.06738865378944
.21515442651760133
.12596525339107834
30.002856442443168
23.739413679917114
8.057697309770981
.002242204116589134
.0004570994602163664
.001518888059471548
.006556897305960766
3.4857768665785516
7.518445927284037
.021260799666126186
21.200773286619377
3.55004873946175
9.134861882788021
19.869117850674645
.0014019786470099089
.009784744420237067
.0005569594234050984
2.1217443714908764
.00032983518228453366
.0026657650032900376
.011673428553075888
.00036622264935329225
.9525751388826504
.6904359231338024
31743882366466016e-21
.007898786022127173
.8355446610399608
.7506318969651214
3.33611744391417
.00017519941488571925
58546870964911885e-21
.613008728554627
.7927567248813875
.08818367826755331
.01031497533443387
.26040552945100587
1.5683952442725362
1.4709432117841663
2.1737446081472913
1.5349958660732177
1.9589763828146054
.02490336787611459
.033075514457717246
.00911458554829104
.00016795946396559977
6.235836736182026
5.904944863808753
.5301691755908374
.01716294964216438
.0040872657976193365
6398740253144201e-20
.0006510280511959159
.09709767355270757
.021309445233885182
.0008272547578813851
.4190658493513336
51859444930387644e-21
.0002115960233549837
.03656824765025403
228030968944541e-19
0
0
0
0
0
0
0
0
0
0
0
0
0
0
0
0
0
0
0
.7769825389284327
0
0
0
0
.572997692927563
1295.7597592120699
.004281840217427284
.10212627113497899
.01907539343142021
.2197048209884529
.10886721614349507
.6519874863390382
.13740935523337877
.4074815889243662
.0060793686866128195
2.8317490336894684
3.2428606200358887
.015645483417394714
.039866252023057686
.8256014639768514
.5679003116291881
.23504277434948773
.41589857155675675
.01940899383180636
.01940899383180636
.22317791672099105
4869483054755015e-20
.01940899383180636
.01940899383180636
.01940899383180636
.01940899383180636
.01940899383180636
.01940899383180636
.01940899383180636
.01940899383180636
.01940899383180636
.01940899383180636
.01940899383180636
.01940899383180636
.01940899383180636
.01940899383180636
.01940899383180636
.01940899383180636
.01940899383180636
.01940899383180636
.01940899383180636
.01940899383180636
.01940899383180636
.01940899383180636
.01940899383180636
.01940899383180636
.01940899383180636
.01940899383180636
.01940899383180636
.01940899383180636
.01940899383180636
.01940899383180636
.01940899383180636
.01940899383180636
.01940899383180636
.01940899383180636
.01940899383180636
.01940899383180636
.01940899383180636
.01940899383180636
.01940899383180636
.01940899383180636
.01940899383180636
.01940899383180636
.01940899383180636
.01940899383180636
.2362085752737616
.009920789077739333
.01940899383180636
.009920789077739333
.17183152242330835
.08607264158457352
.01940899383180636
.01940899383180636
.03334636545614711
.01940899383180636
.01940899383180636
.01940899383180636
.01940899383180636
.01940899383180636
.01940899383180636
.01940899383180636
.01940899383180636
.01940899383180636
.01940899383180636
.15814937066186605
.01940899383180636
.01940899383180636
.01940899383180636
.01940899383180636
.01940899383180636
.01940899383180636
.01940899383180636
.01940899383180636
.01940899383180636
.01940899383180636
.01940899383180636
.01940899383180636
.01940899383180636
.01940899383180636
.01940899383180636
.01940899383180636
.01940899383180636
.01940899383180636
.2362085752737616
.2362085752737616
.17183152242330835
.01940899383180636
.01940899383180636
.01940899383180636
.01940899383180636
.17183152242330835
.05882444900131195
.2070599024060501
.01940899383180636
.2362085752737616
.01940899383180636
.01940899383180636
.01940899383180636
.01940899383180636
.01940899383180636
.03334636545614711
.01940899383180636
.01940899383180636
.1481699925786525
.01940899383180636
.22317791672099105
.01940899383180636
.01940899383180636
.009920789077739333
.01940899383180636
.01940899383180636
.01940899383180636
.11978128192015333
.01940899383180636
.01940899383180636
.01940899383180636
.01940899383180636
.01940899383180636
.01940899383180636
.01940899383180636
.01940899383180636
.01940899383180636
.01940899383180636
.01940899383180636
.01940899383180636
.01940899383180636
.01940899383180636
.01940899383180636
.01940899383180636
.01940899383180636
.01940899383180636
.01940899383180636
.01940899383180636
.01940899383180636
.01940899383180636
.01940899383180636
.11978128192015333
.01940899383180636
.01940899383180636
.01940899383180636
.01940899383180636
.01940899383180636
.01940899383180636
.01940899383180636
.01940899383180636
.01940899383180636
.01940899383180636
.22317791672099105
.19130073988801613
.15814937066186605
.01940899383180636
9999999999984997e-28
.20117262103411124
.20117262103411124
.15814937066186605
.15814937066186605
.22317791672099105
.22317791672099105
.22317791672099105
.22317791672099105
