1.4997857668167622
.7161463648285699
.012162813640477428
.0022570474731920453
44800194951173534e-22
.033207647081366434
6.861480827051476
.6771359070661773
.05359186155664412
.06168587333934804
.07218705208173162
5.253380087714999
.7667137464619236
.38018105820647036
.005612371315683069
3.201150133587269
.38058161492079234
.0033647009400893813
.07140384351551515
.004768248661540384
.0019862695477398467
.00985238955128099
.00016121218030497124
.002747893796257776
.31358682388258435
16.301647796594946
.00016506719379441343
.005925874540501997
.006036511886998516
.0054800781715917905
13450319248529594e-22
.0001704340887037474
.013529817738912318
.00117650530719104
.009917153883447972
23281693140785978e-21
.00215856401513217
.0027956525983725373
.0003334609673617456
.005496641154271624
3856345145257252e-20
.0054860494010120445
.00574247599681939
.020948817885161137
.00033685761811237013
.11645922947921508
.007361867728268221
.0008787253924185589
.04573887297600894
.284512855486067
.0010191961136362933
.538079090640012
.009483561907533595
12.607161500957211
11.834359568174282
1.3664177607268373
.007165684674891136
.06108345887124996
.06738773827025947
.21515442623373587
.12596525325713331
30.002856442443168
23.739419399854608
8.05765858406166
.0022420086702173263
.0004570500015956063
.0015188881080435293
.006556897250155817
3.4857738319826015
7.518444419931971
.021260790281570498
21.200772838781827
3.550048743795831
9.134608592385426
19.86912104732574
.001401978647593087
.009784744477205084
.0005569596321497878
2.1217444072291967
.00032979991787610854
.0026654789787413156
.011673428335765203
.00036618686685937303
.9524836922818455
.6903690484360973
31741237677376756e-21
.007898794736268125
.8354628854562942
.7505565126095015
3.336099981369712
.00017520454364632252
5888344175080061e-20
.6129922399526386
.7927541965214886
.08817493129941455
.010313927998420158
.2603915815236867
1.5683946789395582
1.4709431757521565
2.173743494203969
1.5348987631330222
1.9589763784935506
.024901473036663714
.03307354211213679
.009114585712380564
.0001679590299643953
6.235809751501157
5.904903866362477
.530169156230625
.01716118557316627
.004087263555117951
6398736321047492e-20
.0006509933295900525
.09709092162335002
.021309444574684366
.0008271650133687161
.4190658419571461
51855683766461126e-21
.00021157634679737627
.036568245703497204
22803085887478287e-21
0
0
0
0
0
0
0
0
0
0
0
0
0
0
0
0
0
0
0
.7769826690391745
0
0
0
0
.5729829982698227
1295.7597592120699
.004281840217427284
.10212627113497899
.01907539343142021
.2197048209884529
.10886020178526847
.6519875173889804
.13740934415538367
.40748232692260455
.006079387194569352
2.8351217629463576
3.2455022653782515
.01564550990288693
.03986631553767671
.825602230308139
.5679008586079974
.23504249962507956
.4158980947722727
.01940899383180636
.01940899383180636
.22317791672099105
4869483054750136e-20
.01940899383180636
.01940899383180636
.01940899383180636
.01940899383180636
.01940899383180636
.01940899383180636
.01940899383180636
.01940899383180636
.01940899383180636
.01940899383180636
.01940899383180636
.01940899383180636
.01940899383180636
.01940899383180636
.01940899383180636
.01940899383180636
.01940899383180636
.01940899383180636
.01940899383180636
.01940899383180636
.01940899383180636
.01940899383180636
.01940899383180636
.01940899383180636
.01940899383180636
.01940899383180636
.01940899383180636
.01940899383180636
.01940899383180636
.01940899383180636
.01940899383180636
.01940899383180636
.01940899383180636
.01940899383180636
.01940899383180636
.01940899383180636
.01940899383180636
.01940899383180636
.01940899383180636
.01940899383180636
.01940899383180636
.01940899383180636
.01940899383180636
.01940899383180636
.2362085752737616
.00992078907773915
.01940899383180636
.00992078907773915
.17183152242330835
.08607264158457352
.01940899383180636
.01940899383180636
.03334636545614714
.01940899383180636
.01940899383180636
.01940899383180636
.01940899383180636
.01940899383180636
.01940899383180636
.01940899383180636
.01940899383180636
.01940899383180636
.01940899383180636
.15814937066186605
.01940899383180636
.01940899383180636
.01940899383180636
.01940899383180636
.01940899383180636
.01940899383180636
.01940899383180636
.01940899383180636
.01940899383180636
.01940899383180636
.01940899383180636
.01940899383180636
.01940899383180636
.01940899383180636
.01940899383180636
.01940899383180636
.01940899383180636
.01940899383180636
.2362085752737616
.2362085752737616
.17183152242330835
.01940899383180636
.01940899383180636
.01940899383180636
.01940899383180636
.17183152242330835
.05882444900131186
.2070599024060501
.01940899383180636
.2362085752737616
.01940899383180636
.01940899383180636
.01940899383180636
.01940899383180636
.01940899383180636
.03334636545614714
.01940899383180636
.01940899383180636
.1481699925786525
.01940899383180636
.22317791672099105
.01940899383180636
.01940899383180636
.00992078907773915
.01940899383180636
.01940899383180636
.01940899383180636
.11978128192015333
.01940899383180636
.01940899383180636
.01940899383180636
.01940899383180636
.01940899383180636
.01940899383180636
.01940899383180636
.01940899383180636
.01940899383180636
.01940899383180636
.01940899383180636
.01940899383180636
.01940899383180636
.01940899383180636
.01940899383180636
.01940899383180636
.01940899383180636
.01940899383180636
.01940899383180636
.01940899383180636
.01940899383180636
.01940899383180636
.01940899383180636
.11978128192015333
.01940899383180636
.01940899383180636
.01940899383180636
.01940899383180636
.01940899383180636
.01940899383180636
.01940899383180636
.01940899383180636
.01940899383180636
.01940899383180636
.22317791672099105
.19130073988801613
.15814937066186605
.01940899383180636
9999999999984997e-28
.20117262103411124
.20117262103411124
.15814937066186605
.15814937066186605
.22317791672099105
.22317791672099105
.22317791672099105
.22317791672099105
