3.0429025792021562
.008999233729961002
.0005405574505636537
26589970473939914e-21
832060328269801e-27
.002006259328435924
6.475384688932097
.7033283809859653
.044018126999318744
.011504218787719641
.07097120287786249
.7767879502970062
.7389346572118954
.05732897052726959
.0008866315068775295
.006132593618628439
.0006969067761761471
.0023420181875601423
.069137436486673
.004925787550121765
.0020513347804698065
.0021319370997996217
3797854207809316e-20
.0019281714342510772
.06587244393381414
3.9467821342660145
5971260344395382e-21
.005654958450748255
.0058077705194272645
.005323524435253677
13059873764344102e-22
.00016525446194421025
.013118614942689082
.0011405208134979172
.009615763948117117
34771810255904235e-22
.002300420372995757
.0027098821756541716
5290873856682573e-20
.005321587489653074
58495436583163815e-22
.005321814645272572
.005321423566882803
.021329338089453052
.0005641163071929758
.11245577875949876
.00724188913892232
.0004955300635368198
.0244997545019332
.0737019321183668
21956307865209514e-22
.13226143496242446
20521749922566613e-21
8.881210812881822
8.480666283684947
1.1441117775860612
.006899388650745042
.0006053315617283801
.0006649136853553808
.1755927984360188
.10798522193844592
9.427965610637912
7.4774796172333735
2.631602850014923
.001661758667066296
.00030263125857889407
.0014928582530327047
.006159633600842362
.007526936563622039
3.676133290237135
.0008631039826701077
9.427965610637912
3.4391468840777195
9.117707367443828
8.45844141227516
.0013571653013150452
.009561608235287584
.00013836847155937468
2.0916800663059734
.00022796047972673867
.0018347395008902318
.01135641191688554
5896560911598259e-20
.7118397882725583
.03196927898670137
17918232140451078e-21
.0003412585210846846
.3842270610913902
.35705356507105185
2.3471662155989326
.00012270571169983229
.0003710202784485234
.6112839672954955
.7305958028047067
.14554940184963783
.00024179702066258317
.1458504777603259
1.1106646022416213
.9763071102524072
.07386392038239548
1.157688510998331
1.8832457682453163
.01615632975064228
.017882223434227663
8147361507325929e-20
.00012368874576185524
3.4893072304948647
4.2188718249122275
.44703852650159465
.0033477913441502306
.00012129497157076544
16881271404722841e-22
4809090798418491e-23
.045710248444207756
.01609597320394504
.0004919621736013875
.33018392927313
27206796973739207e-21
.00016324891841956835
.027242004860928766
7776709492269241e-22
0
0
0
0
0
0
0
0
0
0
0
0
0
0
0
0
0
0
0
.11509386683409238
0
0
0
0
.13597454039656695
1256.3803812665767
.004151710999394758
.09902255611327332
.01849567398724512
.21302778142101625
.018688132248141982
.41175657952657163
.012471179739912748
.35064890555820677
.003940781551457609
2.0726141552880804
2.2173371887503786
.0018847277428994586
.004713883845423652
.47876830447079965
.3398716326893431
.1678256070008061
.29688445691667287
.0188191359525115
.0188191359525115
.04769677015083489
2056706785725743e-25
.0188191359525115
.0188191359525115
.0188191359525115
.0188191359525115
.0188191359525115
.0188191359525115
.0188191359525115
.0188191359525115
.0188191359525115
.0188191359525115
.0188191359525115
.0188191359525115
.0188191359525115
.0188191359525115
.0188191359525115
.0188191359525115
.0188191359525115
.0188191359525115
.0188191359525115
.0188191359525115
.0188191359525115
.0188191359525115
.0188191359525115
.0188191359525115
.0188191359525115
.0188191359525115
.0188191359525115
.0188191359525115
.0188191359525115
.0188191359525115
.0188191359525115
.0188191359525115
.0188191359525115
.0188191359525115
.0188191359525115
.0188191359525115
.0188191359525115
.0188191359525115
.0188191359525115
.0188191359525115
.0188191359525115
.0188191359525115
.0188191359525115
.0188191359525115
.10919743161901345
20722726261871107e-21
.0188191359525115
20722726261871107e-21
.11683180312034191
.07376467284791208
.0188191359525115
.0188191359525115
.00032569743729113734
.0188191359525115
.0188191359525115
.0188191359525115
.0188191359525115
.0188191359525115
.0188191359525115
.0188191359525115
.0188191359525115
.0188191359525115
.0188191359525115
.015625711644569638
.0188191359525115
.0188191359525115
.0188191359525115
.0188191359525115
.0188191359525115
.0188191359525115
.0188191359525115
.0188191359525115
.0188191359525115
.0188191359525115
.0188191359525115
.0188191359525115
.0188191359525115
.0188191359525115
.0188191359525115
.0188191359525115
.0188191359525115
.0188191359525115
.10919743161901345
.10919743161901345
.11683180312034191
.0188191359525115
.0188191359525115
.0188191359525115
.0188191359525115
.11683180312034191
.0012424732704897873
.12065285209806118
.0188191359525115
.10919743161901345
.0188191359525115
.0188191359525115
.0188191359525115
.0188191359525115
.0188191359525115
.00032569743729113734
.0188191359525115
.0188191359525115
.10882454105751996
.0188191359525115
.04769677015083489
.0188191359525115
.0188191359525115
20722726261871107e-21
.0188191359525115
.0188191359525115
.0188191359525115
.09503069202909874
.0188191359525115
.0188191359525115
.0188191359525115
.0188191359525115
.0188191359525115
.0188191359525115
.0188191359525115
.0188191359525115
.0188191359525115
.0188191359525115
.0188191359525115
.0188191359525115
.0188191359525115
.0188191359525115
.0188191359525115
.0188191359525115
.0188191359525115
.0188191359525115
.0188191359525115
.0188191359525115
.0188191359525115
.0188191359525115
.0188191359525115
.09503069202909874
.0188191359525115
.0188191359525115
.0188191359525115
.0188191359525115
.0188191359525115
.0188191359525115
.0188191359525115
.0188191359525115
.0188191359525115
.0188191359525115
.04769677015083489
.12041110927313858
.015625711644569638
.0188191359525115
9999999999969574e-28
.12089651666265414
.12089651666265414
.015625711644569638
.015625711644569638
.04769677015083489
.04769677015083489
.04769677015083489
.04769677015083489
