3.0429025792021562
.00899922323177506
.0005406234810036973
26580735554694284e-21
832055854524641e-27
.0020062130416321055
6.475384689269468
.7033283807399497
.04402404330220691
.011504217510824925
.07097120286522542
.7767911239477518
.7389346573690025
.057329204125301264
.0008866343290247553
.006139022098627436
.0006974904304817189
.0023423492973352385
.06913743621027595
.0049257875498611835
.00205133478036177
.0021319368240616888
3797063796383112e-20
.001928451973482595
.06587243226190719
3.9546712983578836
5986483798378037e-21
.0056549585323757805
.005807777965653988
.005323524142712369
13059873641905974e-22
.00016525446194421025
.013118614942689072
.0011405208348250978
.009615763948117117
3477195230476077e-21
.002300420371552561
.0027098822504623148
52908952232107085e-21
.005321587488954132
5849567748782068e-21
.005321814508779049
.00532142353000716
.021329130587361887
.0005641163001494938
.11245577877747545
.007241889286958502
.0004957165462931599
.024509184148504504
.07371251945658147
2195174027204212e-21
.14235717795521907
20521831075907287e-21
8.88123922223003
8.480668901459453
1.1441112792134072
.0068994107119906695
.0006053307595522616
.0006650774646273448
.1755927255957335
.10798524750830724
9.427965610637912
7.4782631393192975
2.6317594937491116
.00166196699616203
.0003026782342588529
.0014928603730639443
.006159663908258631
.007545292305285522
3.6772198798635896
.0008651666313083821
9.427965610637912
3.439147195867215
9.115795301943374
8.968360599569799
.0013571640017945317
.009561633962655795
.00014963012818622538
2.091690450170257
.0002279936203572377
.0018350071269299859
.01135641081358171
589743945392428e-19
.7119465219115656
.031968417210507874
17966352465465828e-21
.0003411950906339348
.384287204863549
.35710751405285496
2.3472232492914626
.0001230140149873684
.00037101044040464587
.6111597275433157
.7395606354355098
.14546272709979283
.00024182649951766746
.14582166900885415
1.1106597449338114
.9763069527888676
.0740389439964203
1.1604328945227125
1.8832432134061616
.01619999937348975
.017930149533385464
814733720047855e-19
.00012373711375948215
3.4906157385888035
4.218925646136905
.44703898758569344
.003348319272547683
.00012158347264253049
16921401074994517e-22
4833205062294526e-23
.04583304891567292
.01609559177047576
.0004920251241031232
.3301832844265248
27279665601548667e-21
.00016327321642376966
.027241227365994415
7795084544991346e-22
0
0
0
0
0
0
0
0
0
0
0
0
0
0
0
0
0
0
0
.1150930841278291
0
0
0
0
.1359788910486771
1256.3803812665767
.004151710999394758
.09902255611327332
.01849567398724512
.21302778142101625
.018689982957015055
.41175484389963324
.012471163789473515
.3505196407139761
.0039429758229438
2.072607109572553
2.2173330049342237
.0018847386442160897
.004713907693519289
.47876881331970816
.3398718739341485
.16770181207835755
.2966655101329256
.0188191359525115
.0188191359525115
.047696770150834886
20567067857274832e-26
.0188191359525115
.0188191359525115
.0188191359525115
.0188191359525115
.0188191359525115
.0188191359525115
.0188191359525115
.0188191359525115
.0188191359525115
.0188191359525115
.0188191359525115
.0188191359525115
.0188191359525115
.0188191359525115
.0188191359525115
.0188191359525115
.0188191359525115
.0188191359525115
.0188191359525115
.0188191359525115
.0188191359525115
.0188191359525115
.0188191359525115
.0188191359525115
.0188191359525115
.0188191359525115
.0188191359525115
.0188191359525115
.0188191359525115
.0188191359525115
.0188191359525115
.0188191359525115
.0188191359525115
.0188191359525115
.0188191359525115
.0188191359525115
.0188191359525115
.0188191359525115
.0188191359525115
.0188191359525115
.0188191359525115
.0188191359525115
.0188191359525115
.0188191359525115
.10919743161901345
2072272626187956e-20
.0188191359525115
2072272626187956e-20
.11683180312034191
.07376467284791208
.0188191359525115
.0188191359525115
.0003256974372911185
.0188191359525115
.0188191359525115
.0188191359525115
.0188191359525115
.0188191359525115
.0188191359525115
.0188191359525115
.0188191359525115
.0188191359525115
.0188191359525115
.015625711644569613
.0188191359525115
.0188191359525115
.0188191359525115
.0188191359525115
.0188191359525115
.0188191359525115
.0188191359525115
.0188191359525115
.0188191359525115
.0188191359525115
.0188191359525115
.0188191359525115
.0188191359525115
.0188191359525115
.0188191359525115
.0188191359525115
.0188191359525115
.0188191359525115
.10919743161901345
.10919743161901345
.11683180312034191
.0188191359525115
.0188191359525115
.0188191359525115
.0188191359525115
.11683180312034191
.0012424732704898213
.12065285209806118
.0188191359525115
.10919743161901345
.0188191359525115
.0188191359525115
.0188191359525115
.0188191359525115
.0188191359525115
.0003256974372911185
.0188191359525115
.0188191359525115
.10882454105751996
.0188191359525115
.047696770150834886
.0188191359525115
.0188191359525115
2072272626187956e-20
.0188191359525115
.0188191359525115
.0188191359525115
.09503069202909874
.0188191359525115
.0188191359525115
.0188191359525115
.0188191359525115
.0188191359525115
.0188191359525115
.0188191359525115
.0188191359525115
.0188191359525115
.0188191359525115
.0188191359525115
.0188191359525115
.0188191359525115
.0188191359525115
.0188191359525115
.0188191359525115
.0188191359525115
.0188191359525115
.0188191359525115
.0188191359525115
.0188191359525115
.0188191359525115
.0188191359525115
.09503069202909874
.0188191359525115
.0188191359525115
.0188191359525115
.0188191359525115
.0188191359525115
.0188191359525115
.0188191359525115
.0188191359525115
.0188191359525115
.0188191359525115
.047696770150834886
.12041110927313858
.015625711644569613
.0188191359525115
9999999999969574e-28
.12089651666265414
.12089651666265414
.015625711644569613
.015625711644569613
.047696770150834886
.047696770150834886
.047696770150834886
.047696770150834886
