44.858678686171324
.31872735991289003
1.1565927786426062
48.38498283129414
1.4198414516732685
7.5514194202130565
.893172905742112
.19027996010342763
1.4285855557026002
.08001749000717581
21.44640341971647
.7950444549949979
1.5330645239446556
.020686020385203105
9.585133365439795
11.651709852936952
.010369934564187574
.08579087256601096
.0166093657651655
.006968489792025246
.042178045650361394
.013872290074614175
.009826660677182329
1.686084896215888
28.981536495738645
.004626938244941389
.006524636769910967
.0067124480051781715
.005839308380637037
.005217660033998962
.00017977216990981677
.014417218488271719
.0013630206088048242
.01047638423754442
.0002697090357699875
.004438637937647181
.003095500888812243
.002456225416692368
.00844375930607694
.00021346576808332432
17.96312898910862
18.21057787369793
.030642381945762253
.0038024930184504964
.14607673599474644
.010415468343028464
.009811999339350447
.5867371782527939
5.370943477858567
4.596077531523715
3.7713850015216006
4.977695255439459
21.81895164292353
20.795617893567663
2.038092382059379
.007939276344014944
9.237474702069667
157.99737153895848
.3438104093917285
.1803273806701999
53.90008273995087
51.888905724988994
17.35469942751876
.005944176550830332
.0022042535615277884
.0015497460237661334
.01046917035462838
84.18163029710534
77.4003594764501
.04327999685601189
28.039783845373698
3.6110720067457063
109.7602347688186
34.400955746817615
.0016265934142366534
.0099843636110019
.005476708424521698
2.6524613559696584
.0010618365787800513
.009633523669251829
.01160586629762028
.008525371196116691
10.869960229834685
24.66311660718096
.009593659765075474
.05356472013986293
26.950004197683626
130.92626560757128
7.674256623532
.016375500153648997
.009599945524452353
5.46734680973864
1.6329371136409274
12.657833307415888
11.44354712803677
6.316288613683001
7.964402211875246
7.04120472894642
3.574489018077938
64.16779604134469
2.183190497620827
7.157234312737677
5.474375543777447
2.8092311522897475
.0029711324447678003
64.50847722596976
8.460016605400982
2.052151681412883
.4869367654412668
.016075160517092568
.00018216028138147433
55.732489878807414
103.6077578640874
.09803953999275433
.0034111948311131273
.6001400139670369
.006104674934887922
.006856845459187359
.19210229302596282
43994225963829604e-21
0
0
0
0
0
0
0
0
0
0
0
0
0
0
0
0
0
0
0
3.4519739002965593
0
0
0
0
4.837610865262526
1307.0266882819255
.0047197435989054445
.10652507027761053
.018563825322402968
.22954702582012962
.8324075643496625
1.2675754462636915
1.5811157242101432
19.000493613742577
.016692136928926894
6.216390708617116
6.545118390062799
.38495801767182647
.8448334318868752
77.51644968881482
95.28012733353688
46.32835628727767
78.06561228218209
3.4307064198732946
1.8864769114888655
1.6223303402409701
1.7328528749615482
2.6498278363074252
1.689475598919041
2.5004128939863968
2.0336434075276846
1.8069726594524909
2.174757620074187
1.8892643216242944
1.8927018370863888
1.3912074541575814
2.0470040023639067
1.5009248839868616
2.6783789649685255
1.8723434992063064
2.4092746753868792
2.3379449513623114
1.8062172872574334
2.416807392541057
2.6231575357986228
2.5973798049165375
1.9628174489476382
1.8030994572818881
2.3481976984153636
.02460187551822389
1.7911694483551328
2.3949793544802187
5.701774264920996
1.9791657187609266
2.1037918393482635
1.3265393472682443
3.1143419378117483
1.480642515665797
1.5685658663504334
3.071507984686463
1.2729115919092724
1.926490352144845
1.470072635424374
2.1068307650308697
1.4326611976292272
1.8231272897413302
2.639178983539241
1.9798113867585914
2.1708680600197
1.765605940009118
2.1455550154846588
1.7915984565143286
2.26275307459169
2.6271209263041575
3.039051986395609
2.3021932341284166
2.0829196967470507
2.097113032095321
2.9457701922099
2.6020218073798054
1.122753518794383
2.5148238443554196
2.950227761791572
2.0338333782687212
1.226939812180099
1.6434041511941355
1.7245178142269095
1.9537576394794418
1.5220989226908206
2.3795353516106235
2.307713908932891
1.9218031585997062
1.8085002860004216
2.57565885937438
2.658263166649846
2.00028090050097
2.2016808823563294
2.298027863737833
2.0787521203880606
2.519984743577764
2.3202865259749377
1.9671599243097555
3.114276690251078
2.1494730760606298
1.8934446583392914
1.3250013684490618
1.5829166426977954
1.5633441967293595
.7297398749269649
.1743053514261189
2.0091963170752205
.011809125337640638
2.466474889384241
2.1771061591614074
2.596295389901741
1.8497022945470674
.18182371995417407
1.516494740797737
.19984331308219286
1.2100694041950468
2.9952220629946393
1.774410059328412
1.7680786314110837
1.9791174319833769
2.067976631085178
1.7811592485621879
1.9083593477533598
2.007964782067729
2.3112412944806096
.010252369402701545
1.9675232515836063
1.9902979398983676
1.442644516365671
2.292010019140048
1.8040902463659054
1.4244112393159467
2.2061168954409967
1.951808465489858
2.0594271594541755
1.9629947720791474
.769207072000227
1.8418121562204288
4.8574675590567375
6.242907896319264
1.4620548680241343
2.0970630156189785
2.620972218574954
2.5509511935345994
2.7893907697357005
2.0282607426376837
.00911659875120524
1.6069328529478732
1.4153301802302627
2.5945752365435926
2.3677813274723136
1.7659469416356544
1.8719112659163097
2.371971917206423
1.991451828928552
2.5260029468495366
2.0825780033570993
2.4704306492418713
1.7428896419536515
1.6133597685236185
2.2303275447981155
1.2493398998553453
.2143483542344341
2.339411756421108
5.8013171574452915
1.5487856545041823
1.801779432568016
2.098826206073699
2.2448769103862185
.9962119442831194
1.718237768515495
2.1374710296779442
2.1232180671980956
2.3257395083213948
1.335315144471642
2.134561188265659
2.6088798253903613
1.7731191833521223
2.472607777527939
1.391209470924721
1.251699432460508
1.605453540557064
2.024726941154922
2.3060555760975197
2.2985530349369796
2.854145678545023
1.2566183169230671
2.3367845775044875
2.209297894961465
2.2320831742516773
2.3731894782600604
1.7741291159838415
1.8297823652066114
2.80963071150195
1.8938726141667517
2.0872156753065663
.02381614325358819
1.9478518673364884
.059260468196609614
1.8604548759588202
1.9153676539566815
.5542398219668819
1.440093379386106
2.161338027892324
1.189660199145967
.04686091204017593
1.9598469608089673
1.1016498025812809
1.5242894981892612
2.1197608764398566
1.9074956497067748
1.5271604280726563
2.4903328860547775
3.4239375239195526
2.847334495570126
.6421925629941765
.012113939839553245
2.025417300869974
2.1689527201438237
1.9684732081563625
.0480090347173464
2.25508524624518
1.6548211120216134
2.165283646920322
1.1887903289135884
1.3373254817196136
.006720595625687885
.004577041767084087
2.382458620263637
.5622650847241322
.13768214080584784
.784749880159538
.200530150385319
2.210154217807192
.11543113048576366
.09553975184152222
1.7762088369786588
.6009383753211917
8.402906357343468
2.1748621818104334
2.1117999251814523
2.412870837830297
2.334381916997466
2.1665968633398056
1.9701025233496539
.12129987056753191
.16655444609593978
1.9193165252930922
3.2374894418504896
1.006799230076111
1.9292029290452897
2.4941001690054665
1.9657582138060197
.010324760487992817
.2873437551452242
2.8957241128131495
3.554055533168957
4.457337069610447
4.114709771498145
2.4605290534419857
.011314148025232094
2.9301632896687515
1.3522423391647114
.014672929955095108
.01023716082975445
.16396169939536673
.012587821299827192
1.7420363669290895
2.9495116111323427
.01
1.8232063841280093
.014679625876634208
.007528870638426872
1.9148825445843976
.009244980330807511
.008528434369868493
2.249479017857002
.006956856982054614
2.385732360884987
2.176498759679678
1.6251131704104562
1.6329079207368247
.009031368736622355
1.9893458607586043
2.4922156119219725
2.334257532459367
2.453620121673119
2.2073249481494823
2.7731130154789874
.011524400488865539
1.3411492015227984
.011489251855828836
.009278630911859693
.010257866637123988
.012277282100911942
.010135400068152044
1.4746771094295816
.0919788532241216
.07398302514606805
.009253551636486548
1.4161530054056757
2.35788143642586
.09588200585687122
1.8492096198948749
1.5309507621288532
.06644481667084759
2.1923478500345914
1.7236199655552635
1.7344531883179275
2.8475628562297115
.009272958509249397
1.6314751698258008
2.7077415418353903
3.4151613771438343
.8122311401399782
1.5733358980759593
2.1798221035028074
1.5093141527537142
2.128325864792377
1.60049359758108
1.7911324077964184
2.0232841958067214
.009201013909698777
.20760881310867976
.18623366037781094
1.8727249576206746
1.451271336376249
1.8650245198341384
1.6754872244898116
1.4881632690962534
2.199385820619545
2.1592049459033587
1.7847890095691152
2.0753569428377086
2.1584789590240336
1.7903350395466646
.006055930920408735
1.5971921449261741
2.000750877565274
1.9288912223216097
2.1504512952625494
3.1691262691658437
1.720478600910811
2.0171007076151137
1.794808192023715
2.1172929206603137
.11215009926275668
1.9123244983303358
2.174416717342441
2.2460891983618847
1.6117765243502145
2.438932881094302
1.6791220882899767
.24398554196578046
.14793874000895477
.12564768680747168
1.694374749150398
2.063279297718645
1.9237601861357683
2.409211082135106
1.3069099923357161
1.7701387814873175
1.5572807235089947
2.1317894137600706
2.23108599155244
1.755643456272822
2.372195381199263
2.300155013661409
1.9631447963363813
2.3903221958406364
3.158637976963864
2.0643959964241065
1.9765818379335618
1.8578924573038522
1.437174086692401
2.034876004982416
1.5583293666408884
2.194484490092737
1.9652613042097247
1.61942641721128
2.3282246096339114
1.6985344071677781
2.3522397672041326
1.3818588427745526
2.427356682244206
1.4942817991288249
2.1596306039059185
1.7154754835459798
2.2348303608197213
1.635344207933016
2.0684221288059943
16.201261254127456
18.298004623810137
2.4047189116929126
2.083151254951843
1.7454248294859809
1.2740488878357963
1.5877397393055754
1.4893657428367393
2.7278040274152744
1.6816953257771952
1.7575932085088402
2.2256824733198406
1.8020301893355088
2.8949452344841964
1.7472366739747747
1.7675730662315603
1.4558685989632725
1.8502025232751922
1.501446517608146
1.7954719122435927
1.2396997821529991
1.9489338201630173
2.2584310370464133
1.1889224867558812
1.8587478298714775
1.5506402587507304
2.2441661923160146
1.8323133430568823
2.9469657929890776
1.9526347207831027
1.9890870896953259
2.584034295510322
1.202965052760368
2.521482766796014
10.911774146501829
1.800406571277574
1.7085845285823067
1.6087862260402532
3.4379654654465317
1.9833869521842107
1.8943525592110448
2.8379453151597356
1.4808700477512147
1.9142689764926983
2.73940679534014
1.4244786034542771
3.35335549104012
2.50798511107256
2.472964207084753
2.0160735151712283
1.386229090893181
1.625538162376998
1.788954813785354
.2872031569427795
2.620616122109409
1.7535649171108965
2.6091204855852808
1.701107061406923
1.9515861171194084
2.626282304413338
2.076328865633493
2.1413828151001577
1.8880025060029535
1.7291823511094508
1.4728534219318996
1.9718661858850244
2.361134190540674
1.7939665120124202
1.7661474753822681
1.549102407785427
1.6636277577440541
2.5372603056566008
2.961209279324242
1.9738154251271451
2.1192690483178347
1.8620344460673963
2.3229932872364296
1.6307549413133413
1.2646692735463518
2.1408814328075216
1.7415058367858793
1.7016593103055357
2.3516435527216517
.17086900486829898
.9832671561292551
.12307451694622139
.9786661983357592
.10656020354247174
.8835373618047158
.08829543874110705
2.2145904357862354
.1702186838881572
2.3849332242325088
.08845814823087775
.9953554646466406
6.058194890723784
.3383437703214576
.11231561432141864
1.2846855104205417
.07045920062833472
.22300962012849507
.03974862543747329
.8950948705493992
.07444622820622696
1.126419900183609
.09668250472417093
1.311930384451001
.1836022888411517
.9926839715886515
.050079305472714206
.691336567745878
.05941829039151184
1.4557715880657425
.00019213260028889265
.00039432603549018736
.11331928882198819
.12419621947067462
