.0035600166672916183
.28653674563792036
.0035287777886836144
-.003164934439456073
-.00020004094842132841
.0031264050305219704
-.0005159353658026733
-.000515265961773477
-.0005601136252189964
-.0010052021083946947
.01057404126224361
.012392647048539174
.003432318372915535
.00330481895510411
-.05337840789401025
-.00011142322004925587
-.00010749559748667437
-.003051543335289501
.0007179360620831981
.020905549126500268
-.0030922560588864437
-.002996278013286648
-.0029931559756088944
-.0027703406110162927
-.052798596367148266
-.053306561487957746
.005713285927670314
.0398443405090913
.021332313295800445
.021553776558433897
-.0005206852527103087
-.0005178739380366252
-.0014723918469581204
.0004110325258273782
