-.0005151657420156983
.0035369363660427435
-.0005161461278724894
-.0013681694326996227
-7747670108059014e-22
-.0005154623274401179
.003545447203053478
-.0014145357596223825
-.003146508159002306
-.0005190739725950801
-.000836648756191644
-.0014281603051681084
.0035383874957653255
-.0005674763839914722
-.0014416626402512017
-.000364373295638081
.0001335703807443926
.024742759429725564
.0034256686872539428
-.0014417755404550843
-.0344623789568833
-.0005186796392252103
-32058512176373013e-22
-.0005207783002441836
.003537628148058771
-.0008511074196517135
-2273558263278089e-20
.005348215929390139
-.00013337611986592908
.0012229945730196923
.01977005203894053
-.0014162564391507406
-.003283996751238052
-.0009757254316629408
0
0
.022110230423657465
-.0009174113016419973
-.04156310386083839
.0035532360991493432
.5046122456339911
.0029634016563079893
-.0006656700677612966
0
0
-.0011269214265765568
.0035355636703346266
-.0014367766890300189
-.00026521676857426573
-.0005189927974583575
-.001409913359030392
-.0005183389088985072
-.0014205183041731669
-9888504108647678e-22
-.0014255244148116267
-.0005703869547462099
.29171368603498976
.21327079726007636
-.0003373421170333954
-.00041632234863731097
-.0005147763803931155
-.0003799264889893736
-.001435139941490248
-.0014201787068547859
.0034328398616834954
-.011865635498126166
-.0005201536869844462
-.001431003055579523
-.0030594051637316344
-.008766122290356013
-.0014208068421164123
.021950676781536563
-.0012602278410488218
.003092904569470003
0
0
0
0
0
0
0
0
-.01488557551769987
.016123105234267146
.016823355339954882
-.002918679389404563
.0007856723740347134
.0035536137423342554
.02030871975196276
0
0
.0008743155847267889
-.0025895738380725774
.0033933272434282366
-.002851896933660203
-.001116428413909374
-.0012861085238223971
-.001152209081497715
-.03247788477800727
-.6580291836524264
.0035710353993950884
.005723537716216424
.003293290482818763
-.00040074128087419237
-.001147085333660546
-.00017148662173326117
-.0028198119141178046
.00342889598912661
-.024990982461727776
.003074547017625169
-.025121827644176593
.024178905015707422
.03134694354348352
-.0006282009622863344
.00312099556463101
.003174619876728225
.003537502363519719
.28612233440799134
-.0004058161001020867
-.05077649392201535
.00314349188743691
0
0
0
0
0
0
-.0023693448891000113
.002981632948150666
.02011980203981383
0
0
0
.018261854362505214
.28532229937626896
-.0005634562293971195
-.0003935414244605168
.0059171946223579965
.03729090610447673
-.0014294340356737277
.0032645979446066994
-.002731827187413948
-.000519114932847868
.028533577888673972
.0034279159141678748
.02288208300649929
-.0012088347649330882
-.0003295068594715322
.01495279499791942
-.0014266385072092835
.24047422272614194
-.0002807666137834863
0
0
.0034300272070141684
-.0014024396630374252
-.0010008857898578779
-.0024808315156696786
-.0013177088556795076
.001487861815676463
-.00021087693550573967
.11674014015195101
.0035034734160506865
.003436541439433593
-.0014116772265766386
.003307178590671722
.001514937905286766
.0034338418117583094
-.00036714511624896345
.003425186770839325
.003312547152793482
.0034315030796460842
.0013886628183176369
.020034712200732056
.003121339029406805
-.15283400314786172
.006238725679399543
.258691331620455
.0034682021316298213
.2542407386461841
.0003407178808902885
-.04821110809708893
.010425953742273718
-.5914929939066399
-.0010718806196819567
-.0008493023951134343
.010182819252389423
-.03223752331038046
.005197214749108633
-.12494926196277158
-.000652989062660799
.0032582906097787688
.0032221615118638576
0
0
0
-.018624237613036217
.44989109289450413
.0076673468828914165
-.0032845956527876924
-.003107233720950937
-.04821122301568732
-.02883963700650647
.5182702456936348
0
-.08676782799373695
.0035616328766126986
-.034079630290735324
-.0035711295300077
.010721082610375828
.0035082665779657012
.04304638967051637
-.3930766519144152
-.3165958051722909
-.0007252561029385246
-.002493249221814687
-.005967328355076519
.002835260500581072
-.12509359157369562
-.0028125014003991355
.016897823986521177
-.0011363484009130692
-.001260778648730804
.00026949085264100543
-.0013937468213716107
-3065507998303095e-20
.003479109772314991
-.0034253921533837217
-.004865200308064022
-.006030889149322936
.00044954219231788225
-.0007569455257376596
.003509094603517459
-.0008899545903504625
-.11937522830815375
.2909034241008653
-.0036201202835020674
-.0014749849183466471
-.006175036219593647
.3464908778719292
.0032568741533520905
-.04752001516044499
.2724897610581142
0
-.03190825168169244
-.03171750479457774
.02065810385573479
.4455210022005163
.018767678955207298
0
-.03362490694526223
.01181507064287147
.4450378809989732
-.03043763205529743
0
.017001577189954698
-.03156587703566983
0
-.0308884461153542
.01066029983909096
.0036164894672933785
-.0005898192631752738
0
.0151231071045933
.0206161172921208
0
0
0
0
0
-.03112641015322056
0
.45129198004514276
.4501352066217456
-.0319892065088316
.4537170815955287
-.030933094072021657
-.0007621780514301745
.45922113643504875
-.02127509597205461
-.0031076703095253657
.014953506502955365
-.0014276261628850373
.009392502708225666
-.024953962569623907
-.0005650149675026372
-.03438941367460699
-.024998302462186612
-.0005143192745728054
0
0
.4563155008550716
.012968064784619983
-.02588558865158642
-.16044199827948474
.03714692126388582
.027749510641737585
.20576463039614923
.016256518171302844
2549083770392066e-20
-.016339480719932704
.0028125294520073615
0
.45147899131492397
.0032746980309888104
-.0014348877214209296
0
0
0
0
0
.0034556988230596813
-.0030540039387245096
-.014591031042134541
-.0014294903332461514
.011067372327926678
.015442771848114847
.008587377312610906
.00021259547521179675
0
.004925251120938798
-.06940345272515742
-.0017765838638369876
-.000902372822245652
-.0005608686655158101
.2730366778595112
-.0015956302933555963
.014693066480306797
-.00017372222720876302
.0032673875001105706
-.0012591118806412308
-.0008495725527731702
-.00017139664028101485
.017050148972391394
.003430132383385446
.0034253963269726437
-.002286616773452787
.0035368483363725028
.0035376161762791054
.003536585068399572
.015329884761174991
-.0014208490603802282
-.0005154978531138639
.009549790746366546
.0035533975699947895
-.0007458142946544366
.003553878287980222
-.0005190414903618624
0
0
0
0
-.002548010082944423
.010477966859219411
.00341987113205107
-.00039420206042573236
-.0025437803271728785
-.002330156090414516
-.00380731491378274
-.0012378696524296866
-.0005188291002777747
-.0005870311541993811
.0035613008596538445
-.0014337491483932107
.0035538303424713525
-.024937091076165336
-.0028263764412389952
-.025487155757553608
.0035383345909021924
.0035537230035175096
.21674144629298564
.2736019056027116
-.014465465796795472
-.001649368009480756
.0015717103082949545
-.000819205630958719
-.39975590792552523
.2075582378512322
-.0018581382448278063
-.02494816851413931
.0034242159141449737
0
0
0
0
0
0
0
0
0
0
0
0
0
0
0
0
-.0023363909999376603
-.00017285838975208663
-.0014035398502246187
.03948219898161972
-.0009406672378894702
-.0022346454801007824
.0035348891818292962
-.0010895740875603343
-.0019274953808332874
-.0887725057157274
-.0011562152121945737
-.0014219440494091318
-.024949596755139507
-.00038680644774850365
0
0
0
0
0
0
0
0
0
0
-.00339914693054493
-.0011159270280551613
.0035371043640790643
.016852870526576563
-.001137524841061791
-.0011153992518536618
-.0005205908249034647
.003533147386138373
.0034250276168934163
-.00025357398113543423
-.0014551871179728474
-.001311076675997464
-.0011187975758986614
0
0
0
0
0
.0035387323283019028
-.001803161992714891
-.0016506006648597952
-.0005152622787814487
.020568595715570022
-.0019488142316521127
.0012179299391886543
-.00177262026551942
-.0005169963514739134
-.0023104797572794425
.013913917116765238
-.0008409233780440965
-.0005175467368397941
-.0005166640213528937
0
0
