39.61512838072199
.16455286586985546
.3062786910183973
11.088524981409659
.3557194845063271
5.936422393589854
.19856491140635746
.0028579229232303417
.36618418823527116
.028174883505523718
8.146875280900819
.7703540864083345
.627541126876875
.009254579587883949
8.04446048895563
1.075678025045383
.003836731538101438
.08130600709541891
.004406326011049347
.0018432507565549403
.041389377965221706
.00013463319995996316
24163560101171608e-21
.29909551536117307
0
0
.00506179558488923
.006664463458734609
.006481582435407587
.002415122185640396
.0001693392705927574
.014691583697230653
.0012208570828581007
.011284801074514957
3664030343991187e-20
.0004986426767369329
.0027722515610950284
.0005234942107701743
.005332134786903542
146944840871729e-19
8.4755707863315
14.332690288987253
.00587470599709363
6302814448981377e-20
.12727316323691817
.0074027428101331606
.007284067743360935
.36992278271829315
0
.45285418391978627
0
4.164211104829661
17.382487945263044
0
0
.007511174018071489
3.2165713357115533
14.144302790324787
0
0
44.929833960011656
27.18241073509978
9.279742174891762
.0027246435421939656
.0006276725077154857
.0013747409255017444
.007028708526196643
0
0
0
23.173356531522394
3.3056882882030685
9.118330012291256
16.407302946757564
.001496363543203663
.008239579568202777
.00035941561722194833
2.1642637822954542
.0003703921096419815
.0031735194564602165
.011716461736466744
.0015078508915175712
.8478904001460704
1.3428816483591233
.00013675316539930185
.024346184749427707
1.257764299366588
1.6188742340964277
3.5386955341442494
.0033882876956975584
.0004514942148597129
.5867162343497401
.7620816424393994
0
.5096456804319455
.8025194735635603
1.951044402644512
2.6571037968366635
0
5.920382401879115
1.8094919255061255
.5544674708096152
1.1611927325166955
.9642676052479037
.0008176316838637507
50
8.173491995077434
.4525705442280331
.06798014947407983
0
0
0
4.566063411426453
.010403830603834489
.000491371685811642
.5579593274175804
.0012506287266936295
.00024089291132695429
.01620719314415673
0
0
0
0
0
0
0
0
0
0
0
0
0
0
0
0
0
0
0
0
1.9095276981531666
0
0
0
0
.588034775201384
1303.245407267846
.004899880516182112
.10371245618008265
.019091870373156346
.22028734044046736
.5719760753211761
1.002847625924685
1.4055224510482514
1.399519329364682
.007885948043953254
5.798909231587421
6.083092596209454
.15818638019060371
.34806786003603674
5.45186204718401
4.04540633346145
0
0
.02
.02
1
8
.02
.02
.02
.02
.02
.02
.02
.02
.02
.02
.02
.02
.02
.02
.02
.02
.02
.02
.02
.02
.02
.02
.02
.02
.02
.02
.02
.02
.02
.02
.02
.02
.02
.02
.02
.02
.02
.02
.02
.02
.02
.02
.02
.02
.5
4
.02
4
.25
.1
.02
.02
3
.02
.02
.02
.02
.02
.02
.02
.02
.02
.02
1.5
.02
.02
.02
.02
.02
.02
.02
.02
.02
.02
.02
.02
.02
.02
.02
.02
.02
.02
.5
.5
.25
.02
.02
.02
.02
.25
2.5
.35
.02
.5
.02
.02
.02
.02
.02
3
.02
.02
.2
.02
1
.02
.02
4
.02
.02
.02
.15
.02
.02
.02
.02
.02
.02
.02
.02
.02
.02
.02
.02
.02
.02
.02
.02
.02
.02
.02
.02
.02
.02
.02
.15
.02
.02
.02
.02
.02
.02
.02
.02
.02
.02
1
.3
1.5
.02
1e-12
.33
.33
1.5
1.5
1
1
1
1
