.6927858765953394
.011313414438323423
.0023545019660998747
402408608532763e-20
.031428674474851336
7.03140651805977
.6724843288555826
.05374226227458131
.06320623412774698
.0669273760990923
4.84661646317321
.734597021253231
.3828699497368974
.005930169857726352
3.016761932207301
.41467846899305427
.0031232619980223362
.0790558506681716
.004777994189432606
.001991499802377021
.009393704101458756
.000182009933623575
.003082860272697199
.27902939133050725
16.41897754005553
.000175466171840273
.005665023344614791
.00640583064196366
.006324179267092518
16135683180232317e-22
.00016434705433689083
.014258443943635705
.0011846626883861941
.01095211901989558
21997986904503797e-21
.002335843762877172
.0026897802813305506
.00032557052405085367
.0051670843294767226
3226406769673719e-20
.006355944996979157
.006601902046881706
.019202673525108245
.0003692158216455533
.12044018231385754
.007619885800651837
.0008880386367468573
.043091608126275105
.29448782480186075
.0011557849547297004
.5998209551541146
.010109973267923384
11.760780996630432
10.973402590335953
1.3884143878277202
.007243717536145316
.06334253149658578
.07077941805868025
.2103299834639487
.12007500180610318
30.05066033137457
23.643621295901934
8.173263630874883
.002489473680176415
.0005331466779097113
.0013546541250507172
.006811809758815806
3.6487737371267186
7.786313766928088
.02046549112420019
21.91079964265202
3.211480482545038
9.08863117502405
20.50015767015103
.001451600053384971
.009315296312249479
.0005795379462385192
2.2031892270645805
.0002995438169087885
.0025406535260907234
.01146892441838115
.00033403164782330974
.9387428049213782
.7195951140082889
2377683581409085e-20
.008306361311744023
.8630216536275206
.7708636223462673
3.519789614727677
.00013566798751885127
5146783904126117e-20
.5838238988094968
.8086295476682702
.07261069639870164
.01082593541169048
.30750958938074413
1.5628149931209787
1.4566349133625862
2.331124852487652
1.3982613309175231
1.8552950758824196
.023061712702990088
.032442448931311055
.009862962510086231
.0001863582850154743
6.219659107284012
6.035187086970787
.5450295136936424
.01901186262079134
.004319070171576364
6301281493213244e-20
.0004640424193045567
.07653358134018025
.021460676426986534
.0008309540597284201
.47701854340416316
38906795151587494e-21
.00025310309793175463
.035523062874453164
2192562504307238e-20
0
0
0
0
0
0
0
0
0
0
0
0
0
0
0
0
0
0
0
.725996682334216
0
0
0
0
.5414367788898203
1264.824795614059
.004755428515498023
.10065493840151707
.018529028307294585
.21379311125530412
.1157566427802681
.6410921739342885
.14363599966021195
.39446412861075353
.006408562961207195
2.824209980530037
3.1548939186945786
.018712929379632728
.040925830863316914
.7953814318556228
.5856025372473967
.25924871142187295
.425044128702696
.019410385619783876
.019410385619783876
.2239794935401457
49801863266747155e-21
.019410385619783876
.019410385619783876
.019410385619783876
.019410385619783876
.019410385619783876
.019410385619783876
.019410385619783876
.019410385619783876
.019410385619783876
.019410385619783876
.019410385619783876
.019410385619783876
.019410385619783876
.019410385619783876
.019410385619783876
.019410385619783876
.019410385619783876
.019410385619783876
.019410385619783876
.019410385619783876
.019410385619783876
.019410385619783876
.019410385619783876
.019410385619783876
.019410385619783876
.019410385619783876
.019410385619783876
.019410385619783876
.019410385619783876
.019410385619783876
.019410385619783876
.019410385619783876
.019410385619783876
.019410385619783876
.019410385619783876
.019410385619783876
.019410385619783876
.019410385619783876
.019410385619783876
.019410385619783876
.019410385619783876
.019410385619783876
.019410385619783876
.019410385619783876
.23663239302078026
.010062780489218569
.019410385619783876
.010062780489218569
.17198560800178112
.08610350666992683
.019410385619783876
.019410385619783876
.033706037503057375
.019410385619783876
.019410385619783876
.019410385619783876
.019410385619783876
.019410385619783876
.019410385619783876
.019410385619783876
.019410385619783876
.019410385619783876
.019410385619783876
.1590020701167216
.019410385619783876
.019410385619783876
.019410385619783876
.019410385619783876
.019410385619783876
.019410385619783876
.019410385619783876
.019410385619783876
.019410385619783876
.019410385619783876
.019410385619783876
.019410385619783876
.019410385619783876
.019410385619783876
.019410385619783876
.019410385619783876
.019410385619783876
.019410385619783876
.23663239302078026
.23663239302078026
.17198560800178112
.019410385619783876
.019410385619783876
.019410385619783876
.019410385619783876
.17198560800178112
.05935345555373868
.2073198950258113
.019410385619783876
.23663239302078026
.019410385619783876
.019410385619783876
.019410385619783876
.019410385619783876
.019410385619783876
.033706037503057375
.019410385619783876
.019410385619783876
.1482762772102461
.019410385619783876
.2239794935401457
.019410385619783876
.019410385619783876
.010062780489218569
.019410385619783876
.019410385619783876
.019410385619783876
.11984571687064585
.019410385619783876
.019410385619783876
.019410385619783876
.019410385619783876
.019410385619783876
.019410385619783876
.019410385619783876
.019410385619783876
.019410385619783876
.019410385619783876
.019410385619783876
.019410385619783876
.019410385619783876
.019410385619783876
.019410385619783876
.019410385619783876
.019410385619783876
.019410385619783876
.019410385619783876
.019410385619783876
.019410385619783876
.019410385619783876
.019410385619783876
.11984571687064585
.019410385619783876
.019410385619783876
.019410385619783876
.019410385619783876
.019410385619783876
.019410385619783876
.019410385619783876
.019410385619783876
.019410385619783876
.019410385619783876
.2239794935401457
.19150661126605265
.1590020701167216
.019410385619783876
999999999998506e-27
.20141077851399078
.20141077851399078
.1590020701167216
.1590020701167216
.2239794935401457
.2239794935401457
.2239794935401457
.2239794935401457
