6128466420124196e-27
39.67191742465645
.1589259071626484
.2997620910787544
11.70886875340305
.3654155463858864
5.682374477920857
.21177177067547434
.003074736993812723
.3350819008022366
.02930395032999595
8.328135569033835
.7620126304771264
.5785342384101935
.008535530393308191
7.743082054081064
.9758755233445292
.0038340786969093404
.07374158782489837
.0040526021358280985
.0017294531585065394
.04049898049552071
.00013297942963584586
22359681415115188e-21
.27480512816019015
41518871950122447e-24
11896055913348912e-30
.005273039989398442
.006639612328311833
.006204331623082519
.0023912273243118978
.0001886989581958214
.014063226695008077
.0013362926575444486
.010520000177147784
353021008420734e-19
.0004775423131024911
.0029838294115186875
.00048545265346287635
.005269258908109742
15526683720065024e-21
9.546984359150523
14.232925708232692
.0054353918203101145
593231044202382e-19
.12036202214119235
.007438054571653337
.007340567771003786
.3784193556145533
8714685681942369e-26
.4914979795575973
2806264401200059e-26
3.9233121630832586
17.971422407125793
15584285072174688e-25
2175854696064436e-25
.007312395122716474
2.8806622899708407
14.80776503359125
27896903729931067e-27
25090230505001407e-27
41.115333798825716
28.108427409786376
9.246310752241682
.002517687237486751
.0005943607537221034
.0014439382510920936
.007030679299618208
5114499937393072e-24
0
7921333091391379e-27
24.249674317065946
3.452102808222555
9.440250486118455
17.940043612656385
.0015073361561316128
.008732366829829795
.0004675258672467376
2.151978403661939
.0003773476815256136
.0036962735464036592
.011787841637478404
.0017017641488951802
.8876946150344194
1.6423962032829795
.00013547150878468037
.025195180797582147
1.2684283318112601
1.5916773108635207
3.046776062227783
.0037899384115199133
.0004436702287171079
.5948574976381091
.7859622038094329
11872969429257567e-27
.48533383333463853
.7756567631420229
2.2346760508935284
2.5543928031300607
3367985244920072e-25
6.080233880159396
2.049366291371413
.532005308012194
1.1553171020847808
.9167180296386425
.0007260802536046341
49.546252111428466
8.06590617943527
.4646637674487678
.06659702418262733
6729851057119185e-28
7186755667094034e-30
29892254522719663e-25
5.215092950811899
.009929880124789467
.0005035797348887527
.5066788890416988
.0012533157050487178
.00022749229417639666
.015330701296094483
34075953772797445e-31
0
0
0
0
0
0
0
0
0
0
0
0
0
0
0
0
0
0
0
1.885267353411971
0
0
0
0
.622064525284581
1345.3253299952692
.0043847118183270185
.109444805160312
.01868186736187881
.21553298296210704
.5687116347907142
1.0405956090382347
1.4717164674541812
1.373434472469207
.008093231804676143
5.808182993600668
6.22136939674584
.14412880779543252
.35769003930588134
5.2825619602948795
3.913738238633969
8937809436481581e-26
16186082452626095e-26
.019999999999997548
.019999999999997548
.9999999999938716
7.999999999607778
.019999999999997548
.019999999999997548
.019999999999997548
.019999999999997548
.019999999999997548
.019999999999997548
.019999999999997548
.019999999999997548
.019999999999997548
.019999999999997548
.019999999999997548
.019999999999997548
.019999999999997548
.019999999999997548
.019999999999997548
.019999999999997548
.019999999999997548
.019999999999997548
.019999999999997548
.019999999999997548
.019999999999997548
.019999999999997548
.019999999999997548
.019999999999997548
.019999999999997548
.019999999999997548
.019999999999997548
.019999999999997548
.019999999999997548
.019999999999997548
.019999999999997548
.019999999999997548
.019999999999997548
.019999999999997548
.019999999999997548
.019999999999997548
.019999999999997548
.019999999999997548
.019999999999997548
.019999999999997548
.019999999999997548
.019999999999997548
.019999999999997548
.019999999999997548
.4999999999984679
3.9999999999019447
.019999999999997548
3.9999999999019447
.24999999999961697
.09999999999993872
.019999999999997548
.019999999999997548
2.9999999999448437
.019999999999997548
.019999999999997548
.019999999999997548
.019999999999997548
.019999999999997548
.019999999999997548
.019999999999997548
.019999999999997548
.019999999999997548
.019999999999997548
1.499999999986211
.019999999999997548
.019999999999997548
.019999999999997548
.019999999999997548
.019999999999997548
.019999999999997548
.019999999999997548
.019999999999997548
.019999999999997548
.019999999999997548
.019999999999997548
.019999999999997548
.019999999999997548
.019999999999997548
.019999999999997548
.019999999999997548
.019999999999997548
.019999999999997548
.4999999999984679
.4999999999984679
.24999999999961697
.019999999999997548
.019999999999997548
.019999999999997548
.019999999999997548
.24999999999961697
2.499999999961697
.34999999999924924
.019999999999997548
.4999999999984679
.019999999999997548
.019999999999997548
.019999999999997548
.019999999999997548
.019999999999997548
2.9999999999448437
.019999999999997548
.019999999999997548
.19999999999975487
.019999999999997548
.9999999999938716
.019999999999997548
.019999999999997548
3.9999999999019447
.019999999999997548
.019999999999997548
.019999999999997548
.1499999999998621
.019999999999997548
.019999999999997548
.019999999999997548
.019999999999997548
.019999999999997548
.019999999999997548
.019999999999997548
.019999999999997548
.019999999999997548
.019999999999997548
.019999999999997548
.019999999999997548
.019999999999997548
.019999999999997548
.019999999999997548
.019999999999997548
.019999999999997548
.019999999999997548
.019999999999997548
.019999999999997548
.019999999999997548
.019999999999997548
.019999999999997548
.1499999999998621
.019999999999997548
.019999999999997548
.019999999999997548
.019999999999997548
.019999999999997548
.019999999999997548
.019999999999997548
.019999999999997548
.019999999999997548
.019999999999997548
.9999999999938716
.29999999999944843
1.499999999986211
.019999999999997548
1e-12
.3299999999993326
.3299999999993326
1.499999999986211
1.499999999986211
.9999999999938716
.9999999999938716
.9999999999938716
.9999999999938716
