.03313434030654787
-.03753432496065042
-.0005566414247152942
.0013562098164206133
-.014200078497458659
-.0009732980188575511
-.0007328876688823076
-.011227521530266474
.0027053927450637677
-.0007394459323956694
-.0003534837886557781
-.0007342129983433655
-.0005796111623781775
-.0006377463106723605
.0036660914733124715
-.0329991630266825
-.011207427832879655
-.0007379679418571683
-.0008960977385447617
-.0006414264180256565
-.0009451346126971737
-.0001403753358001403
-.0008958361688275738
-.0018429794831857067
-.023374516665587684
-.0006872347107689518
-5328134659248297e-20
-.0007263106018320622
-11851549806768147e-21
-.0007281431494734724
-.0006420204747138195
-.0005724214843611424
-.0006809983484814035
18561253641204184e-21
-.0002344682963290201
-.0007342067461544671
-.0006794013047966488
-.0006786846744236195
-.0007352685746153771
-.0006388058468475154
.008804374167205847
-.0399052839819542
.003902185366398378
-.0007294612832422207
-.0006403541630028417
-.00013647156882556213
-.0006423725954578269
-.011136108307891659
-.010896418510710142
-.03481078334157584
-6961606512893436e-20
-.009908585085625286
-.01192724564764104
-.00016694665228361792
-7187143770386797e-20
-.00017186236081081187
-.005170350956947541
-.003655645591784406
-.000880375273954815
-.0006660336856844732
.08027105182019634
-.023329896779286576
.020467494341241264
-.0022977817035451115
-.0007577290245984337
-.0007291901573757721
-.00014869211526137327
-.06939297325318687
.00046943108929668195
-.00018272673441893295
.004288317377063393
-.006094068934645339
-.014386026112869855
.0017826575665521453
-.0006798964043169862
-.0006344637099154284
-.0006800007938623665
-.009844749753331963
-.000680194252940942
-.01120758792356329
-.0006857428430581191
-.002299672835076166
-.0994603681149149
-.13603400433111715
-.0023152975803560215
-.0007351804174283109
.2140499960585016
-.02688582948301636
.2206913255128519
-.0022856159522265875
-.0007366260267657556
.04194792952983986
-.07793946482293786
-.00040075867961705716
-.011322225050886758
-.04247714573796717
.003207056806989623
.004209334508054061
-454139113628861e-19
-.16847358360850181
.05039795557211864
-.03928281686742729
-.032003627063823814
.004065022633558067
-.0023283026456028567
.04001340486276481
.10383818293038397
.003247827591064809
-.038529118908501844
-.0007330379108193473
-.0006839000547443031
.007555510894070985
-.03800113007637736
.00012078951195079302
-.0006304743398309881
-.00524922729241566
-.011172528995637638
-.002798345742633235
.0002860065922302898
-.0008955158157438568
0
0
0
0
0
0
0
0
0
0
0
0
0
0
0
0
0
0
0
-.041462513241234816
0
0
0
0
-.013052248273361758
-.0006787270172871342
-.000899244747495274
-.0009018329136944329
-.00022933533158767987
0
-.04732397694949861
-.2812384696475786
-.001065145485309782
.002224718068166911
.7647919851887184
-.03285348152538671
-.029861143247817745
.005495183715796189
.010461611160469826
.0028534307040509787
-.0020964622713450344
.00027391152378314126
.04720859977265357
