-.0006306416272611251
-.0006287678198817178
-.0007314402662441521
.007945864339645666
-.0009019628635730063
-.0006799375117825521
.002704748901498585
-.0008997574396352677
-.0006827574929630183
-.0007364832427810054
.00010837608507164541
-.0009011729345224961
-.0004773398721137558
-.0007310470776254107
-.000737288889391879
-.0006346567952237513
-.00023965105310121644
-.03817147336389909
-.0001373724929995244
-.0006867424846293941
-.0013011975538441036
-.0006794383928556905
-.0006899625971144098
-.0006317108367181804
.004486269841146023
-.0006322124540842424
35075680470017486e-22
-.062628553072344
.0014477868157603603
-.00018073871931917001
.004338412272397401
-33723773027394696e-21
4835270017959343e-20
-.0006221324139833102
0
0
-.0003777298433837117
.001365992392561178
-.008160378457500294
-.00013658476615976937
-.012924566704429168
.008561270226384927
-.0002535639862620163
0
0
-.0007297692907800001
-.0006355666951547456
-.0007375762927127079
.008696214145352415
-.0002461461034087559
-.0008970423011863642
-.0005835335043638597
-.0007374909176600949
-.0006407950496722429
-.0006799420215063054
-.0008947787784052418
-.001000804672381679
-.03618334038219916
-.0395285187946136
-.00024286087314119966
-.0006803914190332924
-.0007316132417523958
-.0006775125627714404
-.0006391344202998723
-.0006733116838200761
-.12471572440474873
-.0007307239794211544
-.0007327763623031672
-.000585781434213747
-.001983777745824767
-.0006451944420927097
-.00013724119187882186
-.0006843644896424162
.0025754745291999216
0
0
0
0
0
0
0
0
-.03158588652306433
-.04213046778952543
-.047024661253757455
-.010069580977090792
-.0016786775791940828
4464945104784484e-20
-.03496634398023188
0
0
-.0004530011693333577
-.010473891920695961
-.0023628656939047917
-.01001444443561245
-.0006787921948073209
-.000758258551978437
-.0024386614659034074
.006333014571769564
.15489946982188119
-.0006814606328242553
-.023049217448725973
-.00075059863150989
1662158433559755e-20
-.005531297159240668
50009208005777975e-21
.04530112923319713
-.0006447736303178611
-.0002813933014370532
-.0001359322425974691
-.00033073398603050626
-.0505999241939347
-.031285072603175396
-.00022301767374308692
-.0023009079489782836
.004011812823265371
-.0009014634709071662
-.011432744454179427
-.0007314642012448394
-.1074185037355936
-.0022748675220102743
0
0
0
0
0
0
-.0367562782048051
.008569484421666154
-.029822929214382142
0
0
0
-.04016008394526875
-.037552330647505926
-.0002858912576939423
-.0009580281765732894
.0020850465124693193
-.030621993849293736
-.0006298903694344121
-.0006290421123119425
-.0002224447281048056
-.000736734660026665
.0025162130234880667
-.0006828412960956091
.0027157130587624357
-.0009586672720497977
-47037998397182355e-21
.018184036838664337
-.0008997329682842242
-.03766604524026911
-.0006838279763546607
0
0
-.0007316763546926786
-.0008969952550959757
-3374013388021428e-20
-.0003528061039483202
-.0009266507552674453
-.00015678362370760243
6383106643972695e-21
-.08529718831975577
-.04318525309761961
-.042807782271281465
-.0002386146544877391
-.0006801412586208547
.002021522897187334
.000999752315148866
13151980265515617e-21
-.0009028523973005732
-.043160302661664415
.0010034482303717908
-.10102639200715291
-.022590549924822484
-.0008919328031494186
-.1679745557249755
-.05000344900795781
-.03736624816990752
-.00039959081812270214
-.03412529808431958
-.0008793205028525673
-.04236299264452645
-.11199472246249345
.03984959765324886
-.11077120648229252
-.0446798661814124
-.04995789661864027
-.030782663237626292
-.04192216442970042
-.060234596282716775
-.0008987372243015285
.000986606618932327
-.0004779102800734024
0
0
0
-.02832547837125112
-.008708175453479095
-.03517276571688498
-.0004809701977438679
-.03852643962318257
-.03478874245180538
-.05953158844491437
-.0016098120478950167
0
.01094586231630249
-.0006826134419545065
-.03648765435642767
-.038204915529680056
.008736136394700776
4794528943289706e-20
.036441773738730525
-.42131960882970765
-.06313150011348803
-.0330494092245896
-.002075362201711211
-.0052319110851730055
-.0005363956289562336
-.028933935667877192
-.0025388994655546563
-.035516366598266506
-.0005647374239097889
-9159863256693529e-20
.04921820496738472
-.0018534997222703139
.0028476675309207543
-.00013447174113337127
-.001828935832576147
-.0001561323180904876
.0038913656248940783
-.009808523917137376
-.010052974021919072
-.0023145989041911063
-.0024500082725424956
-.03022574516834024
-.04623126270295673
-.039783086849006465
-.004333213921054112
-.030738188003458403
.1881372937499458
.0009875976141235521
-.09306674930299927
-.02546631518083021
0
-.04028483176618777
-.04162449430206545
-.030839085778002265
-.013731232619461733
-.014213708392012173
0
-.04337985935300249
.023685720559127318
-.045233916436179133
-.03864118194662677
0
-.03754514231159468
-.039911315605524245
0
-.03912251082184841
.0007528418822622274
.003942321188725037
-.00013660716379456332
0
-.039483795692904694
-.0003394292497474487
0
0
0
0
0
-.039389379636397076
0
-.041941634193493844
-.008324925038105573
-.04148487621308388
-.007617375455648866
-.03904910027438041
-.0009015698074312802
-.030675492287880406
3908835912978899e-20
-.03180024261797781
-.000892796499290835
-.0008979934954094844
-.04087649911073377
-.0007504444089372297
-.0006870122053726992
-.000147948327920142
-.0007961598357613511
-.0006885133414378974
0
0
-.001434082130376668
-.024979060664822063
-.018965957576293862
-.1932644624250851
-.023570748386421758
-.03209252964728237
.04583966365483772
-.0348098173561944
-.0005746121124552576
-.03876930032929262
47644422652219246e-21
0
-.0062761498466602774
-.0022930982025106995
-.0007303943982766998
0
0
0
0
0
-.0006046546637294242
-.0007403480910305192
-.1350772702570289
474522849469498e-19
-.0022838259818311036
.0031862487961133853
-.0005845234822581108
-.0006856238467211957
0
-.010880494493879027
-.02374130940032805
-.0006644817645379012
.0027055118176540394
-.0005032262813740915
-.011284874153230023
-.007437365353705654
.04819058908408018
4733135182183231e-20
-.0007314533272362517
-.0007351488012205232
-.00013581124048122695
-.0006273527313276159
-.00040546078447720234
-.00025134952636106915
-.000902873465479909
-.0006850716845128034
-.0006345205366983473
-.0008980169310737295
-.0008932103978973004
-.0022928436643829936
-.000737199794440901
-.000640779382947445
-.04014053883578783
-.0008988514732525732
.047797536735694625
-.00023630397012344568
-.0006407336781429114
0
0
0
0
-.0005657264040682169
-.0008282337075948267
-.0006888698714058534
-.0009196439180209501
-.0009028241012174523
-59663726077029675e-22
-.0009309388001123478
.04954044968841158
-.0008961879767103013
-.000642030992639183
-.00021240065768047306
-.00023802428618926118
-.0007354025026697855
.0014517995495896049
-.01076695041426174
-.003448052104481921
-.00023373908825316165
-.0006801447595983166
-.04364397586830384
-.13312616173509562
-.06046862359691329
-.04340098179169074
.0027093607076356155
.002705994629257698
.04960706125729557
-.03728038489310879
-.03953295577770926
-.00024585795266455444
-.0005824840999277558
0
0
0
0
0
0
0
0
0
0
0
0
0
0
0
0
-.010943186017748385
-.0006313753181202298
.005042119331500019
.0014479396990384203
-.00013346901405410675
-.00025180543985965875
-.00013585778091001067
2473581803661333e-20
-.00023628554504212027
-.054823568897992905
-.03733863765006952
-.000237126392470948
-.0004127935479784018
-.0009046291790293802
0
0
0
0
0
0
0
0
0
0
-.0004890175770538299
-.00013570429229046947
-.00026102103299895546
-.0006120583458900026
-.0006602128106733796
-.0009011528540055767
-.00024466314000404503
-.0009386690593165756
-.000679904885891412
-.0009048791802585609
-.0007380166775858816
-.0002464256851975823
-.0009033023629208619
0
0
0
0
0
-.0006820755425190952
-.0002329647010640557
-.0006395048372793019
-.0002420989351604173
-.033785207854618915
-.0007262673238986865
.004073177419867335
-.0008943519114585945
-.0007341395298235574
-.03898720567378573
-.03303222505734033
-.0006307093915385225
-.0006938017286586568
-.0006786216654971205
0
0
