.007704851295782099
.0003248792541017897
20043525770759565e-21
5663833214607466e-28
.0011724534788881086
6.820820541414535
.7545458403097803
.04916950772628201
.017571682595864082
.06955406976230807
.7512718320155117
.7106573616960783
.05311919612613344
.0008698154436181384
.006105841435481606
.0007077640841343277
.002374300827017194
.07232444350454621
.004773039094658982
.0018926732564814304
.0028341893531147046
59968513912932506e-21
.0018870889099746834
.08007705998074775
3.8238300071227616
50523515058435794e-22
.0052967770661227825
.005862592995279082
.005746186555349718
1198559048627124e-21
.00017382568206667369
.013304830201459105
.0012012428680018724
.010014217081197388
31973406767979025e-22
.002231131450265832
.0027929050381178314
5057039537010133e-20
.005184710932795203
5213228813652008e-21
.005744590372193606
.0057441905560178174
.020143352688062208
.000553900249155246
.1145433153667009
.007406502491564251
.000499864988901778
.02430068104680056
.08062468872684134
28936233526730826e-22
.1312125173743797
21812584331297803e-21
8.613632264723046
8.134040966208193
1.179106860632284
.006617968010484319
.0006511971655719279
.0007164435152349983
.17824771185630864
.10491710447699279
9.728040884955952
7.650659382151254
2.712305542459126
.0016912124403531837
.0003399716751574469
.0013454747323874017
.006208995239697211
.00692303005184171
3.531429451565568
.0008249508130909578
9.728040884955952
3.298573941599963
9.563270088058585
8.965859222643195
.0013917127256675944
.00914473406726114
.00016094655208507096
2.21745682504255
.00021478048100303937
.0018925335807793413
.010896703186541503
7742116676137992e-20
.7074431248226151
.030903033661957065
19870606135282355e-21
.00036121458124415014
.3716641978276633
.34505135306873796
2.453487313211925
.00014086349009176903
.00036472158169728407
.6141512870563639
.767905272526386
.13284986853123773
.0002524264273042188
.15588244559120326
1.1548197797487412
.9975046569282716
.06691438160471434
1.3136800911348858
1.9754259802122698
.020701760755828212
.02685339664668088
8949964975272068e-20
.00011248613753195191
3.742012772997084
4.253565416239574
.46715766546526855
.0034777674135147174
.00012171640994758323
17819113319900864e-22
5426940782767495e-23
.059840793835485094
.015008462359423588
.0005289228436331705
.34728754137202045
36030815815673485e-21
.0001611326430100754
.02548589121690648
7695080952981884e-22
0
0
0
0
0
0
0
0
0
0
0
0
0
0
0
0
0
0
0
.08747679290390259
0
0
0
0
.2797011518184411
1246.8023308180304
.004380886724531429
.10345613551774195
.017526480697610074
.2129076487452848
.019453439531640356
.41371107385166933
.012820584235015019
.36582525297646423
.004629841945520837
2.236821448813231
2.272873670203664
.0019812571799332156
.0050513996681064
.5007617622163156
.34385975582524764
.182958821670503
.3102749514039524
.0188276085952119
.0188276085952119
.048781514316299214
2362729923235329e-25
.0188276085952119
.0188276085952119
.0188276085952119
.0188276085952119
.0188276085952119
.0188276085952119
.0188276085952119
.0188276085952119
.0188276085952119
.0188276085952119
.0188276085952119
.0188276085952119
.0188276085952119
.0188276085952119
.0188276085952119
.0188276085952119
.0188276085952119
.0188276085952119
.0188276085952119
.0188276085952119
.0188276085952119
.0188276085952119
.0188276085952119
.0188276085952119
.0188276085952119
.0188276085952119
.0188276085952119
.0188276085952119
.0188276085952119
.0188276085952119
.0188276085952119
.0188276085952119
.0188276085952119
.0188276085952119
.0188276085952119
.0188276085952119
.0188276085952119
.0188276085952119
.0188276085952119
.0188276085952119
.0188276085952119
.0188276085952119
.0188276085952119
.0188276085952119
.11043302631352174
2258434488077458e-20
.0188276085952119
2258434488077458e-20
.11749099134630897
.07393087182351184
.0188276085952119
.0188276085952119
.00034797585090740204
.0188276085952119
.0188276085952119
.0188276085952119
.0188276085952119
.0188276085952119
.0188276085952119
.0188276085952119
.0188276085952119
.0188276085952119
.0188276085952119
.01616076742046755
.0188276085952119
.0188276085952119
.0188276085952119
.0188276085952119
.0188276085952119
.0188276085952119
.0188276085952119
.0188276085952119
.0188276085952119
.0188276085952119
.0188276085952119
.0188276085952119
.0188276085952119
.0188276085952119
.0188276085952119
.0188276085952119
.0188276085952119
.0188276085952119
.11043302631352174
.11043302631352174
.11749099134630897
.0188276085952119
.0188276085952119
.0188276085952119
.0188276085952119
.11749099134630897
.0013135052850309903
.12160695172183505
.0188276085952119
.11043302631352174
.0188276085952119
.0188276085952119
.0188276085952119
.0188276085952119
.0188276085952119
.00034797585090740204
.0188276085952119
.0188276085952119
.10931547526923358
.0188276085952119
.048781514316299214
.0188276085952119
.0188276085952119
2258434488077458e-20
.0188276085952119
.0188276085952119
.0188276085952119
.09535204232991108
.0188276085952119
.0188276085952119
.0188276085952119
.0188276085952119
.0188276085952119
.0188276085952119
.0188276085952119
.0188276085952119
.0188276085952119
.0188276085952119
.0188276085952119
.0188276085952119
.0188276085952119
.0188276085952119
.0188276085952119
.0188276085952119
.0188276085952119
.0188276085952119
.0188276085952119
.0188276085952119
.0188276085952119
.0188276085952119
.0188276085952119
.09535204232991108
.0188276085952119
.0188276085952119
.0188276085952119
.0188276085952119
.0188276085952119
.0188276085952119
.0188276085952119
.0188276085952119
.0188276085952119
.0188276085952119
.048781514316299214
.12122682117000688
.01616076742046755
.0188276085952119
9999999999969827e-28
.12179771498428044
.12179771498428044
.01616076742046755
.01616076742046755
.048781514316299214
.048781514316299214
.048781514316299214
.048781514316299214
