6087778514258088e-27
41.142206711175476
.16185854575018585
.2900216698353843
11.530577944243635
.3571240760272472
5.781119283215836
.20793552892617423
.0029388340236222686
.3301985104080636
.029539623555671336
8.089669394809395
.733414630527829
.5859068817146951
.008474364229958285
8.091974108104132
.9754074430731271
.003968597028291405
.07685392192756857
.004282954721359499
.0018892770092985964
.04324893454080603
.00013015903540322652
19647602478756676e-21
.3022112228896554
4382803553021844e-23
11335267438730354e-30
.005226404135905967
.006157834744624169
.005814716963083064
.0024400940121055347
.00017908000512149088
.014310016290524153
.001339788774929277
.01030141552286368
34915801168866946e-21
.00048538430418223235
.00304195690971516
.0005290309844822161
.005286838139169866
16447856215635593e-21
9.087646343838781
13.388658102505476
.006600342556796751
5531659648831507e-20
.12329151269718959
.007631102192810886
.007230591798456623
.3821573833824481
8636928801056636e-26
.45119146543516386
2544276135548004e-26
3.9430724475923347
18.257337407022238
15900820627626747e-25
22356019489747876e-26
.007267906949137734
2.7510588779536924
14.215478592989923
27658059808155522e-27
21940988635699977e-27
41.70321634229048
25.74182212929871
9.725404778086641
.0025043674164463296
.0005819125183945667
.0013968163856032318
.0066403428164812876
5215130650309612e-24
0
777683657183999e-26
23.3648567342618
3.423992067993894
9.781789955674657
17.08413408634479
.0014686952896712832
.007831769769572942
.00044903951581789353
2.130915922163293
.00040222155975074816
.0037221324638005543
.011334460341829665
.0016467031163198708
.9187743448221881
1.4046069989386762
.00013126801201019932
.02514499189300663
1.2971590008595864
1.6590024537673653
3.1853726509517877
.003485119795647892
.00044486748322676036
.6480095041878505
.7915423335083823
11333463608548902e-27
.4600539508776834
.794939532912872
2.1220994795372303
2.7138204270364064
30001503451448125e-26
5.756083534296218
2.070752771424279
.5191152714652953
1.120068719674408
.9409133627256474
.0008079924995548574
49.03524975665795
8.125966919476145
.44139853326476125
.07068751109543106
6119366061523196e-28
6704930777710001e-30
32709356213556467e-25
5.3819632509875
.00992507865733906
.0005154043643716676
.5031065167601029
.0013226589969385515
.0002448472402487816
.015485438532121544
34383309017885633e-31
0
0
0
0
0
0
0
0
0
0
0
0
0
0
0
0
0
0
0
1.9847310331564432
0
0
0
0
.6134336270720427
1292.714290144204
.004545585162454519
.10187908968610437
.018895268427479996
.22590527996367402
.5498084251474572
1.043257004445537
1.3934865947104913
1.3728800497738587
.007798615149917124
5.835371272111133
6.144294951008938
.13791610419757114
.3434521186103778
5.262734934358496
3.7940298462795248
9223381152310827e-26
15748909351743632e-26
.019999999999997565
.019999999999997565
.9999999999939122
7.999999999610382
.019999999999997565
.019999999999997565
.019999999999997565
.019999999999997565
.019999999999997565
.019999999999997565
.019999999999997565
.019999999999997565
.019999999999997565
.019999999999997565
.019999999999997565
.019999999999997565
.019999999999997565
.019999999999997565
.019999999999997565
.019999999999997565
.019999999999997565
.019999999999997565
.019999999999997565
.019999999999997565
.019999999999997565
.019999999999997565
.019999999999997565
.019999999999997565
.019999999999997565
.019999999999997565
.019999999999997565
.019999999999997565
.019999999999997565
.019999999999997565
.019999999999997565
.019999999999997565
.019999999999997565
.019999999999997565
.019999999999997565
.019999999999997565
.019999999999997565
.019999999999997565
.019999999999997565
.019999999999997565
.019999999999997565
.019999999999997565
.019999999999997565
.019999999999997565
.49999999999847805
3.9999999999025957
.019999999999997565
3.9999999999025957
.24999999999961953
.09999999999993914
.019999999999997565
.019999999999997565
2.99999999994521
.019999999999997565
.019999999999997565
.019999999999997565
.019999999999997565
.019999999999997565
.019999999999997565
.019999999999997565
.019999999999997565
.019999999999997565
.019999999999997565
1.4999999999863025
.019999999999997565
.019999999999997565
.019999999999997565
.019999999999997565
.019999999999997565
.019999999999997565
.019999999999997565
.019999999999997565
.019999999999997565
.019999999999997565
.019999999999997565
.019999999999997565
.019999999999997565
.019999999999997565
.019999999999997565
.019999999999997565
.019999999999997565
.019999999999997565
.49999999999847805
.49999999999847805
.24999999999961953
.019999999999997565
.019999999999997565
.019999999999997565
.019999999999997565
.24999999999961953
2.4999999999619513
.34999999999925424
.019999999999997565
.49999999999847805
.019999999999997565
.019999999999997565
.019999999999997565
.019999999999997565
.019999999999997565
2.99999999994521
.019999999999997565
.019999999999997565
.19999999999975648
.019999999999997565
.9999999999939122
.019999999999997565
.019999999999997565
3.9999999999025957
.019999999999997565
.019999999999997565
.019999999999997565
.14999999999986302
.019999999999997565
.019999999999997565
.019999999999997565
.019999999999997565
.019999999999997565
.019999999999997565
.019999999999997565
.019999999999997565
.019999999999997565
.019999999999997565
.019999999999997565
.019999999999997565
.019999999999997565
.019999999999997565
.019999999999997565
.019999999999997565
.019999999999997565
.019999999999997565
.019999999999997565
.019999999999997565
.019999999999997565
.019999999999997565
.019999999999997565
.14999999999986302
.019999999999997565
.019999999999997565
.019999999999997565
.019999999999997565
.019999999999997565
.019999999999997565
.019999999999997565
.019999999999997565
.019999999999997565
.019999999999997565
.9999999999939122
.2999999999994521
1.4999999999863025
.019999999999997565
1e-12
.32999999999933705
.32999999999933705
1.4999999999863025
1.4999999999863025
.9999999999939122
.9999999999939122
.9999999999939122
.9999999999939122
