.7871101864940109
.016718196671534718
.0023808914176718632
5734052371315018e-21
.038113489989782194
6.3982085122917844
.640623591894268
.05582804838352775
.05729788925270766
.07184944479891404
4.8253686710500725
.806017971979566
.2976238255275113
.004743630916763893
2.651752443989585
.24515569397343712
.003508788075627527
.07391225770106437
.0045511363756084566
.002241557000774097
.008936896310923237
.00013772154360927008
.0032956477452507236
.28611363466262024
16.826660117211915
.00018024622792907124
.005678618363173946
.0063228688557768215
.0052774251621218495
15977873093641767e-22
.00019007910458002976
.013541255469576142
.00113075228476172
.009823664927620953
193317659613037e-19
.0022695073602311895
.002920706703478453
.0002888329648132496
.004844203138840107
29349632432527314e-21
.00533463513060819
.005225687495353429
.019657820440987975
.0003608132094114786
.10052505222343261
.00840374833968375
.0008548465674932518
.04780021520808942
.30300044425449163
.0012233875416383202
.6545667164161755
.009477932521435773
12.33094893678949
11.637051797568187
1.2519922865965298
.007477523971365845
.06922465773841954
.07557199734934947
.21149427775697346
.13097062713588667
30.01238984507248
23.72679997138567
8.363182456934641
.0025066925645360867
.0004542638212365496
.001365419511256772
.0056795893399365265
3.6274267914899485
7.843911105736992
.022848561256455503
22.57501074358995
3.383092073275701
9.555209198948031
21.117854149186105
.0013857734795558049
.008243788890764332
.0007092762371719498
1.9704170917135184
.000346704687460271
.002726318882685917
.011103579355239852
.0004735989770964834
.9480952504701904
.7074416189710429
37647735120595805e-21
.00896024174384338
.8379572635474873
.7473694173411743
3.4730351500947374
.00017906084025617205
7575763722822238e-20
.6015610756466969
.8004656600388795
.0885735100353167
.010833987339096117
.24971355755757632
1.6062914984476009
1.502597146033354
2.2543293987601274
1.6358186862854374
2.100416904101643
.03377096849998407
.036644081900658994
.009163409579343607
.00019854949805480008
6.545665422066619
5.954586302852946
.5380380663983928
.017238161347254956
.003997583130034157
6427628247236969e-20
.0006329613465312118
.09672029904995545
.02202360001318323
.0008721591430751465
.40276840597646735
7619009731620306e-20
.00023189140081252406
.036499744212710836
2392704669739665e-20
0
0
0
0
0
0
0
0
0
0
0
0
0
0
0
0
0
0
0
.7446866221286792
0
0
0
0
.5548816666140199
1252.5686003723972
.0038563055896739433
.09950830153433503
.017980738320669366
.22623953366207294
.09846912130759566
.6039866312231343
.130613238382376
.4232526048059637
.006437613871457766
2.9413159136983067
3.3052504428168454
.01575702564652363
.041757869621455376
.8564016628149135
.5733468135915991
.27459936623799636
.3829417083932314
.019409271384423044
.019409271384423044
.22333781022381927
4964467431700777e-20
.019409271384423044
.019409271384423044
.019409271384423044
.019409271384423044
.019409271384423044
.019409271384423044
.019409271384423044
.019409271384423044
.019409271384423044
.019409271384423044
.019409271384423044
.019409271384423044
.019409271384423044
.019409271384423044
.019409271384423044
.019409271384423044
.019409271384423044
.019409271384423044
.019409271384423044
.019409271384423044
.019409271384423044
.019409271384423044
.019409271384423044
.019409271384423044
.019409271384423044
.019409271384423044
.019409271384423044
.019409271384423044
.019409271384423044
.019409271384423044
.019409271384423044
.019409271384423044
.019409271384423044
.019409271384423044
.019409271384423044
.019409271384423044
.019409271384423044
.019409271384423044
.019409271384423044
.019409271384423044
.019409271384423044
.019409271384423044
.019409271384423044
.019409271384423044
.23629305185346428
.009953701337233486
.019409271384423044
.009953701337233486
.17186224099394684
.08607879605219959
.019409271384423044
.019409271384423044
.03342213103633014
.019409271384423044
.019409271384423044
.019409271384423044
.019409271384423044
.019409271384423044
.019409271384423044
.019409271384423044
.019409271384423044
.019409271384423044
.019409271384423044
.15832008594333086
.019409271384423044
.019409271384423044
.019409271384423044
.019409271384423044
.019409271384423044
.019409271384423044
.019409271384423044
.019409271384423044
.019409271384423044
.019409271384423044
.019409271384423044
.019409271384423044
.019409271384423044
.019409271384423044
.019409271384423044
.019409271384423044
.019409271384423044
.019409271384423044
.23629305185346428
.23629305185346428
.17186224099394684
.019409271384423044
.019409271384423044
.019409271384423044
.019409271384423044
.17186224099394684
.05893299865183523
.20711172937250127
.019409271384423044
.23629305185346428
.019409271384423044
.019409271384423044
.019409271384423044
.019409271384423044
.019409271384423044
.03342213103633014
.019409271384423044
.019409271384423044
.1481911828083422
.019409271384423044
.22333781022381927
.019409271384423044
.019409271384423044
.009953701337233486
.019409271384423044
.019409271384423044
.019409271384423044
.1197941293088699
.019409271384423044
.019409271384423044
.019409271384423044
.019409271384423044
.019409271384423044
.019409271384423044
.019409271384423044
.019409271384423044
.019409271384423044
.019409271384423044
.019409271384423044
.019409271384423044
.019409271384423044
.019409271384423044
.019409271384423044
.019409271384423044
.019409271384423044
.019409271384423044
.019409271384423044
.019409271384423044
.019409271384423044
.019409271384423044
.019409271384423044
.1197941293088699
.019409271384423044
.019409271384423044
.019409271384423044
.019409271384423044
.019409271384423044
.019409271384423044
.019409271384423044
.019409271384423044
.019409271384423044
.019409271384423044
.22333781022381927
.19134178026341117
.15832008594333086
.019409271384423044
9999999999985007e-28
.20122009623643158
.20122009623643158
.15832008594333086
.15832008594333086
.22333781022381927
.22333781022381927
.22333781022381927
.22333781022381927
