6141759791286828e-27
39.589567278436995
.14713197405719577
.3229740325113447
11.858634124869136
.38696534103654395
5.804683815160255
.2110990124098268
.0031687365924658504
.3126657625134382
.02685810717935595
8.709707185093576
.7519317127465315
.606974205892637
.008612429657184763
7.800870004651139
.9753174270713543
.003883984516122737
.0784904800315142
.004265902846493124
.0019483639245993325
.04013802858732131
.00015238495242604294
16130264660979885e-21
.2897682800822199
4165480155653906e-23
11943520680821565e-30
.005316050616417387
.006448319374428757
.005745943333212409
.0023591699484534524
.0001791739589996861
.014520799681857339
.0012978740429149757
.01026944146745301
36264799572152476e-21
.00042488136709135796
.0028965904409134005
.0004981562126452095
.005377787517328261
15576809069757996e-21
9.35402720001525
14.157252455038817
.004647283513358946
5682349288043902e-20
.11451539026204155
.007198348754219406
.007136112399986934
.37238462356395274
8341955054952121e-26
.4737312264503139
2718889501449175e-26
3.70493963642613
18.54948659702935
15891002818932473e-25
2173825820373188e-25
.0072320460111529395
2.8840058743096115
13.574789690731253
2870032151536712e-26
24345063089010423e-27
39.69312353992054
27.764122273256618
9.368214043250923
.0025570217580073887
.00064461467646997
.0013657214972001882
.006610783575940849
53565899732501226e-25
0
789325041726458e-26
23.687942062450723
3.3897874361189175
8.969216507579647
18.16550397236365
.0015044978290100386
.008367700014403895
.0004631039150727275
2.0569473946380636
.0004018444400715564
.0036029081186224766
.01175142180652456
.001583301953059597
.8832074264941426
1.5355676464579684
.00014109250129811608
.025641369596247094
1.3988142400081425
1.6502972868698988
3.132310403922887
.0034676423023891016
.000424932410056019
.6185624697625209
.7766196656726968
11742493591786114e-27
.48580596564999845
.7671568500671752
2.242999831881981
2.692017821511666
2893957193281259e-25
6.066826507464961
2.088590364823377
.5151147425091336
1.175337773423033
.9432560248424599
.0007936809853089434
49.99999999991811
8.192331822326528
.4608225371495525
.07050781432538943
638039544697435e-27
62221387714996e-28
30763001728610895e-25
5.117456523070423
.009716985804572793
.0005040670949755551
.5124532630598381
.001293872033992268
.0002221208785261678
.016208920051615384
33452569908655477e-31
0
0
0
0
0
0
0
0
0
0
0
0
0
0
0
0
0
0
0
1.9110662252574828
0
0
0
0
.6156340050015052
1370.9933555087864
.004259915804680431
.10975792783972099
.020095191522903472
.21991598819623023
.5124057759323348
1.0254447750848752
1.4171203268794108
1.4436738430884246
.007487230737958766
5.852283164478308
6.0174033863692316
.1424996430831345
.3873074653629123
5.001307910350099
3.8642055444763597
9778455154131464e-26
15776136669235137e-26
.019999999999997544
.019999999999997544
.9999999999938582
7.999999999606928
.019999999999997544
.019999999999997544
.019999999999997544
.019999999999997544
.019999999999997544
.019999999999997544
.019999999999997544
.019999999999997544
.019999999999997544
.019999999999997544
.019999999999997544
.019999999999997544
.019999999999997544
.019999999999997544
.019999999999997544
.019999999999997544
.019999999999997544
.019999999999997544
.019999999999997544
.019999999999997544
.019999999999997544
.019999999999997544
.019999999999997544
.019999999999997544
.019999999999997544
.019999999999997544
.019999999999997544
.019999999999997544
.019999999999997544
.019999999999997544
.019999999999997544
.019999999999997544
.019999999999997544
.019999999999997544
.019999999999997544
.019999999999997544
.019999999999997544
.019999999999997544
.019999999999997544
.019999999999997544
.019999999999997544
.019999999999997544
.019999999999997544
.019999999999997544
.49999999999846456
3.999999999901732
.019999999999997544
3.999999999901732
.24999999999961614
.09999999999993858
.019999999999997544
.019999999999997544
2.999999999944724
.019999999999997544
.019999999999997544
.019999999999997544
.019999999999997544
.019999999999997544
.019999999999997544
.019999999999997544
.019999999999997544
.019999999999997544
.019999999999997544
1.499999999986181
.019999999999997544
.019999999999997544
.019999999999997544
.019999999999997544
.019999999999997544
.019999999999997544
.019999999999997544
.019999999999997544
.019999999999997544
.019999999999997544
.019999999999997544
.019999999999997544
.019999999999997544
.019999999999997544
.019999999999997544
.019999999999997544
.019999999999997544
.019999999999997544
.49999999999846456
.49999999999846456
.24999999999961614
.019999999999997544
.019999999999997544
.019999999999997544
.019999999999997544
.24999999999961614
2.499999999961614
.34999999999924764
.019999999999997544
.49999999999846456
.019999999999997544
.019999999999997544
.019999999999997544
.019999999999997544
.019999999999997544
2.999999999944724
.019999999999997544
.019999999999997544
.19999999999975435
.019999999999997544
.9999999999938582
.019999999999997544
.019999999999997544
3.999999999901732
.019999999999997544
.019999999999997544
.019999999999997544
.1499999999998618
.019999999999997544
.019999999999997544
.019999999999997544
.019999999999997544
.019999999999997544
.019999999999997544
.019999999999997544
.019999999999997544
.019999999999997544
.019999999999997544
.019999999999997544
.019999999999997544
.019999999999997544
.019999999999997544
.019999999999997544
.019999999999997544
.019999999999997544
.019999999999997544
.019999999999997544
.019999999999997544
.019999999999997544
.019999999999997544
.019999999999997544
.1499999999998618
.019999999999997544
.019999999999997544
.019999999999997544
.019999999999997544
.019999999999997544
.019999999999997544
.019999999999997544
.019999999999997544
.019999999999997544
.019999999999997544
.9999999999938582
.2999999999994472
1.499999999986181
.019999999999997544
1e-12
.32999999999933116
.32999999999933116
1.499999999986181
1.499999999986181
.9999999999938582
.9999999999938582
.9999999999938582
.9999999999938582
