1.512615154930525
.6701807213417824
.010853702365248706
.0026152262699696755
3671789331477064e-21
.03420469989420398
6.860635147416322
.6970548753841134
.05830042410252672
.06233589173967471
.06721664389763107
4.599228816546396
.7173777466994614
.3251923685481662
.004896090602614391
3.12622760386118
.4040768321179482
.003201198553650066
.07630688900250215
.00460309368039351
.002096307772610257
.008099639170754062
.00018786281759180273
.0028818318796272795
.27513504712551473
17.016445048698763
.0001481382281530122
.005861908621096542
.006193008633536702
.005607412067219786
12766466000871788e-22
.00017383473691906854
.01408806816516087
.001258979792459078
.009963421729778524
19325594420813724e-21
.002061984843136076
.0028095733580548784
.000276076059513118
.005209777563967944
28735712163919818e-21
.005612238051378763
.005844026322453772
.02005896037705357
.0003165133365060711
.10864262670573892
.0074666281194066125
.0007797395676400484
.04005105862395988
.2902889916847554
.0012021480112939362
.5252988889834154
.00841266307957027
12.460077099075972
11.562831529214074
1.3921215875223218
.006966518990469968
.05868897550067978
.06513168457316842
.23085596818204315
.13299091047850287
29.83179793425967
23.08144775290878
8.232179715670192
.002369401011036718
.0005379262745153721
.0013684948116236308
.006279245731979187
3.134988176388392
7.467836323309995
.020280124886851984
22.63346103150636
3.2922113902732586
9.517990027325856
21.287879428071758
.001458710722992301
.009476976529390379
.0006542713721987713
2.094315910608924
.0003297586359366958
.002940081805935361
.011505077806368124
.0003353011428151805
.9093759213089597
.6770377605962974
33218419610107666e-21
.007697279838074732
.8528581531813042
.7627336379996734
3.3863266458252004
.00018039466242450596
6809211417973005e-20
.6538307641480915
.8195164516873247
.08264441487437821
.010711472640070328
.27456029141267796
1.6232803274660164
1.5184270755393061
1.7991379050904566
1.689834366651785
2.1465881146623715
.027513394758118762
.04242686292011281
.009081457063998767
.00014650447492814414
6.230251901671162
6.031997701281288
.546441591234275
.017920575069389058
.004118490099638226
6151732877318309e-20
.00056640683717311
.10576805573951081
.019977188426384254
.0008452110205152193
.43675828693067525
5642662176543309e-20
.0002101136117086517
.0356561220419243
2176936124738438e-20
0
0
0
0
0
0
0
0
0
0
0
0
0
0
0
0
0
0
0
.7170034521530966
0
0
0
0
.5884591431719142
1330.1387379136452
.0041329733724006406
.10648722039835427
.019496369244246494
.21336264965179919
.10217940804694461
.6462279546061886
.13696909725975412
.42056889754236354
.006165169063014332
3.0512256900966896
3.263081214843607
.01617127889052728
.043611413344170645
.8123888066683493
.6247758745204371
.2604138847183508
.41989670400369095
.01940401436037386
.01940401436037386
.2203330169833111
44421939663709826e-21
.01940401436037386
.01940401436037386
.01940401436037386
.01940401436037386
.01940401436037386
.01940401436037386
.01940401436037386
.01940401436037386
.01940401436037386
.01940401436037386
.01940401436037386
.01940401436037386
.01940401436037386
.01940401436037386
.01940401436037386
.01940401436037386
.01940401436037386
.01940401436037386
.01940401436037386
.01940401436037386
.01940401436037386
.01940401436037386
.01940401436037386
.01940401436037386
.01940401436037386
.01940401436037386
.01940401436037386
.01940401436037386
.01940401436037386
.01940401436037386
.01940401436037386
.01940401436037386
.01940401436037386
.01940401436037386
.01940401436037386
.01940401436037386
.01940401436037386
.01940401436037386
.01940401436037386
.01940401436037386
.01940401436037386
.01940401436037386
.01940401436037386
.01940401436037386
.234698220493513
.009427016520575787
.01940401436037386
.009427016520575787
.17128128201276077
.08596228645681663
.01940401436037386
.01940401436037386
.03208921168074434
.01940401436037386
.01940401436037386
.01940401436037386
.01940401436037386
.01940401436037386
.01940401436037386
.01940401436037386
.01940401436037386
.01940401436037386
.01940401436037386
.15513529181898328
.01940401436037386
.01940401436037386
.01940401436037386
.01940401436037386
.01940401436037386
.01940401436037386
.01940401436037386
.01940401436037386
.01940401436037386
.01940401436037386
.01940401436037386
.01940401436037386
.01940401436037386
.01940401436037386
.01940401436037386
.01940401436037386
.01940401436037386
.01940401436037386
.234698220493513
.234698220493513
.17128128201276077
.01940401436037386
.01940401436037386
.01940401436037386
.01940401436037386
.17128128201276077
.05696899862414735
.20613222880343013
.01940401436037386
.234698220493513
.01940401436037386
.01940401436037386
.01940401436037386
.01940401436037386
.01940401436037386
.03208921168074434
.01940401436037386
.01940401436037386
.14779029385855813
.01940401436037386
.2203330169833111
.01940401436037386
.01940401436037386
.009427016520575787
.01940401436037386
.01940401436037386
.01940401436037386
.11955099549240401
.01940401436037386
.01940401436037386
.01940401436037386
.01940401436037386
.01940401436037386
.01940401436037386
.01940401436037386
.01940401436037386
.01940401436037386
.01940401436037386
.01940401436037386
.01940401436037386
.01940401436037386
.01940401436037386
.01940401436037386
.01940401436037386
.01940401436037386
.01940401436037386
.01940401436037386
.01940401436037386
.01940401436037386
.01940401436037386
.01940401436037386
.11955099549240401
.01940401436037386
.01940401436037386
.01940401436037386
.01940401436037386
.01940401436037386
.01940401436037386
.01940401436037386
.01940401436037386
.01940401436037386
.01940401436037386
.2203330169833111
.19056587364273747
.15513529181898328
.01940401436037386
9999999999984864e-28
.20032271744607605
.20032271744607605
.15513529181898328
.15513529181898328
.2203330169833111
.2203330169833111
.2203330169833111
.2203330169833111
