0
39.90001401097508
.17265825456605408
.2682719947885649
11.485968040696443
.37561477991463155
5.725354542500644
.18355551717975732
.004350474737818403
.29473378192543903
.0297803818869683
8.498794083111171
.8070336750937827
.5896972838162942
.007822944037117342
8.660130899961045
.9118772154071546
.004348381843401006
.07394515710342049
.0046942925596785865
.001987878602376553
.04098014123597437
.00011468990519834734
1401554286956271e-20
.2871049875250056
0
0
.0053032108406892405
.0065737904247807726
.005469219270516947
.002807077552144617
.00018500156118020036
.013738058361594693
.0011488803332798856
.00962864128463526
321882231251692e-19
.0005963642167714478
.0028002460157985584
.00048331223443210124
.005606194129086898
1589941472744405e-20
8.008395024598238
14.047606298975564
.007414026063468748
720546975239979e-19
.11034651765293846
.007287966807737003
.007215136008556086
.401564463115227
0
.43510973894847715
0
4.000036592976448
18.688932070294378
0
0
.007220803146276669
2.8592613722472264
15.586799432592256
0
0
43.37436764809442
25.60055529523006
9.20891244096585
.002570613965047521
.0004969403668072153
.0014883336595811264
.0061050052511796805
0
0
0
22.790279104100645
3.631755570478282
8.077040693188831
18.37390460898411
.001444313452970016
.007650069822297229
.00043216249914293417
2.08497589085437
.00043825303542962705
.0034242530008086274
.011526746674813113
.0017656797402865086
.949721751815213
1.4304395769296414
.0001454628193035387
.02315508624470159
1.2737596915837799
1.841128084159893
3.083327129486474
.003973541625338139
.00043160260915840363
.697866714110051
.8212569140140835
0
.5177280387398421
.6912394532081627
2.251507385576086
2.711549087667863
0
5.834539651398771
2.0862678105372536
.581667374459166
1.0274902203679626
1.0002477852705447
.0009318722426234279
44.16488349181357
8.537415414835476
.4223127785576996
.06791138955786905
0
0
0
4.876420063242199
.01161696476439838
.0004874960000252159
.49021153889255786
.0013623856367572153
.0002353951768617907
.01732264473563782
0
0
0
0
0
0
0
0
0
0
0
0
0
0
0
0
0
0
0
0
1.8022300703430227
0
0
0
0
.5945111197060224
1324.9774746886503
.0041904837212957645
.10465614403615225
.01837161218567149
.22413556473720492
.4543268316425262
.9624572196021741
1.3374630816359796
1.4190105464069949
.008058613072521084
6.207886336057976
6.006381741535309
.11899057568604096
.3623919671702441
5.484934217889491
3.768203166620634
0
0
.02
.02
1
8
.02
.02
.02
.02
.02
.02
.02
.02
.02
.02
.02
.02
.02
.02
.02
.02
.02
.02
.02
.02
.02
.02
.02
.02
.02
.02
.02
.02
.02
.02
.02
.02
.02
.02
.02
.02
.02
.02
.02
.02
.02
.02
.02
.02
.5
4
.02
4
.25
.1
.02
.02
3
.02
.02
.02
.02
.02
.02
.02
.02
.02
.02
1.5
.02
.02
.02
.02
.02
.02
.02
.02
.02
.02
.02
.02
.02
.02
.02
.02
.02
.02
.5
.5
.25
.02
.02
.02
.02
.25
2.5
.35
.02
.5
.02
.02
.02
.02
.02
3
.02
.02
.2
.02
1
.02
.02
4
.02
.02
.02
.15
.02
.02
.02
.02
.02
.02
.02
.02
.02
.02
.02
.02
.02
.02
.02
.02
.02
.02
.02
.02
.02
.02
.02
.15
.02
.02
.02
.02
.02
.02
.02
.02
.02
.02
1
.3
1.5
.02
1e-12
.33
.33
1.5
1.5
1
1
1
1
