-.01930645172995988
4693529834212408e-20
.00030806375016137087
.2869700455367935
.00031992321428893366
.00031992749413138014
.0003185037873021484
-4495464327572903e-22
.28692498008021766
-.0013281120278025543
.005969470559895006
.010982952206158265
.0003184407552998048
.00031846527515492774
.1415641305393042
.0012954382050574087
-6570704134328307e-22
.0003183977928464969
-.0005965314530677969
-.0002869881670703966
-.03219390643970955
-.0014598888985334654
.043465703125717785
-.03239215747139435
-.0006663268433619101
-.0320109420857695
-.3068993152194027
.2782973725886623
.2867445576380877
.0005889087584888848
-3898684224679382e-21
-25176062922422965e-22
.00022787335975856562
-.0007185034078594223
