-.03275781774408375
-.024317152181195834
.00024709053115594843
.0002515830504521099
-.06455810447912852
-.0008384825042833111
-15853083496586186e-23
-.057187761348229976
-6215766402778075e-20
-29130733981938176e-22
-.00023190530981351468
-35180582191400764e-22
.00032150242256737176
-.0004970949574922548
-.0018495622263589634
-.02180624253108751
-.05712418584345154
-1500170477299175e-21
.00031852183761166665
.0003228996368664993
-6800800800343582e-20
-.0004983727959984252
-26818924102684234e-22
-.0028655359039890652
.12221717241068071
-12624564147664222e-22
.0003182677664103842
-6000483951420274e-23
-.0016092547435664756
.0003181770533123037
-32901705606760465e-25
.00031838131485054685
.00031844042618915175
-3864881062413422e-22
-1058730836673305e-21
-29115662515768403e-22
-527522375279888e-21
-18680568703578085e-22
.0003183533944973319
-46505406121460094e-23
-.05057961322566625
-.0532579119746924
-.0005077985776352742
.0003184051590519115
-9239490850625257e-22
-3498808814320077e-21
-18862633699655947e-22
-.032382696400156966
-.033224436861818696
-.05676608754506903
.00023431007011151024
-.00032086357772394714
-.03062320874280816
-.0006774916721310404
-3082640882279636e-20
15978292960139117e-23
-.0036784074019300937
.2877159853538146
.0005493644274819212
.0003242774089508686
-.006861829160651423
.11465595395653826
-.03416361365017308
.0005173302460911587
.0003178198424826172
.0013024836869342498
.0013709255079390847
-.004833750704692305
.0005062071170340355
.0012689636574049097
.27768050265237887
-.030791006396508492
-.021945808131844366
.2918520446985877
.0003183965319771372
-11818131901002252e-22
.00031849434043414746
-.0003921264880978519
-37063938670755787e-22
-.05160929502174127
.000317410195890453
-9358909113247139e-21
-.0720742157766321
-.07905296310527161
-21381401882369693e-22
.28759373592153753
.15050948893712052
-.021642120304784813
.2544339148707532
.00029794358997301565
-15860828653087032e-22
-.05319928233743836
-.06937193058024133
-.0005912863600797202
-.05616005189837657
-.04917937431188922
.28727273277281756
-.0008418497384491926
.00013043863228864795
-.18682883214118537
.03625164172373351
-.051207558089224156
-.04923255565963446
.0010786231893977335
-.0008234714552480927
-.050818554919488626
-.05883412708205896
.2865518749464225
-.043691459669739696
-2160372063291403e-21
-17351320843660839e-22
-.02718877644331865
-.05003748901306798
6993591375721093e-20
-18557277979702104e-22
-.05588936238839142
-32956569861888952e-22
-.14574350562252042
.0015377070303334577
-14006553949433142e-23
0
0
0
0
0
0
0
0
0
0
0
0
0
0
0
0
0
0
0
-.02441757684443548
0
0
0
0
-.08266815269328888
25975464860110075e-23
-1674657270627351e-21
.00031822293002699054
-5973990134356584e-22
0
-.06522095339342468
-.2850168743540936
.00010113434970688583
.002430585450076341
.6819877329760594
-.08752474296538544
-.30301433482887996
.2906210998585542
.2958331691801976
-.00044804547524573464
-.0514092985138593
-8079581045006845e-20
-.0006123139134896944
