5644205582418199e-22
-18626106915796467e-23
-1532323523442961e-21
-.05135275265304863
-1932009516757329e-21
.00031856197202988494
6252121278220995e-21
.000318228285065634
.00032643480755264234
-8537714153708538e-22
-.0008755766055417885
.00031714014650150715
-.0009742585942951908
-8952531632305743e-22
.000318450981831294
-44408527844994254e-24
-.0009387960902791004
-.018091703557106088
.00031910888911941646
-5203512027336226e-22
58304536064862885e-21
.000318396898058628
.0003153242596949803
.00031865216063345494
.00031780485384984324
-.0009759000317472124
.28724920368864393
-.1157676802370774
.0012968708122648221
.0008038400788478571
.0025063831549633213
.001300694581404749
-.0009499247120795377
2060719393261147e-21
0
0
.00031424440470442696
.28904175943043076
.13648315956366083
.0013003340434336642
-.04514696058600948
-.03216660762383813
.00031842835263673085
0
0
-4548868468605767e-22
.0003184854890774243
-1575913662017209e-21
.0005876818571393065
.00031850286782805564
-8096743317343981e-22
.000318421787388135
-3520474778166133e-21
-9961920908223154e-23
.00031861986227787954
-5973494069952299e-22
-6047980655676416e-20
-.04690241944693919
-.056537321028370335
-5875533049738444e-22
-836512351976721e-21
.0003184489855230557
-1535535540460698e-21
-20281417674656754e-23
-.051363391075704395
-.0679303218529635
-25126992325148278e-22
-7722580890596906e-22
-7366210094500639e-22
-.03301049682379991
-1026054465982264e-21
.000607226813387496
.0003215107579703159
-.059175913623629055
0
0
0
0
0
0
0
0
-.05698059296570682
-.054805237666798776
-.05613986979326364
-.031079440458994533
-.0024528973786939793
.0003183869502123773
-.05389533503131441
0
0
-.032681417908852074
-.03109172221175181
-.0011750767733117197
.0013038668079734539
-29740763333289974e-22
.00029257847151140706
.2778206304899576
.29809011334900576
-.0421760094034392
-3608345567605686e-22
-.032415109883973885
-16902822931939205e-21
-.00037797492481235197
-.0005886111075617008
.0013027851139177187
.3192211945749791
.00031853126131439584
-498435951314892e-19
.00032102104014850263
-.00017617439799675152
-.05180783113801232
-.045779557891252765
-3222957870268705e-20
.2869906852297304
.2880146638947916
.2869831288320532
-.03257968708346672
-18291361719815246e-22
-.16077707739477495
-.05129548821978309
0
0
0
0
0
0
-.05264647464853878
.0012360865780029285
-.05077721192166176
0
0
0
-.050930291821481
-.05137100529776067
-.05137392102650738
-.00039079549781171464
.002610986738686326
-.049947380865996475
11223833290093368e-21
-28187910933252194e-22
.0005138176304239107
.0005182944704580109
-.11733522045257351
.0003183621221889429
.0024255332968924504
-.0008113014324571509
-.0007347274872773071
-40964234519767475e-22
-1834031532076817e-21
-.004481148499930693
-6845692289004823e-22
0
0
-7426381302784392e-22
.0013006988919002317
-.001227673905423051
9376468740191887e-20
-.0009340564485441951
-.0008363189783501738
.0003143442396547265
-.05839553252733273
-.0565266207992487
-.05656213201737428
.00031860568396163013
.00031845200133724183
-.03027924376494269
-.051357006132596944
.0013010396005157297
.0003190515516790421
-.019329811216733446
-.07172629685659421
-.04185384378921084
-.04170763955929714
985303009163001e-21
-.1855741518654177
-.09319223168558555
-.04819923795283946
.0003188915732485871
-.04370828010456383
-.05004867911175565
-.031706286137897596
-.05295182298836464
.05912094836148111
-.05734391914996038
-.06794150482025736
-.04054799167322727
-.05908426817776553
-.005738371194921477
-.05691048491689934
-.051371339964218124
-.05136653992886493
.0003209695432815072
0
0
0
-.05310923585117232
-.03933325886538342
-.09827653928061629
-4931386538660657e-21
.05169229706435583
-.035951037619737114
-.06219847845038244
-.05994715700745096
0
-.018467467908137435
.0003190925387664535
-.08814396878488145
-.08563179545972469
.009284605716385768
-.05131594298809979
.03850713790757176
-.37537291493596997
-.1584310891565808
-.05334481837257736
-.0031378246066283678
-.005461758488755063
-.051104983392886175
.004479795957518131
-.053196120351323706
-.08749404568739191
.00045205211700734846
-.0008638254495891365
-.0010806690756463323
-.0002591511002609931
.0008523990391568444
40242923999972556e-21
-.00039830650735088083
.0017520559532983601
-.03904816078208088
-.001353950677046996
-.0008536211414343004
6600700821265642e-22
-.05156629536477293
-.029533095176760164
.009434822435771229
-.06044547799396822
-.06511555868946561
-.038307809194571066
-.052695185654225624
-.05135931886265226
-.12102564850411267
-.05268507321052967
0
-.06073357071945152
-.03627739163571376
-.03760162714518076
-.0687295599583613
-.0565609078960913
0
-.038343600021972034
.30115563219199437
-.043019825584124614
-.05986623119782492
0
-.05907918063190734
-.036332677659891295
0
-.059644701809763896
.2780048716503793
.28759334555722615
-16600293375133915e-22
0
-.06064360130299148
-32704421729147407e-22
0
0
0
0
0
-.03586537020833679
0
-.036517673259160235
-.06394500397971221
-.03634508365958338
-.03536570375511052
-.0598722471225999
7378210968806423e-20
-.05472884196118628
-.032827011010350966
-.06373397018601631
-.00022055098514392598
-28077292080986577e-23
-.05123355686197449
-16051894527187243e-21
-245188138556068e-21
.28696673347317914
-59107416420192384e-21
.0005312149606560872
0
0
-.03138774552448222
-.02377320523399632
-.01875246845418044
-.4635211694585086
-.027780126888484608
-.028379997135784405
.025758223947069142
-.059241462564332846
.0003251106497346998
.28953117428769487
.00032131056135227613
0
-.06502959753715518
-.0318804008305082
-2757939083445116e-22
0
0
0
0
0
4415948420965073e-20
-4782474907277672e-21
-.054515452862473564
-.0009757940495761748
-.05693123572510388
-.0010009983306074517
-3809889983272138e-21
-9637223356355115e-22
0
-.03293247180822311
-.03227759679473333
-.0002418714253908621
.2872330308125493
-.0006171227525821112
-.03235526464885289
.2890647540714286
-.05086103635154539
-.00041182331036854165
-6724203308484021e-22
-9284091018445301e-23
-.0009764699271483313
.0013782404847593026
.0003324747637230997
.28718269072960384
-6970527364328106e-22
.00031689017602130263
.00031838419108812114
.00031778961554691863
-27626384747014517e-22
-.058409499542843205
.0003185420164352667
-499202245633446e-21
-.03192313637284302
-1265708327529881e-21
-.050716256064676495
-3350986418692724e-22
.0003185001738707507
0
0
0
0
-.05677776553491495
-.05691352554729229
.00030511942189779547
.0002930674459385918
-.0017940025964552863
-.0006428188618148534
-3684055876357304e-21
-.14657724661020277
-5919458967756157e-21
-24964621319913124e-22
.00034885257139393816
-24109396927222267e-23
.00031858062779536827
.0013003546848607207
-.03208178774069546
.0013721428154732818
-6113408801187876e-23
.00031850042096698224
-.054678214601494475
-.04142597953166093
-.11216257384273969
-.006132250322784273
.2872242709615743
.287711545489415
-.061703021970452264
-.031700650751614906
-.07437349128478782
.00030793167757658686
.00031844803317299656
0
0
0
0
0
0
0
0
0
0
0
0
0
0
0
0
-.05643213057436688
-.0009755891043114271
-.11715889744187097
-.0009744196919124598
16559091950461145e-22
-.0009740227620014971
.001300764598438491
-10351375924188135e-21
-9195386747209494e-22
-.09999630064129192
-.0566444263202234
-4275697266806262e-22
.0003051809589211395
-7289629567107733e-21
0
0
0
0
0
0
0
0
0
0
-.0009699116180723159
-.0009759972449269375
.0013782032771210697
19546272456809437e-22
.00030715678367739414
-9354677239292577e-22
.0006191425280596038
-6332943624255814e-21
-16705280024469762e-22
-7330253614932594e-22
-19417879523341277e-23
-7091119100057292e-21
.0003186404163086835
0
0
0
0
0
-7900597813941699e-23
.0003183992329542215
.0003184386382513625
.0003186788752225778
-.05451309914743676
-10496929878132786e-22
.001364380230849358
-27579519530405104e-22
-2629664784247229e-21
-.001108924758219919
-.044386180687965154
-.05137040479401584
.0003184564801904317
.0003185912371388222
0
0
