.0014195190251941163
.0026441697495650667
-9508081068295797e-21
-21267901058975576e-21
.005641239951185392
14869477329056726e-24
-20645561690037174e-23
-435976187341176e-21
-.001974664167188669
-.00047270391667022794
.008934937179778777
.016255729787223096
-5028034229913578e-22
-1776150018322785e-22
.004023033950529691
-.0029450668189799603
-17378244062278407e-23
-24541692868906105e-23
.0021193576974070493
-.0033569039668705056
-.0011521274264112028
-.0014240445966838846
-.0015996226034686021
-.005508131586755574
-.00033263385690254776
.0028734631494222113
-.00339946399830415
-.003222119356217278
-.0009081099986921586
.0029705255436918545
-23967678516025257e-23
-8453948179214403e-23
.00017789469640847904
.0003446235197834674
