8073178318184621e-22
-5171843466219151e-23
-46563045452583543e-23
.0014152052965801694
-16102253913032395e-23
-8245998752600394e-23
7673171957300224e-21
-3828981623419636e-22
67133102400774735e-22
1557147728732587e-22
.0005764671153408761
-15837020236364614e-22
27648804992317674e-23
-15751519714841618e-23
-7757263839821118e-23
-7767520568061128e-23
-7143569322265287e-20
-.0038356895230845546
5412266491783862e-22
-8387466700410191e-23
.00037629895910962766
-2429095271034143e-22
-28769234763256863e-22
-873859957001666e-22
-14720751145290983e-22
-15306711143500122e-23
-4839726123774437e-20
-.0005782994977207627
.007762016273347032
-.0001373475039172713
.004096096464747397
-26248501847088504e-23
.0005366339370730731
7489446893189186e-21
0
0
-.0029476356046075286
.001973883789034123
-.011939415344808114
.000485279577241927
.01871009697327555
.007615288788977516
-1118731189089312e-22
0
0
-781516784271201e-24
-1792209227803875e-23
16758104634697493e-23
.0018596471433754197
474600198950288e-23
7152406816508299e-24
44691065698785805e-25
-835995837272762e-22
3332047368524346e-24
-8046590559043733e-23
9253743443847364e-23
.0005704020860187559
-.08166503865087672
.0008155968040798066
-.002940316859633014
-3256083550502722e-22
7219939338135691e-24
17648579524971816e-23
-6702777945322557e-23
-.0006596692420297569
.04871340048173642
-16100647146417648e-23
-4589118746953092e-23
-6599882061028314e-22
.00448341543159699
2949784301828528e-22
.006387939999382841
3872036324171297e-21
.0017788187485788854
0
0
0
0
0
0
0
0
-.0009911035655039214
.0011411487770855194
.11929421753462664
-4577116321150441e-20
-.0015283033996174235
-17766356725928066e-23
.015418936498994435
0
0
-.0025866480020090604
-.0006287267063411053
.003053811205331369
-.0018695718434424914
-2159067993426013e-21
-.0006777528981943846
-.0004953537360816935
.010921796466853774
-.004083905145890993
-23666029225772243e-23
.0020314086275016957
-13661847488268506e-21
.0002358006359967856
.002355959160744196
.000434193035565508
.002585946708303245
-10832880921393221e-23
-57394238302555125e-21
-.002937774743069394
-.0016401756732221438
.03859204980000045
.01376838578055439
-8545444815476983e-20
.002606260211859583
.0006547135700444575
.002606055820635759
.0028462721895565284
-35985398803895494e-23
-.06917282341608855
.0028510774784554966
0
0
0
0
0
0
.0021398074800215074
-.0010222969052593738
.10329774578485404
0
0
0
-.18192800603114792
.0025764294246905795
-39581767858021855e-21
.009509475633955305
.0030243158787753837
.051091043931308956
10350540698121602e-21
-.0029403353100253228
.0003922979452866635
5668050447804607e-22
-.003889506081324094
-28198113798377766e-23
.0026252603497006447
10305799617281577e-21
-9481273894904856e-20
-5094930085371066e-22
-12720759208010572e-23
-.0001640679779938236
-3977291014341704e-24
0
0
-.001125083039057974
-2744037232762404e-22
.00015012517890629996
-.00024313279203610482
44009460078810056e-21
.0005410574502509487
-35176893172877315e-22
.0013250470201936293
.0014159209011400942
.0014139865636196448
-10760152382314676e-22
-4133744175000627e-22
-.0003593410530463862
-.0006611712351386526
-747152153905411e-21
4666534695403985e-22
.0014157931867520783
-.0006422225709721656
.011938097304610085
.018241925178628878
10086368695514752e-22
-.13566192862109297
-.005163160155729967
-.0062226560517046415
-.05025378604615121
.007422883654488616
.0003256203585633605
.04255274886713442
.0023959255319909336
.07378348528425464
.0026382918747268995
-.0001500385856626694
-.003924734951826435
.001323610186182533
-.00387550425845024
.004654902755914412
-20373704027392953e-23
.0014186591378245678
-.002937989423035981
0
0
0
.004697916886292287
-.09262195028919884
.04003766418575317
-.0029406153283710367
.007540815811292337
-.0014199123811117393
-.022953062675329927
-.0008254887621091746
0
.00817411981094054
-.0008412400914282128
.0024827454019582503
-.0027573582182440198
.019208967692784507
6749957687131405e-22
.03960345709013412
-.32896403283108044
-.09902653699705345
-.003547566545085901
-.0014366290525510614
-.00465336497636791
6209765892300533e-21
-.03595419738838606
-.0026508863349512294
.002595771056734512
8304872143159965e-20
.0023959325778437532
.00023205544797718223
.008349019664599742
.00035992090696903076
28465739986777762e-21
5588101159964144e-20
.003900128652321664
-.0030770232215084786
-.0014638435125261756
-.000773575483557898
.0026068705320101953
.0028568608378449563
.006476817571753477
.06782530369471655
-.0383253367661827
-.00932227625803077
-.005932354539795428
.03130657910426861
.0014211989964582612
-.06742708071285053
.05090296678748106
0
-.005911268692038427
-.08915032546462365
.00010867460278599692
-.09577476593505495
-.003954359760455332
0
-.09122749719202626
.019501701291450083
-.09713620558905098
-.00030460133333043844
0
-.0027245779419108455
-.0057894299453340806
0
-.004223749709132531
-.0038324958697864156
.0006817435196935814
-.0029383492537077825
0
-.004624471709369995
-.001370380294440664
0
0
0
0
0
-.004597288518402107
0
-.08951666741062311
-.006135139334425889
-.08926641467872493
-.08899064188241002
-.004334573705002362
-4898035104337959e-20
.03881708374359156
-.0023423993420902977
.0016436650974609164
-46400713700686e-20
-10550730287653016e-23
.0011080527181979772
-17922676392067497e-21
-32716015333346337e-23
.001258491838159133
-5810976904786324e-20
1462399238460796e-24
0
0
.00010717052414235908
.01108382963608992
.05781791626874949
-.16287090103179952
.023264820150423995
.006430758139630907
.08258869684432472
-.00030536945958752325
861022918630746e-20
.006105692468917481
-.002842248713062727
0
-.005257496313807987
.0027235915594837653
-22582706098872145e-23
0
0
0
0
0
35641259234967815e-21
-6267658297477516e-23
.008929648048390158
.00012525110208041966
.00016534811106393572
.001614253149044808
-18063496196802997e-22
8381824895830587e-23
0
.001599319785104625
.0022935168009712336
-.00021323768938217975
.0002445543377232667
.002356043041089248
-.000984081315239874
-.0012118082376114925
.00018874877855494908
.0001240716851284341
.009044014115354583
-1603991620076096e-22
.0005348311067555171
.0005119459925617974
1717920494180506e-20
38944036027342726e-24
-36246141990708376e-23
-1932902424162515e-21
25479972086207183e-23
-10648134171172338e-22
-19382244459429298e-23
.0014055970848366804
-835361587293256e-22
9298406723356572e-23
-.08230926514263255
-4343152980615098e-22
-24454371747918123e-23
-39740291573042445e-23
-7688559465850638e-23
0
0
0
0
.0024031201820306483
-.0011177486771576308
-13034887155193706e-21
-2276732213319249e-20
.00038803696186748857
-31512580965565407e-22
-7689002836788692e-22
-10845291683373153e-22
3991413647218702e-23
6497799224803036e-22
26374997267048766e-21
-25234185117958654e-23
-5599545409541972e-23
-.001622585019083348
.0007275749745873281
.004018124235814669
-23948578530928137e-23
-3142365549415308e-22
-.07949913086048896
-.0010357805709075424
-.02574732068453282
.040098930788981794
6892298000484442e-21
757021228557947e-20
.004143018127581773
-.08777488515223673
-.08791844613983847
-12790450474949162e-21
-4640946030992718e-23
0
0
0
0
0
0
0
0
0
0
0
0
0
0
0
0
.0005795060424504433
-6771687695476879e-23
.003864500224507424
.0005347214069998714
.000536807544339892
.0005349254228685172
.00012560155165138154
-68756560058793266e-22
.0005343945070702436
.02065639611224642
.0008186950596573138
-1648284014359192e-22
-14979901458583905e-21
-7091413110145812e-21
0
0
0
0
0
0
0
0
0
0
.00040617485232503057
.000534852213628359
.00043387745850813363
.00021652507504171865
-11833907274428706e-21
.0005345504196083011
-24861318615721113e-23
-4871268897455217e-21
-2435043931794309e-22
-7233784109116907e-23
.0004142941930480569
-40159114016652185e-23
.0005348235632882847
0
0
0
0
0
-841553075188433e-22
.00041215081579507626
.0005348419134086918
-9979929468001669e-23
.038692170592854035
2595046476148067e-22
.001377729106850921
-3052094259951229e-22
-12136524369745689e-25
.00022644597709910383
-.08819233335216035
-33416940086888314e-23
-9989050586754562e-23
10904871314305142e-24
0
0
