46.117156686233955
.31886751026503307
1.2122537710266028
47.86008379273362
1.2974766866075969
8.013829413580417
.8592504290967786
.1866214096486103
1.4373326778531068
.0810474453130711
23.35896659846269
.8149550608802305
1.6267711439421275
.019833146144711485
9.571896004206517
11.579155794881963
.01038201664032615
.08029851446283184
.016296052477927873
.0067885709563667
.0483530946858035
.01387500166930165
.01001244510502092
1.6338565976608097
30.237753816811004
.005760935482127177
.006458775886593755
.007005633953523059
.0066745682109128485
.0056118754787314795
.00016898788151854954
.014111374619037888
.001255848976092214
.010895232805182077
.0002810876077819211
.004497904488408026
.0028678009697419475
.0024794980296170698
.008556170204923422
.00022152665458034147
16.644194212794332
19.53269443874696
.0279640983301961
.0039703346386333665
.15689918052815538
.00967519408710956
.00890612098535892
.5883098179644092
5.406886755441306
5.065351508327984
3.8178848212147143
5.256727644775139
21.751452003479766
20.187291598471536
1.9612527528991572
.007958491435310052
9.634993555960337
145.92640634401786
.35091050256961076
.1683179605957186
53.74259371341751
53.506061785753545
19.79051804688728
.006105279125310767
.0023575824056513823
.0017295227330692924
.010293929595591247
82.22795867785581
81.00649140381668
.03793067361083686
27.210263973732594
3.5369357305075257
107.01924700879577
35.49873612495102
.0015186074907440885
.00960546741962056
.005101268845365731
2.593335748060919
.0011036842286957678
.009537011443393624
.011984354394338377
.00812158344252886
10.863575719927743
21.908567394559544
.009607446180126218
.052291663674678864
26.91466660844526
136.22946985994412
8.420660340914113
.0159724756196041
.00979834028239051
4.98843931546421
1.617052029486204
11.873018539102521
11.871385394143134
6.184011201137382
7.584073513103564
6.192695555029592
4.168109969889846
63.236428684990486
2.1294366328986882
7.799388897390899
5.500137371429414
2.643358822300053
.0033371073511534524
65.08779631809124
8.7259941077814
2.049872134294599
.4645338888531003
.017079036805293928
.00018069799691559983
53.879974044337246
104.39159627869545
.09714707812067712
.0032059356857183654
.6402401119709284
.006472961154759142
.006968023730037859
.18282886853899064
4323735718656589e-20
0
0
0
0
0
0
0
0
0
0
0
0
0
0
0
0
0
0
0
3.3971845795637936
0
0
0
0
4.630354673301371
1298.3584598793082
.00476360962630438
.10957877235007299
.01880928688345959
.22396295789751455
.8271136958335362
1.1676622646072514
1.7133533749430527
17.416248383009805
.015923679426416277
6.321677237975874
6.457953609999437
.38414525063842037
.8319323514557054
82.12633875702939
89.05194394274459
51.21463127639049
81.42745454153791
3.3809254184068287
2.146876128186999
1.623695244567331
1.6862030846852412
2.763568764480495
1.7894050680984515
2.431555615804458
1.968713840034655
1.8568997624366756
2.2287015841080504
1.9735599529732926
1.8722445959155536
1.427651623422644
2.1327418586854985
1.5095700725324466
2.618837330741666
2.0503902632923143
2.1476052171171087
2.377937481331101
1.7574472857407717
2.224780266184652
2.935912911747603
2.5124213048929995
1.9404872585871977
1.8800015443586982
2.3540068792289714
.02565215051430456
1.7204434056222964
2.3440422668166163
5.65216455353624
2.0424943615837114
2.1122272779154505
1.3217546706280074
3.1493738570540413
1.535653587994748
1.5213751961080588
3.2251430315649663
1.3996153550676673
1.897681766623671
1.5537874611389353
2.216778973404717
1.4521013814862016
1.8175200544426005
2.900688193016796
2.106889254508115
2.2960993702898165
1.7604705218645098
2.23249607914068
1.7527708425853676
2.2359198963075078
2.4940876113787933
2.6383064779271646
2.6039196000751605
2.0974487291221235
2.0739243530126537
3.191262489235339
2.3972999813636986
1.1255664516651378
2.4371205455288183
2.8230572339189974
2.063685196429983
1.1063261143339318
1.7323380800621437
1.7442598827815534
1.9720386934704472
1.5256353023360307
2.355905254416028
2.219880502460597
1.8521503668020323
1.6671934087903797
2.491617505656988
2.5085370118843984
1.8767742043671614
2.245603135037994
2.268953861154153
2.07411834908447
2.253010853500887
2.1306294949046785
2.0417931474442703
2.9915399275988626
2.0916726647629975
1.9639058058601815
1.3547277057667022
1.6535927762733185
1.5881205120193362
.7191753254080369
.1958203128758648
2.231452004015844
.011827835714555793
2.614140234522914
2.090294780292129
2.3445877682831164
1.8492724614057323
.19507364546831185
1.4085362053238693
.19940120847409926
1.1877781941662873
3.3102514434365444
1.7501931300259639
1.9027064704818537
1.7642831463532829
2.357507388914454
1.8836921399340507
2.049024550348721
2.1577836975590943
2.4908928382162534
.010230930792621584
2.0037377184906124
2.056857203441456
1.5468587457877356
2.1517414112944593
1.7233822991020873
1.4397222362448656
2.1404816425315727
1.813846025346255
2.2037958128263795
1.758668208320621
.7577708978042063
1.6778170817972233
5.048483966852331
6.77590455033306
1.6086347468012658
1.9525635135147605
2.455961206570002
2.3299556896097546
2.63629868546153
2.0849805286590883
.008092703937911215
1.504059977783736
1.3837338485788473
2.8171709713849378
2.5276508754095306
1.9099950357712365
1.937083362459514
2.281764397450036
1.8056173957371455
2.6246601645789553
2.2892734490509627
2.319584853668046
1.6520386303966785
1.573897760197174
2.4392750352604895
1.348024419492135
.23043845683607028
2.2168630731037475
5.396968328723638
1.497245485900026
1.8409070868996893
2.0504952382068713
2.25971636345115
.909268830936324
1.7175074153690006
2.2811391778810264
2.2564757106248052
2.301096400276224
1.4165807908425037
2.0305766681191666
2.641830091359239
1.8525385446784304
2.4534471832228473
1.5813798391368752
1.1746378577025136
1.4352324916385373
1.9734768054125038
2.2060209626182665
2.1935320574061463
2.6702752290755916
1.3699473284527488
2.348711579712718
2.230894686534323
2.4683048626806796
2.563859179384419
1.6974745234957427
1.8323436348213182
3.087566287429309
1.8499635748239318
1.9497821967574118
.02234896474191449
2.049152005410958
.056741866226653226
1.9327997632693783
1.8051147565789145
.551247314875367
1.4257765025467464
2.207806183733918
1.2670424908455513
.04823600273288062
1.997007147203468
1.117973295127156
1.5971050210584177
2.2054730423366693
1.9650589458111234
1.5239279205536422
2.6381693778940485
3.09612512988115
2.9481273202929885
.6129720800217315
.01228357200772636
2.0779101981025736
2.1796280586667383
1.9106554999913725
.04705809189453942
2.331538042320402
1.733704616082882
2.3101466435924003
1.1706437379766066
1.253364622247911
.0068544431950145705
.004514172859594741
2.3264268051658625
.5863230678885748
.14091370700109387
.8253192488449959
.18637945206210038
2.2780017308691107
.1161740420370419
.0915451071737332
1.772373507502708
.6130037655773778
8.19175379942338
1.9919151081975115
2.117807299900987
2.409530238000354
2.290710902617893
2.2408043396917314
2.025665548764254
.11155291139603751
.170095812884313
1.7852085762124468
3.029115654865836
1.057653517294443
2.1470220293541993
2.458690688434661
1.953475687323104
.010488288581356964
.28120515736368673
3.160470073309851
3.4828691863260586
4.221327239647535
4.360995370277337
2.40356099907115
.011597339940380395
2.6621384935539485
1.2632315600407276
.01598384910976134
.010762002748266228
.16621863531743591
.012015811106191225
1.7936095940679055
2.796770807821668
.01
1.839299136767737
.01393939987384611
.0073617376183810245
1.9275598791703812
.008793921023635942
.007534104050317661
2.220983889114299
.007435739898762208
2.1552521248516614
1.9968917759559925
1.6040813014849624
1.7756518985434155
.0091933470022391
2.114843922861173
2.192824531181974
2.548890933218324
2.4251964706948397
2.1747579791368636
2.6877237541459853
.011028339718245348
1.4095439786462691
.011068374893203095
.008548835755031188
.010080735328563387
.012487084655492363
.010523632067237765
1.5071179266557224
.08416756579666697
.06532342324994565
.009581021298342592
1.344659374028483
2.148044566644138
.09120254228347861
1.9095514343512157
1.555936892310647
.0670425778992606
2.1685630514386167
1.6224319944404133
1.7904484555409368
2.8325986430274144
.008959870240310256
1.6251929244140704
2.615100674800719
3.242294079671261
.8289806238442492
1.6687506132055716
2.254323064521828
1.528066164926246
2.3425257645862247
1.659078660238398
1.8695847314284446
2.1388905532740545
.009162250620390942
.20161769169092209
.19280351547761201
1.8457134300273828
1.407070843521067
1.9646466377304475
1.7065259377179454
1.470373714635234
2.190096831176831
2.2375961947261556
1.7432238767015846
1.8893034477720236
2.2796484300288564
1.7835236087194344
.006562598639022787
1.4811558683215207
1.9443596407441954
1.7904694779170967
2.2021229543868794
2.994473299514978
1.7399107229281532
2.0897351041342485
1.6744605997433615
2.2585329345236467
.11587831278020877
1.7342121329761229
2.287353180093566
2.377782893824564
1.5065068413123859
2.6424647430669563
1.645531842519895
.22049692102352514
.14846818356200955
.130045118066855
1.6787526553978491
1.9475766134943775
2.0191484101175408
2.3479350346297907
1.3793618316375993
1.8499989784512647
1.4176889888483086
1.9927935047201795
2.280630353624885
1.6101529876345428
2.1453426172954746
2.4612313565319175
2.0921684205217104
1.9672962302089996
2.9345684302481443
2.0008710010768453
2.0313845819026297
1.90291037917599
1.4328475697850167
2.043268450357432
1.467914633241261
2.281225116852723
1.6329038278683228
1.5652143319922922
2.161663556188446
1.7132584038042868
2.1743333859724783
1.336908605633015
2.2873689153106738
1.6157398351694496
2.4556398298491646
1.893856105415676
2.1715564820384206
1.6991914733500224
1.8277575409574511
16.753688863117414
15.952031452746686
2.725601528910781
2.1048695558753505
1.7860290980966251
1.2175711367704902
1.4847017356382992
1.4963125633711072
2.8157752203610165
1.6581828152515774
1.5800467245206793
2.468043400474639
1.9330597970958243
2.8251660215855243
1.8399161526121832
1.8778330096518412
1.4881364145924334
1.8018070595963045
1.5095451317249746
2.0068569438508925
1.3014963355738036
2.0389958028051987
2.280586234005602
1.183562740934327
1.8655496241850527
1.5838355966199344
2.2395040238946184
1.97274952960416
2.537765364337769
2.1566820977616716
2.1476865398884346
2.5501904427995545
1.2601295085960535
2.5134168625364435
10.307424550026237
1.7825597460819051
1.527621406241391
1.5982739729414615
3.439643799748191
2.109638361039891
2.121529914562299
2.740172951563835
1.550603692313973
1.8817861926537514
2.6989461071842187
1.3975297927319787
3.2643293910868345
2.450896792591286
2.6404770583223995
2.0517049274277683
1.3907333454141824
1.6308477185224322
1.713026543597816
.2514199281037263
2.7563803265680216
1.8600499127809593
2.510055277205617
1.8784620241186054
1.934232247231713
2.4885638654685596
2.016087263609365
2.1491563937846543
1.8688779376707638
1.5538457147466165
1.3662506016978935
2.040238172175503
2.6001480978317906
1.7083182191144524
1.7557424857732231
1.6206053004085421
1.5964110112685541
2.3763431283129557
2.8706450681098477
2.154806703960068
1.957722849942333
2.0388412304475976
2.2206121051220564
1.6693422372660585
1.2304987613633478
2.137737377885812
1.7040610598221628
1.6793913639189928
2.2035693317789216
.170337772823735
1.0099038773449838
.12875740708725078
1.0135362131930918
.10442810924697125
.8590440750111618
.09114920843996295
1.989704274781108
.17737881018250767
2.5268097645613805
.08385305966578677
1.0206312657470602
6.009393571954914
.3776372171757497
.10819528747619885
1.1929636616175332
.06851293360940841
.21160701158357087
.03777371526829445
.8669763812050251
.06964742334174748
1.1766614712675556
.1029606620585361
1.2780446837455914
.19092783587099887
.9567899562727127
.05420344056873938
.7057728068188782
.058091939801801704
1.5419369956049442
.00021350219179714136
.00043992467132498634
.10848821283996467
.11621637834148577
