44.403599886911856
.34193820124678065
1.1250680476109538
48.32847417405663
1.3308042030928244
8.03485959547164
.8138458383138685
.1801121156909965
1.3710088509707552
.07552348120367863
22.818571433155462
.7604102415460035
1.588804229322582
.021140792880958152
9.237121382124943
11.918601399454474
.010721178303097632
.07950653897661725
.016712478158761337
.006461883308129599
.04584964347883556
.014429808779534386
.009353121248381136
1.6904694313120494
30.98095531166156
.004901671779050062
.006159511038466396
.0070239071718435145
.006350463196822549
.005220659276813443
.00017608520683328542
.014622154581898927
.0012529611031102093
.010678927648913084
.00029664948069384347
.005094247325386225
.0029700080195097394
.002506079251786852
.009013668998897962
.00021751818464869582
19.198111450920127
18.562183269858206
.028026402417761533
.003886945157167122
.1453483084666961
.010651575833450966
.008862009066088253
.6232899479876786
5.415517646268769
4.796797890845536
3.709250629808955
4.840653008440917
21.28129851369467
20.035251541868316
1.972873592948097
.007212851412649815
9.638289465543352
168.883746728012
.33981962538214805
.17232986386237312
51.33382418331354
55.739225500775504
18.191361075943732
.005892289715874588
.002252541303888377
.001760847735461361
.01066788629938745
83.06722401041576
77.05599340725871
.038568999405266834
28.730125703439157
3.398425289076581
113.10072783406017
34.37974189201967
.001553489814697479
.010070032313185387
.005087025969893723
2.622136844265341
.0010744045750133225
.009617105444392449
.01151756893532736
.008386968712340057
11.121533931332552
23.186574716579845
.009035899430568829
.049541237738462814
27.364686693077385
134.60974468150596
7.512414643556442
.015115023484839495
.009656730747285912
5.248185323062882
1.5534443431742562
11.959295684991151
11.34403096788526
6.432634651250283
8.133982917657322
6.619096308721348
3.783019749121679
64.87152328062614
2.1780473564875336
7.892304508134804
5.669135311515443
2.5758418299721106
.003237328904685348
65.10994749502983
8.492530872925029
2.1807168238686265
.46764985472469234
.017285623734704932
.00018655511041071926
51.14499166696102
102.20435836166533
.09753765462613957
.003138115032365076
.6285553019774243
.006682832572830293
.006835667586355914
.1762750601524729
4218698799438771e-20
0
0
0
0
0
0
0
0
0
0
0
0
0
0
0
0
0
0
0
3.387694166932836
0
0
0
0
4.446465997264946
1382.565692057982
.004477224054810651
.10654256364730008
.021074421506556033
.224220838990907
.8031079265211101
1.1694721933746903
1.5313227899083868
17.870875546569373
.01547437042955923
6.2590244889907956
6.904286272510482
.39208195918968597
.7911524390291461
82.54306978335707
86.34861796815342
47.555751232685886
85.09111963883903
3.461945935153371
2.1812738206256768
1.629978878396222
1.6761585005669077
2.759354657790256
1.8374613713143617
2.6247109151796995
2.0496864438330853
1.8287149880437155
2.2991968769889968
1.9815575629165005
1.9545686613287867
1.4229264466736211
2.035849375864533
1.5243759358411704
2.515884299950567
2.0519582630207025
2.131934953806787
2.239906332825961
1.7084297326165885
2.3208025678224464
2.793430906029611
2.6640862072304463
2.0106328403464526
1.782540374708075
2.459876915697422
.023194735694324092
1.7929151898034195
2.302796066103924
5.916169659460846
1.9748027254927831
1.9681306449451532
1.3845351572958449
2.961515307061601
1.4361782166691588
1.5002776070460635
3.2339591877346945
1.2288123667455944
2.034910134958505
1.4768371676743628
2.1001121477102402
1.467858054443077
1.8538534702197667
2.628391811315354
2.153147279522589
2.358569759032963
1.8410808242938916
2.308941151314041
1.6567812947516332
2.337245381170044
2.6307688096892123
2.985055792340822
2.547287412207205
2.0375509127480513
2.0848434102298428
3.11621401426713
2.3556265670094465
1.1173958539192597
2.6129183153985918
2.861856768872736
2.0332097167384187
1.1242894634704346
1.7361665118853107
1.8596362968469204
2.0136764624056718
1.5227030268109676
2.4018200626717734
2.2217478423645494
1.9645293688662464
1.7435824441069874
2.649929765413189
2.4626960527204362
1.8356785985964135
2.3020917995132404
2.408259073123015
2.025833606024301
2.368810126652881
2.2918693763230675
2.015130860408586
3.0680851906724067
2.1157275548102734
1.9022054304565343
1.2989460478450476
1.6623196324015932
1.5218489839484672
.7383590056641665
.18553772291547874
2.106501657697114
.01181924209281179
2.4782573479530776
2.213598935749262
2.368110851254007
1.8054189436399286
.19592691027323547
1.460830465979772
.21597577629142528
1.1647725559001785
2.9049347480069496
1.8269324527626165
1.806974851625521
1.813576931963872
2.2025038733350306
1.8448709385308006
1.9346955132950752
2.1809174607153277
2.4722877773373315
.010271324885342914
1.8805623676037515
2.011629979047518
1.4666960073642066
2.3317700131830295
1.7246919980357187
1.3951831793450957
2.2615047055949744
1.9263533482690505
2.0914561335404267
1.8306082787623976
.7210843876980344
1.7232805282807175
4.671257671848673
6.4790101308508765
1.5137553710478076
2.1325095334635673
2.4685165889023444
2.397075423977541
3.032828844105476
1.8826760672842857
.008524041611228543
1.4050151361123429
1.3860412181598702
2.7307800298873652
2.6190522640542353
1.9088588109340565
1.9500578728238773
2.29488140404708
1.9372255970176022
2.7263572747256632
2.2471449998714257
2.446883779980113
1.7189464430698986
1.5441868136463583
2.2096584149974046
1.299699010876468
.21861052050976015
2.221923524378778
5.542092087726653
1.5442084706339148
1.8863015124251739
1.9962245787313875
2.3768406263410684
.9226329417799811
1.718436118310889
2.2169331833608017
2.10800251066729
2.078965441014926
1.453000504226031
2.1362954011134385
2.7119193839494993
1.864130578671978
2.4209202630309155
1.5500166677417135
1.2400394069183667
1.5023763450496133
2.018882876333212
2.266039578627746
2.2902338882982605
2.7508307854126737
1.33401373865201
2.383305237045683
2.2606117048896075
2.3873450583201286
2.666303118865293
1.7160264911689413
2.084755684360451
3.1112464198986483
1.8180100511653772
2.046621330320273
.023666900425508185
2.080761985597533
.05654566809940885
1.9277189443251335
1.9805866245844421
.5390335921054448
1.4430780069215818
2.081588611356357
1.2892450095278647
.047379058114226734
2.0261962597697183
1.1178374568437786
1.6145698143468714
2.1945372848352926
2.019414294180048
1.5126746695381301
2.4241517383620454
3.094950670387798
2.7008267214124615
.6539552696663777
.011857080855810635
1.939052562751348
2.25969461781037
2.0054858850353754
.0504599037251239
2.5001078343792495
1.67103953853365
2.29304168319676
1.285852731686001
1.2193420143113054
.006380737732216491
.004172835463749169
2.473521740278186
.574899466963403
.1479994226978361
.8660375473514617
.1898992309847953
2.2447727500385555
.10727133072577233
.09519619561250457
1.770199390137357
.6039516684643677
8.632278245392301
2.083867835730788
2.1989807105379846
2.6356126405099456
2.3667585817830172
2.26454513885224
2.108576019550165
.11793126023687149
.17301894771060455
1.84841393448453
3.108588288886857
1.0797965335033097
2.0396639182552425
2.256270668226389
1.970316757053009
.010519637352119582
.29891166498697264
2.7236864085042947
3.4968687323827337
4.1595963558252365
4.29977920414906
2.5241973713537877
.011148864866280892
2.8790202891075376
1.3550790875192296
.01518233067562592
.011132728224356998
.15975932809969723
.012363348867263885
1.783501625651604
2.643496255256996
.01
1.828549077934208
.014981094914601324
.007195052159992614
2.0026931038523967
.008781170303152796
.007698438206307997
2.2509998346352633
.007136822949178097
2.230242654421135
2.1215211559038134
1.5625125461701594
1.6676404070946853
.009776357846393097
2.0865354547032298
2.3151256470083177
2.4556911410767355
2.3642089232799575
2.1206701389551865
2.8431468474538004
.010660738778362341
1.4354994864395287
.010806059283728508
.009347279729814821
.009863823352646198
.011968626785884838
.010512363083358043
1.448755386289622
.08362228344122535
.06892159410692411
.009264955119075892
1.3785480553120137
2.106383780946042
.0896659466068981
1.8713690957816136
1.4566041787668964
.0657879841875354
2.1090542750850485
1.6364600849403228
1.8139811921113056
2.8780204427626055
.009043016117464407
1.548799706559732
2.758800911314235
3.468964308519861
.833178477791745
1.6604912036085588
2.2437462073744583
1.522284185812331
2.3527245207898053
1.7634792062308704
1.7747411314840615
2.1581434822295322
.008937846986189229
.2011100719335671
.19932318611012032
1.9657165284500462
1.3871303853681338
1.8979146774712536
1.7507910518072538
1.43646304778874
2.1418144944670323
2.0950063440543247
1.8023413509011599
1.8813276336610893
2.141282390417454
1.7348138139444327
.006195779503963196
1.6854388928772517
1.9124570704149884
1.706419311547542
2.1789853093481977
3.272358897378484
1.715180388654534
1.9195092552145896
1.8678679573646126
2.229775279128711
.12177811167347077
1.8901283445078738
2.2840882603488213
2.2511811686856835
1.468262323528214
2.392511662937723
1.5967628243650231
.2163040912649948
.1464619774268702
.12907260975859275
1.807332016852473
2.031842443149342
2.0281639096945283
2.53973859090693
1.3738492172186525
1.7071751365466403
1.540891225968418
2.1559924472552248
2.3502487152007756
1.6549741032511684
2.238180896814897
2.279015918024327
2.020941705977542
2.271793835645749
3.235540767313995
2.0645474977266067
1.9890202402005395
1.8020864574906235
1.4266053215972148
2.0565976021146697
1.5688141998654987
2.050464781742991
1.7222429271065456
1.4317847662272902
2.110361412156847
1.8534461402547262
2.241549364127667
1.2921890479444629
2.341776704129421
1.6375105487206099
2.479756240923681
1.7246136205278606
2.156432244733775
1.67095996489525
2.03207005907147
17.438872436089515
16.594042020706198
2.4980682383966606
2.130545170591666
1.774337915875533
1.3879991982256306
1.4886018325207129
1.5267479754361655
2.560005437031939
1.8011417030446342
1.6398242834749632
2.4243290258233503
1.9716968704449795
2.8575801488714463
1.8135107323953013
1.8724304214149297
1.4926692790205065
1.8689800714600493
1.4497027308725223
1.8647336976214337
1.3213874983344158
2.006668771274376
2.458164346465212
1.1903493237979272
1.7530708043958227
1.648910348278019
2.3543104277858267
1.9412633880012662
2.894823291056324
2.0282015787737633
1.9535800776351806
2.5406636884728018
1.248386462505035
2.3254189277028137
11.085595810283122
1.7681051196583708
1.6736022135365245
1.7339202826740947
3.5218433662333104
2.1117945887173444
2.058489024910839
2.8487559588201186
1.656402874165473
1.9097557833928396
2.7451389436624973
1.4369165568157178
3.025161786560273
2.6534216926488776
2.6401328339122787
1.9401134142072187
1.3252388288424268
1.7607227465284803
1.6707310110741718
.28929746783369326
2.686555701367745
1.6909442393893346
2.4677708764971524
1.8042461610015301
1.9899051154555865
2.638394573618907
2.080177235441892
2.1354529187166333
1.919637426632665
1.6433658537717124
1.3596633381976915
1.9692882140747208
2.579909706174245
1.82137797080121
1.745968615954507
1.5130276390122486
1.6052624491536445
2.58447705602501
2.902275405862003
2.0785853609605924
2.07062807190374
1.914503838969404
2.3668262230377515
1.6546303161065443
1.2757681337653026
2.1129677768457884
1.8093603904305269
1.612502991029376
2.2471696011567333
.16887728314572087
1.0226214877409356
.12404462941590289
1.026947729080959
.10451622568523132
.8649304937588057
.08917209850156554
2.027541869004122
.17394826020109858
2.4754351311564076
.08535023890306388
1.0164071185492531
5.759359476428039
.37154069048907973
.11183926608384596
1.232799945762486
.06586681266331251
.2072084885160905
.04318197790844082
.8768897185076198
.07081927452226233
1.0726766702740256
.10030205410323254
1.3190563926316832
.18002527939300111
.8563336698331796
.05395072702601163
.6621186790582694
.060104493574193826
1.470141238537625
.00020524235095960988
.00043668025818479413
.1197736114067134
.12016587722243938
