43.44215888802074
.3399668414239375
1.1919670041732453
47.378538992131375
1.2751956874242023
7.860388689393429
.8299137726707276
.17833099982843736
1.424845749516468
.0775036104277758
23.189934166691735
.7911738491017957
1.6273893555806462
.019227673849468527
8.88415761170667
11.264549387556702
.010351933655608669
.0837078936625674
.016504650292681746
.007107548448961597
.04293401572259823
.015092377174533713
.0106224248981516
1.615009523057741
30.499335953690675
.005029040058898977
.006383776716579137
.007454209175307311
.006297850633513616
.005404011446505315
.00018071066418738827
.014578854336039525
.0013162219049938336
.010835758813441565
.0002985548358991355
.004598819422609405
.002835409653923182
.0023964733867441186
.008663438473975707
.00020818654649253597
18.05899854786978
18.1748443838287
.028450950701420525
.003751889948780449
.1444873160308239
.010522023219372182
.009634215312953453
.6355259774927502
5.122539764516498
4.812400362384792
3.8987907227040455
5.056183255950966
20.588918546631696
19.91775052889027
1.9053465555465636
.007640885506016896
9.770178780801094
154.38043629991256
.3527603534873729
.17287376766732399
52.32354174135215
54.541272099222255
19.40443066340459
.0060220352650774845
.0022744167315985526
.0017209677303406503
.01088542266217819
80.22975151127872
77.67762883738564
.03794666979626416
27.311147002722826
3.3447390983618397
103.54288213521832
33.95093201989353
.0015833706453250748
.010105909057857845
.005304263074620134
2.7482132933705894
.001068453692793297
.009724710252371677
.011233941235962148
.007995013911441742
10.87685909647854
23.872653162706
.009460686280779755
.05495427668262079
27.07196214607227
135.0747585752191
8.079186907395524
.01601721709316432
.009351060813952108
5.092834293445555
1.5965762016274054
11.838123134827907
10.921624676323425
6.165907800246425
7.425752033592721
6.829272578036062
3.981154536622462
67.03267908907095
2.1091449089550487
7.971054061322268
5.10110525637428
2.6970672289591784
.0034341796645947094
60.12977056259484
8.363631528442388
2.201095319703169
.47170725175813893
.01705387796909787
.00017658121315699426
53.23547258887683
104.32620916302272
.09104308759825534
.0032709008210646097
.634770345461445
.00689495187991526
.006957315035909644
.19646131262695768
4432436807197638e-20
0
0
0
0
0
0
0
0
0
0
0
0
0
0
0
0
0
0
0
3.535133226043985
0
0
0
0
4.441078420397177
1384.888453169538
.004810878419891349
.11040204411058589
.020187948856033873
.20996861831862898
.7895883682675012
1.1207068517833072
1.5982089838217004
18.841859975060732
.016284338226962507
6.029183688726698
6.588822351589101
.36264802248609107
.8045903805665702
79.70805333625111
88.73467553364608
51.50546382064109
81.25006600954978
3.387621645705892
2.0981340195761784
1.6648662361013515
1.665545978540337
2.7744029836797837
1.7764261040802878
2.611016476382662
2.2084404840862666
1.8608439535336363
2.1688930035978595
2.0592753036418743
1.9969562983042928
1.438953710297621
2.073433379957903
1.6273010332411104
2.7321768190995805
1.9390152082541767
2.1377094380858095
2.2813467719025238
1.8108149505580158
2.578711782813117
2.85419052293219
2.737456311027069
1.9848978365878645
1.7868147779763883
2.495640000530066
.023885222291135502
1.8459347602726404
2.1601733982531446
6.218314620483527
2.128321904486307
2.0298571411296447
1.3057883745751662
2.8781840436988055
1.3829109054886395
1.48245353637523
3.1947806257818807
1.301177429383698
1.9236999591294695
1.573298121997569
2.09124605651022
1.5461701188275674
1.8851624818566022
2.67830626281152
2.0689099543089995
2.300131353831908
1.8319847233500655
2.2722575920119215
1.690304720426722
2.1920240982086145
2.6047329738079257
2.939108313817056
2.4712797772829833
2.0208330648677975
2.1978811755297643
3.21421030579556
2.5190847907630913
1.0525838418654319
2.6516772382948424
2.9716698907743617
2.1136207690805495
1.160401761454643
1.6833057039448915
1.6981627959787844
1.9620504389553057
1.5965725811266
2.463636014637992
2.2718883233082585
1.8422392876788611
1.6953197165309748
2.669131872072339
2.3819309565471105
1.8891984556084576
2.242016200461507
2.2774479588888203
2.1364110568258794
2.43764248440779
2.2700828019376145
2.0834862029550343
2.8813967724654934
2.157400592404168
1.8737706523582094
1.3174747156363293
1.6010916770477857
1.6207912218382363
.7827485015423189
.19161752669737545
2.0527284871461533
.011593845081618159
2.606329692083748
2.0914515615017337
2.4710804117385172
1.9084136418665543
.2002109985228488
1.393546798097019
.2063951546600158
1.1987146852534734
3.131065625788337
1.740639536610848
1.7998982738417486
1.9027313654715303
2.2209945419646426
1.8374790285947449
2.066857620359925
2.172943616996266
2.352687122346792
.010467800006946632
1.9014242649868598
1.9198512438611193
1.446507330958057
2.126493158368014
1.8198394628915695
1.471632699054826
2.1494909895514005
1.7811319066087725
2.0819549812971005
1.900178857500401
.7204690253280026
1.6959736907479424
4.658233961443935
6.4564350049384975
1.5446511370160148
2.119440780670234
2.5530218260821305
2.3304350975626686
2.929580222261961
1.9407505708944104
.008443139255056895
1.400589181866196
1.3073686562859186
2.6814994422604976
2.5250635146909755
1.803580271237313
1.9899364429740611
2.378151290342138
1.9400940264800492
2.867648783855315
2.2132815492626863
2.243116906374808
1.6201293763510498
1.5771195799797162
2.350242574054418
1.2050111957847593
.22007271934791992
2.081108895189389
5.611932104667662
1.5652297142821623
1.7244965311235594
2.129395655608256
2.2551852335878375
.9542649484561239
1.6334067553019167
2.2181939624190044
2.2231823489626787
2.1459714037263957
1.3622161138809767
2.0391668866818766
2.605086673847997
1.7900328274620665
2.375798344275696
1.4994397021193884
1.2553845273933582
1.5104427389092618
2.117978005060112
2.201098114251978
2.3183582819470154
2.6886904568581604
1.2597692379903023
2.30429743244173
2.218734671406745
2.2946931293625257
2.445276825833747
1.7044010463151271
1.998734285369883
3.0313285586514755
1.8712058177498487
2.072843345527345
.023453916441270716
2.1185036221756097
.05862658143686393
1.902035791532979
1.825980891200415
.5366192730152692
1.4219603064819393
2.091036649538626
1.271544083861367
.04778469900156388
1.9977300631499655
1.1267114249596302
1.5947398924216163
2.228623959709966
1.947653103326314
1.5247499254064472
2.5257888851133092
3.0500177773678763
2.698589058870441
.6715364590648137
.01244573832092518
1.9062452232402232
2.137190091444645
1.953180169067016
.049081572739652045
2.446412701558356
1.737139272533007
2.1777060996379167
1.3923970434153299
1.27997593178039
.006566371154004156
.004032367159337997
2.428276731075458
.5898509776922558
.13869555161647038
.8623926457499745
.2024110427598459
2.324273153860094
.10860480000976344
.09069724349924599
1.7418937972682884
.5807982221122384
8.236984690487548
1.9814677359380954
2.1459632108046542
2.6131561681002293
2.3548568690188816
2.2577234081043938
2.01489932487088
.11481158111991736
.16481899379720125
1.8860563383814095
3.12690112363047
1.0741013221343716
2.053602784161431
2.2379586368842976
1.9153541361614956
.010315100870133409
.2779115746136954
2.9144858582660635
3.53901356476089
4.065764246487366
4.373883975076413
2.594756726447722
.010748280524724282
2.8768037833363476
1.2800033878352786
.0148532982631467
.010901018977672924
.16200756020687082
.012411570438354422
1.9153064072058468
2.7652957200420376
.01
1.786482972834821
.01401439752178104
.007044369293835826
1.8221761339900642
.008372437011411823
.007493712794792865
2.1538581379187502
.006987532258955863
2.283898280611585
2.2322866370708057
1.621368792451993
1.6035847617004635
.009207123938302846
2.108842689051762
2.289824464559345
2.4916220730281666
2.391156468726498
2.1937355025875673
2.8503127614412467
.010678267678095927
1.345921081871744
.010869495581373215
.00949465880255151
.010902510312726208
.011465296741799936
.010598125792124703
1.4532133270748937
.08255365628966682
.06732722676047491
.009148022733381196
1.4307683961455675
2.296512879831882
.09484843647039899
1.931090546157292
1.503217118152888
.058981563177433124
2.1631854109551063
1.5662330045083344
1.7809221904805346
2.775642767444457
.009025794698549727
1.5844315167839245
2.508231409794323
3.2147250654481674
.8390580479904193
1.6029764328319138
2.043055808657202
1.4615167388299024
2.3252327042242165
1.83804712882088
1.7626509935318522
2.1192220539430884
.008359101707729785
.20722109669766448
.18837954137492258
1.9304629044544779
1.40587832577719
2.004015580172742
1.7161260375292187
1.4373453776198515
2.163453417612871
2.0874647183704713
1.7460772101660398
1.8882587571450762
2.1373118530856114
1.7749645720361082
.006089433285235431
1.6283003870994082
1.9564366618339564
1.6982958641453865
2.3621327419870113
3.2750740361556274
1.7391549153312293
2.065523364008918
1.9131703459691036
2.175032998031391
.11007008248687805
1.8012267093912164
2.404824142544037
2.2696833981597937
1.505869887223684
2.4324689533699475
1.6427322270260536
.23021983640359955
.15681106328828934
.1253269048440486
1.6380967064822927
2.1359236648367137
1.975466399189381
2.5144400816656725
1.3698985128810892
1.843996707341814
1.4937727706409052
2.09388001550442
2.3613807285805333
1.6200551499660685
2.1883903276957453
2.3392756011031945
2.051214497802139
2.0802183753030206
3.1045844678563865
2.0179072711681965
2.0893713788054544
1.9265026325884083
1.4475002811802207
2.0412808218994236
1.586927902008431
2.208737389381745
1.8253874826510188
1.496996747617253
2.2963233542767836
1.671521856630983
2.1404454404263045
1.4059201472546716
2.2815954132957574
1.6402904204149664
2.523610131180643
1.8078681515644026
2.207820348236898
1.6089444127688626
1.888886553561283
16.472599225317936
16.189654188455034
2.5546613990967013
2.211018366617376
1.7975479247726238
1.4099186020291368
1.547863264668802
1.4489589894669053
2.6850437936705336
1.778631333661131
1.6654740702081015
2.304496884489195
1.8749278291581069
2.816094163829668
1.7769186590968673
1.8012212810438109
1.47994658822439
1.8068272540472003
1.5763761827798832
1.8820264061994088
1.3571227119485054
1.9414572180092822
2.174602530701941
1.1291867919090934
1.716085386259472
1.4870106762505626
2.3680502965951264
1.9704117612000498
2.861078388791724
1.9274098077508646
2.188811908274416
2.5642964952745233
1.2990884987356526
2.5085056208533127
10.598543487778313
1.7134969363029497
1.6625142683525074
1.6106372980780805
3.5505817888680125
1.9174149510638645
2.0950446724579854
3.0321784883159406
1.6014212931950282
1.8572391670982944
2.675005042483229
1.4916076965080285
3.2774930238054125
2.63568169471571
2.7498682318752525
2.0943088378061487
1.3245849131066132
1.6987470933410027
1.6775497891051647
.2786063122336222
2.791990840312915
1.7818439039154337
2.4178220720388395
1.6939781787446413
1.9732030860766552
2.594561832442517
2.0335630549619146
2.2035065243611274
1.9530268236920003
1.5954851241591599
1.4252476127032843
1.9965999576657756
2.5902066864516926
1.7932816838546806
1.8751004657539854
1.565988097292326
1.6469316425965586
2.50233349580287
3.011684242400033
1.9031372879090709
2.047520419642441
1.926983023824541
2.384481531925816
1.7095150556131462
1.269567243744599
2.0821894961668437
1.80398913605085
1.68093713040349
2.3715715225323395
.17047614332769404
1.028406339170426
.12630819338709068
.9851790215460607
.10518878808349266
.8079790462402712
.09546934401776372
2.0292883593802604
.1768625459290904
2.5798519430244435
.0879529664031159
.9617789620213983
5.591419486786349
.35231399935041285
.11417141508793321
1.3531344670975307
.06818147177244124
.21059782144179856
.043781328585618055
.8753240430490491
.06853121963153154
1.1421509203895646
.10442205830567038
1.3040031279010684
.17943565244506962
.9133230800839028
.05088918665834991
.7230966557798731
.061325025658408534
1.4273115855060983
.00020539424598956657
.00043300120515785357
.11918602770792273
.12205165787422269
