.007169233715553853
-.0023134065182501156
.000567702699758232
.0015167441488170572
-.013628406916981573
-15949097677938484e-21
12324842388045564e-22
-.014189422191468157
6692876639857395e-20
8870852713752366e-20
3589909570314261e-20
-523637742754169e-20
360873258814278e-20
.0002546030585370256
.0005208675683083138
.0020909192428225335
-.014530185381235655
1151008868933272e-22
6171190921064918e-23
5089576968689377e-21
-7343046076917945e-20
-.00021130901965371943
8785312394969532e-20
-.0024092424820987366
-.029730012736842913
-15395261757588075e-22
-16150761634632074e-22
-11094991085293006e-21
-4410115539376557e-21
-17467645118734308e-22
1412995799048124e-21
-25274945659992694e-22
-25358869383815943e-22
-13261954433199055e-22
-13073698496511483e-22
1338291090529797e-21
-13642530673844408e-22
22608280345148697e-24
-3570803043876275e-23
-1366289880409834e-21
.0014391006880298833
.004159494508943118
19416022189198878e-21
12659838126702415e-22
-1864459281757077e-21
8796951881052594e-20
8299682255124301e-20
-.0024346447680413364
.0006136914467848211
.011567612575035609
.005057104030967896
.00011749700209304254
-.003336048691830094
.0007725263578863969
-.00010328736671665735
8333275247711996e-22
.0013627516330190134
-.014356812940978552
.0002811718689281697
37009659488347048e-22
.02511364277831326
-.023944167753087487
.022301942126797966
-.014590599729443762
12438664851004892e-22
.0002574111459088232
-.0019852286466016055
-.017328698840359487
.001635292267151457
-5664895396628197e-20
-.013936702557281778
-.007230253747547836
.01262077824213279
-.012059170786842186
-3911359985997179e-23
1657952389308313e-21
.0002551997482484836
.005166928461902702
-12504425933589407e-22
-.014586639380181394
-7919285492379432e-22
-.014189212098816175
-.013367032858908693
-.015982263103125234
-.014182325036311163
.00012261316113948084
.07468911317479593
.012977628165980944
.27717850107751396
.00647455703678175
-17944701414097837e-22
.0060266754121006865
-.03328896050130546
-.0005105584454255595
.0030664551058338973
-.004140360419471451
-.00016463649102705817
.0008013124145196495
-5274411358624124e-20
-.22787860285940637
.05244926906925043
.0014902360770948418
.008592432218722572
-.012281431754525429
-.03379342785921847
-.004099979639754281
.11594453336549697
-.000553532480910015
-.01570975363392952
-9755190576123959e-21
13906386928018e-19
-.1469219705027365
.16464136890901235
5635096355566599e-20
-.0003128105115823082
-.016879027153072674
.006499358562116994
-.0001326350740371773
.00023017929465442811
-9117999634742113e-24
0
0
0
0
0
0
0
0
0
0
0
0
0
0
0
0
0
0
0
-.019914585045275743
0
0
0
0
-.005327285517006521
-28386992744429725e-22
-266222525474639e-20
-10909585547298756e-22
13272781271362475e-22
0
-.015842505691947117
-.28919850516028534
-6871038464032412e-20
.0028906832403630205
.750258799990363
-.07635197268433785
.15127017404543114
.003013757306804761
.00878368747351735
-.0020691445555392355
.0003232042920065979
.008123751615098533
-.0005034156913677174
