46.40775578762487
.33411653850170686
1.109117733393625
47.96042549481322
1.314643042551234
8.144238150321527
.7884419640742089
.18589534479120676
1.3423768886143599
.07857368227953002
21.961806149717074
.7712732792781286
1.6386841094218159
.0213516977871311
9.033498353176027
12.073250770334793
.01070536522638454
.08183013644845802
.016656969384366182
.006426601609878566
.045119180871095066
.014536132655222234
.00946868990375827
1.5975149663906576
32.39787326723454
.005028780794235696
.006113910201641405
.00730389861724495
.0065375434177399935
.0054947614040589685
.00018094352898861344
.014351777960575178
.001287898112374407
.010390540508959663
.00029125982367806584
.00473815402641671
.003128942529490822
.0024241018622469463
.008953586393146456
.00021381301876593754
19.13269743768062
17.754232546228263
.027037955103759663
.0037241299816453124
.14614192318002026
.010159189170904753
.00914454313447309
.607552694070481
5.384634577178214
5.3432257753641075
3.7957609556279626
5.0058657360699
21.608195070933196
20.059970053877684
1.8932480668614722
.00797335745400049
9.515211362315783
161.3861252977731
.3450481854993711
.16521376649580558
52.844018779600184
57.030730613788215
19.12699069359369
.006204903965583697
.002255683446944848
.0016535637927077742
.011218093741441957
81.72060109471865
79.68026438911957
.039275166787699024
28.006031943815895
3.3667416734375237
104.15203549879692
33.14932035910928
.001540483052156118
.00980642621431514
.005133012820827637
2.8148904996510464
.0010966858482607696
.009840998489024448
.011823327461426128
.007806738561556983
11.119016572007272
23.747252608162682
.009486903730401586
.05277096483783
27.701342553433335
129.12611103463104
7.237782726739417
.01610247104595704
.009456810587482602
5.062903526786035
1.5787595267386885
12.992744805939655
10.79987077343391
6.3849164481118565
7.155007030313488
6.719665048685326
4.003386287394065
65.83740429333353
2.228103100447062
7.7912673903057925
5.151523666736384
2.5672717620578864
.0032720871488844247
66.82951466258035
8.417937242113455
2.1715396813227748
.49257835295041275
.0174250130085748
.0001786680657235095
54.52390460856503
106.65913311715288
.0987302044593426
.003179330166915535
.6530245776115399
.006695327421173303
.0071922728444394025
.19084902846989565
4108903410431134e-20
0
0
0
0
0
0
0
0
0
0
0
0
0
0
0
0
0
0
0
3.4253043344332648
0
0
0
0
4.736011681881688
1365.9343091354847
.004711329161629798
.10903697874783154
.021118422030588495
.22105678590645247
.7905492684576455
1.1125240838911932
1.7427162096260538
19.459536582214493
.015802155826152138
6.309260160225087
6.261154780528353
.3699258467394954
.8239982355078347
81.49386785782808
84.79588862644582
49.69053651939109
84.42572962816486
3.324102317358492
2.2127232614611145
1.634664724397062
1.6242199341933286
2.8646670328588235
1.7061490661058607
2.48902325902898
2.002075646184998
1.8342232229363487
2.093761373598617
2.0074307497859207
2.0056450410080267
1.4178694491418808
2.1478606751737157
1.4572032095595742
2.5924974254214437
2.0488661663966314
2.106011208421887
2.3727571057107117
1.7329376384556607
2.4437308372529665
2.6358324996786817
2.6038093453215057
2.008024787010324
1.8431478527489258
2.433408217392188
.024955451294842123
1.7140520685754788
2.2565574703299887
5.998167571501646
2.0523656919397615
2.1644407598329836
1.2994509120002888
3.009231189511913
1.4544447367011177
1.4525405887965466
3.1130567009770735
1.2936448563647085
2.020138980911229
1.6528956965956958
2.006187430839758
1.4452344193657753
1.8611513457963558
2.765597706100567
2.1224225435780686
2.3057419529393317
1.8264325229344671
2.2826414796529177
1.7404568808096803
2.357950988430681
2.688216487549885
3.0250908032156367
2.3955489533696874
2.1655097573082074
2.0681011993561116
3.2542212764249956
2.39644125673249
1.0431228307745022
2.767511803356932
2.904201058978997
2.0614917713837584
1.167665185795282
1.725957830280499
1.8179213709718736
2.041700091841597
1.6269099832597798
2.330296672927968
2.277823191710205
1.8252997297746287
1.7683451462287338
2.6000295321815656
2.541150252793205
1.748470220068217
2.2216480027459276
2.2846255306466934
2.1229676520142746
2.294093685161342
2.3428846342689034
1.9616888657206497
2.9490045643597402
2.1602955794982948
1.9112453006639505
1.294908847601797
1.590388838452646
1.5909116609812048
.7426484653342912
.2015607895010879
2.019805451079255
.011699338474798667
2.4290329809026776
2.224041417802236
2.4581773678522545
1.9356806769399453
.19995355674671206
1.4474165792794718
.2069335619859216
1.1835709059874349
3.2553250648648824
1.7641668737635166
1.8313842784587562
1.9069050954482574
2.3183084836221033
1.8034208501090638
2.1022839216901503
2.1271350273584186
2.3091907630271367
.010577095612238359
1.958548332872418
1.8743414591681629
1.4582502223417237
2.3813957933309697
1.788386229344369
1.3143973878326893
2.1410696778983027
1.9522172770392854
2.168998120293386
1.9479021324856947
.732406132551733
1.751137928278611
4.7276700937525815
6.3425616464440076
1.5541784374009977
2.119152918031673
2.5292961974719623
2.5490912659352487
2.70933824268453
2.0198499589415873
.008106543972071984
1.4476411051973948
1.3894640062571428
2.8879662703181546
2.3551708711188803
1.8819354380389834
1.8713231767659502
2.2867003769148435
1.9642327533653592
2.6510305718499625
2.3102672554751
2.3594413617927548
1.699260341647695
1.586336128504351
2.191356850031962
1.2886979792505382
.21877837929208271
2.2881162651525244
5.416845851807697
1.6044464280387025
1.711645563462723
2.0449171900849623
2.3330427859202896
.9682528456939106
1.641018358282186
2.212402284922509
2.092996705311868
2.1551937298989943
1.44173197856918
1.9874554739363925
2.6341716189063957
1.867281613137693
2.4253371107704558
1.4736918279639022
1.2500002476987269
1.4958461291503462
1.9818422051978928
2.2035006761930496
2.1582734916245174
2.696007307903514
1.3064420656139768
2.2316768604217008
2.2365130243766713
2.298693619438599
2.556271550370687
1.6981643147151877
1.9883644034844719
3.05318487951802
1.711219250999133
1.9889609029173971
.023941419413174583
2.0859927961583717
.05882253256173424
1.8851980601833376
1.9007873017222894
.5695656326343576
1.4380767899928892
2.153876429163191
1.2122202891781488
.048345024552590016
2.0840709146916097
1.1678249381935488
1.5914224321000376
2.20476680472101
2.042321477031468
1.4894162510781195
2.6114918529888826
3.145102570821481
2.8400905040790314
.6519933406495729
.011682734921940264
1.9974232339750155
2.1709778906338775
1.997259672622593
.05119491397074318
2.3868138020712317
1.7028996314899454
2.096611250886361
1.2666354658472272
1.1932699994972635
.006583456014364387
.004279803579480374
2.2991322469065083
.5863067187049719
.13739466089570626
.8317876818754868
.1935811635720972
2.2868953574583633
.10594620265492376
.09558272729159173
1.8162874039562686
.5869071921045156
8.309865589880117
2.0659211519394853
2.1846701240355353
2.563004709410724
2.3431855832409076
2.2062904859756616
2.0414410690279676
.11645457794655263
.1781260379477096
1.9224301295901867
2.9900131766181306
1.0252901639320926
2.0141740867084224
2.2877382333962797
1.9536838161819163
.01015449409690237
.28159920730883753
2.8032895033632386
3.3831503704584827
4.23638134212464
4.327613554010487
2.4647422282170184
.011383351962224866
3.106718736838096
1.3614115814085537
.014326195798067988
.01125465960076227
.16333776677464343
.012542823082292785
1.8733491111142984
2.7801717837238993
.01
1.773520765156385
.013668828260182285
.00686987235697943
1.9345823312493164
.008870687097573165
.007396519864799314
2.142159501625684
.007426309689228716
2.272736248906832
2.2068250378433505
1.583587925742679
1.6042164323650434
.009455887800646667
2.0788393680663693
2.4088193093023156
2.5496655530525434
2.316869218383774
2.128248553392174
2.78301063282232
.010953749235190586
1.502362599963724
.010744283320861657
.008841580687178092
.010223614749916888
.011992183113874826
.010117564214370153
1.4386284794891844
.08423653699927885
.07015230814689681
.00882140416083431
1.3346344535697456
2.1551117380073843
.09085947974969051
1.9659829534611553
1.5383684897176968
.06706294025601388
2.22206046278693
1.615614161276456
1.6699093607045974
2.7907826263934767
.009177026195764293
1.6355644986024527
2.562528542403277
3.4716896840904785
.7941354493988595
1.6518223707070092
2.205900833277755
1.4941860162904088
2.292098639818428
1.7172877665263262
1.8711504809573174
2.053536821032269
.007988294397272942
.20263289945327057
.1888701182489393
2.1027029697743784
1.4388721032058738
1.9479470326491424
1.7118253747602696
1.4355923692106358
2.2029490340891478
2.189440783796796
1.730442689613737
1.861762502179414
2.1184865051769233
1.8135162959123556
.005970095681928182
1.6875088780167686
1.915105098311437
1.7610190908640493
2.288751572327141
3.1046909315518847
1.7343565001472145
1.9313573528294052
1.8826509905833577
2.226074902236127
.12171099112826686
1.9398226905726847
2.2141780251266634
2.2946390108258017
1.4748542304930747
2.535612950750383
1.593576094725526
.22615475230002657
.15281808497507046
.13004518700890136
1.6781578914999866
2.0632199849231396
1.9984219683435362
2.5178677368315956
1.3429319602116347
1.8749385183181477
1.4754862301516363
2.0065576366192195
2.1734300214106548
1.711166148741036
2.271018820088344
2.468337979436849
1.9374214573539754
2.130685528931085
3.2791003947436277
2.041357908394277
2.0014522716477754
1.9632887595784625
1.4422639347693738
1.9095462480131764
1.5375531381169718
2.078012722785709
1.7935260373102304
1.542831842554566
2.1900171847726164
1.7190474115921441
2.053543693417497
1.356485699580638
2.2052472459933345
1.5979810217181432
2.6245500895011236
1.8277804736235366
2.0376384594867094
1.6662781541818517
1.8727367441929472
16.371744185810677
17.207700018551304
2.818961010475258
2.1238846620292393
1.9238584408871833
1.365676477550526
1.4827777808442477
1.5250952342724495
2.699878211616614
1.754692766912291
1.6146416916800483
2.327414595392632
1.956832000475101
2.8213801172512314
1.8239289303440496
1.758890997593417
1.4625832292631358
1.9374698552278349
1.5159972331807876
1.8584702009752443
1.2609869781861607
2.0167545657191286
2.2671160382929023
1.1965543338438789
1.756705869297642
1.5613342857328585
2.2895625257184493
1.9843819826597002
2.8261299688636767
1.9246921413096412
1.9948760887533619
2.5074549416184513
1.27933697523284
2.6156676161860593
10.64238862447688
1.8068915760171558
1.605565668589626
1.721505231559248
3.5163138073637072
1.9310576124487875
2.009204672509523
2.9855636474091884
1.583997828168443
1.9047658192846306
2.6419708066496024
1.3821873286547834
3.211703863978132
2.5830061604028076
2.797978878075594
2.104014843278186
1.382691996186838
1.7676916603265798
1.6529130340742972
.27271331176506536
2.7292374890729407
1.7727233900660981
2.433905667027342
1.8533505126131273
2.0393598470658527
2.495075634642901
2.0825179967306044
2.144194106048297
2.0093043593103905
1.7357917482179337
1.4144613613841808
1.8481143122705175
2.6804033096497832
1.8285047246658888
1.8527422383835987
1.5720160616309393
1.6955658196269248
2.443644620073663
2.8420199983844303
2.0375056174717296
2.0586430559084685
1.9163885955100783
2.2770755445977136
1.671459499108464
1.2586068563475
2.253730744478973
1.8093602962597495
1.680380650641704
2.3035951462633713
.164427446009756
1.0305068564284774
.12332786752532666
.9800567926025143
.1050239080141732
.860010460260693
.09288658195482195
2.0165374983627604
.16842855635616374
2.5160697417801887
.08783988589420398
1.0133277726046335
5.746059683219109
.3469720509879452
.11157002728054309
1.229456121892089
.06538520774970193
.20354159691508036
.042169938693934185
.887177022359312
.06886695988063178
1.1168797680656735
.10810313856015061
1.3363321350805373
.18620464902043296
.8788427882036743
.04888371666021008
.68740464672286
.05972211059518277
1.3119109634338264
.0002206518403013316
.00041204689959415926
.11358100709545882
.12247869826231168
