1.4815729794367494
.8958006042950611
.014610751044431637
.0027232285684127655
5605472650938858e-21
.03879954588483064
6.7741707986175035
.6557288246770047
.05467393973456662
.07845614928399179
.06722978473789304
5.01357320092843
.7120277394611518
.39232675756828816
.006273915755107755
3.3865204654066643
.5010479863564699
.0030042628149917956
.0747487087271817
.004577037951773997
.0018759502491551905
.010415281373141627
.00020731015992741665
.0028161008391092497
.3078104319081191
16.654237404148713
.00015023764950335223
.005818194555084134
.006544727219835871
.006194233761796402
13710404184953988e-22
.00017088511201521716
.013533554898792299
.0012478456688007633
.0106710185394945
22505603560836335e-21
.0022273605321835544
.0027813397857326594
.00034601771468080456
.0053129904221455556
34313918099132704e-21
.006200890901849896
.006434326772100505
.021097200092366836
.00034017185419809437
.11064005367486626
.007892744104041944
.0008447752403477025
.04599275582740921
.26176801938341
.0013410503667343821
.6292562469079092
.009800493178874162
12.091423636005068
11.249453244994159
1.3092789843079566
.006535525931477853
.06500868374755692
.07314602076209495
.22304517760224585
.12410970157070489
30.245693607510006
23.567946567513623
7.882210931375946
.0023681259579251776
.0004898221270501614
.0014183261018558442
.006237232578506017
3.352437491664714
7.515498715491887
.018898939111580484
22.082345586166678
3.4158549984738054
10.024745089400437
20.570561330152405
.0013981428093820445
.009280076079255859
.0006736289200166266
2.201803244311411
.0003110932180826466
.002635232303217702
.010741080729942579
.00036637334376103133
.9628504347467173
.7115191348088011
25672881704926935e-21
.0076151285188291425
.8492479168868498
.7576819677851034
3.3817276429504224
.00014956501277126538
4864727798087868e-20
.6328527506865597
.8801625932531271
.0747733006170026
.01139796247796721
.31953853233483087
1.534469213014154
1.4211030238073739
2.1184313088954916
1.597805195604051
2.0829778329268476
.023087981377828807
.03129185017546468
.010032457882425605
.00018360562561696648
6.4186076316220015
6.293459200801896
.5703100075914874
.018311846201839906
.0044274619875168016
684965446318578e-19
.0005796945707082325
.08864745412700113
.0201357861916542
.000785981810871798
.4635632808390896
4831030605837477e-20
.00023022237927883867
.03465859157579148
2189083661604644e-20
0
0
0
0
0
0
0
0
0
0
0
0
0
0
0
0
0
0
0
.761267167678429
0
0
0
0
.5909409515531083
1256.539970270098
.004710527218428725
.1044637423588759
.01839493882272558
.22756591892958344
.11461200183693127
.6418806433302826
.14425197398885264
.4460878968703725
.006140444033455872
2.9344700441124822
3.390378454963143
.017963252184282543
.04317575643728976
.8298271360918577
.5172811661855682
.27347646437563583
.4725668135783297
.01941606495713581
.01941606495713581
.22727986420021906
56542163658873754e-21
.01941606495713581
.01941606495713581
.01941606495713581
.01941606495713581
.01941606495713581
.01941606495713581
.01941606495713581
.01941606495713581
.01941606495713581
.01941606495713581
.01941606495713581
.01941606495713581
.01941606495713581
.01941606495713581
.01941606495713581
.01941606495713581
.01941606495713581
.01941606495713581
.01941606495713581
.01941606495713581
.01941606495713581
.01941606495713581
.01941606495713581
.01941606495713581
.01941606495713581
.01941606495713581
.01941606495713581
.01941606495713581
.01941606495713581
.01941606495713581
.01941606495713581
.01941606495713581
.01941606495713581
.01941606495713581
.01941606495713581
.01941606495713581
.01941606495713581
.01941606495713581
.01941606495713581
.01941606495713581
.01941606495713581
.01941606495713581
.01941606495713581
.01941606495713581
.2383694077937097
.010671407474329117
.01941606495713581
.010671407474329117
.1726156890577612
.08622954669729788
.01941606495713581
.01941606495713581
.03521970603131138
.01941606495713581
.01941606495713581
.01941606495713581
.01941606495713581
.01941606495713581
.01941606495713581
.01941606495713581
.01941606495713581
.01941606495713581
.01941606495713581
.16252952444411334
.01941606495713581
.01941606495713581
.01941606495713581
.01941606495713581
.01941606495713581
.01941606495713581
.01941606495713581
.01941606495713581
.01941606495713581
.01941606495713581
.01941606495713581
.01941606495713581
.01941606495713581
.01941606495713581
.01941606495713581
.01941606495713581
.01941606495713581
.01941606495713581
.2383694077937097
.2383694077937097
.1726156890577612
.01941606495713581
.01941606495713581
.01941606495713581
.01941606495713581
.1726156890577612
.06156519850193795
.2083840165510815
.01941606495713581
.2383694077937097
.01941606495713581
.01941606495713581
.01941606495713581
.01941606495713581
.01941606495713581
.03521970603131138
.01941606495713581
.01941606495713581
.1487106944670075
.01941606495713581
.22727986420021906
.01941606495713581
.01941606495713581
.010671407474329117
.01941606495713581
.01941606495713581
.01941606495713581
.1201089619674929
.01941606495713581
.01941606495713581
.01941606495713581
.01941606495713581
.01941606495713581
.01941606495713581
.01941606495713581
.01941606495713581
.01941606495713581
.01941606495713581
.01941606495713581
.01941606495713581
.01941606495713581
.01941606495713581
.01941606495713581
.01941606495713581
.01941606495713581
.01941606495713581
.01941606495713581
.01941606495713581
.01941606495713581
.01941606495713581
.01941606495713581
.1201089619674929
.01941606495713581
.01941606495713581
.01941606495713581
.01941606495713581
.01941606495713581
.01941606495713581
.01941606495713581
.01941606495713581
.01941606495713581
.01941606495713581
.22727986420021906
.19234883653511162
.16252952444411334
.01941606495713581
9999999999985157e-28
.2023853535058272
.2023853535058272
.16252952444411334
.16252952444411334
.22727986420021906
.22727986420021906
.22727986420021906
.22727986420021906
