3.001562783881596
.009346411838101507
.00047185203912352916
21216233502240253e-21
9189368309298245e-28
.0015824859518772628
6.400159870421008
.678540086685994
.050432157081787915
.020128353054480266
.06620993438338107
.7265373876731988
.6871162204952115
.057829830305370235
.001012312035424777
.009701927687264382
.0013915125642648852
.0023545556940036175
.0724089690867436
.004747404932868396
.0019446962040317536
.002886640395404157
621220665302548e-19
.002261697398977022
.08129278219654315
3.9169589161299116
6829788846420584e-21
.005556850614506696
.006300355888745067
.006019935145010782
13319246485154902e-22
.00016576842924018162
.01312830877985482
.0012102223881130575
.010351504604966276
32772524732249565e-22
.002407742496307221
.002697188976848825
5319009586131587e-20
.00514607215404149
51215917555682575e-22
.006018148531127757
.006017720071979575
.021175205934722146
.0005679630367755902
.10690422711575459
.007757878766884617
.0004897316425520835
.025429016285789214
.07594963227221889
3120175488395163e-21
.15460467933888597
23351998784526595e-21
8.575698153872683
8.218060511958814
1.1185509865412424
.0062936348175407905
.0006909998455910433
.0007746847205981126
.18571212675592405
.10787714319547544
9.979162881578716
7.871337099266258
2.744303938368896
.0019573618180972565
.0003684227327712213
.0013817534718851175
.005859720397206184
.008210577092928049
3.6297130275312193
.0008252815487563577
9.979162881578716
3.310960830231063
9.85783599264452
9.233401635727125
.0013541118697389769
.00906681085022358
.00017271729097813888
2.1632998131148358
.0002435106793497445
.0020571120881696186
.010451788280838394
850451805753805e-19
.8064849118630668
.03643311616290251
15198814854916284e-21
.0003338248426894879
.4323968579712644
.4058051931461498
2.389041950018903
9890684554946103e-20
.00027773250468294495
.6219892875435167
.8047413848114996
.13525794306107913
.0003156420746808007
.19138426358690214
1.202066310725915
1.0030596646502632
.07481142511190166
1.2095455414344303
1.9990331485498476
.015424022677141703
.017430253165323647
9571821815178409e-20
.00013785759135300182
3.6888427792915395
4.563878956858288
.4787658021530519
.0040682738920136815
.00014080699242489803
20153023085489467e-22
5044406051172857e-23
.04422355557071325
.014684951223900743
.0005089479589278775
.3658358410462388
264143102835423e-19
.00019707637321101919
.02472626698328829
7418078027730158e-22
0
0
0
0
0
0
0
0
0
0
0
0
0
0
0
0
0
0
0
.09028374619258128
0
0
0
0
.13153443960774594
1218.9161865244234
.004569482873173094
.10133585041372006
.01784415077247966
.22075205616017873
.022061004490315516
.41134923727963874
.014017374049548642
.3824391061106568
.0038560034313709227
2.2540865058267485
2.3851846278723117
.002199043070251794
.005242632708354506
.5155244692468467
.33185582097039484
.19586738043626534
.33730947544472445
.018834701971140053
.018834701971140053
.04970970163650771
29723200340147507e-26
.018834701971140053
.018834701971140053
.018834701971140053
.018834701971140053
.018834701971140053
.018834701971140053
.018834701971140053
.018834701971140053
.018834701971140053
.018834701971140053
.018834701971140053
.018834701971140053
.018834701971140053
.018834701971140053
.018834701971140053
.018834701971140053
.018834701971140053
.018834701971140053
.018834701971140053
.018834701971140053
.018834701971140053
.018834701971140053
.018834701971140053
.018834701971140053
.018834701971140053
.018834701971140053
.018834701971140053
.018834701971140053
.018834701971140053
.018834701971140053
.018834701971140053
.018834701971140053
.018834701971140053
.018834701971140053
.018834701971140053
.018834701971140053
.018834701971140053
.018834701971140053
.018834701971140053
.018834701971140053
.018834701971140053
.018834701971140053
.018834701971140053
.018834701971140053
.11147799299289728
24456672970678398e-21
.018834701971140053
24456672970678398e-21
.11804551296157705
.074070245645138
.018834701971140053
.018834701971140053
.0003686834887943533
.018834701971140053
.018834701971140053
.018834701971140053
.018834701971140053
.018834701971140053
.018834701971140053
.018834701971140053
.018834701971140053
.018834701971140053
.018834701971140053
.016625095314427612
.018834701971140053
.018834701971140053
.018834701971140053
.018834701971140053
.018834701971140053
.018834701971140053
.018834701971140053
.018834701971140053
.018834701971140053
.018834701971140053
.018834701971140053
.018834701971140053
.018834701971140053
.018834701971140053
.018834701971140053
.018834701971140053
.018834701971140053
.018834701971140053
.11147799299289728
.11147799299289728
.11804551296157705
.018834701971140053
.018834701971140053
.018834701971140053
.018834701971140053
.11804551296157705
.0013776761445149883
.12241125268056001
.018834701971140053
.11147799299289728
.018834701971140053
.018834701971140053
.018834701971140053
.018834701971140053
.018834701971140053
.0003686834887943533
.018834701971140053
.018834701971140053
.10972802703086203
.018834701971140053
.04970970163650771
.018834701971140053
.018834701971140053
24456672970678398e-21
.018834701971140053
.018834701971140053
.018834701971140053
.09562180507393571
.018834701971140053
.018834701971140053
.018834701971140053
.018834701971140053
.018834701971140053
.018834701971140053
.018834701971140053
.018834701971140053
.018834701971140053
.018834701971140053
.018834701971140053
.018834701971140053
.018834701971140053
.018834701971140053
.018834701971140053
.018834701971140053
.018834701971140053
.018834701971140053
.018834701971140053
.018834701971140053
.018834701971140053
.018834701971140053
.018834701971140053
.09562180507393571
.018834701971140053
.018834701971140053
.018834701971140053
.018834701971140053
.018834701971140053
.018834701971140053
.018834701971140053
.018834701971140053
.018834701971140053
.018834701971140053
.04970970163650771
.12191373496012767
.016625095314427612
.018834701971140053
9999999999969956e-28
.1225570983353526
.1225570983353526
.016625095314427612
.016625095314427612
.04970970163650771
.04970970163650771
.04970970163650771
.04970970163650771
