1.4892661333862465
.8611588737134472
.01421200786090614
.0026304442787863282
5126992728133638e-21
.03778118131325315
6.772500597195956
.6560331055097899
.054735795006659566
.07738236595850013
.06723626301350737
4.955574440934742
.7118782869526681
.38787137330175564
.0062097306063108645
3.3396232059526185
.4935393875075457
.0030013663828179883
.07473715459866409
.00457812590913328
.0018763902620046323
.010292240919012442
.00020499657477992031
.0028158098956724345
.3039298867623498
16.696930055845726
.0001491420613188452
.005817003321989417
.006543463005163326
.006193368091378958
13707035705825457e-22
.0001708588212467273
.013531472642841016
.0012476523017317554
.010669376798731731
22245568221914797e-21
.0022292890390686686
.002780907232378865
.0003422647406670736
.005312131620307348
3391992743823453e-20
.006199322244638379
.006412894511994122
.02111895296096724
.00034147446077840293
.11061999295198625
.007892894784069826
.0008421409591059814
.04576622594309701
.259433070962104
.0012998593963479588
.6284289405901313
.00950578360037005
12.0709393904403
11.235989599969265
1.3086446092994592
.006534375630626728
.06354485224978138
.07149544247712056
.22292101004120368
.12405611483156592
30.143118221516712
23.47206572713296
7.861929732340935
.0023665599381822054
.0004886062641356565
.0014189286767878654
.00622922563881907
3.2556756609397954
7.486824767389862
.018690002369835007
22.078857277784717
3.415317769342612
10.01864856213849
20.56763577225549
.0013979058560441033
.009279940017864008
.000673534754813594
2.2017099034941165
.0003107920451819845
.0026326358448140246
.010739679692787782
.0003620315381415635
.9627913341873294
.7050254424169405
25613606885737303e-21
.007529782244860272
.8470284695512403
.756172031925773
3.3772052841338014
.000149096809383722
492602479556496e-19
.6324772910520673
.8804076196147486
.07510069988696667
.011191743082490803
.3189845808307496
1.534083339876673
1.4198901675422975
2.0967201725177285
1.5965614022512122
2.082601576808177
.023032811802154742
.03117346879138497
.009804614685834817
.00018336714286465515
6.398325793584875
6.283410266249541
.5700683446108168
.018186105552690124
.004377533708729732
6773854087050471e-20
.0005566307245283306
.0882560852922594
.02011300514468823
.0007847964057369666
.463024723164087
4812501427272367e-20
.00023020862544415228
.03461691534871113
2166201808949794e-20
0
0
0
0
0
0
0
0
0
0
0
0
0
0
0
0
0
0
0
.7554080450307091
0
0
0
0
.5898345377620419
1256.3466500342029
.004709802497962522
.10444767048229966
.018392108738528805
.227530907630166
.11368038380665481
.6404505621030636
.14259304971875741
.4458498670115603
.006137102448685756
2.9367680488457695
3.3892554066546
.017783851746453565
.04274215591540127
.8287562145222611
.5166717360880136
.2733142228915613
.472282721657191
.019413077771414326
.019413077771414326
.22553807321133776
53160478550201466e-21
.019413077771414326
.019413077771414326
.019413077771414326
.019413077771414326
.019413077771414326
.019413077771414326
.019413077771414326
.019413077771414326
.019413077771414326
.019413077771414326
.019413077771414326
.019413077771414326
.019413077771414326
.019413077771414326
.019413077771414326
.019413077771414326
.019413077771414326
.019413077771414326
.019413077771414326
.019413077771414326
.019413077771414326
.019413077771414326
.019413077771414326
.019413077771414326
.019413077771414326
.019413077771414326
.019413077771414326
.019413077771414326
.019413077771414326
.019413077771414326
.019413077771414326
.019413077771414326
.019413077771414326
.019413077771414326
.019413077771414326
.019413077771414326
.019413077771414326
.019413077771414326
.019413077771414326
.019413077771414326
.019413077771414326
.019413077771414326
.019413077771414326
.019413077771414326
.23745426271776457
.010347991603405974
.019413077771414326
.010347991603405974
.1722840183413547
.08616323449029362
.019413077771414326
.019413077771414326
.034416140395797115
.019413077771414326
.019413077771414326
.019413077771414326
.019413077771414326
.019413077771414326
.019413077771414326
.019413077771414326
.019413077771414326
.019413077771414326
.019413077771414326
.16066475468013275
.019413077771414326
.019413077771414326
.019413077771414326
.019413077771414326
.019413077771414326
.019413077771414326
.019413077771414326
.019413077771414326
.019413077771414326
.019413077771414326
.019413077771414326
.019413077771414326
.019413077771414326
.019413077771414326
.019413077771414326
.019413077771414326
.019413077771414326
.019413077771414326
.23745426271776457
.23745426271776457
.1722840183413547
.019413077771414326
.019413077771414326
.019413077771414326
.019413077771414326
.1722840183413547
.06039242098314467
.20782367566322119
.019413077771414326
.23745426271776457
.019413077771414326
.019413077771414326
.019413077771414326
.019413077771414326
.019413077771414326
.034416140395797115
.019413077771414326
.019413077771414326
.1484820595510738
.019413077771414326
.22553807321133776
.019413077771414326
.019413077771414326
.010347991603405974
.019413077771414326
.019413077771414326
.019413077771414326
.11997043939823399
.019413077771414326
.019413077771414326
.019413077771414326
.019413077771414326
.019413077771414326
.019413077771414326
.019413077771414326
.019413077771414326
.019413077771414326
.019413077771414326
.019413077771414326
.019413077771414326
.019413077771414326
.019413077771414326
.019413077771414326
.019413077771414326
.019413077771414326
.019413077771414326
.019413077771414326
.019413077771414326
.019413077771414326
.019413077771414326
.019413077771414326
.11997043939823399
.019413077771414326
.019413077771414326
.019413077771414326
.019413077771414326
.019413077771414326
.019413077771414326
.019413077771414326
.019413077771414326
.019413077771414326
.019413077771414326
.22553807321133776
.191905417660903
.16066475468013275
.019413077771414326
999999999998508e-27
.20187220120506996
.20187220120506996
.16066475468013275
.16066475468013275
.22553807321133776
.22553807321133776
.22553807321133776
.22553807321133776
