.007612810757194279
-.013885292387464646
-18443775963540075e-21
-29594492939139267e-21
3416696466704508e-20
-30239018997766057e-22
-9839083389120297e-21
-3488007142715483e-21
-.00021236185591790412
-.0005369030096008038
.006948092826499551
.012982669373353477
-34418677402408863e-22
-3416188816508169e-21
-.006682602654970601
-.006683717129691953
-9751727206183004e-21
-10575724681380717e-23
-.0023524663869563586
-.0038476052496387156
-.0024271082976409465
.00013487338903213282
-.0037661184619433934
-.004126990109837495
-.0025378430602437563
-.001954704119936636
-.0025345988653655005
-.0005006103258919681
-.0022753273058005057
-.0024339772028524626
-16547484129054257e-23
-1964404041247046e-23
.0005612329244105606
.0003075985904605747
