0
40.46179451794346
.1670570270852043
.25872286251365295
11.14706588570335
.373533628462446
5.566015794259445
.18466377134468553
.004405616422585547
.2951373217808659
.02857688144317574
8.614166823213003
.7802094414182283
.5600524137404229
.007561268069283149
8.38895980480625
.9205263741548899
.00444539002990213
.07432309971656448
.004457384612276716
.0019627628202850762
.040115623546438245
.00010218726831435527
16164235923920787e-21
.29840628293799354
0
0
.005051048455262066
.006582655350453336
.0054629271819673225
.002487128347467427
.00019477758231136542
.014689902973896147
.0011768178052395059
.009666286902113937
33274050556985126e-21
.0005049735188696439
.0027912403084982356
.00048004834223899117
.005538353414443418
1540665931552807e-20
8.19681816122844
13.763653574719598
.0074078024581056764
7401643050083678e-20
.11105308409418503
.00746851538626491
.007217857759210428
.38231312955666746
0
.4182636046023774
0
3.885889607250354
18.580637489214915
0
0
.007371072314358147
2.8436684465707107
16.543872042000434
0
0
42.6677108992312
26.97106655116816
8.635859706584386
.002520601970793472
.0005001308731101211
.0015103147668468822
.006417107050228951
0
0
0
22.557682038899653
3.4187218145160045
8.092255299834752
17.977380470996945
.0014678813150496336
.007440864631182197
.0004463803955686629
1.9958558779128321
.0004041119878017239
.0034144518084516444
.01144637505896378
.0018347723499341328
.8810338416821036
1.437087462048037
.00015564513369955101
.02527078166800743
1.3268458059087995
1.7148553136742455
3.0810945759924313
.004009848428042019
.0004000425507377692
.7641409765570201
.8081780962465297
0
.48815285565818867
.7488068536006757
2.1173067134817374
2.6262050777732093
0
5.834279306580277
1.9431195328994555
.601738725524901
1.1129159469485426
.9302914592803492
.000943915582868946
43.54561041627746
8.158934117799692
.44279503313292046
.06687410745330578
0
0
0
4.608828363638712
.011228701467577294
.0005054834748094378
.48810332688371344
.0013303309690078423
.00023376834319143054
.016684738967664484
0
0
0
0
0
0
0
0
0
0
0
0
0
0
0
0
0
0
0
0
1.7738316282360052
0
0
0
0
.637340089209831
1327.0060588275803
.0043214612449496564
.1026477949980669
.01959547503997699
.2161196280900352
.4834443637710578
.9879196112737773
1.2774213654862132
1.5415815873871028
.007748494969234527
6.2332914109945925
5.885239006702529
.1274358180295892
.3627707008655508
5.622408558845637
3.5342398462094793
0
0
.02
.02
1
8
.02
.02
.02
.02
.02
.02
.02
.02
.02
.02
.02
.02
.02
.02
.02
.02
.02
.02
.02
.02
.02
.02
.02
.02
.02
.02
.02
.02
.02
.02
.02
.02
.02
.02
.02
.02
.02
.02
.02
.02
.02
.02
.02
.02
.5
4
.02
4
.25
.1
.02
.02
3
.02
.02
.02
.02
.02
.02
.02
.02
.02
.02
1.5
.02
.02
.02
.02
.02
.02
.02
.02
.02
.02
.02
.02
.02
.02
.02
.02
.02
.02
.5
.5
.25
.02
.02
.02
.02
.25
2.5
.35
.02
.5
.02
.02
.02
.02
.02
3
.02
.02
.2
.02
1
.02
.02
4
.02
.02
.02
.15
.02
.02
.02
.02
.02
.02
.02
.02
.02
.02
.02
.02
.02
.02
.02
.02
.02
.02
.02
.02
.02
.02
.02
.15
.02
.02
.02
.02
.02
.02
.02
.02
.02
.02
1
.3
1.5
.02
1e-12
.33
.33
1.5
1.5
1
1
1
1
