61433274466748026e-28
40.46179451790241
.16705702707613995
.2587228625083
11.14706588482713
.37353362846030647
5.566015794294418
.1846637713537083
.004405616422563219
.29513732178960805
.02857688144399743
8.614166823600803
.7802094414181013
.5600524137652682
.0075612680695950375
8.388959804799146
.9205263746389672
.004445390029617718
.07432309971655578
.0044573846122784545
.00196276282028582
.040115623546423014
.00010218726837170118
16164235923032988e-21
.29840628296448307
4330617103559549e-23
14313246297690395e-30
.005051048455287417
.006582655350452075
.005462927181966915
.0024871283474287437
.00019477758231134146
.014689902973894343
.0011768178052393601
.009666286902112749
33274050558501294e-21
.0005049735188963875
.00279124030849789
.0004800483422589299
.005538353414442704
15406659317055837e-21
8.196818161109725
13.763653574697013
.007407802458155312
7401643050225252e-20
.11105308409414032
.0074685153862640895
.0072178577591818
.3823131295569496
7666062032579648e-26
.41826360481068575
30255984951976365e-27
3.885889607147094
18.58063748915719
17307683858685888e-25
241922887638378e-24
.00737107231435689
2.843668446528257
16.543872041195062
2635123034200825e-26
237708975805299e-25
42.66771089899098
26.971066551429125
8.63585970749298
.002520601970665112
.0005001308730759498
.0015103147668394888
.006417107050246533
5284361447134897e-24
0
7507331968549184e-27
22.55768203881975
3.418721814516143
8.092255304179757
17.97738047206278
.001467881315049439
.007440864631225617
.0004463803956190546
1.9958558779147615
.00040411198777331694
.003414451808215744
.011446375058963138
.001834772349805108
.8810338416123378
1.4370874619263683
.0001556451336935006
.02527078166794477
1.3268458057957733
1.7148553134341682
3.081094576157721
.004009848427988385
.00040004255072280203
.7641409769443381
.8081780962399893
11551240241410154e-27
.48815285561741933
.7488068535578802
2.117306713422546
2.6262050786347024
3329534477149638e-25
5.834279306214212
1.9431195329252196
.6017387254701578
1.1129159468698577
.9302914592577227
.0009439155828516086
43.54561041613196
8.158934117771993
.4427950331374862
.06687410744741275
6198639667730221e-28
642711402737073e-29
34820194577250494e-25
4.6088283632432585
.01122870146908509
.0005054834748371484
.48810332688823543
.0013303309689081265
.0002337683431735051
.016684738969916006
3705340131380289e-30
0
0
0
0
0
0
0
0
0
0
0
0
0
0
0
0
0
0
0
1.7738316282302393
0
0
0
0
.6373400895201848
1327.0060588274173
.004321461244949126
.10264779499805428
.019595475039974584
.21611962809000865
.4834443637499702
.9879196112710763
1.277421365467374
1.5415815873601608
.00774849496921422
6.233291410989053
5.88523900669495
.12743581802264048
.3627707008468514
5.622408557269999
3.5342398451933668
11728937201827807e-26
13973122830632023e-26
.019999999999997544
.019999999999997544
.9999999999938567
7.999999999606827
.019999999999997544
.019999999999997544
.019999999999997544
.019999999999997544
.019999999999997544
.019999999999997544
.019999999999997544
.019999999999997544
.019999999999997544
.019999999999997544
.019999999999997544
.019999999999997544
.019999999999997544
.019999999999997544
.019999999999997544
.019999999999997544
.019999999999997544
.019999999999997544
.019999999999997544
.019999999999997544
.019999999999997544
.019999999999997544
.019999999999997544
.019999999999997544
.019999999999997544
.019999999999997544
.019999999999997544
.019999999999997544
.019999999999997544
.019999999999997544
.019999999999997544
.019999999999997544
.019999999999997544
.019999999999997544
.019999999999997544
.019999999999997544
.019999999999997544
.019999999999997544
.019999999999997544
.019999999999997544
.019999999999997544
.019999999999997544
.019999999999997544
.019999999999997544
.4999999999984642
3.9999999999017066
.019999999999997544
3.9999999999017066
.24999999999961603
.09999999999993858
.019999999999997544
.019999999999997544
2.99999999994471
.019999999999997544
.019999999999997544
.019999999999997544
.019999999999997544
.019999999999997544
.019999999999997544
.019999999999997544
.019999999999997544
.019999999999997544
.019999999999997544
1.4999999999861775
.019999999999997544
.019999999999997544
.019999999999997544
.019999999999997544
.019999999999997544
.019999999999997544
.019999999999997544
.019999999999997544
.019999999999997544
.019999999999997544
.019999999999997544
.019999999999997544
.019999999999997544
.019999999999997544
.019999999999997544
.019999999999997544
.019999999999997544
.019999999999997544
.4999999999984642
.4999999999984642
.24999999999961603
.019999999999997544
.019999999999997544
.019999999999997544
.019999999999997544
.24999999999961603
2.4999999999616045
.3499999999992474
.019999999999997544
.4999999999984642
.019999999999997544
.019999999999997544
.019999999999997544
.019999999999997544
.019999999999997544
2.99999999994471
.019999999999997544
.019999999999997544
.19999999999975426
.019999999999997544
.9999999999938567
.019999999999997544
.019999999999997544
3.9999999999017066
.019999999999997544
.019999999999997544
.019999999999997544
.14999999999986177
.019999999999997544
.019999999999997544
.019999999999997544
.019999999999997544
.019999999999997544
.019999999999997544
.019999999999997544
.019999999999997544
.019999999999997544
.019999999999997544
.019999999999997544
.019999999999997544
.019999999999997544
.019999999999997544
.019999999999997544
.019999999999997544
.019999999999997544
.019999999999997544
.019999999999997544
.019999999999997544
.019999999999997544
.019999999999997544
.019999999999997544
.14999999999986177
.019999999999997544
.019999999999997544
.019999999999997544
.019999999999997544
.019999999999997544
.019999999999997544
.019999999999997544
.019999999999997544
.019999999999997544
.019999999999997544
.9999999999938567
.2999999999994471
1.4999999999861775
.019999999999997544
1e-12
.329999999999331
.329999999999331
1.4999999999861775
1.4999999999861775
.9999999999938567
.9999999999938567
.9999999999938567
.9999999999938567
