42.589831861189076
.3067174179082888
1.2000593272912288
47.18076677329899
1.2837215503854122
7.495243992587955
.8590017999673487
.19084540202046374
1.3870014565930755
.07772690774670257
22.725929020325978
.7891986229459844
1.5297233362405376
.018643541358877372
9.145450619059826
12.245154895458862
.011017533143674312
.08148903287493017
.01648823711593977
.006450061647934003
.046844003876863737
.0152362446578552
.010123665867858449
1.649380886938018
29.09973332148221
.004775252128615896
.00615773373573981
.006944662392462003
.006282611146244671
.0055222746805915135
.00018657554463801125
.014986239994290216
.001321682534635532
.011237063461166917
.00028455040953259783
.00441431658291841
.0029531592101816346
.002458568000962729
.00818421764379716
.00022293125086112609
18.20685927323204
18.067341122660608
.028800563422266563
.003908850894754954
.1435788382412081
.010079411679892764
.009536498348445705
.5732662347306916
5.361217749754697
4.808130861798684
3.6010837003312077
5.1809700062683515
22.068599152656148
20.171078670436803
2.059923694380696
.00731645786421982
9.471643932897528
163.09210592790038
.36452119673514777
.18336758676851375
54.75832705031874
53.495090766571785
18.94317750200687
.006296424031706773
.0022702886848560014
.0017117358331791295
.010743989297857687
82.7345479731428
80.29882994308657
.04212770133910492
28.63803652268287
3.43904956547714
108.83147186123642
34.7729427526808
.0015619804062820355
.010627248289229525
.005485841705961142
2.6967607822584654
.0010827041954447768
.009823701015944908
.011663704176206718
.007803939685125366
10.421675298037906
24.915905466639742
.010267301052391516
.05841893536558822
25.13260525543922
137.57844258880843
7.505124485681623
.017364526171778714
.009933273466803165
5.197087501938313
1.5628050648699494
13.150617447907889
10.152127178758846
6.388005096115568
8.273323286879425
6.527330655881896
3.6718227889440906
62.64379635127015
2.0663649058102074
7.383060619105151
5.420540704078738
2.710540012859849
.0031418614020446963
60.98772117348509
8.313143574173726
2.0736804749888904
.4559542287530973
.017033742307720683
.00017697087593899295
56.39617072132704
110.24149961881967
.09910963279346902
.0038666370957938963
.6188728338401877
.006516555135113294
.007382566176738074
.1774402883721221
4390395761858428e-20
0
0
0
0
0
0
0
0
0
0
0
0
0
0
0
0
0
0
0
3.239730351575545
0
0
0
0
4.555364529364837
1343.5482204564898
.004708188270943509
.10181233316991334
.019696675322119685
.2239312345555802
.8218838228161219
1.0845002220645734
1.6438321243501977
18.45882559907547
.015488723185935712
5.872221537706565
6.608862956656526
.35824979184846767
.8423253648754092
83.40103028915225
91.59172303434501
49.17815786294043
78.38634678619222
3.309330912198676
2.007027111531546
1.6244430071136218
1.8493963991244295
2.603830959236927
1.6124616249051107
2.4467281079563876
2.114844943195698
1.9501620624147795
2.138786748937241
1.8698516484794019
1.908794724673614
1.4014270783349043
2.0135889294975353
1.4865468714989802
2.5968008434950622
1.9057188270084113
2.226623315738072
2.230545796330662
1.8539434282942162
2.2883221611881397
2.673095440722679
2.5233963416909733
2.0710543402716057
1.8036914191351443
2.6696382225285324
.024798415317277396
1.7595418595833827
2.3419525933614582
5.882069394839271
1.8807542760074656
1.9765520574809903
1.2714802760261694
3.014584046599568
1.4895440677966711
1.6176003835455306
3.0187607725785157
1.290159859372035
2.009684764117961
1.5256433760984935
2.14687781774955
1.4384010016995887
2.006570792779136
2.6222017104962037
2.0428806335430427
2.3951057152478303
1.834288866341359
2.2893090178490665
1.7031394415875916
2.1987935339735594
2.8156602868153495
3.1627196911865854
2.3459912617211587
2.12152365299822
1.9570647048500227
2.9392632967449552
2.390912782278301
1.0839602857009483
2.7445223878622698
2.759771159618577
2.0605237458650896
1.091492493287266
1.7764675763844537
1.7190406470592423
1.9782664500573899
1.6310575976603898
2.358254744800595
2.2068426694975556
1.9297453187519678
1.7362746214137232
2.5456073689227914
2.6145458468792193
1.992941603078296
2.1882914904415323
2.4762121039115894
2.2459760860795304
2.4863195175919186
2.3787001943509347
1.9374964323975126
3.038053236255354
2.1235233533988263
1.8635754864556806
1.347890127326011
1.5670349105797887
1.5836996003218151
.7561362747798356
.1814541385000206
1.9949990938993685
.011797579713314103
2.470425092077593
2.19199886594654
2.429097839166576
1.8874705746803164
.18678282577128877
1.555472368307559
.19326621774845307
1.1934610985364458
3.2782890715323383
1.8510184508866476
1.785178879427873
1.9717846817770763
2.042452807882786
1.658703321743945
2.0660154688747783
2.152628529460516
2.3450293488103426
.011268701997482339
1.9838772387207155
2.0217725222719873
1.4216288245183633
2.33852986183723
1.8041668412274672
1.390801962885007
2.1882750387069834
1.8316009327931284
2.0196312173431186
1.9028565449499448
.7301541835264073
1.647146246788312
4.657400646009897
6.473313172328064
1.4960632623027021
2.0567378073452574
2.5249740787502906
2.715573578911929
2.8843408987494428
1.864824910335434
.008881822094569551
1.600856690287269
1.408319622724588
2.639612497339056
2.309947394732626
1.8435252723943925
2.0433336690196127
2.349261811532459
2.0640010291075552
2.5319007728616305
2.024424758658502
2.498636447149166
1.6856346898890568
1.6338826377132467
2.256264974730267
1.3037964913227955
.21999880055294696
2.328366591785874
5.4643884978164055
1.5613283359998031
1.759740829200667
2.188388104681536
2.3479013662558623
.9684574232285819
1.6909739783816227
2.0144043225868438
2.0796114994494195
2.216071266407538
1.3551322273979551
2.102857986897631
2.5821082048005217
1.752313107318915
2.504333123176976
1.4967149434491158
1.2184907475291122
1.5401820509395465
1.955744754157152
2.2807490738250116
2.157069737914105
2.803056327994754
1.3663717797424286
2.32501819094574
2.196719987192639
2.25393555227294
2.421509214786478
1.7445835988137346
1.927538253274239
2.9913581200783397
1.8085477841440671
2.090544071975133
.02482257708434473
1.927414990671177
.05931305853214424
1.7461976758773732
1.7646365035253953
.5223270794286842
1.372973525483323
2.1963170966847994
1.2376822654949367
.04503378891519399
2.0282539986776866
1.1186918911226584
1.6040242800639417
2.2538524923590724
1.9535815859849983
1.530675623632948
2.379640636616993
3.5186448254762754
2.798060027982321
.6955499277660523
.010782852880140605
2.0407972794952007
2.3556471281423566
1.9372717378163746
.04922618499350414
2.329033829146653
1.7087437140130517
2.1292756498894962
1.1910290989083474
1.3616163400757675
.0062307117151452285
.004455358527173886
2.4444022022452816
.597586008769504
.13411673050731385
.7351193382946968
.20223035346543206
2.206437801379129
.1156787768661459
.10336343096443604
1.75798876001729
.6111524578310656
8.29303569740763
2.115056709225213
2.2570852794835483
2.401366410760439
2.315730077363204
2.1750926386782465
2.008078221110138
.12457154444355124
.15954883383028487
1.9342332352304121
2.861073171557488
1.0436717106170188
1.96272577010855
2.4985252712196377
1.9952050758845847
.010654536393160607
.28899623367572524
2.8704328482398473
3.742307757717135
4.373405700163802
4.225153472748882
2.386672817559917
.011020452096930125
3.013216196605619
1.4118953306929518
.014955303423594784
.010227088129590558
.15604239366062156
.012971876912112422
1.7961433230472994
2.843133756744112
.01
1.7517520918538894
.015175464986712281
.007555651169820427
1.977894695752415
.008859261612669334
.007429230971966188
2.2371120044821513
.007014519859279755
2.3930755088614077
2.1642900936512124
1.7301192666520082
1.6915053286682644
.009271725457288415
1.9438464331942622
2.3869365025340055
2.475376546081118
2.4875165385424736
2.2676003614875357
2.871299008107301
.010983197315142742
1.416134555246696
.011263212163173185
.008969600372647699
.01036863672158279
.011774719652257723
.010888759395909674
1.4044170077323292
.08786988190577465
.0684314918199368
.009247604052055288
1.366444740178928
2.3465907441027674
.09490085421910048
2.0044773262843987
1.6233542981471707
.06286596607990033
2.201131378132722
1.7416882181174373
1.6720087596213178
2.9931044310898485
.009355278759071283
1.626982372742847
2.640372777482193
3.410208030939979
.7659056811324526
1.538473286422172
2.152462887120463
1.6089558652084872
2.2676979852253605
1.6389497620695541
1.9092114090260988
2.056192474985381
.009471077134846984
.212499092067176
.1978561143001519
1.953054062595429
1.4874338146431347
1.8040978168327753
1.7330369643174626
1.4907269758085486
2.1846654341641933
2.0579531571006227
1.7816668909130462
2.064373311321409
2.1473323823967956
1.849987006507925
.006175033045882257
1.550606005731666
2.0706454988432488
1.914400889508391
2.0853578158618786
3.0776452154012555
1.6794439683157993
1.9850081683720082
1.9343830361771026
2.0784660240907886
.11553931297419584
1.8499856720684797
2.2230930780860882
2.3045604649100433
1.5801417648612741
2.5845767077282087
1.7351936624336488
.23947718410818394
.1543568585823327
.13475987106481416
1.7453191681147249
2.085066489843681
1.9142485560804317
2.5327752125324783
1.3663288399923368
1.8759274923060523
1.5217304213557705
1.9174527766199643
2.269741691028305
1.6459952346314743
2.191495587071181
2.3559530170606378
2.031685215591539
2.27630423583505
3.2699996522978765
2.1081160605655254
1.957558597895149
1.780474200126705
1.4126862897499974
2.0409812138194208
1.5623249651328082
2.2183682841813597
1.9469410263647264
1.5979029787689167
2.2503294708650823
1.6564315725834902
2.2289240123433123
1.2793958596242327
2.382579998912664
1.6041316881830614
2.2970187497388204
1.8197420666636825
2.146979178424223
1.6200823311635524
2.113965908769142
15.740848163493393
17.841710001672585
2.544872237690752
2.1367662907663387
1.7355560831742303
1.3511863230596226
1.5678481648090685
1.5059705969671395
2.5152555560947363
1.7766028392844293
1.7875546062324774
2.3043541046285188
1.893583906211223
2.797805672126556
1.7465022795822418
1.8692089083633747
1.5120153787961774
1.7506270134136943
1.5057909546659864
1.743848767631797
1.4021370447753614
1.9075609947453933
2.2034242246724878
1.2009303379878873
1.8816274729732825
1.5457355614949295
2.338721580165188
1.7883499136838223
2.810452011351598
1.9269409761403489
2.070231380946204
2.449431748562701
1.304967458223448
2.4274420109728645
10.594775785014749
1.7789751643674363
1.6436310309747848
1.5386600912146668
3.551794855544255
2.0001759386035802
2.00078615674969
2.76428378375298
1.4696764966460383
1.8189702717740055
2.805543531742771
1.4472211390728993
3.2533718681401784
2.73290232222521
2.4777832075303343
1.919788992603321
1.4368538164679108
1.6684506595984372
1.7465819894779517
.2867408407347679
2.63845785487636
1.7646721920677848
2.45144554280325
1.663336562617373
2.023245967669482
2.4663291779298397
2.0795539804651852
2.0824387936956836
1.924558588388762
1.7416316258208788
1.3866341365138246
1.8571487220732805
2.37550113908296
1.9103673418111422
1.8618892024981273
1.5246241020424136
1.7067874270492045
2.600807630164965
3.129269816677391
1.9504308767188607
2.089895852983613
1.7941199840638287
2.25784391743896
1.673530582925985
1.3073444643736225
2.0960698159676654
1.8748700798139837
1.6869513223526136
2.269118806531079
.17501175086097934
.9937818171591493
.12182212967897195
.9981246985621591
.10226840133457081
.8429213467190152
.08777918136001914
2.098961603325102
.16349881699987498
2.4742239212397195
.08602081358567662
1.0078531761353466
5.9346517798060745
.361148479239624
.10844768560791362
1.3185389191355514
.06710160222080712
.20834188480445132
.040318165239367834
.9008706074713282
.07454636275228782
1.1393774059745123
.1022938219862016
1.3122480802410201
.17774753094897902
.9979441229740021
.0472329818801637
.6969214578016589
.05913625802274365
1.409025360948225
.00020461449469431358
.0004065775115389565
.1156069500484262
.12423717158322102
