.08691911623569783
-.00014820497315293276
.0005214247147848226
.0013147459693790833
-.012170358863976395
-12999235746205279e-21
27684001163009547e-22
.0011549817792782986
-35296540903102747e-21
18906014064900966e-22
-.00010064482485932633
-17980545713576875e-22
14528283468644338e-22
17447106948337305e-22
-.015949374889512008
.015383582343191628
.0011873611759924438
9316652446746088e-22
5871586308982792e-22
36363320972611764e-22
-486057602226039e-19
.01852080006360201
-5948118252399109e-22
-.0015648027546213748
-.011371632615437194
14519250413288164e-22
6061966042502318e-22
1863483369302357e-21
33519025036824504e-21
24466517139862444e-22
11330350163879525e-22
-1576668872342155e-22
-4828263040658763e-22
12176255248966463e-23
-1283400930360073e-21
6355503913151661e-22
1297521543906802e-21
708772961495877e-22
823957376251882e-21
12398128252832627e-22
.04460796905451438
.035066037607669645
.0008178678121530266
21653617968951406e-23
-11679348820653947e-22
-.0002154576546176051
-5534675917878057e-22
.057783304155289
.0012907715086704576
.04487325680929537
7853253944090384e-20
.001572995841412143
-.017872834034860192
.0005261575087139322
-.00039238261444187063
-.00021735989317446568
.045780388992964015
.01313420760427657
.0003176214820309496
8692349779952004e-20
.01725515848387869
-.015902159307431475
.43829800343320835
.04348299617714602
15835159354683834e-21
-.00021035829743891752
.04441965886420619
-.0054916420572142955
.0008008660692317382
-8514434313180663e-20
-.017414523867272845
.00029516766112509005
.11468214433698705
.004292591270214906
930849128487266e-21
10696850274935836e-22
92997018819418e-20
.00016211367621349177
43889398021957637e-23
.0011876813187969382
-6986801375270442e-22
.0005256973531931047
-.13231657914453818
.40072814684726177
-16587013886974286e-22
.00022903850805190712
.22762472585934124
.014526245468986529
.2342731148057308
.0004201966757168264
-10511063509070966e-21
.003635076017531129
-.005563825873445719
8232618823475658e-20
.07891008307287338
.4226774961090582
-.00012896142821930474
.0006809611252214267
6267184578979683e-20
-.1058879429643523
.05230702687435912
-.14343001741776326
.016237462986722635
-.01636178729316807
-32201171892399774e-21
.027057380967745955
.18342899621944125
-.0012060705085643819
.42620483591947855
.06838943259857752
-.019217734215678173
.02968719248460829
.04807477108307116
6785906952717643e-20
9294623400998464e-23
-.016040383899821105
.0011925553192198273
.0014281872629140174
.00025890620920106575
17495593780975048e-23
0
0
0
0
0
0
0
0
0
0
0
0
0
0
0
0
0
0
0
-.039340215817226236
0
0
0
0
-.01648073853297465
2283629012018701e-21
5139235197839123e-22
-7503369598806195e-22
7326880442278909e-22
0
.06668287161347239
-.341950704055095
-9284859304760118e-20
.003184527756025715
.7885563797036019
.005795756998367415
.05126780491498527
.0028697815782847977
.007510191896335515
-.0002647877862149862
-.016620437464995492
.0004740685192175128
.05100566799525636
