22419062812451134e-22
39262641508907796e-23
-9820837394077581e-22
-7256508330768221e-20
-6438147471569637e-22
12549297861495897e-22
-737302020932358e-19
-.00021781384009707122
-7682556322106619e-20
10591899381480538e-22
.0005712463600896067
-14185104999460906e-22
279994444616319e-19
9030973561187798e-22
-18290235112400428e-23
4765391159930344e-22
-.00010659774318394162
.0004988494848613651
8084438830071007e-22
432917926738865e-21
-7285105839814972e-20
5412607247169725e-22
-2735715815569394e-21
-.00021762332312990626
.04442599285098256
.00041684767145874313
-362860094608719e-19
.020734275744758522
.04446814382179519
.0025013690500350193
.0056240755184007235
-1450675844899222e-21
2912385680978789e-21
19078185437689244e-21
0
0
.000918135018511726
.0013553484719377325
.039998977611841985
-19588054533340924e-23
.027958018564605766
-.017256963744112213
9007573373360458e-22
0
0
7489265228754488e-22
2224560258999541e-21
-20533581212266706e-23
.044306160710555806
12227911951882575e-23
44004368524216713e-23
27018366624540817e-23
3584524903141193e-22
24007908334185885e-22
39225639782749624e-23
-17761795999378356e-23
.43157733023741596
.05171411737868742
-4364449807233723e-20
-.00021820956125627417
33679477564017363e-23
-10495411826681043e-23
43728026065171604e-23
-5621804353046322e-22
23586094627855836e-22
.007892678397683131
27052251032904516e-23
10704041604606538e-22
-8837947093479553e-22
.0017768257498068393
-.00021726375318268466
.04443404359710139
-7820419402973626e-20
-.017156943004722654
0
0
0
0
0
0
0
0
.02587980140182374
.008776620533947397
-.47829840733069023
.0003654396135733536
-.0017620754184778824
27481079301459446e-23
.05301528342110861
0
0
.001235496765862915
-4930132961139696e-20
.04448430464865368
.001487857835990456
-2421376835733537e-21
-26275670556943097e-21
.0012558432915251432
-.015395234597982024
.026348622391059295
11869968623474886e-22
29732987156451362e-21
-1456813330055451e-20
5407305370394863e-20
.0007927035979653982
654491691984251e-20
.0009982678173961162
4101208981016435e-22
-4686522123949146e-20
.016958246338392758
-.0001849586976900024
.003007862773817011
-.1327117239724746
-.00010057783178892365
1901655463164291e-21
.000522944368750766
16933647681973587e-22
.051754073597129364
9611989045594084e-22
-.07670511495137686
-5017493188593162e-21
0
0
0
0
0
0
-.0007471411259281487
-.0180186722403744
-.0022404397107820234
0
0
0
-.01414936076812784
-9610285950972368e-20
-4556227424881017e-20
-6496591996630137e-20
.0028851426950053487
-.0494559641516341
8698773186451842e-21
11956163057679444e-22
.00033764673907115355
1048009874949983e-21
.017984933430458885
-8315487019874778e-23
.003284591709442216
252067672476474e-19
2611918681722122e-20
.0005744199852429474
5503397634965522e-22
.0151102182235531
8252232939263511e-22
0
0
1363308773679104e-21
-12906034871523347e-22
-.000789723373596776
.0003149048292705994
6997259498721052e-20
-7862465618173059e-20
-6523647914393167e-20
.0006320133909370201
-6386454113296011e-20
4166789345102146e-21
16675632901685654e-22
16489345095661864e-23
.0023136481107826406
37858729372361994e-22
-12233336562594815e-21
7612697875294732e-22
23917944453636742e-22
37599360171239225e-22
-.13494837880272528
.01711510986536072
2028692493474715e-21
-.13594561614569647
-.007716302561271235
.42617288642740336
10249666259819833e-21
.004089677949398943
.000329275699059432
.002259562311548661
.4314746326168664
-.08691588317786553
.001228763449243821
-.0028887534373872037
-.006817775306026996
.002931178458176212
.005594749957036012
.015749450381812663
23861948587675676e-22
5674235966224907e-21
.01695801406202752
0
0
0
.005447009289616885
-.008284358572335001
.02437042866444531
.0003298625593355467
.0019732144553246743
-.0027984186545448784
.032866865680330405
-.14394624731509623
0
-.12976002388483476
8343023327059308e-21
-.0010066949949266303
5297931827107701e-20
.00932672494401134
-4678004739841157e-21
.04558643556596659
.05757970160888567
.3323794168406733
-.011029728967632811
-.0019931058014696747
-.005372910464455577
-.00044226394814123385
.4371628610506309
-.0032525756110351497
.4321488364132834
-3399040708202329e-20
.0010422187475687753
6694166093531935e-21
-.0007667820378692253
-285708612348554e-19
4918454688450588e-20
-.0011793444362276214
.044496908638601784
.044366440462231635
.0022111499529468377
12904800724214141e-21
2151862377595502e-21
-3380105773550043e-20
.0037994910840629453
.06985429750782811
.0011778595411911486
-.004448421405378501
.07639083857827056
.05708693175235945
5190103374621935e-21
-.060646441338862815
.020967964218411368
0
-.004322398056346736
-.004416130027625251
.0013582676196901386
-.011111950601984241
.012470157010691017
0
-.0062349198753145684
.023238062007083806
-.013637868780588862
-.003166366300297341
0
-.001854052997819093
-.004171716765841536
0
-.003338333987899242
.04379206341523453
.0008310471545776503
.0003330066638476862
0
-.0037178798396456684
.0005738730984165175
0
0
0
0
0
-.0038067046452258967
0
-.004494263744713215
-.008440074869741241
-.004203145547721377
-.004294044625639297
-.003383172892614718
-.00023643879081774912
.0021349547002761306
-.00047519771611101474
.0009079866871761574
.0005742689371021844
35670285091292134e-23
.018603970013497135
-1620786813950309e-20
-7350223300123822e-22
-8911146134479976e-21
-5643573741748536e-20
9388287454163422e-22
0
0
-.001200679940992894
-.13503694904610394
.003960125595491145
-.17530039032743314
.03516544273257209
.0067616038317606965
.08566894737147773
.0009316291094672477
-7412681294210357e-20
-.14475411972722493
.01695812625883357
0
-.006496308360005763
3502713107218264e-21
6113156939311209e-22
0
0
0
0
0
-52608651389131865e-21
14893059814332562e-22
.0040651013580956345
-77683666932039e-20
.001854135227168388
.0004406011336846097
-1618164074747985e-21
-7301525063175877e-22
0
.0013574023944009736
7977201533310289e-20
-.00021430436037980208
.00012499487745370018
.051342605316403715
.00043508848227385565
-.017364301660486216
-.0002808570014336769
2310886791038607e-20
8097869572829196e-22
-4938977986097257e-23
.0004169187845244454
-4253359171254137e-23
-.01919721957402279
1003550593015207e-21
-13250607175904542e-23
-.00021932841032682295
-465663976638998e-22
46112475584286653e-23
-.00021823341673971196
-.017067428547879945
-5814842764500906e-22
-1045830738430435e-21
.019383368733814264
9204567553602514e-23
-11639288301058356e-23
4919559843299334e-22
4618809144235877e-22
0
0
0
0
.00026118551481578466
.0002576530838761131
-1446667260865439e-20
-247797772410915e-19
.0005503769788963323
3255432900333704e-20
.0007925607052535104
.05126911269381853
9289009840219141e-22
1613988899340266e-21
2217696713503365e-20
8321519806150599e-22
10639127343254154e-22
-19772776514219672e-23
9001886239103687e-21
.044470865138827365
1722659672592842e-22
-21684361172027952e-23
-.14871968895874133
.05678119008716802
-.025071906663966626
.0009069834763827256
5740810121668499e-20
.00011848123535308375
.0016195977712436514
.00013724299368576468
-5164943932677595e-20
-8951560427842128e-21
10180932985575556e-23
0
0
0
0
0
0
0
0
0
0
0
0
0
0
0
0
.0021443707654205924
.0006504275587806199
.0007025590828242516
.001028313023995178
30093370950548502e-21
-.00021765810212487076
.0006505780075841917
-6258960807987944e-20
4948952208664943e-22
-.019052516705323763
-.14177781095543537
23335285509734213e-23
-11040026355370002e-21
-6133040888216352e-21
0
0
0
0
0
0
0
0
0
0
.0006489395686417209
.0005049543242951632
6601517617118182e-22
-.00011765259387839265
-9580062169480357e-20
10642950536457261e-22
7171977218510071e-22
-32443120661737285e-22
6605006385423799e-22
-.00021751964567868562
-.00021768480977493425
-37389428524962774e-22
10494475436968066e-22
0
0
0
0
0
-38963868694238073e-23
-1642677180859192e-22
6538305339619101e-22
7854676981747943e-22
.08998233344732814
-.00021715172979983472
-2444148328641086e-20
4475531963153408e-22
16250971806228395e-23
.01107964413091874
-.06391902641718607
2313992165086743e-22
18373148599485664e-23
24508627206329804e-23
0
0
