42.552840812366384
.3385115015639952
1.118349266254259
48.115918294561105
1.315946367498727
7.976251750206588
.7982163590781236
.18431948346685637
1.3873711861232092
.0782663242470224
22.993171763554557
.7878653263497127
1.7333930833114657
.020344470346756766
8.993846706087627
11.939762561038082
.010561710321681189
.07723962855318847
.017005976410406246
.006352168238106924
.044053893595935686
.01460040893954476
.010032087599998673
1.5990257522086375
29.45908758150304
.00515636101654925
.006137116764270825
.007027905295678275
.006288089408819144
.00510340745829113
.00017950633755452119
.0142685797145762
.0013493044166785263
.010978539350551498
.00027361492625206207
.0048438350527049675
.002964694749140966
.0024579602662984402
.009032812965935907
.00022335674968346648
19.06774971559279
18.56048757683487
.028692296234925394
.003946403620478453
.13644585273805804
.01020761201817058
.009013380060858073
.5923233790941015
5.2048954614653695
5.021468267501134
3.779207729090131
4.955068241363633
21.205359072922253
20.620784837759423
1.9865203474443223
.0072207709855950375
10.082460549577748
159.8594516734631
.3576388818429185
.17417604634503636
54.297873061861125
55.59286018980194
18.82393731765029
.0058307587645022385
.002287761070971351
.0017562759398176695
.010871864992641266
79.62119093917543
74.93964294908122
.039415384095482876
28.78047621470958
3.418512376646231
111.35364208147743
32.181358901486036
.0015856586697891998
.010167748206254004
.005015298278903627
2.6186044618755604
.0010524201598587364
.00942601267706321
.011676190313885334
.007967183336905085
12.020547261480715
23.89949349770596
.009668235510238649
.057325179653535015
26.23178858996195
125.44693887629272
7.484995876656196
.015746126913591653
.010220423808247203
5.178756718945625
1.6157557798607478
11.875662390337816
11.189437574546208
6.196702691918979
7.930533567907574
6.841790169537141
3.912266189880953
63.046572722243376
2.1110668966838775
7.6892741555641
5.115657988971084
2.731451283202049
.003467734059872043
65.51498884597622
8.573475345274673
2.274852151148506
.4920010670863931
.016654410430760696
.00017678541264558144
51.845038575499
105.4630037296623
.09431238313217337
.0034869778610482965
.6294984982151854
.006795823004787442
.007017713998541292
.19698232806958058
44250240478802315e-21
0
0
0
0
0
0
0
0
0
0
0
0
0
0
0
0
0
0
0
3.3890451449327017
0
0
0
0
4.425844245875745
1324.8523468892806
.004530631839423994
.10330652472026436
.02129873510211809
.2277499087572341
.8355653014244401
1.104551552606258
1.6653850299837587
18.61569588598843
.015320938593838795
6.248456247261038
6.469310643786617
.37719218701449775
.8458533252137628
82.4409334679538
88.45061598904418
49.510597254098464
80.65243589407326
3.328376653835394
2.074202765439349
1.5617510805309085
1.739774204839688
2.911191923588947
1.7925333730129238
2.4893731456707284
1.9996090548731376
1.942203374511668
2.3036615352238727
1.8957825170224663
1.8880337653513857
1.406973926113291
2.132253260597692
1.509786153831832
2.5108890688393246
1.9086393279518674
2.128406181890445
2.295042167439356
1.7417239494346162
2.374673622249486
2.7723363004623827
2.5600513871778423
2.220202689450677
1.838545917068659
2.372593411545486
.024022462009155816
1.8174484495548129
2.312756629003032
6.15038206401405
1.972880847142653
1.9609022893782078
1.3198088181613303
3.088364175232908
1.4343633696868612
1.6051587956374245
3.0716897285015228
1.2597164346606549
1.8611882115921343
1.5067304133348374
2.076491248590164
1.4649507332017146
1.8324981823617297
2.906686240547114
2.1281598711568894
2.236515913327027
1.844227894013502
2.2625245666125133
1.6686232201095605
2.214292319571118
2.517211340449976
2.908709580746228
2.337325454570582
2.090495250856099
2.1425899086180284
2.914963625904696
2.3879229163868634
1.0994679603032995
2.658472414925918
2.8750732842170996
2.069948996372644
1.1661978642150315
1.7052388764176414
1.721325720986395
1.9997910486372557
1.4268513917522332
2.3156919783769183
2.247619999586208
1.9208487036382478
1.7427289614005714
2.444082654652705
2.489351144174237
1.918461991343778
2.203710356842698
2.4016580169175503
2.132577607711441
2.460146392009701
2.1990525149910165
2.0011749557165244
2.873224940278258
2.1764738307250284
1.9169670109021828
1.3753830504718942
1.5943524433519864
1.5079493237642654
.7342595557638287
.19384119702696598
2.0459440095949106
.012331291419017067
2.560573136214109
2.1536444969287785
2.299407751538065
1.8579047707574436
.19658845465911542
1.5008510353903854
.21982664376454053
1.1024224395614313
3.0508156857628865
1.7288306023938842
1.874739713842639
1.8634221970740648
2.17425233764843
1.8284202871776662
2.045303712689045
2.1913436417074506
2.5307757622630493
.009661274609304252
2.037074952593583
1.9650781868756537
1.4597978302582364
2.232435972398939
1.7833390322505867
1.3905399867443866
2.1682098128902307
1.8440392363106797
2.0977019008772615
1.9581373622031129
.7337145460179983
1.7390952710739112
4.442919527047339
6.743660584993848
1.5248493590068402
2.100523773710711
2.6579528257170466
2.560000720708002
2.833520751183156
1.8991247976491088
.008225080615096862
1.4180753797106904
1.343431336945775
2.6584698066913464
2.739344139228049
1.9083895114155116
1.9379665975571936
2.2689195580598964
1.9613193081228364
2.8062070931861114
2.246438924377423
2.409452732763732
1.6222331608302578
1.5855999525674762
2.343293538961029
1.3177581038595712
.23094901174673896
2.211058514046488
5.488777729752206
1.5859860523835765
1.7834055611441628
2.039810564651697
2.2555491662927545
.9579626395470223
1.7986529034268028
2.1080699727403913
2.106761812088213
2.231137291429285
1.435352814135516
2.1690655428049097
2.736859172457604
1.8151091968293367
2.500475740288384
1.4986471872061988
1.1931542335187464
1.43465019407805
1.9829707529269913
2.241868323629617
2.3345470163224786
2.802571381233739
1.3058777194242839
2.244858669676303
2.1889219202179206
2.3295520397111376
2.4950608710268116
1.7725044948402695
1.9744031488341913
3.1597870745848353
1.8843034319799252
2.084670681069184
.023536364370602712
1.9863776234598371
.05846297446505645
1.9361718001432282
1.8676332636615887
.5366077975760286
1.5034303053445108
2.1806140622054504
1.2423389747594507
.046204375515450154
1.9864300048733992
1.0767671393866838
1.6295518929078234
2.1760007308692932
1.9777039388883966
1.545167375098368
2.4016680295865225
2.966027257447778
2.735319683946226
.6567421476317725
.011677628285227731
1.9055204978520701
2.326450593932268
1.9560777166274514
.04673004871264899
2.2547350076186365
1.7021544742907315
2.2216716221056156
1.2484445372037973
1.2471991468923285
.006462534065736265
.004292816095011546
2.2928747799157803
.5919628668904824
.15176287750170794
.8469027128441508
.20046355322444812
2.264319850781462
.11516165562557333
.0957627613290473
1.8202034225553745
.5839517711289387
8.227186258037017
2.085188180603383
2.195697395210614
2.5524036225095403
2.295283893074635
2.1715522440597534
2.1473274794583226
.1174706664372402
.1695894398127842
1.891009335307458
2.8911123396822616
1.0535917205713983
1.981333631975772
2.248763375641475
1.8717395707553608
.010193601132178822
.265085230856422
2.9108983612456574
3.8181670510909322
4.359529897794337
4.260110021606566
2.553750748919043
.011613173280637868
2.8242782584152657
1.3373425098873757
.015570630050081479
.011366651510339906
.16251301703113552
.01240745258217049
1.860679445195277
2.5295316873005107
.01
1.7974959624152156
.014589615397090383
.007114804635821419
1.926931213781947
.00925410449708622
.0074054727371897465
2.174425684376183
.006909344061159451
2.3295856220500277
2.0918888410450016
1.602331091990505
1.602601619651223
.009626362691891543
2.0965950917070724
2.283173980997679
2.4859702865509004
2.3776679759510744
2.1281089184720834
2.8301778433425193
.010524963852813544
1.4793319326862628
.010869083926730522
.0090744562701308
.010289654365034269
.012376535624160473
.009954998068705008
1.424735331750092
.08776797853370982
.07108553475197318
.008987056851840864
1.3077485604799568
2.0494885890593695
.0931393220251712
1.8595326004632822
1.425087675967968
.06684849009963305
2.2309230942522524
1.5458632171109417
1.6813455284135101
2.686791819153121
.009167076887518787
1.6745306518354128
2.694315571587693
3.378167646882981
.7865170387968852
1.6136392126533814
2.195147511393096
1.4814732416350258
2.263236016836892
1.7454442697662775
1.6995385047231133
2.153484453243286
.008348762798299748
.20161394872557611
.18851662686086137
1.8768034680996695
1.4259137637193886
1.9699624843621752
1.707146181887493
1.4803441564791942
2.124182704887699
2.1566729253160206
1.8670397763201474
1.9390372667251476
2.1097563594155
1.7629574575439364
.00619239648257896
1.6288668429456452
2.069638520487578
1.7049355004898141
2.3078078257096397
3.0466220167962836
1.787996677546651
2.0254044232906763
1.860171024995067
2.011118723017408
.11770648473818171
1.9324220118454845
2.292240109721574
2.218497460106518
1.575591993879269
2.5418824689056905
1.7015226509979327
.23279703836517862
.1587881251687639
.13262727742735356
1.7257653450419659
2.030916370037559
1.9633753465510475
2.671950829745508
1.4019162998603443
1.8432510219043308
1.556919481132928
2.1634551873353596
2.4178196552714333
1.7027461984464198
2.2669006011146093
2.465662597803436
1.9015662923688192
2.197588904661159
3.1656673106788595
2.1183699575787123
2.028105621535025
1.9260752026575911
1.4312666259801934
1.9169262436294743
1.5303552139190468
2.186103817239873
1.901703760692481
1.5547989469401153
2.3320576986136192
1.7272728012995489
2.2885979033518016
1.3254466897276045
2.320585315046266
1.5989479676104275
2.588787940592893
1.729553667756366
2.264697090577456
1.7250173576406616
1.978845801245271
16.734537802960986
17.076272427782936
2.4926278359326353
2.090465565812883
1.8296070771735324
1.3187738887070557
1.4363026638507308
1.431439476140717
2.6067758293008514
1.7549762638481465
1.6262438037969962
2.4274958160976685
1.908097284640083
2.768004000837747
1.707466586376925
1.877722870618989
1.4477094801720436
1.89096426383944
1.4436853521225415
1.8220373253579747
1.2829660657943156
2.0482194855875586
2.2688220312024496
1.2233028428458148
1.674066918357571
1.6538365106794106
2.279442226916041
1.7602400881508868
2.690863501806721
2.0147229272174796
2.0292953777451577
2.4628856565517965
1.3241128463392275
2.452370920991253
10.428874307340488
1.8057034330788222
1.6829305582964162
1.5887430928221973
3.566261926456232
1.8961751550732093
2.0836739273315246
2.8746068865868577
1.5553268132840237
1.822189503689425
2.8521067915472598
1.4431480908772591
3.171830325574508
2.7428836546607873
2.785834638031389
2.019174137626416
1.4187506630077995
1.6877183481863902
1.6853268862892428
.281358608784186
2.9156888716119234
1.7036857469249806
2.29449025805371
1.809542207874558
1.9275641670610555
2.572794151188386
1.9652426928691142
2.1344925316464303
1.8754087040571572
1.6323250064248043
1.395984048533987
1.940831755698771
2.5704476873301987
1.736522741165912
1.8847411133051497
1.584778983583799
1.5906520014751855
2.6177239070509613
2.968993427969653
1.9438823005440886
2.1375307064167552
1.9506817661776266
2.272282564232215
1.557307903922208
1.294130190534084
2.147718169791686
1.7139135971289707
1.6153880858888123
2.256611169405727
.16189722683016328
1.0618841357708193
.12108044404498094
.9927584748163383
.10303203928112385
.8619072212862157
.09078963313046963
2.1143350694850853
.17900701800278454
2.552487550732892
.08767996040244122
.9657084913393648
5.766702348365236
.37206920244832437
.10657170426404898
1.2561771988458827
.0721071665862399
.20389854789687212
.04208969715129968
.8925369167691718
.0734434914722645
1.1465406516395618
.10215967513123457
1.3229606398403215
.17892890681416562
.9392787380711101
.05211050067544338
.6797226435189055
.06093457100471016
1.4321874393195226
.00022488422006161372
.00041383697767721826
.12059267520974899
.12513801245192221
