40.24496625253894
.15661339562378032
.3155200191254864
11.150071768568582
.3936024628653837
5.776756359970343
.20780368850728687
.002638253967582127
.3530338957746148
.028041490637257922
8.233549985665348
.7782239326185478
.6257572975582235
.009104428678683737
7.874207466081382
1.0542128313112908
.003866281055178879
.07413000299101537
.004681970010737319
.0017955474319941583
.039374849777833155
.0001358041417490888
19739682601543772e-21
.2839431082570307
0
0
.004808403638200791
.0066723887120474605
.005985884935438302
.002281032390692112
.00018440894072815393
.014704745196360983
.0013128452588125855
.011413347936498997
3418392293610017e-20
.00048478378392301805
.0030715960621909275
.0004975232391117976
.005610719186460579
1497456883048616e-20
9.779844118713982
13.710229192219769
.0053456595876050445
5889174243497358e-20
.11691751190965008
.008347967390389217
.007085789518158238
.42189302565558123
0
.42467908205832716
0
3.9138876861995247
17.08664069980239
0
0
.006712941670733322
3.165142714404114
15.016827865890555
0
0
42.263608615234
30.375594031965772
8.948592417823487
.002619360870816381
.0006249810818001526
.0014831513626384256
.006964180525627424
0
0
0
23.25099253579578
3.2565167036964175
9.403921438613267
16.3115895447043
.0015025908837398643
.00792670209959749
.0003925455500525922
2.2422906054681637
.0003708769028491003
.0035062786954617106
.011003549327464258
.0016069670409886911
.9465923811461727
1.4545448362907432
.00013128909214633872
.0259699308913906
1.3394695047301721
1.5900161097015892
3.291703892492967
.0033643525579969027
.00043498870833460503
.6019599736935316
.7529211511658206
0
.4452503226372836
.7345318610088405
1.8735188998061836
2.4989713871328547
0
5.835920285493997
2.041281437996597
.5922378994973685
1.0892785054103071
.9325776391003211
.0008127291635006345
50
8.115825384224229
.42899852117255394
.058089205220371205
0
0
0
4.9478987418251466
.009701739727592796
.00045246287046163034
.5170477034182779
.0013302440932354334
.0002507524731103477
.015585205039061686
0
0
0
0
0
0
0
0
0
0
0
0
0
0
0
0
0
0
0
0
1.8173625264151683
0
0
0
0
.5763773065967616
1362.7846966732488
.004512228090935536
.1093738538896897
.02045441379258899
.2238368839111923
.5350886992214101
1.0073788525188514
1.4073769079460867
1.4184126418282221
.0077712152452305
5.996538948652292
6.177625696132721
.14552738325899003
.3499551619735278
5.845200237757582
3.5380974411597372
0
0
.02
.02
1
8
.02
.02
.02
.02
.02
.02
.02
.02
.02
.02
.02
.02
.02
.02
.02
.02
.02
.02
.02
.02
.02
.02
.02
.02
.02
.02
.02
.02
.02
.02
.02
.02
.02
.02
.02
.02
.02
.02
.02
.02
.02
.02
.02
.02
.5
4
.02
4
.25
.1
.02
.02
3
.02
.02
.02
.02
.02
.02
.02
.02
.02
.02
1.5
.02
.02
.02
.02
.02
.02
.02
.02
.02
.02
.02
.02
.02
.02
.02
.02
.02
.02
.5
.5
.25
.02
.02
.02
.02
.25
2.5
.35
.02
.5
.02
.02
.02
.02
.02
3
.02
.02
.2
.02
1
.02
.02
4
.02
.02
.02
.15
.02
.02
.02
.02
.02
.02
.02
.02
.02
.02
.02
.02
.02
.02
.02
.02
.02
.02
.02
.02
.02
.02
.02
.15
.02
.02
.02
.02
.02
.02
.02
.02
.02
.02
1
.3
1.5
.02
1e-12
.33
.33
1.5
1.5
1
1
1
1
