45.2836072817491
.30999849535861523
1.2304760119839608
46.39432152021069
1.350719268610758
7.685000147396419
.8368701484282431
.19240785646500533
1.4049206017999696
.07769920602337692
22.933610575842803
.8077462647023207
1.7058689777310199
.021104969551427124
9.342131021264624
11.728839908322144
.010335153358636915
.07908577474029226
.017323115557959533
.006900088419213794
.04208801499565472
.014270458646928412
.010223821663807324
1.6559731747415312
28.808533147827866
.005172307619455814
.00592990069124459
.00704489495685581
.00622753052819193
.005239552771689422
.0001856585929106387
.014884039812843376
.0013281248906699536
.011510647019000564
.00027055946725413113
.004679847568897791
.003161004846980897
.002357417445538569
.008888982637267008
.00021266225973717398
18.677584272244573
17.757726612138118
.028407493634501218
.0038141559083155635
.14012722707532405
.011263316623868869
.009073194835244516
.6346762597389142
5.2819256666687195
4.760064342700346
3.767026305498716
5.122840532215623
20.627187005152965
20.15148767012416
1.9701281760318192
.007299467348646141
9.757336188461906
162.3324459531986
.3331014853459871
.16707413197287674
53.86459366660491
57.9028777967437
17.887436075780467
.005933501969223271
.0022848476468215508
.0018167303495265255
.01127047153323493
82.35887397878427
78.89915387094882
.03691619511790682
27.794248126311995
3.2893964602153343
109.3964314293996
32.55315767358468
.0015629728503865064
.009919860737830547
.005030366465647965
2.792866387708063
.0010205982612872257
.009730387737388374
.011307393321521652
.00857601146385158
11.281888724101982
24.51946668623148
.009559666500132472
.05522093529190061
27.463325438380444
128.92747132846037
7.847500248404275
.015541593355497811
.009508822792939206
5.077971388854927
1.5794656750095264
11.249655068394333
10.707692711027708
6.215786304032123
7.449453458347914
6.494378478978405
4.008506519165218
64.30396040488051
2.176249510040164
7.738172165481658
5.157515837610344
2.6108920897067094
.003290222823545983
63.812543217147926
8.511369564994368
2.0832828018875196
.46375263476612283
.017555249627571125
.00017141916320387315
54.66346252047534
103.56617234156525
.09138051252523739
.0031208359554818293
.6263309464484591
.006635783507938937
.0073533701811516645
.18533793094109569
41918114351601804e-21
0
0
0
0
0
0
0
0
0
0
0
0
0
0
0
0
0
0
0
3.324732728857759
0
0
0
0
4.2004621377548785
1362.7846966732488
.004512228090935536
.1093738538896897
.02045441379258899
.2238368839111923
.8105958156274338
1.152349124953698
1.6191004916106997
18.890203583934895
.016191703176517133
6.291049514581761
6.51878386688545
.37175807325749055
.8446835567445623
87.2099168428138
83.93741772144378
51.996373756243905
84.0144817109286
3.3357757804882944
2.143089413075245
1.6271268056726216
1.6677497755882649
2.7261674589082583
1.7804632283230946
2.4275022423399775
1.9960829963839335
1.8783941501323975
2.070728376968473
1.980844247164703
2.01988682697441
1.431711603818589
2.0761774920690854
1.5436971163416697
2.6834367827240175
1.9103901034483641
2.239653073930304
2.1708630068869854
1.7276983701490372
2.510348769756012
2.593006216307888
2.730269810790154
2.1715554254348954
1.798124383732317
2.4345789157793782
.025829307512206464
1.7984646248835143
2.22986367457414
6.0891379046422935
1.9725634240299657
2.0454854006983125
1.2901182680489287
2.9830903855726465
1.410577174719739
1.5366690937626428
2.93959782121194
1.2713572130121005
2.056213674309791
1.6139007359892197
2.1509693056663903
1.4928839028123633
1.7825098276595484
2.706012349665183
2.008515276468027
2.2103078565878427
1.8268651566246985
2.237912085756268
1.6265340965617352
2.1234665535526482
2.671369321374525
3.051215359917333
2.4456629160783323
2.1264651433366244
1.93656383283878
3.186072236476236
2.2883226637306437
1.1156679379043573
2.730075932029865
2.964245846336909
2.0402630942950664
1.1485170519544978
1.7464743649621501
1.6904767864495236
2.1032995690721656
1.4854448278208532
2.370239448347741
2.2099481290585303
1.8171106077054529
1.7269272284207382
2.626829148615292
2.4393280732363425
1.8562724340745087
2.3179499748849013
2.3433683275170107
2.1826708517203244
2.345381991555067
2.127952087239572
1.9910829242836439
2.9441597007828433
2.1302981700946764
1.9115265633488672
1.356411408131814
1.5747325636056748
1.55178697435876
.753328757356143
.18490700633039575
2.15590185871
.012199625981585123
2.485430635531561
2.1232643263147994
2.440047366354474
1.8825859448001743
.1923508516704735
1.5502994056434618
.23076719615245306
1.1563196950901176
3.0020379983458882
1.6886259610307837
1.7573846815423753
1.805518764828881
2.206226807735038
1.8395013504483853
1.9817842062984006
2.1667395294865925
2.4121093539824963
.010253339302319036
1.9145110628593194
1.8893053663873411
1.4789700649283548
2.4063912286976166
1.8344870227294194
1.4118997542549807
2.231571056224026
1.85634349299346
2.1526508540409517
1.7696669357644415
.6874831665102459
1.7285501158234915
4.800760895290363
6.650646461205838
1.505050480464577
2.0301850925810645
2.4054558946225484
2.3603299805614393
2.8561481523523806
1.9710522000463546
.008500205526312048
1.4508354732868718
1.4047518870610305
2.7715655039589344
2.466279275246747
1.8449629415163
1.9595322682573468
2.2831260656491663
1.907657521939826
2.7945029443340563
2.2250434543840836
2.4106054607014697
1.6462842720347832
1.5183629608631044
2.3271504041803333
1.360507586248232
.2185239587112318
2.337648139724454
5.606870974930227
1.4359901653445484
1.7895234992855984
2.0914728618715053
2.2372737133884217
.9421948579097191
1.663249968715515
2.1268226451626275
2.094250755522139
2.237399814194088
1.4002997569357187
2.044787580577237
2.7484822079891855
1.7698924874929824
2.4933710970863854
1.4493183226523272
1.1308591387277525
1.4194215252105864
1.925418843341405
2.244059675282465
2.2932836231283322
2.816435200625555
1.2041721069419515
2.3186938015912215
2.238043227623821
2.2743652668378247
2.5723871612161475
1.6947121491553534
1.9634183273898118
3.06005715806471
1.8072379790804949
1.9956300798284599
.0230662503883422
2.0853318677512775
.059527229907189255
1.8361326493310888
2.0316678774582284
.5267710209684611
1.4354183450647662
2.039651920714189
1.2668149323347384
.050203473243428436
2.093920809604924
1.1638114761463376
1.5397600836975291
2.1749122216036705
1.9074554050470414
1.4802994784475825
2.5344078761027817
3.016682357325394
2.6677804849655677
.6762334981200018
.012022371446917316
1.9283677167800615
2.1577339697902356
1.9733147902935064
.05030286110609285
2.441847272774565
1.7096321758298916
2.0729557789875575
1.2389625421542383
1.2627343261198176
.006440974751732106
.004420251938388268
2.2690530166467164
.596295388902522
.1463364016484368
.862262727174909
.20213396325475905
2.293847723779784
.11268530051920002
.09798850079907524
1.820056803533644
.6453804963415757
8.293996860503428
2.091814283220878
2.097108755649371
2.5230968115944994
2.3027425370658454
2.125294962177274
2.137207285195743
.1117766815983608
.17888485657911907
1.8818679065584913
3.038033954926215
1.0394498799725063
2.02778773101914
2.300754082220316
1.9641852039172727
.010315576707752553
.2844560305814959
2.778412950147943
3.601802541121356
4.112271622561602
4.274642061353935
2.4617146005453643
.011095296705617154
2.779115626870901
1.327293258408631
.014467365637122115
.011106719612729115
.16451470682226682
.011853257442769867
1.893681189975133
2.899669340013145
.01
1.8328788650213397
.014323742406835616
.007006633131379355
1.9138129487013977
.009264092700010412
.007495271698279243
2.1994497149014447
.0070376874976774886
2.289835885016056
2.2596236355610078
1.7203075081320105
1.6300287546772643
.009310688309724213
2.2303320828945337
2.394164890797902
2.4700325799600438
2.375415074225576
2.1334997365764856
2.679748985107346
.010640118037498059
1.4933329493761724
.0103873952585844
.009138202743701765
.010273576083604345
.011519368317168432
.01050913988208051
1.4468408600914378
.08474995206280729
.06533054954100445
.008967495352996365
1.347561134289975
2.267077611453999
.09664655448281287
2.005648167787243
1.5539233385900508
.06918592090710105
2.0977755275468657
1.7069769536914587
1.7555408071587406
2.720975642239659
.009390245372065707
1.641228867263619
2.6121359098899997
3.4485775993697336
.8379939024284162
1.5971270823337436
2.225677328892547
1.4373226358314493
2.3260219994601146
1.9001068088588695
1.767156202469483
2.161210561758769
.008667895471441539
.2088420091751188
.20057527860089028
1.8908900997512323
1.524072599147822
1.895873557881409
1.6969466573051908
1.4425533201818015
2.0735754864732194
2.0134798214770226
1.8823110831238723
1.9065573422511717
2.0938743289515123
1.7824956968313244
.006332511420436985
1.5902501840973138
1.8344619414950931
1.7014109328896274
2.412484932633405
3.1997577463138027
1.8073874103538452
1.998030964473415
1.845890153397702
2.1679163310321585
.11478522736061693
1.917860474711085
2.278721643083713
2.4044033857355958
1.5104993353038
2.5163943218394933
1.6374358742921153
.23413988769825195
.15427736163860492
.13042569431714643
1.749354945824274
2.0786434091252537
1.9002067174890425
2.503378232686613
1.3753800223204014
1.7532249862437934
1.5089097748221731
2.1142603732080065
2.2253745541230106
1.6531435758077084
2.255538329603686
2.396210851969949
1.9968043247794072
2.1731922550272254
3.100637142325223
2.111326907730367
2.094076451124218
1.7684888521794397
1.447109707209723
2.0990138672438112
1.5074545980556147
2.0654729537002035
1.7680249557614505
1.5168691935461116
2.2162436671197763
1.6729840023245015
2.323207925374653
1.345132295011169
2.2647067906611205
1.5950046672427234
2.619559644922942
1.7683012271066465
2.220221408202476
1.7768889917195663
2.015679975893877
17.01317829417641
17.66474021101316
2.5732368569730477
2.005688020902593
1.7805519827920253
1.3368423430229814
1.4770588332387335
1.5324212370537855
2.6510010618371123
1.8569976403654087
1.5955821622615938
2.3755867325256634
1.962981015083206
2.790491498204431
1.711324620230402
1.9505492189004277
1.4190353956515578
1.8399650483595533
1.600417948510248
1.913912938865702
1.23669204588393
2.0200254457846927
2.301711498796436
1.2837859266931935
1.743649386368536
1.5833107396089672
2.305685661252052
1.9702569945387087
2.6844759873202526
2.0696782699212353
2.06175896612856
2.5403593322557994
1.27608501283558
2.537593931533239
10.535070270842418
1.882869263582049
1.623036876304566
1.7078639601350574
3.726380060712589
2.0253847043548445
2.0994589708441183
3.116982168860125
1.5101842752574393
1.875135271918063
2.628811205340145
1.4441329329185049
3.0921174974761074
2.5777122287690926
2.473709704231645
2.0643443295627706
1.3379180986936665
1.7406643732135538
1.7165615057427468
.2832752407951956
2.7024011676092274
1.8544289329743864
2.3947257973162954
1.733466715369526
2.0086537665541417
2.584007636229377
1.946534125286319
2.202603740202024
1.9573273422571629
1.5750693274629004
1.413011567123078
1.9826448562463252
2.5026904770080063
1.8059226731194786
1.745970715498435
1.4442795435251097
1.6232676130626535
2.5737891944942937
2.9990879232775316
2.0736274319573385
2.069856061803349
1.79286173088331
2.2762115883226377
1.668332861082579
1.2345031056144804
2.1286462264110857
1.829362498627268
1.7134072854828952
2.32781196619218
.16767540330172503
1.0621795092068909
.12557599989093043
.9737139526187346
.10440817624954836
.8362836960076857
.08841415076797383
2.124496745515461
.1712537729510991
2.5980920957125693
.08472144771037218
.99101070486995
5.9131687795924215
.3916320611463898
.11459781512131442
1.295303340500378
.06597467166692002
.19074030870055822
.03939546312285795
.9110390038146767
.0698698543938819
1.0502690918119413
.1025936910131995
1.2635171592376322
.1804445268406216
.9325242565501942
.049850368782187654
.6564283269315955
.05866917731593938
1.4171680939733204
.00020346607851750057
.00041016497106852797
.1154421251362316
.12033782341392944
