1.5006294003515661
.6908851250287072
.011436074024194248
.002690700306517255
42606308979013516e-22
.03297282157400274
6.763105677202176
.6978987190316105
.05875720318675057
.06490159483055534
.07081081801521615
4.941603319124175
.7053005278109589
.3729883867681899
.0056914651709876725
2.529009082685616
.2745690828757598
.0032303946355752163
.08041736310142208
.004532834777367846
.0019336473622529695
.008767072129431107
.0001719923258025418
.0027648599991425536
.27412569327750397
16.30278593850303
.00015767041925454227
.00598624800942182
.0060907945427481625
.00597168775256699
12270379520037908e-22
.00017694637860038507
.013402229100549607
.001245653976068657
.010068689892843085
21897554384036095e-21
.0020730076949053476
.00289493732113684
.00034718866291545437
.004999582216806385
3370939473252226e-20
.005974979312759152
.0060055562024166455
.021192223682719488
.00033495478957796355
.11824755281308742
.008177261212396437
.0008845378853863719
.04345574363976862
.2696503518141357
.001111728054758629
.5399684893950338
.009545880151782846
12.533405083592116
11.586165280569428
1.5271943616243642
.0071598685154439685
.061469777144780496
.06888289152769501
.22072981831579264
.13343117824340925
29.99160799531245
23.682176511673166
7.731691758011886
.0022920243820508707
.00048325998521852535
.001324773895551738
.006489288949383211
3.4266010683507315
7.580290116910182
.021034245196602214
22.308534858183318
3.6440023737709377
10.094412449392365
20.91135644416643
.001539619921533841
.009391683231408245
.0006197478287818913
2.2426599714218223
.00032095365510632825
.002972968290274572
.011470360455990241
.00034440925774188356
.9629903917792871
.6386461118444728
3087572861175487e-20
.006303377295488293
.8613400110635443
.7620278432036539
3.282965370351033
.0001742881705060432
47375485601695193e-21
.5853512177318994
.8564716114118043
.08619100753922658
.011449242868188462
.2984385153517284
1.5889145602693926
1.4839427602230741
2.013321122909981
1.5787721494918117
2.0621801875302395
.027531587649660613
.038059550232965526
.008982699147986961
.000178167293902953
6.239815466393153
6.222650840566037
.5405531575196566
.01744079204695569
.00435611951382789
679990453558811e-19
.0005415557508628743
.0928698974772405
.02002650864371965
.0008869066106753095
.43635503459822556
4855384858383659e-20
.000246444353627287
.03394583491620047
22088767695242638e-21
0
0
0
0
0
0
0
0
0
0
0
0
0
0
0
0
0
0
0
.7424445285688835
0
0
0
0
.5784757249483312
1298.7087164821062
.0043567764816570915
.1042459242176388
.01843812982460331
.213071265236419
.1128268620818422
.6629693345176342
.14470005929935573
.4314084108150241
.0059417393933482755
3.00450517132446
3.137719603823513
.017661436732920765
.04307582951015109
.7694907741639452
.6327304946332684
.22757790009836099
.4835027668437968
.01940866635300762
.01940866635300762
.2229897058289206
4828653896521514e-20
.01940866635300762
.01940866635300762
.01940866635300762
.01940866635300762
.01940866635300762
.01940866635300762
.01940866635300762
.01940866635300762
.01940866635300762
.01940866635300762
.01940866635300762
.01940866635300762
.01940866635300762
.01940866635300762
.01940866635300762
.01940866635300762
.01940866635300762
.01940866635300762
.01940866635300762
.01940866635300762
.01940866635300762
.01940866635300762
.01940866635300762
.01940866635300762
.01940866635300762
.01940866635300762
.01940866635300762
.01940866635300762
.01940866635300762
.01940866635300762
.01940866635300762
.01940866635300762
.01940866635300762
.01940866635300762
.01940866635300762
.01940866635300762
.01940866635300762
.01940866635300762
.01940866635300762
.01940866635300762
.01940866635300762
.01940866635300762
.01940866635300762
.01940866635300762
.23610895922390165
.009886888678309527
.01940866635300762
.009886888678309527
.17179528552884454
.08606538051414105
.01940866635300762
.01940866635300762
.03326169990063751
.01940866635300762
.01940866635300762
.01940866635300762
.01940866635300762
.01940866635300762
.01940866635300762
.01940866635300762
.01940866635300762
.01940866635300762
.01940866635300762
.15794931305546125
.01940866635300762
.01940866635300762
.01940866635300762
.01940866635300762
.01940866635300762
.01940866635300762
.01940866635300762
.01940866635300762
.01940866635300762
.01940866635300762
.01940866635300762
.01940866635300762
.01940866635300762
.01940866635300762
.01940866635300762
.01940866635300762
.01940866635300762
.01940866635300762
.23610895922390165
.23610895922390165
.17179528552884454
.01940866635300762
.01940866635300762
.01940866635300762
.01940866635300762
.17179528552884454
.0587002500256726
.20699877244697934
.01940866635300762
.23610895922390165
.01940866635300762
.01940866635300762
.01940866635300762
.01940866635300762
.01940866635300762
.03326169990063751
.01940866635300762
.01940866635300762
.14814499445068033
.01940866635300762
.2229897058289206
.01940866635300762
.01940866635300762
.009886888678309527
.01940866635300762
.01940866635300762
.01940866635300762
.11976612515285551
.01940866635300762
.01940866635300762
.01940866635300762
.01940866635300762
.01940866635300762
.01940866635300762
.01940866635300762
.01940866635300762
.01940866635300762
.01940866635300762
.01940866635300762
.01940866635300762
.01940866635300762
.01940866635300762
.01940866635300762
.01940866635300762
.01940866635300762
.01940866635300762
.01940866635300762
.01940866635300762
.01940866635300762
.01940866635300762
.01940866635300762
.11976612515285551
.01940866635300762
.01940866635300762
.01940866635300762
.01940866635300762
.01940866635300762
.01940866635300762
.01940866635300762
.01940866635300762
.01940866635300762
.01940866635300762
.2229897058289206
.19125232967831526
.15794931305546125
.01940866635300762
9999999999985e-25
.20111662252525556
.20111662252525556
.15794931305546125
.15794931305546125
.2229897058289206
.2229897058289206
.2229897058289206
.2229897058289206
