44.899423181168096
.32640129188978795
1.0986056651815825
49.42122063563876
1.3192866679628048
7.273348385709469
.7943838210593424
.19408429875327793
1.3424189458648463
.08173735778740578
22.553911505102654
.865452838254649
1.4598381188261862
.02003047663017077
9.410066517335672
11.697965398402795
.01091008590740789
.07692619788010165
.015697685878530956
.006924324732422983
.04267430664044412
.013825965630917323
.010232315352803006
1.6854981257030204
30.944679718772033
.00490325389979758
.006318895892380682
.006461233463309549
.006205993134828298
.005574699200260615
.00018169222356130026
.01354394592518532
.0012963633621711319
.010745223080011822
.00026324339786112125
.004449620220448229
.0028084643385325805
.0023036453035925387
.00901985611324247
.00020028629255293897
18.184827439232393
17.70730285844489
.03043884232441399
.004008699452598357
.14570637555622612
.01012372941245251
.009117310027075182
.6365243319181624
5.468113847681932
4.924149306020746
3.431148790274737
5.135848197088038
22.25114770148356
20.711469978642082
2.062879020349869
.0077950425439121595
9.779127805741473
167.3345262562205
.3412300491283156
.17218509193829742
51.64234780769965
50.05276547899368
17.748483865083994
.005583298030744057
.0020790685908966327
.0018713693403257983
.010362654100598969
78.77451635856889
80.51646505773357
.04139450234371486
28.270294427186652
3.712474883491521
104.13510426848059
34.924623761099326
.0014408676917144142
.010115921039894962
.00530447311145194
2.6207610400260672
.001163944267627772
.009368903135612157
.011931137297562597
.008141502837653596
11.08946469340631
24.678772915162813
.01025348449759946
.05676789230293661
25.706149518998245
129.21875075680086
7.862789480394771
.01675872958490459
.010053014409395123
5.246685782257805
1.546583071530373
12.971158889814062
11.118567835588586
6.206793131386147
8.285451582250143
6.702210196562519
3.7724290547117607
66.11282715603294
2.120657874359877
7.42750910534294
4.854949408998004
2.694652837007903
.0033447020522759125
59.07108677775433
8.486346943384541
2.24417602554178
.47331538746222374
.01680898104277902
.00019141378428895838
55.12413117412685
110.23236633779196
.09518814614504936
.003456335135635389
.6103902307619593
.0068542001054886495
.007096418215706645
.18754387667653813
41773386767772805e-21
0
0
0
0
0
0
0
0
0
0
0
0
0
0
0
0
0
0
0
3.2351894120459606
0
0
0
0
4.398238699122745
1282.366894811552
.004268558961447134
.10404796653495761
.01923375050411823
.22997888336779837
.8268731996837378
1.1407398460140268
1.5609835576559417
19.256725021177363
.016160984896049103
6.286833275958707
6.814138503437916
.34953298277726536
.9024843278862245
77.7916513396908
89.66814248209737
48.21620132985875
76.61276277817146
3.408954184136739
1.9230717465923657
1.5801911865141869
1.689579600120598
2.502174801733249
1.762878044674831
2.472665030883043
2.0520943793864617
1.9762555387555067
2.363241491697221
1.8420138530189774
1.913745211032204
1.4602924069594967
1.9411477701389286
1.6832707907727413
2.5403547937034947
1.9316584888284978
2.456898759351516
2.3064141590896363
1.81332822548946
2.349848394818388
2.7805382393159
2.7068096643433845
2.0953958332775406
1.7110235323684067
2.488842206829065
.024171685366627643
1.8231614957856848
2.3174051352122955
5.763097604176662
1.9968436036086383
2.0471356748027416
1.2929590215844455
3.0108383828496885
1.3862700355007886
1.6583251917184183
3.0740686613229946
1.3244414676934713
1.9514071987503434
1.4797069500568771
2.0442417693620865
1.4691914010342606
1.8712738671071936
2.4734062727882824
1.956535729935383
2.058960155120081
1.8583876495316038
2.176905439505135
1.9186386625078558
2.3124870320274717
2.700867397915124
2.930397842305869
2.2000693653533254
1.9570011124396895
2.153080498209993
2.977689967628758
2.2983496649833133
1.066469393057491
2.5339788467264723
3.0905467274629106
2.1297494926171145
1.251679353878798
1.6549430736365018
1.7812170872685937
2.0974356985599636
1.4898841642895482
2.4068218398944166
2.125254452420692
1.890161559818304
1.761923190067262
2.536814202715288
2.604574523810112
2.119880032039859
2.124253314152153
2.264721347862344
2.251479725025697
2.6826711158866066
2.422768001821705
2.105637198727136
2.8668602779202375
2.049126416625062
1.8934206381652394
1.2885271382486168
1.5740815307749936
1.5246572541116223
.6764225806015011
.1787281671896646
2.098608849596173
.011983736717635012
2.425786528911296
2.1343433930770312
2.3314238008975954
1.837502342362195
.19904410325241104
1.4713025659747034
.2067444672438692
1.1949126782643817
2.866858654603572
1.7369782298278276
1.8763601578470814
1.9416159121721563
2.173826058777742
1.8340140246337306
1.9365280646087846
2.041738557040339
2.5551802830451837
.010130986143135949
1.874568911618458
2.077331787481574
1.3785032980888559
2.167721413620748
1.7857306264743877
1.505640983921643
2.2637881086940093
1.9491575057600898
2.0600580285876218
1.8876367198384665
.6801715393347181
1.77745355805936
4.36204729078916
6.299290308849431
1.6054763503067329
2.046270316245873
2.625831868776973
2.7758817334825916
2.8285457397338445
1.6881407596713343
.008573669474480825
1.48269039824293
1.3307011388319503
2.764343999427012
2.427620864277596
1.8081678616457946
1.9742081008848296
2.2213745718082927
1.8046350618824718
2.830423020264044
2.130449081633018
2.368091588207039
1.6135583559454114
1.672561336083696
2.0727926718584606
1.2645981266162019
.21581178122049624
2.2082888600144535
5.3485254926013335
1.5859087906190839
1.663065575230012
2.1724493215359
2.3789096875049487
.9200718678511108
1.7246630491084165
2.219011704022101
1.9844101864541261
2.414251126150503
1.408144791826482
1.8323346247209538
2.4191933194408732
1.8493294908213889
2.5103297062850274
1.4575005939560985
1.2141120635520883
1.5383779198484455
1.8753760374966608
2.2810384689812735
2.373465969227626
2.9905743121684147
1.2349690151471229
2.3319039767224137
2.2802588606662044
2.1083433129393163
2.5781912745755697
1.961550706144565
1.8637189675476937
2.821066746493673
1.8356028588989142
2.0176908279840715
.025262501649348516
2.001421586571137
.059134706474593034
1.850446615522289
1.99097427290692
.5533061783739285
1.3352904741036482
2.163611125515739
1.2592348134276288
.04719635538850851
1.9717391951406535
1.1319730660833727
1.7405576261885392
2.2189326888517575
1.903539779556617
1.4590487049452792
2.462786858301183
3.3373197853287704
3.006921560400484
.7128391801968661
.010825084244130085
2.1497568688201056
2.3103799199038284
2.0079898528672566
.049734686913344005
2.392627570548532
1.6866454929294812
2.085640291238361
1.2622625007778352
1.3043345655941767
.006425091151604791
.004199725611140034
2.3499575385623066
.5522996527328244
.14452728445950241
.8375514847028669
.20085730525187503
2.4780480765919446
.11759119889245673
.09802882853044191
1.864771493594948
.6316114276850591
8.297519783178032
2.039929168347477
2.2260593448510186
2.462184002320474
2.281010682246601
1.9534239387930004
1.9622197710757079
.1154531929331018
.15787686954668304
2.0347578509527438
3.1599706007510915
1.041027122380879
2.0015176126680028
2.4734865099213486
1.9241414761940159
.01022390817070258
.2885871897073521
2.9807195120339753
3.899306590567487
4.306253518128706
4.299317408062876
2.501511302017702
.010880301973749139
3.017189920074621
1.438856967236719
.014072063618927638
.010839963898063996
.15936564839427922
.012254085898675696
1.7694376805558296
2.8484148491022565
.01
1.7674470784737866
.015029517265264197
.007474682824890697
1.9447397584912642
.009797308284155731
.007607125388467586
2.4538129129166184
.0072501764856252515
2.2967143221909683
2.1357785039941035
1.756778867632218
1.7194789729358704
.009338526428333264
1.9429328747141936
2.38066888315066
2.506191439821463
2.5179904673353057
2.3520536784582533
2.7040079403064192
.011094246541106903
1.3030495191222313
.010939659359326595
.009191948181291406
.010760231470870988
.011882599960756426
.010350279064746622
1.3315916828810792
.09087415848161386
.0678027621997116
.009528050162561643
1.4052854201573632
2.204989889395411
.09513352209716004
1.9205498636841944
1.5343859308929413
.06224594307581677
2.1455660153493445
1.657891104174682
1.7546459976824174
2.896736114929245
.008894147635305669
1.5662491105784306
2.5757685468240616
3.3922982707486358
.8721796282514449
1.5003513670804636
2.1864423647655005
1.6034517290746695
2.129566833557896
1.5670364311474518
1.9289251274340344
2.017724735083065
.00877906142321572
.230828993876847
.20564025804006325
1.890561752360696
1.5384122362806523
2.022794983475343
1.6811457060984907
1.4107145341734892
2.151883586329456
2.0872412213542573
1.780335508010847
2.015036619022539
2.1510211225585385
1.828534273843904
.006173964379934058
1.6371475565610853
2.0490296646418287
1.9567833308675706
2.0205723169070064
3.123560983640526
1.7146254445929203
1.799034527687929
1.7908663140501713
2.08743269920519
.11362781367528393
1.8494424298276213
2.409862615308721
2.41197392210075
1.509628316277469
2.3875304077501545
1.6510132072112649
.22443445836122483
.15939416865679637
.13096518017501005
1.7866345343858476
2.071223128535323
1.9352983108049608
2.3465087333384433
1.4567704017514307
1.8822872412091385
1.4403011715850742
2.0239345628494405
2.392511549675744
1.7055696696718108
2.3619443869985295
2.422952264854526
2.038158770655733
2.415059747406044
3.300303281630777
2.285462844058116
2.010073223765635
1.8592566877148855
1.3683787574151691
2.073447785834679
1.5887692273628624
2.2531763660669903
2.0167765311669497
1.630672309752302
2.172449442277712
1.7590997219286741
2.4692920637864573
1.4165013417225292
2.275752853797958
1.707256895699654
2.3081494129376052
1.7494981540416483
2.3022492000120414
1.6236235316072936
2.003632791078397
16.026553314891444
18.585726872197295
2.3757004666840036
2.119366224668582
1.6371252045467826
1.3464870813313334
1.5468837249651113
1.5373589224190913
2.6654853262749247
1.7760392435824306
1.6529652144605034
2.079352997800709
1.9569172107899067
3.0112939592319474
1.7694957564223985
1.8350667215751268
1.438708623501219
1.8649590671886498
1.5182026634780357
1.8361935889535128
1.26232843492087
1.951429205222063
2.4041709321067457
1.180043047709587
1.9941615560694106
1.4393095212208036
2.3590101493405276
1.7883927666637534
2.647490284004938
2.0121823901439133
1.9648135990185767
2.666264903897118
1.2813389048529629
2.630249741531537
11.520323518195275
1.8438099574121067
1.6867074073058714
1.6446417669293176
3.588137978979239
1.8989331905527222
1.9925974630413836
2.9524968677543364
1.5005649483538714
1.8345948026414387
2.726892028391919
1.391406526406613
3.324418010232181
2.4562451516261166
2.657751788768551
1.978741937077083
1.439739644783122
1.7422848004637017
1.7158819011003756
.2733750469510682
2.781937382929881
1.8768666803279672
2.321298753408201
1.7745584901679015
1.9971919055469753
2.3108751924629
2.0146138265265296
2.0374062871800382
1.8749389997926438
1.617455328157596
1.4564835114307668
1.8825329283779104
2.427153270842738
1.8318824701755945
1.8354024282929524
1.4971182859804433
1.725618724080476
2.446779451955863
2.972823753849419
2.0475174859908245
2.0743685915519574
1.780850096963911
2.1939269836596083
1.6887797250178318
1.2546362727792213
2.182302309323651
1.8239242675235403
1.7377362544341162
2.2896225621202126
.17067787080010455
.9252355932604558
.12074922563974029
1.0196091780276835
.09564777650552485
.8254899398859842
.08587037374130727
2.1710276428062403
.1595711891213271
2.4712538732296276
.09204533548357499
.9942466476863895
5.739315062746119
.3258503055264926
.10797570764926781
1.2920605784488077
.06856564054226609
.20404699157141032
.04165456984317576
.8435741779602519
.07376086834131934
1.1147173231587515
.10543720897438637
1.2634547594355998
.17344688859146654
1.0046273363643858
.049480442245912554
.6950597317390683
.0585181946876051
1.3389888250979034
.00020667989100514104
.00040341968350513077
.10634534307998748
.13445813960967476
