40.49864280362125
.14662218569482743
.30443894027182206
11.627303967679174
.38416984998338666
5.93447398051083
.20987613670377145
.0027498935616518828
.3284742593404997
.026395675663768832
7.670941132989945
.7578056723406348
.5896701895181251
.008616935716758213
8.873670908480262
1.0056369002162266
.003995837893063628
.0762326026729247
.004141263490204357
.0018122238907535698
.04354529370128134
.0001360581812913966
1648948060473322e-20
.26166318785166043
0
0
.005108970197355872
.006412751981954729
.005946439963934368
.0022618546871301776
.00018712612942618944
.013348403511401897
.001283423860072497
.010409013527025512
3703742899051974e-20
.0004753786793409429
.002797896458124203
.0005152708667264104
.00533950266751946
16204564858872793e-21
9.045778792328932
14.595385128018947
.0059869758986202315
6047070354353343e-20
.12113465577792876
.007996071446144037
.007251391398810759
.37738748408083433
0
.44211388679218877
0
4.042583879822183
18.196041062277175
0
0
.006923454154844522
2.677963693361186
14.816121232863967
0
0
42.28501723712512
27.040553341052526
9.620589862894906
.0024438654000196692
.0005914755339053321
.0014338816875636648
.007093186023155899
0
0
0
23.458871551049775
3.495988755896524
9.841368214169076
17.354824114688565
.001503015773899117
.0081345653147387
.00044259703576529473
2.160253869574508
.00040063601560992877
.00371479305054085
.010882163597902587
.0017678821282946405
.8557699560804182
1.437627333174522
.00012854384118615963
.026442630322052893
1.3308869048725407
1.567261962233101
3.080722088234678
.0034652963334291967
.00042354672660966796
.6492635815915131
.8040818528349478
0
.4736600541677875
.7766851813711747
2.12203043796522
2.611008331803782
0
5.678724504377019
2.0357091380694468
.5389266349853209
1.1893679638794727
.897170384611351
.0007372949851367125
49.11440501486388
8.080388920439432
.44747859781817556
.06626314858763388
0
0
0
5.572744722392129
.009972996323907964
.0004973338788721957
.48289464545239935
.0013093601834478735
.00023240312646238581
.01671049777986515
0
0
0
0
0
0
0
0
0
0
0
0
0
0
0
0
0
0
0
0
1.9508154435161855
0
0
0
0
.6430247835256883
1271.7054133648523
.004537999800473586
.10938947693590151
.01854797952117884
.22827310710332968
.5554403127578657
1.051444434692805
1.4025314186981273
1.3214980694836036
.007730624032164369
5.832414118752194
6.2245989603326475
.1432880598731865
.3572016770844245
5.211000051295237
3.6115541014948325
0
0
.02
.02
1
8
.02
.02
.02
.02
.02
.02
.02
.02
.02
.02
.02
.02
.02
.02
.02
.02
.02
.02
.02
.02
.02
.02
.02
.02
.02
.02
.02
.02
.02
.02
.02
.02
.02
.02
.02
.02
.02
.02
.02
.02
.02
.02
.02
.02
.5
4
.02
4
.25
.1
.02
.02
3
.02
.02
.02
.02
.02
.02
.02
.02
.02
.02
1.5
.02
.02
.02
.02
.02
.02
.02
.02
.02
.02
.02
.02
.02
.02
.02
.02
.02
.02
.5
.5
.25
.02
.02
.02
.02
.25
2.5
.35
.02
.5
.02
.02
.02
.02
.02
3
.02
.02
.2
.02
1
.02
.02
4
.02
.02
.02
.15
.02
.02
.02
.02
.02
.02
.02
.02
.02
.02
.02
.02
.02
.02
.02
.02
.02
.02
.02
.02
.02
.02
.02
.15
.02
.02
.02
.02
.02
.02
.02
.02
.02
.02
1
.3
1.5
.02
1e-12
.33
.33
1.5
1.5
1
1
1
1
