.03648335648237195
.015445060939522836
-.00029637409215673
.00012436648829855843
.00013177476354840734
5445834143352416e-20
.0001756973091545709
-.00024034515819154232
.00017038903663905598
-.0006637828523314757
.013490486907973505
.026275464953681472
.00017623677544527478
-22670098284101972e-21
-.011246316618746147
4379873167566045e-20
.0001752838988157192
.00017504157737252554
-.005217494962107654
-.0024802302596889573
-.011577616005715687
-.012242548098590312
-.01124737009196965
-.0016608516708134073
-.0009612752875842309
-.011223851268056435
-.009138252924220533
.012004811942945014
-.004366652620015036
-.004395350627961135
.00019521894786080922
.00019637495547252488
.0013256073885390433
.0003022402835983002
