.00019929878074466967
-.00023888563656391753
.00018763386376509933
.0362316540900898
-37153037089284275e-21
-3607380653367951e-20
6383790045674803e-20
-.00024139495844416355
-.0002334608152531031
.00019907790322259194
-.00016413924526510304
.00018127807714927695
3592826742231602e-20
.00018146116942681267
.0001698948791407487
.00017464903677125846
-7930541322737344e-20
.005731337709441677
-.00024509827459583263
.00018301251761121477
.005597505144866878
.00019648265787326232
-53575764468606597e-21
.00017501124208414788
-.0009177623382952965
-.0002394723855156394
.00012982457882528592
.0018879690445769838
-.00502352903795223
.0001993574049433441
.006503542995272528
.00018857095329361545
-.00023924246920242363
.00018615747701437047
0
0
-.00024944470179515626
-3298827674936431e-20
-.010731725308282184
-.00011794507569167139
.01965708403294656
-.0055341417739705025
.0001966612656271084
0
0
.0001717513292140508
-.00023958781396162763
-3173926631630514e-20
-.011251009119045963
.0001826704282020758
-1377779705722829e-20
.00019626450432595643
.0001897601217779223
.00018186391450197235
.00019826104135240325
-7133406077902023e-22
.11976693751745683
.0016904635225729722
.053933100683625834
-.00023985874080748547
.00018290188152343773
.00018814695957986442
.00017679979600703703
-2449245351968452e-20
.03630828562536701
-.013252703864561162
-29357674959609244e-21
.00018833953231892788
-5193260175221317e-20
-.011911109792154099
-.0002867849002293097
-.0049745921821982
.00020223744388124735
-.003106606158347562
0
0
0
0
0
0
0
0
-.21872178790407779
.2921657862262395
.008717941182265272
.0012661321664191503
-.0016868998057693757
-.00024507375184851005
.0013694831987321996
0
0
.0013780719095857733
.0001835376866718642
-.00457653279601854
-.0017318251687450574
-.0002389978382788314
-.00026946619955198225
-.007607897959689916
-.015668032148436303
-.0077811724673437005
.00016856557584464887
.005202926724040029
-.0002664414110501641
-24169223303911466e-21
.00017730248917943625
-.00023287910216150882
-.00025540855409942156
-5124686067373852e-20
.00011195727326039275
-.00042160742743690006
378312309310759e-20
-.2088650579806401
.013836941319599972
.0001064876693618169
-.00024367259336145573
.00023411806540487624
.00019043747616940347
.000621695663640506
.00018944570019888333
-.07013061203415716
.0001454718791015116
0
0
0
0
0
0
.004112415024304503
-.011538091996839212
-.0009528334409734378
0
0
0
-.012035424075084747
.01538165760881962
-.00027938706730362044
-12063926675207986e-22
.0031893377559709247
-.0033491693041889296
-13197579969259893e-21
-.00024185954663296112
.00010064249652468196
.00017729523739174518
-.005138637861521232
.00016763403419164813
.0044970815089097615
-36536240842809364e-21
-.00026951150569892593
.00016732140045779115
.0001980684752269721
-.0018906254054201505
-3605476492431002e-20
0
0
-.00024205674650967617
-3856254354352118e-21
-.0004952721875518334
-.00013306694753261367
.0003495735894074547
-.0002989481743636967
-.0002909335100791574
.13246917153996932
.03620863366181072
.03616467727761503
.00019691025433314586
.0001877144083069109
.0003221392431341695
.028063443294917414
-5266021073057144e-20
-.0002459412147396604
.03616451373475357
.036310260941411876
-.1934185742143266
.018328947731024437
-.00023865912290439525
.006007118119190411
-.008127972492844084
.09556771520239651
4891762355180261e-20
.04559792666476473
.00030375318096625536
-.14203697153267023
.005375181930747652
.28291232170176234
.0015550697415528955
.005965776724200918
-.007415445621321445
-.0012877542363028474
-.004573197644543453
-.0028045325629339887
-.0002383407230451571
.036200945298511554
-.00042464950289131505
0
0
0
.11332346705835314
-.008353306949423454
-.004611014612996105
-.0004644736848171578
-.0012625654354826955
-.008039802796622201
-.1648828618563491
.042131773884413706
0
-.004832839986785817
.0001399033951471884
.005879601744332634
.005624983902643029
.009966247585869201
.005534000969257881
.03768418060930168
-.3867972293241489
-.10405300275216789
-.20935917908593255
-.0020684314073813994
-.001330226556162449
-.0003416535159374976
.003417681222007681
-.0024765344679268777
.003126475942505911
-.00028770976043021926
-25692912075563764e-21
.0004101098867003112
-.000838577178940284
.00015396906185349618
-.0002049708400729283
.005376567619708265
-.007913052173484212
.005944391783818565
.0006103518670077577
-8911521716959663e-20
.005265031184016043
.03624321266346946
.008237503280089013
.07710648654165257
.06184941162510028
.00010099891743451548
-.21256082182284994
.0007736934226012175
.03620326393879083
-.06510708112695193
.009320197070379385
0
-.004402055275022842
-.003869914752341429
.003829364454194162
-.010448498323378217
.0349593170556947
0
-.006511383400927821
.020328553675013707
-.013560314339424518
.0016810710853646894
0
.003383447396881394
-.0043637075545216505
0
.0018989611922159734
-.00016503831590748523
-.0001073000690744179
-.0003512515187863613
0
.0016085583491701188
4227557788673715e-20
0
0
0
0
0
.0014749262000200588
0
-.00481588519954223
-.0079605088279849
-.0048409251974836035
-.0038593859518130744
.0016025416662090724
.00037587401411371237
.07065057733463631
.00016569815992584577
-.00035061832133302613
-.00025166801089377647
.00018177906268181676
.0053514026979486415
-.00026786410713141727
-.00024110121240241534
.005361944141817984
.0001296811992452396
.0001897988876437623
0
0
.004349116525997373
.08028477262609135
.021775327242117715
-.1573462393976924
-.04649387862863506
.010698217837227589
.010808970031408082
.00026188446207446315
-.0002606671988801534
.07171829873007401
-.0004432497497056689
0
-.006336138760753673
.005817374107619527
.00017486493639267707
0
0
0
0
0
-.00021758672799396944
-.00028711019498059057
-.010655699618880085
-.00024900580684635015
.008125797035058611
-.029504470678906082
-.00024418144851519113
7206454019404379e-20
0
-.0005975091639658093
.005929815704628487
-9597557258393806e-20
-.0002696717469148884
.0012424435500024541
.0051437797106378075
.00016542720013207427
-.0005508098554987545
3389840622668417e-20
-.0002515659163722365
-.00024646220338345805
-.0002358239876438484
-.0002449946746913337
11874659790310757e-21
-.00023564318873349794
.00019815536031819188
-.0002865460216025948
-.0002383548135691403
-.00024385364166586772
.0001961157119087415
-.00610403729500919
7120727263794869e-20
.00018127993173202122
-.21354215429174342
205569043595295e-20
.00019779724367303706
-.00023935265063304215
.000188505670610191
0
0
0
0
.004790987092752892
.015717951458666994
-2968977730298645e-20
-7675230056371507e-20
-59491809831184435e-21
.00030492813326756543
4731137380197497e-21
.00018267717639172933
.00018218709084670415
.00019771759990794456
-29238558030764355e-21
-10123152790103385e-21
-.00024356304768127286
-.0009222473433371223
.0010533809737949236
-.005705224170592441
.00016819580670087176
-.00024219593677452905
.10135915059147381
.008063350086330315
-.02216331817012613
.002355430083294177
5618938296945216e-20
-.00016707987084675538
-.0033199449966118022
.00037127888620197596
.04572574842565711
4453292205989048e-20
-.00025214925557564107
0
0
0
0
0
0
0
0
0
0
0
0
0
0
0
0
.005181661048491389
3607591784560483e-20
.0005049323462790187
-.001475167014156328
.00020030192134043537
.0001952733540050517
-.00011538173161859981
-6842464877611476e-20
.0001826675563224362
-.018527128164103665
.048406871356645266
-506822915600356e-19
.0001730052105271737
-5775146411709142e-20
0
0
0
0
0
0
0
0
0
0
26346180700445528e-21
-.00025291942243610345
.0001826016256232944
-.00021362293261150797
.003936227469074014
-.00025657604297680696
5624029795757618e-20
-.00025161009952441593
-.0002463691513807398
.00019683924328216829
.00019683785057145414
-5190139250238924e-20
-.00024103694990183487
0
0
0
0
0
.00018265711892843884
25400416250815623e-21
.00018091532494912037
.00017703852648838847
.005616427518502641
.0001454645068254648
-.011004973588137831
.00019709153098824395
.00018953593599672114
1607292659517147e-20
.001136166514367772
-.00024103049980662617
-27637174711829612e-21
.0001677548026046018
0
0
