39.0384130314978
.15719865808060052
.29476691614262024
11.555254148375647
.37078131530436004
5.7060487840777565
.1877702147655298
.0032775603719958782
.32745898895500536
.028860772445060905
7.980593827517653
.7260161770723716
.5788923863528351
.008646791613011143
7.962139079501903
1.0182327774328224
.004037703388252269
.0698381353837189
.0041919089819825025
.0018650012406771668
.04185292931460545
.00013960307423635204
12714039604139706e-21
.2684316165038671
0
0
.0049777560281700954
.006984518383929994
.006316372966376358
.0024518909957154124
.00017661409999724425
.014374081393908123
.0013378143381186762
.010983032226682973
32683474712212063e-21
.0004518201892930213
.002880899178439966
.0005310329206518738
.004753854831314764
16482277565475777e-21
9.10243349690319
14.200776801693832
.005079044494669867
5800189854011663e-20
.12176819553371264
.007268893184870975
.007331493556325576
.39536561986266894
0
.4274802563226434
0
3.8468374060064385
17.77837021623854
0
0
.00741084575926249
2.7766642953573575
14.334937151387548
0
0
41.92125485417552
26.64493313307741
9.900104605954
.002417226975879421
.0006253215373967498
.0013763999548256837
.006696589107685675
0
0
0
23.376107718242768
3.36279302357008
9.527909362245005
18.10329955578954
.001500051072238058
.008166713259015503
.0004167888449909282
2.244210487248286
.00041756001824406433
.0036475834578717655
.010897777117253659
.0016342415618054158
.8204337313045611
1.5637732887432887
.00012888229159915162
.026085922770055708
1.247803215903709
1.5532631526019842
3.21664727999616
.003617475106806882
.00041376335082513933
.5468419143128193
.8255588807773523
0
.4533957643272693
.7589067945609766
2.042930535252894
2.7893228251007747
0
5.372876448537754
2.0419996721587803
.5236867935142477
1.1154387420434317
.9348338117814807
.0007926355168285128
50
8.17036993498213
.43846205223369383
.07140763645022852
0
0
0
5.233335206967054
.009751436634301613
.0005428099375557968
.5098219350880732
.0013227511707597402
.00021740337843142863
.016121344856561793
0
0
0
0
0
0
0
0
0
0
0
0
0
0
0
0
0
0
0
0
1.8255246811807821
0
0
0
0
.5855404459386078
1367.5414272209975
.004649929175830669
.10670754907981356
.018843717477221102
.22471072726922708
.5450653466783705
1.0310792046626724
1.3468686742592784
1.4569786008824956
.007765616677345153
5.942560699881893
6.139790237137494
.14835110216851807
.3694295150008959
5.358188786824334
3.954728195195626
0
0
.02
.02
1
8
.02
.02
.02
.02
.02
.02
.02
.02
.02
.02
.02
.02
.02
.02
.02
.02
.02
.02
.02
.02
.02
.02
.02
.02
.02
.02
.02
.02
.02
.02
.02
.02
.02
.02
.02
.02
.02
.02
.02
.02
.02
.02
.02
.02
.5
4
.02
4
.25
.1
.02
.02
3
.02
.02
.02
.02
.02
.02
.02
.02
.02
.02
1.5
.02
.02
.02
.02
.02
.02
.02
.02
.02
.02
.02
.02
.02
.02
.02
.02
.02
.02
.5
.5
.25
.02
.02
.02
.02
.25
2.5
.35
.02
.5
.02
.02
.02
.02
.02
3
.02
.02
.2
.02
1
.02
.02
4
.02
.02
.02
.15
.02
.02
.02
.02
.02
.02
.02
.02
.02
.02
.02
.02
.02
.02
.02
.02
.02
.02
.02
.02
.02
.02
.02
.15
.02
.02
.02
.02
.02
.02
.02
.02
.02
.02
1
.3
1.5
.02
1e-12
.33
.33
1.5
1.5
1
1
1
1
