44.17345891752279
.3231765061978236
1.1712995396833126
47.672237138566075
1.3560331552331586
7.688800422215401
.8011671874656655
.19647993561532212
1.3754722543913454
.0816228207109268
21.35380422981811
.7549571054016151
1.504924618115143
.019837310038252266
9.453644239980704
11.856076038357996
.0108588378154093
.07474509725820071
.01616354488552666
.00668518488702223
.04486452481776796
.015048529498818746
.009626423210689796
1.624024591244939
29.68082422274271
.0047957834381995796
.005996014964583061
.007361536824101572
.006568995674289346
.0055234192493778715
.00017792471528755611
.014536727068524984
.0013543018860795232
.01107682438235609
.00026958821767404884
.004369975984554258
.0029598131144836226
.0024913659999448294
.007736705647079523
.00021667885650105388
18.611602860679255
18.80199451917543
.028639294714409954
.0037744634290671117
.1463805912311666
.010035777431557464
.00943781891142762
.6084119945241098
5.565856007245458
4.842261185799933
3.6613699290551764
5.07341566092349
21.49779905570725
20.502866725134663
2.1028202995266776
.008096772717133263
9.206934783945798
171.32044000373034
.34195266894722737
.1722313486515291
53.41370454931018
51.34430286201935
19.775679214355748
.005784571197872891
.0022363130592817086
.001686311616870789
.010973995387974552
83.06065000397449
78.3839828200607
.03995818302078379
27.8967543076147
3.392602370320484
105.08942415205685
35.87463359642436
.0015602508487121442
.010219216214294051
.005375923003809266
2.8132886773561463
.0011344469150773523
.010284005777124315
.011197600231159779
.008108946730104772
11.13596397334855
25.417902443682703
.009892200373730871
.05516491761960711
27.13499061742286
129.47421900382025
7.693786811590522
.016049487492856437
.009567649983422334
4.978960667045332
1.7162462296236627
13.500966007454977
10.384728670610517
6.308518403971727
7.681703037026045
6.806240944504338
3.7798314322355737
60.58064523768526
2.202565595689002
7.478332240153076
5.12299770671281
2.620953863282442
.003098867848854537
64.01971611378013
8.56252841379906
2.097319053061419
.5233200138501632
.01668470591826947
.00017110997687320317
55.21664906225171
110.09476668000656
.09526579858109827
.0035969345028675896
.6129125687254128
.006444840082946615
.006619172530662859
.1849171697373278
44081439738128506e-21
0
0
0
0
0
0
0
0
0
0
0
0
0
0
0
0
0
0
0
3.3351439591452094
0
0
0
0
4.375917505780101
1367.5414272209975
.004649929175830669
.10670754907981356
.018843717477221102
.22471072726922708
.8282196361507544
1.176212606027114
1.5908229166335102
18.700775556329653
.016135365031269305
6.2261356119530396
6.449270149119899
.36700765581262107
.8792066600457005
82.06967395658434
91.39481652289005
47.094879599167584
74.22404091103114
3.5089718336410636
1.867078679525352
1.755872781270352
1.7391392909130232
2.741332609410158
1.6769807269994388
2.51237778350941
2.0606614788769178
1.883893926971638
2.1759214648756133
1.856482595050051
1.8719427514139568
1.39874559289448
2.0098847932237254
1.5193581147739241
2.5637508089407337
1.9353472484653054
2.3340181621163203
2.2038522720259897
1.8158112131543835
2.466006214544736
2.7427574887609207
2.482162520447552
2.0281023934497058
1.7394694439881113
2.601763129231395
.024890312752313914
1.7772218087544842
2.3671225562588165
5.812662346020902
2.027659748711269
2.067699722499768
1.3086173129560839
3.0117886352801064
1.5576851074311404
1.602033962681749
2.98739087629351
1.339080465460599
2.0567984916551167
1.6187503143656727
2.164042227784133
1.4272198915197036
1.912657539240995
2.666243203828846
1.963471989962541
2.07969484568653
1.7978257028595115
2.1602077876254095
1.8676713362064776
2.325348789294376
2.675977797088716
2.8315584719382563
2.3583743751743205
2.042860148622084
2.0506554278146036
2.9617869615000907
2.564381252446792
1.1196816527183915
2.7924198128655604
2.856639051306858
2.2409261740718267
1.146474006468329
1.7336632123617906
1.8188150869928714
1.9943109585028287
1.630329331742871
2.3817356939987144
2.250151981393381
1.934051542494654
1.894481785959409
2.6860373758878944
2.5917683755172884
1.926241995184942
2.1866223663161377
2.329541845413791
2.081573942060747
2.343871930760226
2.349138087165714
1.931331399417698
3.146303423443244
2.1893734234453257
1.8408270541508678
1.3421446729483424
1.5318379526045065
1.5600104596752984
.7493082400506708
.18229138557870078
2.1746682853205126
.011479257603889743
2.4484183163550424
2.151191738376461
2.531239537380092
1.9074719291169022
.19025826245787172
1.559096035279952
.1973381438590221
1.1949937696198976
3.1643501298669747
1.7178532914795945
1.7610390535099614
1.9127530818664695
2.227453341051251
1.7882500536391581
1.9595644562467687
2.222988969348181
2.498036468451459
.01109557335488361
1.8969536298846779
1.9354783564930735
1.5193560086894098
2.2379952341152447
1.8783179489282862
1.3944051841823097
2.208281960893216
1.935701451652799
2.1419036415426764
1.9279815301046352
.7409640314625555
1.790160672076253
4.933339045445826
6.221316075416565
1.4831430532622012
2.064697177917929
2.466247152681505
2.655073485388562
2.857495976831071
1.8512865873292557
.008744211211704133
1.5600192182823085
1.3937526059712309
2.817591547472853
2.3801236433822717
1.6940863308532645
2.051010697567196
2.352392479390776
1.9110914696875934
2.8082211412785187
2.145470604147323
2.53389019725807
1.730328522706215
1.6806158172385717
2.20043202598832
1.2862521629779449
.2078548451332481
2.273985796222359
5.711525981752011
1.5824286257832285
1.6594882136059779
2.110608710674255
2.4385055955465686
1.023031530049561
1.6571247851861952
2.0493441540840034
2.136797798510148
2.3721928684955897
1.322627659707522
1.989231364087116
2.5980708795302467
1.7226716053792863
2.5105870909306556
1.4177535592862058
1.2206795989604675
1.5624985174458936
1.941224993357066
2.3124962253659485
2.452665190295748
2.791020210092615
1.3218036295296551
2.253747293111149
2.1953962336764485
2.3334172020626807
2.380775346902515
1.7694563710777054
1.8963337232811508
3.0195308459496166
1.846693476380145
2.174345521550145
.024948233998695814
2.1181951635790615
.06206910343546764
1.9412247599435601
1.8871389644197996
.5417563720324925
1.4039800257796136
2.1497665683862173
1.2072168618142505
.04915767354549951
2.041619724687033
1.1071999370651184
1.579441536442263
2.062374596251502
1.8975301021709985
1.4832244139998392
2.4174154210077097
3.4548109093391397
3.043493619181851
.6822824670815406
.011467151843221477
2.0140981692740336
2.178914126691757
2.0007466820430335
.04988115772659756
2.3030409258703433
1.8634970310519436
2.228731798472642
1.274588334623144
1.33101426628688
.006235133018525873
.004294504866404952
2.4923449168163256
.6059909017937365
.14313359917602556
.8545917363885538
.20279637154680133
2.2354358852166327
.10682589216461823
.09573208412051414
1.8670180386666824
.6241551664904523
7.9690905698144725
2.0811076602535135
2.0923932064023614
2.435910421991628
2.233964061565902
2.0999467574921398
1.9858474010292093
.13457844924876977
.16057141168426778
1.9361819542397019
2.9597306202202525
.9766242592727494
1.955760937578493
2.4109634227886834
1.872333042566741
.009953145310312344
.29836877871745965
2.901128962443996
3.560182053477993
4.339431102863041
4.480447209076032
2.356496562091318
.011060787951354472
3.1800443683744883
1.384869942886877
.014612533336655215
.01078153407499461
.16373911729591878
.011897216278252035
1.7605020819548372
2.717817994200878
.01
1.8274063528777214
.014324453259605815
.0073091680136741005
1.9585067698399015
.00906167474459735
.007814958924831398
2.393607640451516
.006781079854808888
2.28841430824964
2.2066691513683967
1.7105959729176485
1.7183629259709892
.009501276185040115
2.051747891463759
2.6113133132130755
2.4696116778808546
2.471432910474136
2.1949228225542914
2.632761058851525
.010714756351880442
1.4945362657514263
.011089418945629162
.009536087635173577
.010304373796217268
.012503544205410931
.010792119434592417
1.485920415070938
.08875135862251037
.0778627044190343
.009087708280820582
1.3560430639820986
2.354973966358114
.09596449300055582
2.0667375513242394
1.5324287110728776
.06418624518658278
2.1539510382297253
1.900097199312054
1.8171906748070128
2.873272111955067
.009079214612511781
1.7466473682979196
2.5680468178620433
3.6443967705587097
.8239680014141108
1.560655500233933
2.3050137154071306
1.5224397166461865
2.2000991267813386
1.7048405532207909
1.8305395243516822
2.065157893211015
.009078545773135391
.2183287491155091
.18988445925810127
1.875872775738018
1.432352556181018
1.8959863409782876
1.6776985422427986
1.5396953348174365
2.1883918878757567
2.102858121513343
1.8534896648605959
2.058410451012228
2.0439532124613202
1.7489261634354214
.006485366443376458
1.5395825319167573
2.038443995780885
1.867041746581521
2.0409540592539335
3.1102990467936475
1.684380834043295
1.9198260548984563
1.8068369258451238
2.2478799134698098
.10902711729321936
1.875758811148424
2.536559047953385
2.31846937203709
1.5417426470194826
2.5565292647483324
1.6138094304884367
.2223831884654346
.15564886185282392
.12358050749949025
1.7283541956886577
2.01662113796412
1.9155935902025656
2.5121340266867147
1.3264142563488586
1.830153106674619
1.5906629498909333
2.0826537096077318
2.255566580124439
1.6684803835548594
2.199189372846398
2.432637298497907
1.932951290121647
2.2023342655154288
3.0727033581498207
2.0002298955790887
1.983629644328265
1.7874188996660736
1.4525093746858688
1.9774545644482104
1.4962769426883868
2.185914233854559
1.8253338345711063
1.6375677045379353
2.279624851995752
1.767519299402622
2.2895666616962247
1.3503506187098602
2.332879675454881
1.550598442347702
2.3644424248772182
1.6949812636720547
2.1782239902157543
1.6429651071058258
2.0552103182522723
16.143914754849828
18.19571406024105
2.3802262892377244
2.127539451791882
1.7524601689098158
1.2966528647129698
1.509617125293695
1.5921480520952163
2.6033456584648293
1.8207265324363258
1.6983099753196307
2.3824152511086987
1.8980510996985631
2.7716912242560707
1.7796783557390048
1.7748596474586356
1.4679903636006917
1.7785266521667287
1.5019919061016123
1.8916163354268951
1.3454718708736821
1.9599150982685578
2.2246974554289674
1.205837570020912
1.892707020540434
1.5835396065009948
2.3968187906200282
1.8500472247655786
2.8108163620695117
1.9841519585088239
1.9158672394239025
2.6096774491320107
1.2401577339434706
2.450994518043437
10.710739854007198
1.8083493791980985
1.6214416198201471
1.5128923429813261
3.555786332092757
1.9594841565028582
1.981605497875224
2.897648603979282
1.501038275224271
1.8598307458959422
2.8049181845937428
1.4444250754956531
2.981388272391161
2.669872615732661
2.4544516406084593
1.968849362804772
1.3607236663964841
1.7027053728320227
1.7244888906887683
.2844733857738824
2.952458536575449
1.7092554426810884
2.4699428322139645
1.6601464640508787
2.0107267849112307
2.5848386086200397
1.993064067362768
2.0953120977721573
1.8889115343604934
1.687996256405562
1.3703000955419518
1.875670238562403
2.413022200816277
1.8323924615948037
1.7639445182718094
1.524814160624547
1.7741141553134796
2.673829562229725
2.8475118958452104
1.9414321499806835
2.1257337451713103
1.8449013302543176
2.4141661952880433
1.7093291454011539
1.3472159696319144
2.2132959504675407
1.796091748397037
1.7053620483647736
2.2116225342674145
.15768844025485426
.9893159269364525
.12319140206780105
.939647218485882
.10312083692374566
.8296857191010485
.08849849899937763
2.2264329855038696
.1663180156120253
2.4529437900683684
.09045259339054225
1.0350005586659372
5.894197347315339
.3515581331548315
.11156821242895859
1.3379408097973773
.06730321749870484
.21734099839815874
.04170466135077796
.866664565683065
.06954430634578586
1.162266117899009
.10414353906786568
1.2810236510946158
.17596474995681954
.9498980506328794
.04522112046818394
.7533349592924994
.059425633026045734
1.4211089372326842
.00019640879272658963
.00041864019590869613
.10853450957774602
.1256396675463659
