1.5081823036795348
.6509229664801792
.010741937865479832
.0021626997350548114
31222709649672624e-22
.0317312775645941
6.59352462711043
.6758982135268886
.06026242924939993
.06173688635464526
.06740448236636973
4.971343724070602
.686311284679642
.36425576520166714
.005777415879053789
3.200471667361874
.4065528452611269
.0033228939017595728
.0709762346262504
.00481322832188516
.0019686910954938145
.009044892997745463
.00016218928570441843
.002713825295369821
.2809632158128042
17.34485926614724
.00013724408127064426
.0056202091596297445
.006019424504547908
.0057888091823390265
13448671153769318e-22
.00017816137148724096
.013743830062130133
.001302736860557195
.010269621405177764
21212293592514764e-21
.0021975172370166597
.0028159243600686602
.0003519929468956547
.00504852689515676
3421760804896085e-20
.00579835360859617
.005984932214013444
.020363567373393
.000326627960342382
.11066773800858012
.007707815778480897
.0008881865850889462
.04403959101137264
.2900412020538898
.0010265788331102728
.603275776898489
.009309426459504437
12.11885880425881
11.294782126598017
1.4016507828389386
.007083123576706319
.06046828008008806
.06676520316534505
.21318349896471409
.12928900933165174
29.8909026176062
23.143822625426083
8.496944338824669
.002272003997545079
.000533065716478519
.0013777156232394178
.00619334370226065
2.9708402616091933
7.172515512407689
.02004904360154163
22.83891966186002
3.4183639632533365
8.843897060352981
21.43629109221163
.0014592154442178496
.009333897740046563
.0006771253568054759
2.1578447154819944
.00034475612579465756
.00293089833207212
.010608368530205818
.00038178501878999
.925359609834773
.6843468482670364
30216416054132085e-21
.008618504902885387
.8039039535507088
.7141347011214548
3.328321566163887
.00019583427964532082
5083287748161882e-20
.5326458685957081
.7978230506462148
.08100725493767592
.010036688710605144
.2651050422095264
1.5193016688745564
1.4313915529607615
1.9371352240650166
1.5911410570631932
2.0932502060205422
.026703589554372006
.040763381996988465
.009508566419708354
.00015902238379584012
6.23193702311532
5.760658099644549
.5502444756632223
.01620962676416053
.004095717152922244
6398108071534864e-20
.0006722740203571256
.11284139438878438
.019948153343683914
.0008899197027228934
.45528616726983967
5819837491598697e-20
.00021312210918681567
.035767934592627525
21759098357050436e-21
0
0
0
0
0
0
0
0
0
0
0
0
0
0
0
0
0
0
0
.7508562093044487
0
0
0
0
.5280188641600447
1224.484168524354
.004495513974148195
.10429236398188077
.01906783931124033
.22406497454088806
.11552398537217415
.6492848666626773
.1380677828882064
.4163358501718197
.006105721270026778
2.810506892049343
3.2152436720696964
.017642999675715816
.042165765634976
.7836029961583402
.5726873463475152
.23718257286860048
.4260242682282222
.019405734738821147
.019405734738821147
.22131187207472416
45887722470248235e-21
.019405734738821147
.019405734738821147
.019405734738821147
.019405734738821147
.019405734738821147
.019405734738821147
.019405734738821147
.019405734738821147
.019405734738821147
.019405734738821147
.019405734738821147
.019405734738821147
.019405734738821147
.019405734738821147
.019405734738821147
.019405734738821147
.019405734738821147
.019405734738821147
.019405734738821147
.019405734738821147
.019405734738821147
.019405734738821147
.019405734738821147
.019405734738821147
.019405734738821147
.019405734738821147
.019405734738821147
.019405734738821147
.019405734738821147
.019405734738821147
.019405734738821147
.019405734738821147
.019405734738821147
.019405734738821147
.019405734738821147
.019405734738821147
.019405734738821147
.019405734738821147
.019405734738821147
.019405734738821147
.019405734738821147
.019405734738821147
.019405734738821147
.019405734738821147
.2352189880168324
.00959485933388664
.019405734738821147
.00959485933388664
.17147120332911597
.08600040070677226
.019405734738821147
.019405734738821147
.03251817679588873
.019405734738821147
.019405734738821147
.019405734738821147
.019405734738821147
.019405734738821147
.019405734738821147
.019405734738821147
.019405734738821147
.019405734738821147
.019405734738821147
.15617017710871897
.019405734738821147
.019405734738821147
.019405734738821147
.019405734738821147
.019405734738821147
.019405734738821147
.019405734738821147
.019405734738821147
.019405734738821147
.019405734738821147
.019405734738821147
.019405734738821147
.019405734738821147
.019405734738821147
.019405734738821147
.019405734738821147
.019405734738821147
.019405734738821147
.2352189880168324
.2352189880168324
.17147120332911597
.019405734738821147
.019405734738821147
.019405734738821147
.019405734738821147
.17147120332911597
.057603409709028316
.20645229067619625
.019405734738821147
.2352189880168324
.019405734738821147
.019405734738821147
.019405734738821147
.019405734738821147
.019405734738821147
.03251817679588873
.019405734738821147
.019405734738821147
.14792137843217693
.019405734738821147
.22131187207472416
.019405734738821147
.019405734738821147
.00959485933388664
.019405734738821147
.019405734738821147
.019405734738821147
.1196305146930552
.019405734738821147
.019405734738821147
.019405734738821147
.019405734738821147
.019405734738821147
.019405734738821147
.019405734738821147
.019405734738821147
.019405734738821147
.019405734738821147
.019405734738821147
.019405734738821147
.019405734738821147
.019405734738821147
.019405734738821147
.019405734738821147
.019405734738821147
.019405734738821147
.019405734738821147
.019405734738821147
.019405734738821147
.019405734738821147
.019405734738821147
.1196305146930552
.019405734738821147
.019405734738821147
.019405734738821147
.019405734738821147
.019405734738821147
.019405734738821147
.019405734738821147
.019405734738821147
.019405734738821147
.019405734738821147
.22131187207472416
.19081946724458823
.15617017710871897
.019405734738821147
9999999999984916e-28
.20061597209617985
.20061597209617985
.15617017710871897
.15617017710871897
.22131187207472416
.22131187207472416
.22131187207472416
.22131187207472416
