3.0218910897939337
.008410944544690008
.0003905379072751299
22332833687753654e-21
6591412014446723e-28
.001526081098489152
6.234685123347638
.6987105877288079
.04806921959625632
.014339479546647878
.06626711702555388
.7038310945836066
.662399965116252
.05188719979147395
.0008851515553963395
.007703824947192966
.00104270692437743
.0022653546263788345
.06876018959090516
.004970243959337396
.002030627334271637
.0023899429617624804
50371706988685114e-21
.0018472493638647146
.07179310316087725
3.8056853423838826
4490662140798118e-21
.005379012282611408
.005789693963157537
.005626789453964951
1305936855639265e-21
.00017284853655235124
.013333962855361689
.0012636391816715877
.009963377963450107
30164940678300593e-22
.0023490211347422267
.002731222185981319
53001273856286995e-21
.004890958950896044
4929625564101449e-21
.005625035812429212
.005624629441353778
.020200247840232995
.0005409320709455363
.106970090689017
.007578759399799856
.0005548578612234844
.02715936577205504
.07922447957142398
26603394414449705e-22
.14025831984976456
22708942731021296e-21
8.587246174872629
8.102835525419021
1.183206499990979
.006811609840419766
.0006532191214032845
.0007191950489454178
.17319047884908906
.11095101227762827
9.70811880274755
7.551287068079424
2.839010148843145
.0016367063230623392
.0003575554139046538
.0013327024337026
.0059507549105012715
.0064036724664130315
3.5045923124393896
.0007506581025258375
9.70811880274755
3.3136156936791528
9.47663386066493
8.869680391812325
.0014136646419830798
.00909588125524168
.00015847572093091259
2.120602316045575
.00023281324345800312
.0019635724801526917
.010323763265098537
7245722094188951e-20
.6840659492651523
.04820392940665369
21445543072602976e-21
.0006120243097274671
.3500098063953064
.3235261988919236
2.3984085628348417
.00017280963306583479
.00038325670718259043
.5695315797514156
.7531844138231204
.13087608417928925
.00024080192328006247
.14932163277730354
1.1395136529357413
1.003472271601471
.06731513688671052
1.3801738359392939
2.0150632019626054
.021105853468209642
.027951246558995536
922536482682501e-19
.0001271106760610264
3.8609022416289664
4.127896341330249
.46995239698681135
.0031143610153048827
.00011632033849783173
17002334955244844e-22
6496784369478283e-23
.06552386311304106
.015384063432698972
.0005231581701580052
.3607329761901343
3818312465785139e-20
.000159361739281723
.027559531417560408
7040237761410895e-22
0
0
0
0
0
0
0
0
0
0
0
0
0
0
0
0
0
0
0
.06898205983556556
0
0
0
0
.3029847893618439
1187.9694352120684
.004361455488062991
.10118231327220477
.018499226759776697
.2173832443884726
.020153546503713836
.41001033900961587
.013317931008239147
.3665049308614505
.0044558597510960885
2.138702688609833
2.2948827322096412
.0021552789546600767
.005099039786250227
.48158175783120866
.3626385360445881
.1752679113759775
.3133569291651853
.01882704597588602
.01882704597588602
.04870900987918531
25158631565228514e-26
.01882704597588602
.01882704597588602
.01882704597588602
.01882704597588602
.01882704597588602
.01882704597588602
.01882704597588602
.01882704597588602
.01882704597588602
.01882704597588602
.01882704597588602
.01882704597588602
.01882704597588602
.01882704597588602
.01882704597588602
.01882704597588602
.01882704597588602
.01882704597588602
.01882704597588602
.01882704597588602
.01882704597588602
.01882704597588602
.01882704597588602
.01882704597588602
.01882704597588602
.01882704597588602
.01882704597588602
.01882704597588602
.01882704597588602
.01882704597588602
.01882704597588602
.01882704597588602
.01882704597588602
.01882704597588602
.01882704597588602
.01882704597588602
.01882704597588602
.01882704597588602
.01882704597588602
.01882704597588602
.01882704597588602
.01882704597588602
.01882704597588602
.01882704597588602
.11035059763062942
2251191065848441e-20
.01882704597588602
2251191065848441e-20
.11744711477940344
.07391982626440469
.01882704597588602
.01882704597588602
.00034668098160812544
.01882704597588602
.01882704597588602
.01882704597588602
.01882704597588602
.01882704597588602
.01882704597588602
.01882704597588602
.01882704597588602
.01882704597588602
.01882704597588602
.01612518675782235
.01882704597588602
.01882704597588602
.01882704597588602
.01882704597588602
.01882704597588602
.01882704597588602
.01882704597588602
.01882704597588602
.01882704597588602
.01882704597588602
.01882704597588602
.01882704597588602
.01882704597588602
.01882704597588602
.01882704597588602
.01882704597588602
.01882704597588602
.01882704597588602
.11035059763062942
.11035059763062942
.11744711477940344
.01882704597588602
.01882704597588602
.01882704597588602
.01882704597588602
.11744711477940344
.001309048769169662
.12154338439372435
.01882704597588602
.11035059763062942
.01882704597588602
.01882704597588602
.01882704597588602
.01882704597588602
.01882704597588602
.00034668098160812544
.01882704597588602
.01882704597588602
.10928281429477452
.01882704597588602
.04870900987918531
.01882704597588602
.01882704597588602
2251191065848441e-20
.01882704597588602
.01882704597588602
.01882704597588602
.0953306743781615
.01882704597588602
.01882704597588602
.01882704597588602
.01882704597588602
.01882704597588602
.01882704597588602
.01882704597588602
.01882704597588602
.01882704597588602
.01882704597588602
.01882704597588602
.01882704597588602
.01882704597588602
.01882704597588602
.01882704597588602
.01882704597588602
.01882704597588602
.01882704597588602
.01882704597588602
.01882704597588602
.01882704597588602
.01882704597588602
.01882704597588602
.0953306743781615
.01882704597588602
.01882704597588602
.01882704597588602
.01882704597588602
.01882704597588602
.01882704597588602
.01882704597588602
.01882704597588602
.01882704597588602
.01882704597588602
.04870900987918531
.1211724996555972
.01612518675782235
.01882704597588602
999999999996973e-27
.1217376834518567
.1217376834518567
.01612518675782235
.01612518675782235
.04870900987918531
.04870900987918531
.04870900987918531
.04870900987918531
