8893522280833172e-22
6119017534007194e-23
-19586026303409901e-23
33108276449696635e-22
23627032417456784e-24
-6536062552993767e-25
7528309458315813e-21
-30090497018554715e-23
3807174248526968e-22
15869209838047247e-23
7542393520112088e-20
-1166535560277997e-21
820281171964222e-22
8837343126202716e-24
17913447068300032e-24
29094525018779635e-24
-236076640549264e-19
-.0018096457996440677
43374467654801575e-23
10926943728905809e-26
.003763061353979658
31125233652034727e-25
-2814397433736857e-21
-58778087989006016e-24
-9618707112974886e-22
-2281649916726284e-23
.0037994893279381164
.003636116751379222
-.0016660693554771185
.002860510625837593
.007285767995102444
4873487857272048e-23
-.0026059252811347
6859881584344156e-21
0
0
-4549563340707306e-21
-.0004987150797493971
-.0011753510057616642
-.0027357350602373732
.060992844085487184
-.0012917728586676028
-7382900691983966e-24
0
0
4331397921630227e-24
15637118715078084e-25
17319525104125966e-23
.0007480066506256003
817593191109698e-23
2348252240407234e-23
-24382221407205623e-25
29235014295294133e-24
-6541147602564577e-24
7309817886524401e-24
4536573758964119e-24
.0028086134908140398
-.0009682671435925744
25186965269334714e-21
6293931413546421e-23
443268501366278e-22
24292464369432466e-24
369635801011265e-23
3501139409380207e-23
-29534503611330566e-22
.009210979672270666
20525861721062565e-24
1260160428663071e-22
-3193009056782404e-22
.002439666557565653
28135496495421324e-23
-.0016508456289415806
-3394060445886501e-21
-.005976372500749842
0
0
0
0
0
0
0
0
-3138709005353815e-20
.001313921701469345
.004457642858778922
-5574577406710712e-20
-.001549490602065846
-8882387204842761e-23
.0010201778354765403
0
0
8118594547734048e-21
.00013257079687895352
-.001146188578538625
1975277453939414e-21
-7843815143159727e-21
-257208740697589e-19
.0011637959370791155
.012317235046672308
-.0041034219993143165
12038559216478476e-24
.0025245652340849254
-2073538752266187e-20
-6045078311594331e-21
50101574337601046e-24
2528422405605145e-21
-.020880319436578098
-2471286788627511e-23
.0038054701470695692
-.00775227404660972
.003688032766009262
-.00013048286346296784
.010634732480770698
-584983220429142e-19
.0038582917830116375
.0004945735798110508
.0038581164157348883
-.006475541988925132
-1575122486230775e-22
-.05761258064762878
2735305163997294e-21
0
0
0
0
0
0
-.0011095661952118577
.008434813694360473
.04897300310771495
0
0
0
.0016671540887910066
-1054510215332706e-20
-29974950737983808e-21
-804341160497604e-19
.002829022850501726
-.05329132561326606
9498186707867992e-21
54488080005742854e-24
.00036225256423298144
8773979860841407e-22
.0018225214601939209
-14109711732366533e-24
.0029133609543492505
8711850133900403e-21
.00035172535826120553
.007207380495731365
-9751059837148225e-21
.10059924400907755
-5466664802555507e-24
0
0
-5366858760774694e-21
867625348607809e-22
6702993945368127e-20
-.00022746239534022204
35768627746506246e-21
-6856155189064485e-21
-9767222962851466e-21
.004644383452240881
14826225135906413e-21
36185556873665385e-22
-7798497063127691e-22
-6216756917036854e-23
.0031567052690767653
-32765857489585885e-22
42198082826532784e-23
4448187319435748e-22
3250606348958281e-21
-11511428787132182e-22
.008348827530795586
-.02790609579543131
.003859246564099521
-.23042401733296985
-.008954125772718004
-.00722290462736489
2859555157321962e-22
-.09724587760696626
28573435273552562e-21
-.0008480591167467808
-.10350198697477457
.07435183522601296
.07637921854443512
-.10339937114155062
-.00423897605736187
.005132930369543001
-.048187769032332343
-.050646346225002456
-5895709947244358e-21
-3907361077740758e-21
-.007791458818462857
0
0
0
.00537153536000635
-.010510280585671078
.09631979654867617
-.007762066860143667
.01563074433569693
.0013769384581898624
.054389752921656764
-.002074375781226298
0
.015729118048859795
3934652893558201e-22
.07569910872660118
.0035224824304075685
.01304006863490887
.003866153175042538
.034774354922194606
-.38565702329599333
-.10022494023721769
.02218799371071305
-.001978467881683126
-.005059781283773476
-.0002746282585712463
.007407265888290437
-.001908872572326686
.07087379892362118
-.00184469960423386
2493958127368072e-20
.0009380278194718067
-.0004033896662486854
.00021379312541294524
3288278536629948e-20
.0002242766037426351
-.002056859948847804
-.002158067124241301
.00023380880730350644
-3666329810864186e-20
-43277416527318475e-22
19376981452894425e-21
.0012155672197274442
.07302609357669324
-.0020415557024444234
-.004310305191118249
-.0065955827029761825
.015228076919260728
-2833081916228452e-21
-.0715278072238711
.00563540434135002
0
-.004084345874701022
-.004290193202054783
.0021128231851780636
-.014465576856682438
.02633796919055391
0
-.006201538229430671
.026621338247145434
-.016554527512592065
-.0031525557854923357
0
-.0019949330655984914
-.004364444409051304
0
-.003283150293228999
.0026823502180409065
.0004940913569918049
-.007658253224926967
0
-.003899750309118601
-1058708278524311e-20
0
0
0
0
0
-.003920016749822133
0
-.007079430156889922
-.010145663928203964
-.004177874751777549
-.0069721923078294385
-.003613645461445201
.00037905321123367277
.06982152010195075
.0030569212939276945
-.002155161136313778
.0003215285516589829
-30862703185820756e-25
-.001397057004010851
.0038409124741622777
4500741898034915e-24
-9586288502877364e-21
.0038029193796553233
14279410479671509e-24
0
0
-.003920116948004017
.010855836249030769
.015491389643838912
-.15181774766966283
.04611355350171299
-.0003892068354059705
.0848640681449213
-.0018611910631916426
.0038630825625376405
.005120153367469324
-.008071924690053488
0
-.008842945971352689
-4925032521375059e-22
-10542277467418959e-23
0
0
0
0
0
2333362363813738e-20
46891370717851296e-24
.004170927025015814
28853517320516536e-24
-.0021056567781064174
.003398882816578605
-.0026026775700710592
7512959704029969e-23
0
.004212902949595043
.0037977098420399133
-.00020959161219259202
-7797035880046366e-21
-38412783751717643e-23
-.001350749937418067
-22405721649257743e-21
.0037430054078387964
-351099494499024e-21
-5880655125833621e-21
8106633328573831e-24
-586691969740106e-20
-.002606947970457948
.0003013024633071909
5429973213477935e-22
-5970112618709965e-21
.0038555626850375686
-5875564754699306e-21
-664224288179704e-20
38307097500521504e-24
-.0026090632095258164
9715992389252177e-25
21661956400755184e-24
.0033171683118912456
-35546613299674956e-23
-5882430635932602e-21
5097182735601033e-23
14540521862284322e-24
0
0
0
0
.003849485641513087
.00384711285591887
-13484867226981464e-21
-22767407152650496e-21
-1571470711097132e-22
-3899201820061974e-22
-9279624181896523e-23
-4993120034301585e-21
-9399572578055184e-21
8481215818504794e-22
2385258582227542e-20
-2227133455048518e-24
-5881574218979304e-21
-6131194690388719e-21
9472467827965464e-21
-.0014487732353212414
4784558618266235e-23
9402374913396568e-24
.0004913993433382002
.00435982040058488
-.0219293992844286
.002965200948316005
6421422712073098e-21
-876800800227684e-20
.0007727269086262423
-.0012303188665802893
-.10224733496248223
.003845901321454113
-5827687002621684e-21
0
0
0
0
0
0
0
0
0
0
0
0
0
0
0
0
-.001385261955637851
274095997563397e-23
.00038645540247510295
18750635438802365e-23
19872059159198365e-22
-23982501033849835e-23
-.002606766245923179
-7324252095373566e-21
3010834199483926e-23
-.019190989716352927
30148593000359432e-21
18893087780965136e-24
.0038434659347606846
-5996640612779086e-21
0
0
0
0
0
0
0
0
0
0
-17186894003052868e-22
-5891615063256254e-21
-1822860188472356e-23
.0004979151941199765
.0038447625671752376
5766446213299838e-24
-3936537909608404e-24
-3903578155630974e-21
32688709009609005e-24
-9699454861992164e-21
-27681117752027663e-24
-17928382923202204e-23
8401802717614404e-24
0
0
0
0
0
-5887659840745898e-21
22847245978621234e-24
67616968455776655e-25
14914734207909319e-23
.007829613418992718
25630080746186e-20
-22612915541729448e-21
-4403120771972017e-23
8145303356705349e-24
-.0005804067400289449
-.06301722710676036
2187541022576249e-23
10927251197019392e-23
6959777264905774e-24
0
0
