6157684490344535e-27
38.866135574067556
.1623938807720072
.30229686552171053
11.2745698361573
.37093980746896765
5.939607350533284
.21400817833496355
.0027977405800508584
.3151407698288944
.02975044300310852
7.89726403519648
.8033101548798401
.6164743061606304
.008562308865885583
7.880278143191349
1.1217324060192608
.003944820387263253
.07455913074387117
.004422888767831396
.0018879561804618784
.043023563221455806
.00012893655467864225
10958548636658417e-21
.29982084860770414
40852690058004236e-24
11165722405482967e-30
.005114630919683723
.006618462033518115
.005955823188451811
.002334187216832329
.00017742635725578594
.01452736289502255
.0013350123982537648
.010555834392148954
3740718754776802e-20
.00045212223059921833
.003114431031793124
.0004993734210347428
.005315077837110069
14858347635832812e-21
9.533044484554761
14.117494266806597
.005549813098141074
5828578853490314e-20
.12118752917972395
.0074840957879529595
.007552085123006337
.381736389574818
9346332391991369e-26
.4908268178769197
2747888969981251e-26
4.065774118577263
18.399793963481528
16815583312018932e-25
21340368728358822e-26
.007218430109972084
2.759792260907844
13.641245049722711
2914564050394257e-26
24353736556976207e-27
44.24395263061511
27.155360605810227
9.21148618625521
.002493608376584013
.0005875867069757199
.0014393392598253281
.006615306046102347
5264430009683657e-24
0
7666018431382631e-27
23.52784954563455
3.5998456809809634
9.541126870050903
17.19833981872165
.0014954042014647007
.008311504259615878
.00044446668563482287
2.1781426953591723
.00042532348415157253
.003520705094562499
.01127918954195136
.0016260340873074624
.8223891230938127
1.553146981250526
.0001255750328686088
.025936083653842534
1.3803693864288957
1.614198980686551
3.0801359672645896
.0036540090390878794
.00042554885964050644
.6244912452183992
.7517119562422228
11574954692978317e-27
.48234671377215027
.8248361105802512
2.007348564391415
2.7078619764782266
35961084201068466e-26
5.457417129250296
2.00658415707862
.4994987994027954
1.0953820322253693
.9538484415926893
.0007779772029376675
49.496395248961754
8.054669407924093
.45821182947386296
.06570702196591284
6401206094132493e-28
6986948760395732e-30
30894982935447545e-25
5.576587412338898
.00958395246925793
.0005344093354974379
.5039776279614678
.0013166764170591775
.00023257319117688918
.014665862165104177
32370437929178122e-31
0
0
0
0
0
0
0
0
0
0
0
0
0
0
0
0
0
0
0
1.7486090019760334
0
0
0
0
.5791684952554156
1350.6178493237767
.0043773866060140615
.10529213652822839
.01898843360944864
.22653524983817552
.5477881996156476
1.0284388002114124
1.4502907139263257
1.2907511923032833
.00723239131104724
6.034671951553463
5.890602962862211
.14454031093621544
.37791771455550044
5.48996960374422
4.2108883303914055
9021507543323032e-26
16650650842214646e-26
.019999999999997537
.019999999999997537
.9999999999938424
7.999999999605908
.019999999999997537
.019999999999997537
.019999999999997537
.019999999999997537
.019999999999997537
.019999999999997537
.019999999999997537
.019999999999997537
.019999999999997537
.019999999999997537
.019999999999997537
.019999999999997537
.019999999999997537
.019999999999997537
.019999999999997537
.019999999999997537
.019999999999997537
.019999999999997537
.019999999999997537
.019999999999997537
.019999999999997537
.019999999999997537
.019999999999997537
.019999999999997537
.019999999999997537
.019999999999997537
.019999999999997537
.019999999999997537
.019999999999997537
.019999999999997537
.019999999999997537
.019999999999997537
.019999999999997537
.019999999999997537
.019999999999997537
.019999999999997537
.019999999999997537
.019999999999997537
.019999999999997537
.019999999999997537
.019999999999997537
.019999999999997537
.019999999999997537
.019999999999997537
.49999999999846056
3.999999999901477
.019999999999997537
3.999999999901477
.24999999999961514
.09999999999993843
.019999999999997537
.019999999999997537
2.999999999944581
.019999999999997537
.019999999999997537
.019999999999997537
.019999999999997537
.019999999999997537
.019999999999997537
.019999999999997537
.019999999999997537
.019999999999997537
.019999999999997537
1.4999999999861453
.019999999999997537
.019999999999997537
.019999999999997537
.019999999999997537
.019999999999997537
.019999999999997537
.019999999999997537
.019999999999997537
.019999999999997537
.019999999999997537
.019999999999997537
.019999999999997537
.019999999999997537
.019999999999997537
.019999999999997537
.019999999999997537
.019999999999997537
.019999999999997537
.49999999999846056
.49999999999846056
.24999999999961514
.019999999999997537
.019999999999997537
.019999999999997537
.019999999999997537
.24999999999961514
2.4999999999615143
.3499999999992457
.019999999999997537
.49999999999846056
.019999999999997537
.019999999999997537
.019999999999997537
.019999999999997537
.019999999999997537
2.999999999944581
.019999999999997537
.019999999999997537
.1999999999997537
.019999999999997537
.9999999999938424
.019999999999997537
.019999999999997537
3.999999999901477
.019999999999997537
.019999999999997537
.019999999999997537
.14999999999986144
.019999999999997537
.019999999999997537
.019999999999997537
.019999999999997537
.019999999999997537
.019999999999997537
.019999999999997537
.019999999999997537
.019999999999997537
.019999999999997537
.019999999999997537
.019999999999997537
.019999999999997537
.019999999999997537
.019999999999997537
.019999999999997537
.019999999999997537
.019999999999997537
.019999999999997537
.019999999999997537
.019999999999997537
.019999999999997537
.019999999999997537
.14999999999986144
.019999999999997537
.019999999999997537
.019999999999997537
.019999999999997537
.019999999999997537
.019999999999997537
.019999999999997537
.019999999999997537
.019999999999997537
.019999999999997537
.9999999999938424
.2999999999994458
1.4999999999861453
.019999999999997537
1e-12
.32999999999932944
.32999999999932944
1.4999999999861453
1.4999999999861453
.9999999999938424
.9999999999938424
.9999999999938424
.9999999999938424
