45.23831216321508
.31903529838548933
1.1626513578449031
48.48123394290463
1.3323117038425756
8.015431328943343
.8941613260716086
.1889050553181942
1.406154284650271
.07881224418145776
22.31954140263748
.7946291901521982
1.543013276115598
.019338258541807367
9.960958022888624
11.99221434820812
.01110129907237242
.08343013125955853
.016201837890134786
.00670099997077922
.04300185883372241
.014585100714854138
.009828442468556341
1.5608642646310944
28.460844113204175
.004853464073109009
.006390217144344597
.007230375012422965
.006397855882803813
.005345105585488884
.0001855767258729824
.014842867492430141
.0012349549318509594
.010141691149243993
.0002809046989209254
.004338523836582716
.00295966688601642
.002436949481578178
.008547847609814018
.00022275564381552814
19.115978950637373
18.584959023837637
.029392780840100823
.00376147314089615
.147883256375218
.010462951932407285
.00969369946640152
.5906469943627544
5.708251015861526
4.862210575400727
3.6867304573713464
5.392585844736179
21.19046893604089
20.10696565767327
2.0752377797303403
.00846887542367023
9.05690417222323
164.41566943843193
.34933248828406877
.18242186926351397
52.143717634205245
50.71997766699373
17.975680745680805
.005909505475483341
.002143838562478456
.0015957026007168177
.010980397917743226
83.3808926383741
77.09762811067432
.04039747954336146
28.089164842064786
3.5723799066823787
99.34159168093817
35.755047450653485
.0015397259849538728
.01002500903605684
.005663202624344119
2.6820902460995484
.001069529282963452
.009918302896244624
.01225408763485011
.008722556943697767
11.443831542184357
25.599015465521187
.010137615449868572
.05254645170925923
25.807874622710724
135.31283438007384
7.906808510930143
.015842750490039942
.010047871704972958
5.063657666005523
1.5969138188689809
12.880552872214725
10.62702328287747
6.36469708627257
8.243371202777922
7.060665852752487
3.7391839445041453
62.31058158466944
2.219329966472934
7.74026967676368
5.4313388062324
2.7282137968583586
.0029841254165825786
61.58394664059619
8.67835824608182
2.0801166438010323
.4920780694156572
.016842867334953902
.00018640220077252443
54.24236618636768
108.02647576521596
.0985329041884008
.003393128124773204
.5953307613371678
.0064418965983805854
.007112192234849853
.194361417229167
4240419651965458e-20
0
0
0
0
0
0
0
0
0
0
0
0
0
0
0
0
0
0
0
3.43464315923209
0
0
0
0
4.526368000677945
1367.612004723821
.004402797879763675
.11325775872341855
.018712479026185117
.22845530905706757
.8501374221472305
1.1257441405737787
1.5751172330061454
18.605210869473495
.01621543505554312
6.2235491577322835
6.381935588016845
.3709070458329585
.8923451871583519
77.57191851801056
88.43022784078772
48.79260366405857
77.5343107549192
3.320696407321101
1.9755130167247856
1.701766048285587
1.7987643368493673
2.7430002020054687
1.6710623602588501
2.5931309781607137
2.126586467905601
1.9109934589662227
2.2680041305030545
1.9053453810785363
1.9976838611350352
1.4212759825353545
1.9847818157197166
1.5584927864661005
2.590464101006262
1.9662173493655728
2.3676692508452004
2.256166672867719
1.7765108428039658
2.4692461514540978
2.7210282687945715
2.6227540661987048
2.0715145162037896
1.7428959849244237
2.4684557336272257
.02420382996072384
1.8996350603437875
2.487869468293591
6.0411587703410605
2.001521974225423
2.063143555171185
1.3062293833828036
2.9824200311695503
1.509507748295524
1.6210228612138113
3.151922386590667
1.329134047471475
2.0005382233715765
1.5018072442444836
2.0542157255506335
1.4642809798876817
1.9612635561780647
2.6299932386449636
1.9624335977693526
2.2018729557248964
1.7255223668688044
2.1578023308099943
1.8086252354321852
2.1848498738901503
2.8253810601305855
2.943428015494619
2.3799454975942234
2.12710504002321
2.1157145580347194
3.060155401827512
2.4549008549934737
1.0431420282105164
2.626555288701023
2.771929935887323
2.035385690842403
1.110320284727838
1.723299300609378
1.660938051277409
1.9197451232207519
1.5513130679349012
2.4072743714735836
2.391244638686248
1.8264832505060615
1.7772235137135173
2.5960305075278716
2.527854065293949
1.9963206756003806
2.116500593507206
2.2665567229646815
2.2416786708734633
2.448815384644039
2.4404490773215426
1.977484542140334
3.0465469416535518
2.245243641331803
1.7891873285700042
1.2858858376340212
1.5702180087369904
1.5627268295306393
.7549202788854698
.1864472080396555
2.0629256757507726
.011868062734919024
2.530275112698251
2.332570986075114
2.4611070697915385
1.8174069068950116
.18436320455365648
1.4793866291940283
.2084110844712238
1.1957337987845829
3.132811133553289
1.7615548119858808
1.8254430876229208
1.8769655707461315
2.0459191685724036
1.7276582410446735
1.9615094997841132
2.1150549243843897
2.2729342631310985
.009916520084076218
1.8726321930458287
2.0441209644874125
1.474873839845893
2.3658210078243904
1.8317341407461196
1.4181351830599944
2.2449802552878295
1.9839636578496302
2.0590008367353563
1.826324039315006
.7280619652214401
1.7589267739406806
4.723943195263229
6.290341886385195
1.478505445352364
2.0967202572468757
2.7317755639760555
2.6231696424185236
2.7940569459566356
1.9506368278234374
.008424062013176182
1.5662147713857033
1.3142485717687407
2.798857149193437
2.4140879721872106
1.7753540101991947
1.96292075365184
2.3409254078757513
2.0332460913008576
2.6858480842691437
2.2507634684162596
2.4714220990915434
1.692066477323459
1.6782894518774671
2.153517214519782
1.2795243246350259
.2176543970612491
2.2790860248545006
5.6074450735359544
1.5921165708129699
1.765054829139847
2.1304605711634452
2.247393517828707
.9701724761259016
1.649806865787211
2.0059306570990665
2.1853747267867214
2.303956257373017
1.38501024031854
2.1463818363502076
2.5325446276817707
1.749141873966191
2.415766066783324
1.5185109287333896
1.2432135537194502
1.6105664586780637
1.9385908581997684
2.3301312643913477
2.2628450094256083
2.7625292167036806
1.321141112851945
2.319010525483746
2.240815558142495
2.200339067976376
2.4764247556391754
1.6968765829831487
1.9201192296276395
2.871797935433877
1.9084803217052944
2.158385943017998
.025439428143833192
2.0678496316036927
.05909460530633633
2.0164558784606785
1.860749174002842
.5340654822370918
1.4306881524395
2.1904809860026493
1.2589679482756957
.048869297049394425
2.0873309028738465
1.1135111952775476
1.7256092113272052
2.1836468366897823
1.8485151104757351
1.518111498628945
2.5182056377715334
3.441238437240849
2.7851675776319373
.6818749516880794
.011575667437188896
2.046819701726908
2.368891203980048
1.9252047469599398
.04996284120035416
2.355233167775002
1.7393457515264081
2.099038117706022
1.2723318105405714
1.3145312024422433
.006186744178194298
.004472542426619838
2.3269124443775673
.560311402839156
.1432835388377968
.862802253275889
.20714784081168047
2.20546786871426
.11460830312742838
.09293458121537476
1.7245964300261871
.6012461098308953
8.581122315318579
2.261878851499478
2.2288801649925603
2.485704063299656
2.2840895273254094
2.1903878682041333
2.0608285509414337
.12549289766308644
.16460554031759436
1.948235942181726
3.0159944279217763
1.1081750492909164
1.9054585708581824
2.4052153610584615
1.934510734165586
.01036373306464531
.3028361287741505
3.0007400510435924
3.498019195486136
4.405049097525474
4.186243073114326
2.372400902457734
.011383677624171834
3.0507986761741543
1.4044829242080028
.014499252301696594
.010198743696032611
.15911961507823333
.01329783654010099
1.8261471686151978
2.925998423939455
.01
1.7696157566450714
.013870800356939104
.007114055568796714
1.8627928323712968
.009076206157532388
.008086232841755492
2.396550409759098
.006628332483391958
2.3144626583601493
2.1283659690160923
1.5777207999088534
1.8068931504263668
.0096283121983684
1.961185706330632
2.3696356310457136
2.4877096719151757
2.395774195397397
2.2463810414518717
2.832744237659952
.01051333193200198
1.3728335741543467
.010670037534262836
.00951904452241573
.011027746562311026
.012486616841139551
.010132867665658688
1.3365771139877294
.08947695348744661
.07097373375662855
.009323034306667016
1.3553404697158704
2.438526255655564
.0975646024543714
2.005071580950837
1.4836023173970303
.06757812259619173
2.4034063708961666
1.7693428004056262
1.7292852073308553
2.908877009961151
.0087341046974081
1.5424429852924197
2.5232268142285608
3.588020937602126
.7573706311963949
1.5340053703913104
2.1731216330545915
1.6103803871681395
2.245239374867093
1.6469188926556033
1.846231359453449
2.100886178955035
.009402584972961911
.20898657585005523
.19565102228241296
1.9602115628461454
1.5163537999539083
1.873949568885885
1.6882984114312996
1.4952563315107028
2.1858919392746374
2.1300187332996403
1.721949069896473
2.1181407995715404
2.2186112271686382
1.8796236708470817
.006364563227450078
1.587648135182011
1.9502215467064612
1.8107375992710184
2.212251622212638
2.9848902507076285
1.725546380609499
1.938437329641765
1.8428740765585552
2.077069131896033
.12204143988378116
1.9110883546332367
2.3476011960086987
2.341683264974163
1.5803604201170358
2.492697752807197
1.62852280843047
.23235694873217344
.15285284977174185
.1222363317416814
1.7412179583020932
1.9509797466183885
1.955145115524377
2.714589949639678
1.3735088381990197
1.769627973972271
1.5058702358209284
2.0322138942177737
2.4078389783487086
1.7151183037359166
2.215445866363769
2.297511874283706
2.0665984724102104
2.24239465928183
3.1784726101390754
2.0918254943941146
2.0934926612763913
1.785859996078173
1.4483723915739635
2.053674398358327
1.5955167231798741
2.2134553026267505
1.8404289313389297
1.6067992201989174
2.1981159856630743
1.7363721297924788
2.305785477456682
1.2308646568481327
2.348467295977727
1.6970948715955494
2.332160513136157
1.7352936905503258
2.203630281548712
1.624789687486459
2.049727274610698
15.63866638061287
17.823264081981083
2.345919843319813
2.2824731068139226
1.698319602787331
1.2769752083567971
1.6148278746187545
1.5659786932730633
2.5835942486647894
1.7953024257124957
1.72879749156062
2.13971946808362
1.8564077561810894
2.764776037513893
1.7218471145880307
1.8801129006355783
1.5218380117549042
1.9489069819233649
1.548241254546465
1.8088511957946052
1.3219097473975625
2.0136409016380705
2.0216139310150396
1.1806934390887647
1.95920971581774
1.548505232771241
2.468681396095256
1.7764330711256888
2.920918999703569
1.8704790921704124
2.009686522073052
2.4995477900049
1.236658408283137
2.5292266022955943
10.808215983533868
1.7221126020448083
1.7591173566932967
1.6697280366108123
3.514587278094342
1.932186736014842
2.0088952264762034
2.939881698080233
1.5102057938999023
1.969587609218736
2.7458202811136543
1.3351397247493717
3.222975397438274
2.4791332366325545
2.5912014125997755
2.0108535009365363
1.447577386715845
1.638226707597841
1.7299380559050737
.281908273962088
2.7074856377592753
1.8161679708583502
2.48000012025254
1.7071136274228111
2.0087711226471545
2.562708340784202
2.13734024264071
2.2006742752641046
1.9021849333309975
1.6838731237440288
1.4144536713867935
1.9656348418661678
2.3853101359914035
1.7940646799543556
1.7242367016375872
1.6335114128855965
1.7100145292455289
2.6485097493557013
3.014274243096777
1.9905478442250024
2.1527261470287864
1.7570811582933785
2.281135720289201
1.688190010896289
1.2146116416067823
2.1496564675640686
1.748936109681707
1.6826854523614565
2.3166444712938996
.16540646387210553
.9993496837193991
.1283731006981117
.9706250521247131
.10489644932262178
.9151200186380147
.08765856085031279
2.1566338128959597
.16774816203078427
2.5492170224262565
.08765901107779825
.9863389234494284
5.815182073658015
.3418472544847
.11094807099947333
1.3146187136096859
.07121335069476693
.21293933222451952
.04190321326603574
.8713862911820304
.07279114291619108
1.1111898474011304
.0978641397860332
1.3699966255447364
.1870640184890692
.9350654176753945
.04640521388602675
.7156679213141451
.05709637423213788
1.407332046978938
.00020944232364705488
.00039886752948641117
.11276520382405103
.12661822908729461
