45.979769855987385
.3251567846399585
1.1939464800779083
47.03175008141239
1.2672628790088936
7.646973017782055
.8662106687694718
.19091370424640602
1.3141482276094627
.07646117790451556
23.15237004229237
.7789703392769449
1.5816803839283966
.020095970183919547
9.489547263192955
12.321971754836056
.01056157918282523
.0802590889451352
.016641889684021367
.006620536623888706
.044936961029651695
.014431403713131539
.00992326565194888
1.64592922048443
29.496959857556316
.004855232927120624
.006457874199984582
.006880944668815592
.006164822495154789
.005194648589610271
.00018975727872573965
.014318346661998705
.001260851896571883
.009822737625319765
.00026526292876722523
.004558386151690944
.0028988378512742937
.0024309863909443203
.008535772764659885
.00022148877891782866
17.412001806878134
18.38889023832491
.030481948749615444
.003989347244324111
.1499652302781939
.010228355342382464
.00924507189052045
.6037476966188652
5.338113878129368
5.0686176143988915
3.418345764337237
5.138977864057449
22.112261600981135
20.19245917017863
2.1191804696445717
.007905575315666168
9.1108907025312
172.3057432653273
.3439930021133519
.18450321068420952
54.37673597938924
52.035215654106615
18.150552383764836
.006187784505892146
.002215312087912941
.001682019778193112
.010660517957391076
85.69618501797547
78.55640774254266
.04227568031968348
28.883711658666595
3.6263795094794604
100.13046510906942
33.72104653240414
.0015320374880427156
.010647270880744075
.005477613241865401
2.5958516854345457
.0010882551509770228
.009624969056791985
.012042393617954979
.008006780396564916
11.278242321843141
24.586847097348684
.010069175985128532
.05633783235952377
25.788702918750424
134.12362430813903
7.636889200487942
.016430972355320622
.009395709401183254
5.460398491696725
1.5830535652264042
12.53489787966787
10.33219368507264
6.520128426240142
8.31688321206038
6.811590970551409
3.6849371453512574
64.38525357341936
2.148207254835011
7.598355076751243
5.243287523345917
2.6704436903620454
.003086756092188826
63.722955524647425
8.791036745837381
2.207775742307653
.4991879012533104
.016839285827678123
.00017698867257810984
56.674103895662554
110.62352390424851
.0938132333953933
.003669738851740914
.629913810001578
.006068060837712966
.007044293739847456
.183595326013112
4335162830162822e-20
0
0
0
0
0
0
0
0
0
0
0
0
0
0
0
0
0
0
0
3.39083988046064
0
0
0
0
4.432034543247295
1352.6577938232501
.004340666700397733
.1028252016714953
.01932718887910597
.22997607460693323
.8502574569319638
1.1635005960211944
1.6179237817600562
19.42365123199334
.015695942053165837
6.316102928712894
6.237742188832966
.3451619877624621
.8693255226296495
81.75792204305682
92.03373337879647
47.764361320442255
79.00910755402019
3.49830980646632
1.901738384686104
1.5788740547628621
1.7933232653786952
2.7386642615085264
1.679583141306973
2.4685374143967667
2.058379811189245
1.9107349325532095
2.2356676331060794
1.9529557842970269
1.8348777039381554
1.4100747261515578
1.9628410035509514
1.5848035481824658
2.592894617590305
1.8920788868412608
2.1881206054082227
2.3374745658079314
1.8036160664185783
2.4868798724984913
2.71477535486047
2.619227202699008
2.0275736166097933
1.760208556668366
2.4509300689135385
.023706936374432237
1.7260878334351297
2.289083288046391
5.974936299336512
1.9569433583058793
1.9935025658619279
1.3543812054746143
3.0172011490517394
1.415806163847464
1.599454248363323
3.0235570109755487
1.2840006454750594
1.9743892730213215
1.4850964860595834
2.091288829465254
1.5524590265367197
1.8577673573841829
2.6733774020771874
2.0446237939492766
2.1773052488180795
1.8808008716303322
2.3201430545368993
1.8224033175288372
2.1535997753529306
2.5855816099040774
2.993261710831092
2.305982436978749
2.11669589390655
2.1214645390679983
3.023735282417573
2.409490493767857
1.0752944413311003
2.61895480877163
2.7715892587109816
2.0288599435750325
1.1852504060333597
1.7013564221035227
1.629703117501459
1.9917795812863777
1.6963142489302079
2.473618992717246
2.184971526820563
1.9088689478401004
1.894951556783078
2.4558159360628014
2.6969663793192686
1.990013295225109
2.238168529282968
2.3185630971723894
2.264946341550543
2.436043392674195
2.3450257833669803
1.8342122172843978
3.0560421377986815
2.1634237544693473
1.9075807248646415
1.303497792976221
1.5799679576751535
1.637316489866001
.7352739654628636
.18260978464668298
2.080860519632578
.011348333511121201
2.5216927668150833
2.1483261975441126
2.4470882037553254
1.8289222190850047
.19327519774785554
1.5104674516770698
.20663908006935178
1.2053168027356442
3.1647926757404194
1.7602061041843953
1.8384538760182756
1.9742607452175072
2.230477718028119
1.746156896522697
1.9499952049725233
2.225479008234328
2.312526340699164
.010180893872292316
1.8798028757591443
1.9141541272674862
1.4731512096628954
2.234072281367823
1.76173262084549
1.4488925447292853
2.302274948146767
1.9267884786254268
1.9498496847856368
1.8862089010396852
.7592917931434744
1.7560787254642487
4.793024943563185
6.473661112040912
1.5170535383305006
2.0540700774388028
2.5851024257592066
2.7353185742694737
2.8610720372946328
1.9272307310201826
.008979241585615765
1.5970392750801852
1.3604518564724422
2.881183479535816
2.3457284962799316
1.802049075053212
1.933482202817861
2.4505147102824147
1.9937753451476896
2.681881954477993
2.127093937261791
2.332553582447696
1.7468509206392075
1.6924705321968174
2.1156839759346098
1.3187535270815398
.22079341958336804
2.3784864014031157
5.477419728063001
1.5387743364036544
1.798092329063885
2.1656549557075726
2.411881173597486
.958025501390717
1.6105850193667404
2.224349643496737
2.0428816691840668
2.248371888323482
1.355299754194723
2.1119647868766913
2.5538157695117705
1.9491504990275386
2.545142570886197
1.4779325004304988
1.2391272602032377
1.5534663324076994
1.9245007621031702
2.4665928565463884
2.218211784486874
2.7968228449403574
1.342373847444375
2.3283362776561782
2.290646505389214
2.2133056735273104
2.5224659576601876
1.6318288566074628
1.8201400719107288
2.9046884962995465
2.044486549113447
2.0173671250026133
.02417856235592122
2.0616654639133993
.05828925238720743
1.9372763589984192
1.6782219236538602
.5396934471556035
1.3569369231007535
2.1300675352866087
1.243486240480746
.049518180831568885
2.1568020463030746
1.1504214936358563
1.557152793364175
2.2062344240545895
1.878547477924756
1.5210959343135517
2.472473880962786
3.2793385823676937
3.0038998558955776
.6708361725050651
.01165745782483067
2.012304642801881
2.185943645128415
2.0545617131821494
.04735699058712648
2.299211803945054
1.6993227634046957
2.1504794914046967
1.2506795207221741
1.2658258976806898
.00615695959069083
.004376184941153125
2.466749652350585
.6027137121770979
.14000859743281666
.828152926260358
.20780447191836318
2.268205226981045
.10753307495057177
.0974069449625366
1.8777818398787873
.5831624253806458
8.743358387810996
2.119443327871323
2.1031179696628253
2.488011350138736
2.4151652030269237
2.147196036813399
2.1256988808888253
.12848033934791314
.15362009064012666
2.000914291373885
3.221458372938602
1.0278005582327414
2.0118716986862992
2.398063366025352
1.8025473348547358
.010543779028213565
.2943718298547218
3.0055123746287076
3.6366562436013514
4.609262927002709
3.9404292765140028
2.5455821124476175
.0117097993059911
3.0227067312085314
1.3189858546142594
.01447859544360222
.010949246250356585
.15831151704003357
.012948493340204445
1.7338694839251272
2.901506486013267
.01
1.714220048818727
.014765736516229654
.007235619789559336
1.997064262810634
.00915567412261931
.007955960181421615
2.124778861712429
.00700081859629809
2.3691125131506245
2.22427502342922
1.6096458970189778
1.6357852816264253
.00965309690260671
2.041103671405796
2.4809483453976124
2.4435616800295787
2.4983792044240207
2.27887622570042
2.634583118109378
.010807695815104252
1.4454842743399867
.011371016558023873
.008958300133070989
.010480847063588119
.012463577724798502
.00981569432021704
1.512291044810428
.091552784478652
.07205153503234092
.009406047511906292
1.3427294236876122
2.333878023943974
.09249826523159532
2.0415293607152716
1.4932310179433885
.06278112575192345
2.2671355581038637
1.6273897656878644
1.653126978858193
2.839500127496943
.009429085615043744
1.572344169226911
2.4276168712401884
3.408981399685617
.7735005781729567
1.5722184306804539
2.286412774970537
1.6222711325103458
2.242178386796879
1.7778339272717483
1.8848955924543143
2.078621086784964
.008944737397741816
.22729176780466648
.20171502621105283
1.8870378700092523
1.4585812497033683
2.030769567663716
1.680775030120673
1.3739419300680482
2.2917953430074647
2.028158985292463
1.785365951693713
2.0701089965853745
2.1801237944165486
1.782449919434158
.006397899998503411
1.6026346420136863
1.9744614471657504
1.9000620205738559
2.169394682727042
3.168493460526728
1.723271768136023
1.9365166216426686
1.7804181652335913
2.117720723199012
.11689462424409296
1.9095493330006996
2.242403063344888
2.35076392577511
1.6135589894097322
2.527006924210968
1.6619814949283092
.23137743219924828
.15604644637393764
.12060998502150917
1.6768174245299177
1.945924040679972
1.8945251702179737
2.51747440660691
1.3752469306349173
1.8959063748515905
1.5155376986312863
2.0163749843304726
2.429364755961626
1.6715345913649768
2.322955268350719
2.4659618471050124
1.9805585708679911
2.3476226755972798
3.2899334126062034
1.9312957529502355
2.051766436965217
1.912858266208013
1.4350000603722186
2.058319394102929
1.5933452029974864
2.188443003763624
1.8217082146838677
1.6231919531559909
2.1879391537910218
1.7144302832979579
2.160571016753716
1.403552438247394
2.1696857042791136
1.698797587133818
2.488607791398478
1.7100872276042278
2.2097994695186567
1.6496074337361737
1.9714437076526037
15.189559271905983
17.830582089091756
2.500433780080198
2.0610361215577613
1.7552996462624666
1.3397996238564867
1.5768553777918346
1.5082795749726174
2.719627702140464
1.765436506780521
1.7152468731321004
2.2575560448244
1.8869329111364304
2.778735188780879
1.7682610419557776
1.7239893814488503
1.5342536278645034
1.8463583739994587
1.4779020434273762
1.7907894675456137
1.3486388226768187
1.9335900909509707
2.1516162027758163
1.2208692576726858
1.9582501467567066
1.623331513521901
2.3273625627460084
1.8858469249230139
2.960032087942566
1.884903076730869
1.9792305934983512
2.5350529941373057
1.1744247015509552
2.6505769274878044
10.215629064090935
1.8166264752693853
1.7782657579889927
1.66314964903035
3.401139351806555
1.8659114131894368
2.057740647901882
2.971284955954626
1.5469834796161694
1.8442780027789583
2.7435828105782654
1.4425958295548662
3.1522643065465874
2.490397457628758
2.5851893026422155
1.9981560593089545
1.3339511212423583
1.713225466867602
1.7135791966285512
.3067490190105219
2.687940792528067
1.813476937305001
2.3817797774662854
1.704138580252967
2.049139407255575
2.4928811281513306
1.965589110544855
2.10511362754491
1.8554739447156399
1.62250779069624
1.3886552400255328
1.9562245359909076
2.4263606177259827
1.7815793913506808
1.8159522706190327
1.596975902284826
1.6347517922513317
2.6399365818293146
2.904918695690096
1.9882073742029232
2.1353786467363323
1.7755413523894683
2.240701673434204
1.6025559373498866
1.2762035990466678
2.210575895128794
1.8265911078587531
1.7694295850245452
2.2089368488720154
.16305448734048553
1.0114006503376733
.11945581218531406
.9731011844269423
.10477404451517612
.8745136204542876
.08625599319254736
2.0549625392917465
.17111461507939876
2.562915256822285
.08912507076682395
.9745541019084402
6.025262567837158
.350483052992094
.1139559190839776
1.214447030689978
.06771700751571087
.2176061985599893
.03922253287034461
.8801399624467715
.07521614753304394
1.1321560503764816
.09936135099769451
1.2464241244664724
.17128561303094736
.9908019715360509
.04540088515934091
.7277879757832322
.057466918228873856
1.436654395447148
.0002012207946100896
.00039059510837898557
.11681045698492484
.12740102912833018
