.01600995372286525
-.03042147165328288
-.03729511397935266
.00037722090796815606
.0009258977265965329
-21681805025216658e-23
8594045507338634e-24
-42116798502992853e-23
-.00020100611432261184
-.0005906906285831093
.010116147492572619
.018143230881765213
5551504588593417e-22
17166203549428662e-23
.0003971750079974229
-.0037197603564754294
-49819422070235e-21
-8691713910509868e-23
.0005560938087253761
-.00412463282644539
.0016590498939590926
-.0006228653644635261
.0005562000757268294
-.0004864389585730505
-.0013353513590249673
-.00012852865892821357
.013135835332792561
.007063597259549189
-.001615737725142962
.0024944093628592083
17029586157135883e-23
3609361391642024e-22
.001194232061710538
.0008752092584503755
