.04583969895349117
.034566053304002003
.0009151162731939686
.002134581485880132
-.014339357225799244
-8615594359955338e-21
7187788954343508e-22
.015964132436381662
.00037254293803624185
12213471946052596e-22
-.00022134032188461588
-38078280030776105e-22
37261059215717947e-22
.0005407273063880597
-.006714158908753429
-.2402391113311025
.00481633663485143
26328958931240424e-23
34175928226138743e-23
5707635287852843e-21
-7926770503771433e-20
.0009262393864006631
18308401435614322e-22
.013164711795202129
-.019898747873585063
-6303635519347258e-23
-7414171132611144e-23
.00039973213274109034
.00039967166232982075
-17258602115673165e-23
7099437804969728e-23
16367293994948744e-23
2744315952828489e-22
21837282287461044e-23
21658915949493859e-23
5021494438817002e-23
22794241421994074e-23
-4500292770244901e-23
22128921664509937e-23
2134253224095746e-22
.002649783013280452
.017164410216979512
-.0036896637950144906
3139960057491623e-22
-4996904901675511e-22
-75993963397584985e-22
-1449670676082883e-22
14603724287221699e-22
-.00042904001735055616
-.02111676115423186
5830618405530824e-20
-5094276179375963e-20
-.00022438227447102685
.000941418204918576
.00011743760488259125
.00054708734965001
.015921633920257094
.003716666035937388
.0005863235302013617
29283738626417286e-21
.02352905010887181
-.017839722189999057
-.10476260880358802
.020600291000549432
-2629169674521292e-21
.0005566697436259492
-7923361670487692e-21
-.006114315973634502
.0019230851643998938
-3547439783378582e-20
.007302035507815053
.010690825895569855
.03715137521762774
.003966269587747146
10977878435923122e-23
2716055740937817e-22
12742647799831759e-23
.016160900979564675
-6612821290794099e-22
.015988144177789664
-6088280161845533e-22
.015979294447192902
-.00013190539366937822
-.010722011730047163
.0023984485439229675
.00013008719840277604
.2063570217207487
-.16083605740103804
.318532662297603
.00036428755387549563
24845403089899285e-23
.011673649472485968
-.02659328756724287
.0006444700486691721
.015393602642164623
.0014345906440158332
4187649257330144e-20
.001056985082113942
.0007200374012393549
-.10244224162447715
.07021032822465409
-.12779360378597313
.008140186832060407
.0026824000506716263
-17215547775620514e-21
.0030910598955311438
.12184920392206278
-.00019969690232880965
.16013707959631615
6296282787911689e-22
2285685345856848e-22
.04076083672604145
.015518082074266455
6846106989581565e-20
-42958504141370204e-24
.004939253234781084
.015991855303146944
.0006754504742362633
.0030904527765128306
5768559269320113e-23
0
0
0
0
0
0
0
0
0
0
0
0
0
0
0
0
0
0
0
-.021177471338984108
0
0
0
0
-.009266560598749468
.0003998503878817262
-3073225483260929e-23
5910032196025296e-22
27197446267865286e-23
0
-.009295085037304343
-.2748748882928233
-.00025638007882048075
.0034681349884773693
.733371696792853
.0200127511339375
.011744582227930893
.003315342914501675
.0092008069512814
.0031124803016206373
.00456209190305921
.0006835384468321457
.00039128364718646905
