1.4964275033559589
.7794043593672507
.012881836420317525
.0025227347685414666
4296233652547965e-21
.031310185012196824
6.880593263612336
.675527474078688
.05673715540344181
.07234480967763232
.06512586678309065
4.819887159660281
.7298234165065568
.3765169837962019
.005686364365787843
3.1608890079811647
.4121854875918499
.0031535560558595423
.06926867143651405
.005019818876481468
.001988500548009385
.01077670399214693
.00018461535272228178
.0027164778216891322
.29101118439722623
17.086314361274603
.0001535929166526186
.00541493219888477
.006266856789803328
.006077903388113497
13326843184109804e-22
.00017034813624004267
.012995893729071789
.0011547811430060062
.01012041535106506
22612394532109226e-21
.0023267492839882226
.0028426605720960666
.00034650716316426
.005374879936794712
31785760910711435e-21
.00608144129396928
.006322662546629811
.02016863315166632
.00035779134188020653
.11282985898465976
.00788473656868794
.0008772917564591612
.0527732158153797
.2733997339835035
.0011272966735525207
.5840417123625083
.009412527554572869
11.94834940200833
11.086666170987039
1.3300254515249454
.00685590392904411
.061970258542004615
.06862980659906044
.22271866550785138
.13021951583376565
30.047633288587214
23.81522393266123
7.86701416912776
.0023232277000274568
.0005225221958370426
.001431113357093113
.006296001981512244
3.0720430017670495
7.4911327852116765
.017888759269226676
22.148076231566076
3.265763680942932
9.99883131172726
20.78082565450682
.0014496906515780031
.009144916584311014
.0006489561501155949
2.158129212308491
.0003038734629200004
.0026407239573784584
.011114309481205346
.0003899531906360106
.8690237524817735
.7110768627897289
27720768889774873e-21
.008625410651713187
.8700409502778375
.7805697283212921
3.4979010970152467
.00015820128400166223
56167319212544675e-21
.5773142062675668
.7815649304417178
.07023756301193441
.010689856132211812
.2751459696174176
1.5257489816649883
1.4329292070481325
1.9822017619208783
1.6678662043237498
2.1344569737331143
.027262258638616
.03739019185502143
.009682888240888012
.00018674668369389938
6.405609357574605
5.9753580799218735
.5568730212980908
.017651286614552394
.004062628205235726
5804157430614228e-20
.0005299139056127747
.0928367376825422
.02011178518542552
.0008388977657714041
.4428764540338507
4871530782312943e-20
.00024165978593685441
.036640614004096746
21436938796190088e-21
0
0
0
0
0
0
0
0
0
0
0
0
0
0
0
0
0
0
0
.705668069123771
0
0
0
0
.5292623159101375
1284.1313857799767
.00445877073072653
.10458896368210124
.0199685188414462
.20912408002524696
.10872079051184146
.6494285005824767
.13989187009505014
.39864367427207625
.006416879241761726
2.906027753515353
3.3109704989201783
.017950976855882234
.04140673143748931
.8385012147200037
.5175529885606971
.24658420377395554
.41052328988362974
.019410297485883618
.019410297485883618
.2239287730880121
49963539637794475e-21
.019410297485883618
.019410297485883618
.019410297485883618
.019410297485883618
.019410297485883618
.019410297485883618
.019410297485883618
.019410297485883618
.019410297485883618
.019410297485883618
.019410297485883618
.019410297485883618
.019410297485883618
.019410297485883618
.019410297485883618
.019410297485883618
.019410297485883618
.019410297485883618
.019410297485883618
.019410297485883618
.019410297485883618
.019410297485883618
.019410297485883618
.019410297485883618
.019410297485883618
.019410297485883618
.019410297485883618
.019410297485883618
.019410297485883618
.019410297485883618
.019410297485883618
.019410297485883618
.019410297485883618
.019410297485883618
.019410297485883618
.019410297485883618
.019410297485883618
.019410297485883618
.019410297485883618
.019410297485883618
.019410297485883618
.019410297485883618
.019410297485883618
.019410297485883618
.2366055410344647
.010055711696122835
.019410297485883618
.010055711696122835
.1719758472158296
.08610155190378938
.019410297485883618
.019410297485883618
.033685034968913896
.019410297485883618
.019410297485883618
.019410297485883618
.019410297485883618
.019410297485883618
.019410297485883618
.019410297485883618
.019410297485883618
.019410297485883618
.019410297485883618
.15894840693100204
.019410297485883618
.019410297485883618
.019410297485883618
.019410297485883618
.019410297485883618
.019410297485883618
.019410297485883618
.019410297485883618
.019410297485883618
.019410297485883618
.019410297485883618
.019410297485883618
.019410297485883618
.019410297485883618
.019410297485883618
.019410297485883618
.019410297485883618
.019410297485883618
.2366055410344647
.2366055410344647
.1719758472158296
.019410297485883618
.019410297485883618
.019410297485883618
.019410297485883618
.1719758472158296
.059321332229046134
.20730342363329662
.019410297485883618
.2366055410344647
.019410297485883618
.019410297485883618
.019410297485883618
.019410297485883618
.019410297485883618
.033685034968913896
.019410297485883618
.019410297485883618
.14826954490033498
.019410297485883618
.2239287730880121
.019410297485883618
.019410297485883618
.010055711696122835
.019410297485883618
.019410297485883618
.019410297485883618
.11984163571599346
.019410297485883618
.019410297485883618
.019410297485883618
.019410297485883618
.019410297485883618
.019410297485883618
.019410297485883618
.019410297485883618
.019410297485883618
.019410297485883618
.019410297485883618
.019410297485883618
.019410297485883618
.019410297485883618
.019410297485883618
.019410297485883618
.019410297485883618
.019410297485883618
.019410297485883618
.019410297485883618
.019410297485883618
.019410297485883618
.019410297485883618
.11984163571599346
.019410297485883618
.019410297485883618
.019410297485883618
.019410297485883618
.019410297485883618
.019410297485883618
.019410297485883618
.019410297485883618
.019410297485883618
.019410297485883618
.2239287730880121
.19149356926429634
.15894840693100204
.019410297485883618
9999999999985056e-28
.20139569072139576
.20139569072139576
.15894840693100204
.15894840693100204
.2239287730880121
.2239287730880121
.2239287730880121
.2239287730880121
