.015480549683999006
.0033836087951230986
.001121116483241822
.0014397157330924607
-.21342414685356448
-.19824612143674558
182294383309895e-19
-.11119160420501234
-.0002629529268950818
2479275921078377e-20
.014204495444159537
-31849478151291184e-22
54547107630060815e-22
.013864750325796682
-.19842297225311098
.004044910706453238
-.11115171546817379
1675729539312986e-20
16269742129583355e-21
2374338783371059e-20
-527242105660773e-19
-.19991810302917185
-.19676218316993563
.0004243177123771199
-.012111156416137548
16929630421114034e-21
4277084044991569e-22
1723264293299828e-20
-60326950467229354e-21
21908774446850167e-22
980601635540276e-21
-33573542748543655e-22
8632948429778503e-22
3797749983691196e-21
-8441084173878274e-23
3652655076665986e-22
16636648232924012e-21
-606824814159597e-20
23788598406601892e-21
20774760541753837e-21
.003514864461191486
-.022836006510204506
-.014522087382389245
3381173258946341e-21
2641815754849358e-21
26530254025824786e-22
.0018209774270993428
-.02601666986280997
.0026261525710305116
-.0019353449310899609
.0017787935671773395
-.00039151130684340175
-.022705149151259336
.0004404974198159773
.013705543951566137
.015233188692896667
-.19570166214860885
.014642474282330396
.015537056780443832
8411023339520344e-20
-.17532879927279885
-.054047387366076435
.006951707570748022
-.15179924107091985
-29909321215594777e-21
.013786282143293398
.013775040066600299
.008726096496282807
.0006747344597543102
7886063374107367e-20
.009029747934860855
.004495253143654932
-.109101153847303
-.022816201505812376
7383518572324627e-22
17079748426846475e-21
.0002931924500876772
.0038428484697928082
-.19784642019319368
-.11115076697370523
-17875208677163115e-21
15167082440232506e-21
-.1472925637735149
-.01980247671624325
-327207717152098e-19
-.19775795950123248
.1857057776259951
-.15581923600873573
.297050062359177
.0033071485457889073
-.1980766224112375
-.14837868773496066
.21580955296544502
31119916833514915e-21
.0030408467311477845
-.01533283841648013
-.18469416040061293
-.1829400086392861
.0006257948286528674
-.1392916656222316
.06235161204434493
-.017030605491555738
.009653161829783184
.0035972459039393914
-.00140866591215643
-.1404040874388522
.03966159356704753
-.1979358544919656
-.015550180691339946
-.0021919746714768973
18144128989997805e-21
.003239457697367879
.012099988949431123
681673036197572e-19
-.19773888755644595
-.17396519418365824
-.11114733471729722
-.0026781198922688
-.19723667474231701
2075942676144052e-20
0
0
0
0
0
0
0
0
0
0
0
0
0
0
0
0
0
0
0
-.026424386963450505
0
0
0
0
-.035277495913474455
2329871660835864e-20
10573893565715873e-23
20638892117898717e-21
36966367201426515e-22
0
-.024751783950592805
-.2601923149232697
-4917114405878725e-20
-.1950404855850443
.7353241229952713
-.015915057238002992
-.0029693252694734306
-.1940217084820825
.009324651481533379
.0023081185473577915
.003628335455863431
-.01406618967475699
.013683813860818336
