.7358374722677752
.01210259588032786
.002383509965236181
35715399898336313e-22
.030163016609638157
6.876516207567553
.6861764014619681
.058103417779238595
.07295755269556795
.06738866098088486
4.799912179519688
.739544601300149
.38227885799745903
.00560539313255011
2.9266351950769005
.37723634489659086
.003326757215547963
.07278833776166721
.004364998731945481
.001773311277642169
.010768440450990558
.00021767531909691284
.002666412008934509
.284597247936304
16.746357492058756
.00016633173561824503
.005750774481255042
.0062650642752006954
.005684538931142352
123114674192875e-20
.0001726336071110351
.01429284505683985
.0012157901147016174
.01075969155954778
22636710956161467e-21
.0023310039633028428
.0028161427323040175
.00033414609953688395
.005567213826421023
3035118497338124e-20
.005695351910084278
.005967549606851922
.020678073394858613
.0003810965506212295
.11883868329316527
.008082665469915557
.0008338799867459975
.04516957002169252
.2751610660630099
.0012170000116034619
.5853219330732587
.009347828006302024
11.674526132228925
10.827452164870325
1.2947188076739387
.007048705248906718
.0639416119462999
.0712494241675568
.22304549708331461
.1261165129305095
30.013444579186803
23.663907656362166
7.56784275203124
.0021684106096981483
.0004796460972595522
.0013990597619924806
.006019122401167767
3.2311690635906585
7.50880923290008
.019520964595403933
22.320320784341646
3.324780010907358
10.376083651296547
20.924108850510812
.0014483738855757687
.008761635372008419
.0005925329198543343
2.203876381670404
.0003189621516557096
.0027981122402153265
.010739182212777566
.00038242147603216326
.925009787084152
.7042189899253177
29109856970294923e-21
.008263122218503385
.8484936889857434
.7559377898319155
3.4847375839549275
.00016324453330659466
579460682257177e-19
.6373889357508972
.8096979262551011
.07461436602844547
.01030776049436806
.2844707624592567
1.459703180473617
1.3717489213850194
2.1021239329688552
1.6805057664573824
2.1159084748938044
.02670787975600757
.03924501455172839
.00980954694538906
.00020127525543307286
6.524837005760032
6.0849119318819636
.5543844786873248
.016244613559239326
.004142693530399126
6742931245002634e-20
.0005844296735335903
.09409655119464373
.020256271343257994
.000809422926802846
.46822069222709745
5767166519487857e-20
.00021659337910024404
.03498145250627623
2090825710611544e-20
0
0
0
0
0
0
0
0
0
0
0
0
0
0
0
0
0
0
0
.7523624200022628
0
0
0
0
.5882338954783815
1276.1169377281285
.004416263771290092
.10020884923096708
.019229452658711718
.22831009400140134
.10844379796696108
.6190537022663626
.14339416511190203
.4093874305819426
.006467237285164502
2.9436578020772837
3.3307675165099626
.01828415386829647
.04182438092113637
.743036092455721
.5571645541671267
.2414096930502882
.4390255608226931
.01940930209187624
.01940930209187624
.2233552838490743
49197851292323076e-21
.01940930209187624
.01940930209187624
.01940930209187624
.01940930209187624
.01940930209187624
.01940930209187624
.01940930209187624
.01940930209187624
.01940930209187624
.01940930209187624
.01940930209187624
.01940930209187624
.01940930209187624
.01940930209187624
.01940930209187624
.01940930209187624
.01940930209187624
.01940930209187624
.01940930209187624
.01940930209187624
.01940930209187624
.01940930209187624
.01940930209187624
.01940930209187624
.01940930209187624
.01940930209187624
.01940930209187624
.01940930209187624
.01940930209187624
.01940930209187624
.01940930209187624
.01940930209187624
.01940930209187624
.01940930209187624
.01940930209187624
.01940930209187624
.01940930209187624
.01940930209187624
.01940930209187624
.01940930209187624
.01940930209187624
.01940930209187624
.01940930209187624
.01940930209187624
.23630238590397656
.009953642106271374
.01940930209187624
.009953642106271374
.17186563928546775
.08607947697499478
.01940930209187624
.01940930209187624
.033427067175893416
.01940930209187624
.01940930209187624
.01940930209187624
.01940930209187624
.01940930209187624
.01940930209187624
.01940930209187624
.01940930209187624
.01940930209187624
.01940930209187624
.1583381338678173
.01940930209187624
.01940930209187624
.01940930209187624
.01940930209187624
.01940930209187624
.01940930209187624
.01940930209187624
.01940930209187624
.01940930209187624
.01940930209187624
.01940930209187624
.01940930209187624
.01940930209187624
.01940930209187624
.01940930209187624
.01940930209187624
.01940930209187624
.01940930209187624
.23630238590397656
.23630238590397656
.17186563928546775
.01940930209187624
.01940930209187624
.01940930209187624
.01940930209187624
.17186563928546775
.05894226012490937
.2071174611995351
.01940930209187624
.23630238590397656
.01940930209187624
.01940930209187624
.01940930209187624
.01940930209187624
.01940930209187624
.033427067175893416
.01940930209187624
.01940930209187624
.14819352717344178
.01940930209187624
.2233552838490743
.01940930209187624
.01940930209187624
.009953642106271374
.01940930209187624
.01940930209187624
.01940930209187624
.11979555071780738
.01940930209187624
.01940930209187624
.01940930209187624
.01940930209187624
.01940930209187624
.01940930209187624
.01940930209187624
.01940930209187624
.01940930209187624
.01940930209187624
.01940930209187624
.01940930209187624
.01940930209187624
.01940930209187624
.01940930209187624
.01940930209187624
.01940930209187624
.01940930209187624
.01940930209187624
.01940930209187624
.01940930209187624
.01940930209187624
.01940930209187624
.11979555071780738
.01940930209187624
.01940930209187624
.01940930209187624
.01940930209187624
.01940930209187624
.01940930209187624
.01940930209187624
.01940930209187624
.01940930209187624
.01940930209187624
.2233552838490743
.19134631990507778
.1583381338678173
.01940930209187624
9999999999985e-25
.20122534716845478
.20122534716845478
.1583381338678173
.1583381338678173
.2233552838490743
.2233552838490743
.2233552838490743
.2233552838490743
