6153842101961242e-27
39.4298831135528
.14613060672064834
.3053252433670171
11.726162730783347
.3746960768353828
5.620675748229749
.20749625712858152
.0032789189875969856
.3179327338845031
.027149147046955223
7.61883320707004
.7628276563385552
.573786424564642
.008005513470501508
7.854511111053225
1.0723185565374362
.004037944376129566
.0768341871383672
.00442711077550441
.0017011298912582285
.04116866132413841
.0001351445227256599
22901043044367563e-21
.28723773906977107
4277139382571183e-23
12370828045677081e-30
.0051171872018237596
.006306308790750866
.006008957843149436
.0022336614193072023
.00019198097696701278
.014648669075273181
.0012867427934121621
.010279679343735165
3505012881982928e-20
.00045215688381612966
.0029944600157854194
.0004801208961457893
.0054265366850505545
1633829403844195e-20
9.38066837135952
14.170751400825221
.0065642392497414145
5549902941081272e-20
.11737529048333203
.0073180025223120735
.007356015489530927
.36897619081323335
7869851066408037e-26
.4353665737331618
27548801569169054e-27
3.857359137504712
17.439388060726685
14087603226797777e-25
2122793592831983e-25
.007379937453738294
2.937147212076479
12.978469079234257
2599349636248454e-26
22960973913452856e-27
40.66117781004747
26.261616537300657
9.125516938024733
.00236981012135316
.0006368740502457882
.001389706909269492
.006930044223229364
5408733786815506e-24
0
7849595083020248e-27
23.609230843695187
3.4888775654534365
9.703933582200989
17.21996381275213
.0014629902344889842
.008473202344558462
.00044151282672660034
2.1173957954084965
.0003952114512887255
.003505396526000425
.010913867336030175
.001530430323719504
.9039467688402598
1.601646310670106
.00012858163437363718
.02645709194648692
1.251160646473268
1.6374265273660502
3.0905658774427835
.0037815764960126975
.0004099173173262946
.6226243915883751
.8298738401019494
11756866839011365e-27
.5127286234896883
.7438304728184769
2.1280100169766563
2.6785039184562525
324154815758707e-24
5.759972664482171
1.9591599922217748
.48797405869429533
1.184502465396877
.9189273232708163
.0008586598611798889
47.9318461324189
8.202103615085559
.4688567117142125
.06478491197869837
5953526366744632e-28
6772224298622701e-30
31085635947532196e-25
5.032742907958289
.009435495136367775
.0005612552371474629
.48938997546496404
.0013199215250675128
.00021813321922500593
.016349135189628126
32346403199818743e-31
0
0
0
0
0
0
0
0
0
0
0
0
0
0
0
0
0
0
0
1.7387774342050986
0
0
0
0
.6382424974589129
1394.6824290773081
.004630434599246022
.10701655391155868
.018830070011811067
.22322927371159132
.5684826448701275
1.052981283764095
1.3803254558659686
1.4243558972705572
.007609046382461873
5.989909937746652
6.057846052211709
.14061369075397562
.34854738641703703
5.091245999143748
3.451269412189985
10266187230872638e-26
15984131425057527e-26
.019999999999997537
.019999999999997537
.9999999999938461
7.999999999606154
.019999999999997537
.019999999999997537
.019999999999997537
.019999999999997537
.019999999999997537
.019999999999997537
.019999999999997537
.019999999999997537
.019999999999997537
.019999999999997537
.019999999999997537
.019999999999997537
.019999999999997537
.019999999999997537
.019999999999997537
.019999999999997537
.019999999999997537
.019999999999997537
.019999999999997537
.019999999999997537
.019999999999997537
.019999999999997537
.019999999999997537
.019999999999997537
.019999999999997537
.019999999999997537
.019999999999997537
.019999999999997537
.019999999999997537
.019999999999997537
.019999999999997537
.019999999999997537
.019999999999997537
.019999999999997537
.019999999999997537
.019999999999997537
.019999999999997537
.019999999999997537
.019999999999997537
.019999999999997537
.019999999999997537
.019999999999997537
.019999999999997537
.019999999999997537
.49999999999846156
3.9999999999015383
.019999999999997537
3.9999999999015383
.2499999999996154
.09999999999993847
.019999999999997537
.019999999999997537
2.9999999999446154
.019999999999997537
.019999999999997537
.019999999999997537
.019999999999997537
.019999999999997537
.019999999999997537
.019999999999997537
.019999999999997537
.019999999999997537
.019999999999997537
1.499999999986154
.019999999999997537
.019999999999997537
.019999999999997537
.019999999999997537
.019999999999997537
.019999999999997537
.019999999999997537
.019999999999997537
.019999999999997537
.019999999999997537
.019999999999997537
.019999999999997537
.019999999999997537
.019999999999997537
.019999999999997537
.019999999999997537
.019999999999997537
.019999999999997537
.49999999999846156
.49999999999846156
.2499999999996154
.019999999999997537
.019999999999997537
.019999999999997537
.019999999999997537
.2499999999996154
2.4999999999615383
.34999999999924614
.019999999999997537
.49999999999846156
.019999999999997537
.019999999999997537
.019999999999997537
.019999999999997537
.019999999999997537
2.9999999999446154
.019999999999997537
.019999999999997537
.19999999999975385
.019999999999997537
.9999999999938461
.019999999999997537
.019999999999997537
3.9999999999015383
.019999999999997537
.019999999999997537
.019999999999997537
.14999999999986155
.019999999999997537
.019999999999997537
.019999999999997537
.019999999999997537
.019999999999997537
.019999999999997537
.019999999999997537
.019999999999997537
.019999999999997537
.019999999999997537
.019999999999997537
.019999999999997537
.019999999999997537
.019999999999997537
.019999999999997537
.019999999999997537
.019999999999997537
.019999999999997537
.019999999999997537
.019999999999997537
.019999999999997537
.019999999999997537
.019999999999997537
.14999999999986155
.019999999999997537
.019999999999997537
.019999999999997537
.019999999999997537
.019999999999997537
.019999999999997537
.019999999999997537
.019999999999997537
.019999999999997537
.019999999999997537
.9999999999938461
.29999999999944615
1.499999999986154
.019999999999997537
1e-12
.32999999999932983
.32999999999932983
1.499999999986154
1.499999999986154
.9999999999938461
.9999999999938461
.9999999999938461
.9999999999938461
