1.4888566497804843
.7777524284964402
.011493421590090385
.0029108114669950157
4947176036244866e-21
.035054655132333135
6.739875956853551
.7045519259599191
.05714130311766834
.0646863567281451
.06661038611996929
5.447121839822361
.7280755646774957
.41822396479516827
.006043430479501407
3.264854890135281
.3895851588211555
.0033528589282930464
.07473459269685621
.00476702004928753
.0018303864330867475
.009311916374622812
.0001743178225456471
.002648817152968978
.2966023127553287
17.875164113436057
.00014372111574945668
.00565734390059093
.006060303229993241
.005865612869175977
12222676121758942e-22
.00018634864219230717
.014218882971901126
.0012487485819232733
.009978094815559134
2552339661661072e-20
.0020881779236089433
.0029058395530221753
.0003563809604215406
.005259595271599927
40610775838791946e-21
.005869454368387309
.0060289515234846856
.021122115154876137
.0003127742672670171
.11132071466609361
.007644989565410193
.0008362594073352634
.039437020466590186
.2657707090013622
.001051425828573482
.5659862557097843
.009617793758529022
11.781054408336928
10.881631102317256
1.4139751827260945
.007119906875602442
.06409495158413078
.07141067019316819
.2160763711599697
.1318457721815211
30.148578002926875
23.51708984115784
8.47984121156026
.00220382579472187
.0005298006801742277
.0014081378452918708
.006539286158263988
3.0814508109786805
7.636226276010338
.019572736873581822
22.436535566285894
3.3898963239449826
8.88924468286271
21.007479317007782
.001419383274213248
.009573236204889656
.0006758600065215841
2.161874656438384
.0003258774575932417
.0028739536343143305
.0106946267839695
.000358557072366513
.971130881804358
.6607148327822081
26091897334112087e-21
.007015151129863255
.8242595775198385
.7368280953879579
3.2548297022274273
.00015831443705384012
44030483823173965e-21
.5707630970846237
.8617723102031237
.08406612769240046
.011768055019610363
.29327975803822015
1.6233414721040098
1.5146669480064252
1.8858082144636286
1.494458019041281
2.0131520454205822
.022202235917852222
.03620813641806242
.009413163118621523
.00016989610963197876
5.997020968716366
6.072524719192108
.5512088054542152
.01782111012547269
.0038236976037911573
625827470763463e-19
.0005218285732427035
.08875190568077579
.02021230055629399
.0009505836479599761
.41844579955197037
4695935784197567e-20
.00021477532710162904
.03657072054174561
2068533322373374e-20
0
0
0
0
0
0
0
0
0
0
0
0
0
0
0
0
0
0
0
.7636320961124474
0
0
0
0
.5376073709204958
1353.7650099514708
.004494586158567326
.10387688490984982
.018277630366212414
.21668013710301134
.11668589244715104
.660989872321379
.14002865367018172
.4477597013108328
.005867981405189431
2.884557810780699
3.1371762335723816
.016089483826947134
.039819068220251747
.8546670175114267
.5763696794459687
.28031350233047064
.4375399373231588
.019413236758807177
.019413236758807177
.2256305069685814
5364127710115197e-20
.019413236758807177
.019413236758807177
.019413236758807177
.019413236758807177
.019413236758807177
.019413236758807177
.019413236758807177
.019413236758807177
.019413236758807177
.019413236758807177
.019413236758807177
.019413236758807177
.019413236758807177
.019413236758807177
.019413236758807177
.019413236758807177
.019413236758807177
.019413236758807177
.019413236758807177
.019413236758807177
.019413236758807177
.019413236758807177
.019413236758807177
.019413236758807177
.019413236758807177
.019413236758807177
.019413236758807177
.019413236758807177
.019413236758807177
.019413236758807177
.019413236758807177
.019413236758807177
.019413236758807177
.019413236758807177
.019413236758807177
.019413236758807177
.019413236758807177
.019413236758807177
.019413236758807177
.019413236758807177
.019413236758807177
.019413236758807177
.019413236758807177
.019413236758807177
.23750288792657095
.010366499854647312
.019413236758807177
.010366499854647312
.1723016562566302
.08616676280741098
.019413236758807177
.019413236758807177
.034459727394435244
.019413236758807177
.019413236758807177
.019413236758807177
.019413236758807177
.019413236758807177
.019413236758807177
.019413236758807177
.019413236758807177
.019413236758807177
.019413236758807177
.16076372241432077
.019413236758807177
.019413236758807177
.019413236758807177
.019413236758807177
.019413236758807177
.019413236758807177
.019413236758807177
.019413236758807177
.019413236758807177
.019413236758807177
.019413236758807177
.019413236758807177
.019413236758807177
.019413236758807177
.019413236758807177
.019413236758807177
.019413236758807177
.019413236758807177
.23750288792657095
.23750288792657095
.1723016562566302
.019413236758807177
.019413236758807177
.019413236758807177
.019413236758807177
.1723016562566302
.06045523501752119
.20785346361659712
.019413236758807177
.23750288792657095
.019413236758807177
.019413236758807177
.019413236758807177
.019413236758807177
.019413236758807177
.034459727394435244
.019413236758807177
.019413236758807177
.14849422029208678
.019413236758807177
.2256305069685814
.019413236758807177
.019413236758807177
.010366499854647312
.019413236758807177
.019413236758807177
.019413236758807177
.11997780852606092
.019413236758807177
.019413236758807177
.019413236758807177
.019413236758807177
.019413236758807177
.019413236758807177
.019413236758807177
.019413236758807177
.019413236758807177
.019413236758807177
.019413236758807177
.019413236758807177
.019413236758807177
.019413236758807177
.019413236758807177
.019413236758807177
.019413236758807177
.019413236758807177
.019413236758807177
.019413236758807177
.019413236758807177
.019413236758807177
.019413236758807177
.11997780852606092
.019413236758807177
.019413236758807177
.019413236758807177
.019413236758807177
.019413236758807177
.019413236758807177
.019413236758807177
.019413236758807177
.019413236758807177
.019413236758807177
.2256305069685814
.1919289940802541
.16076372241432077
.019413236758807177
9999999999985118e-28
.20189948247674216
.20189948247674216
.16076372241432077
.16076372241432077
.2256305069685814
.2256305069685814
.2256305069685814
.2256305069685814
