1.4888566497804843
.7778743920185784
.01149265207730671
.002911130079016049
4942685684100313e-21
.0350585477251109
6.739875505666818
.7045519224170181
.057129590725072996
.06468968037221275
.06661038643639362
5.447120047784073
.7280755642716321
.4182238295352169
.006043429039196135
3.264854246749434
.3895784031640126
.003352145025868843
.0747345927839285
.0047670199285525525
.0018303863870761563
.00931232853451267
.00017432230957086653
.0026482036041055837
.29661604866336483
17.87518043919388
.00014368599422195412
.005657343684678013
.006060303474013531
.005865612739626827
12222544232006133e-22
.00018634864219230717
.01421888297190115
.001248748581818262
.009978094815559134
25523388253534357e-21
.002088177907846829
.002905839552692411
.0003563808505740045
.0052595952717549455
4061076140709417e-20
.005869391037756108
.0060266790008709
.021122110163644965
.00031277426695177556
.1113207147183408
.007644984094386127
.0008362586767485474
.039437000065925494
.2657073886502844
.001051399576191919
.5659863809901691
.009617717175470513
11.78105434008748
10.881631111154773
1.413975185382936
.007119907024643908
.06409480716323593
.07141059438012116
.21607637160822102
.13184577227736405
30.148578002926875
23.51709023071035
8.479809939943344
.0022034188972791507
.0005296836671971028
.0014081377134047592
.006539287505971336
3.081441579305778
7.636222201314763
.019572715059098827
22.436535064100383
3.389896332568392
8.889090850607698
21.00748261084927
.0014193832761427814
.009573236048483032
.0006758602633192286
2.1618747203992337
.0003258034574889477
.002873304150516733
.010694626420684486
.00035848790642890426
.9709338067811748
.6605713260039886
26085275570870934e-21
.007015133712332921
.8240857552773364
.736667018566513
3.2548051488622254
.0001583124113658179
44752008467869236e-21
.5707534802412363
.8617541598830042
.08404834339701665
.01176564231063672
.2932455057366894
1.623341910016142
1.5146669356150553
1.8858052547269222
1.4941556251792012
2.0131520529372247
.022196984315396344
.03620129720727246
.009413149595869343
.00016989578548184595
5.997016058402139
6.072433847083852
.5512088713522464
.01781720287864041
.0038236905657208866
625826184514731e-19
.0005217271991975944
.08873286732847718
.020212302999464558
.0009503784161705253
.4184457917626199
46948771574525014e-21
.00021473299411377172
.03657072405854561
2068530124906533e-20
0
0
0
0
0
0
0
0
0
0
0
0
0
0
0
0
0
0
0
.7636321337312559
0
0
0
0
.5375987132097083
1353.7650099514708
.004494586158567326
.10387688490984982
.018277630366212414
.21668013710301134
.11667060438432125
.6609899758780478
.14002866075356413
.4477596091663519
.005867951111543354
2.896041916143632
3.1461749198554423
.016089492066141034
.03981909073567955
.8546670307834427
.5763697076064638
.28031278879704896
.43753884254684705
.019413236758807177
.019413236758807177
.22563050638479681
5358649427127957e-20
.019413236758807177
.019413236758807177
.019413236758807177
.019413236758807177
.019413236758807177
.019413236758807177
.019413236758807177
.019413236758807177
.019413236758807177
.019413236758807177
.019413236758807177
.019413236758807177
.019413236758807177
.019413236758807177
.019413236758807177
.019413236758807177
.019413236758807177
.019413236758807177
.019413236758807177
.019413236758807177
.019413236758807177
.019413236758807177
.019413236758807177
.019413236758807177
.019413236758807177
.019413236758807177
.019413236758807177
.019413236758807177
.019413236758807177
.019413236758807177
.019413236758807177
.019413236758807177
.019413236758807177
.019413236758807177
.019413236758807177
.019413236758807177
.019413236758807177
.019413236758807177
.019413236758807177
.019413236758807177
.019413236758807177
.019413236758807177
.019413236758807177
.019413236758807177
.2375028879105385
.010366417047674827
.019413236758807177
.010366417047674827
.1723016562562975
.08616676280740937
.019413236758807177
.019413236758807177
.034459682070852454
.019413236758807177
.019413236758807177
.019413236758807177
.019413236758807177
.019413236758807177
.019413236758807177
.019413236758807177
.019413236758807177
.019413236758807177
.019413236758807177
.1607637186198127
.019413236758807177
.019413236758807177
.019413236758807177
.019413236758807177
.019413236758807177
.019413236758807177
.019413236758807177
.019413236758807177
.019413236758807177
.019413236758807177
.019413236758807177
.019413236758807177
.019413236758807177
.019413236758807177
.019413236758807177
.019413236758807177
.019413236758807177
.019413236758807177
.2375028879105385
.2375028879105385
.1723016562562975
.019413236758807177
.019413236758807177
.019413236758807177
.019413236758807177
.1723016562562975
.060455208450000394
.2078534636143613
.019413236758807177
.2375028879105385
.019413236758807177
.019413236758807177
.019413236758807177
.019413236758807177
.019413236758807177
.034459682070852454
.019413236758807177
.019413236758807177
.14849422029199444
.019413236758807177
.22563050638479681
.019413236758807177
.019413236758807177
.010366417047674827
.019413236758807177
.019413236758807177
.019413236758807177
.11997780852604353
.019413236758807177
.019413236758807177
.019413236758807177
.019413236758807177
.019413236758807177
.019413236758807177
.019413236758807177
.019413236758807177
.019413236758807177
.019413236758807177
.019413236758807177
.019413236758807177
.019413236758807177
.019413236758807177
.019413236758807177
.019413236758807177
.019413236758807177
.019413236758807177
.019413236758807177
.019413236758807177
.019413236758807177
.019413236758807177
.019413236758807177
.11997780852604353
.019413236758807177
.019413236758807177
.019413236758807177
.019413236758807177
.019413236758807177
.019413236758807177
.019413236758807177
.019413236758807177
.019413236758807177
.019413236758807177
.22563050638479681
.19192899407931563
.1607637186198127
.019413236758807177
9999999999985118e-28
.20189948247513534
.20189948247513534
.1607637186198127
.1607637186198127
.22563050638479681
.22563050638479681
.22563050638479681
.22563050638479681
