1.508309762914103
.5660380074710017
.009927686401263541
.001993908050674735
3372941342634626e-21
.03187676544775032
6.375926558038286
.6852968271097701
.055086220774838775
.05705284212950522
.069055200119353
4.671645508091913
.7493069042319058
.293538355743744
.004530554973271781
2.7690981017439533
.29243656256766126
.003412405516399143
.07136831009820616
.004828399936872039
.0017811704559965583
.00891571461590181
.00015496992872333722
.0027858814405493314
.2795992763502609
17.543546001913313
.00015033983664266884
.005732251171109974
.006350826761919967
.005726407317963031
14734775507022846e-22
.00017421023433273253
.013821455852341817
.0012508225858729551
.010008577369930058
1769817453996371e-20
.0020588838382010043
.0028347998029038235
.0003047906526502681
.005142816137189363
2845068622657567e-20
.005731203003118119
.006215485338970876
.021028959521499083
.00035029382688069776
.11509798772603877
.007632361409557887
.0009556691701489298
.047455542798154934
.26581510642728157
.0011093721737189634
.5447248816057249
.009098405795288063
12.414092389153556
11.396571437963866
1.5413902213631079
.007047975962010135
.05793704936810449
.06397067368939376
.22080800029669803
.1266874811731448
29.889203161145293
23.742667901390128
8.005025912959766
.002343346155323863
.000443967719060436
.001427862246719292
.005952183315475728
2.7870045656736187
7.267373213675694
.018554898178472043
21.839060801310108
3.580158641248358
10.06821810816626
20.510777598553876
.0014707037128909386
.009028032786006775
.0006146550173812429
2.129212571398296
.00033941419879771355
.0028787416515719676
.010761211104213693
.00034525060042785746
1.0045747703028156
.6680466284224924
2891954926890097e-20
.007721438528713984
.8873872914673617
.7954337108901166
3.535502452012691
.00017812350803000928
7341113071565417e-20
.678367424249079
.7825216064428168
.07850065038611544
.010153670009380543
.2579120989386235
1.4950054129055064
1.4163182889982164
1.9437428539083157
1.6708812622110303
2.0593422897876756
.027055508641048685
.03420118117486949
.00896192631850145
.00018042395123067136
6.315215924657344
6.247427848886369
.5642981912938347
.017053968797960072
.003715761358051815
5929518890800687e-20
.0005645169674314602
.09533183578772422
.022468075770674584
.0008088043287540263
.43547335363158834
4991669966790022e-20
.0002260960050807576
.03618184780507512
18976865908773252e-21
0
0
0
0
0
0
0
0
0
0
0
0
0
0
0
0
0
0
0
.7608841787604423
0
0
0
0
.6035281326297375
1310.3313960334829
.0042233397874731635
.10434849005239603
.01906914447362093
.21539387960822
.1047654106332352
.6396788028450684
.14215067429790063
.41096998549253394
.0064997418720094185
3.1032596395369714
3.3534169186498897
.016325155454316793
.04291785146201556
.7564506551226186
.580864431536811
.2318261016837578
.419767079928073
.01940568527008214
.01940568527008214
.2212836297317614
454638375439434e-19
.01940568527008214
.01940568527008214
.01940568527008214
.01940568527008214
.01940568527008214
.01940568527008214
.01940568527008214
.01940568527008214
.01940568527008214
.01940568527008214
.01940568527008214
.01940568527008214
.01940568527008214
.01940568527008214
.01940568527008214
.01940568527008214
.01940568527008214
.01940568527008214
.01940568527008214
.01940568527008214
.01940568527008214
.01940568527008214
.01940568527008214
.01940568527008214
.01940568527008214
.01940568527008214
.01940568527008214
.01940568527008214
.01940568527008214
.01940568527008214
.01940568527008214
.01940568527008214
.01940568527008214
.01940568527008214
.01940568527008214
.01940568527008214
.01940568527008214
.01940568527008214
.01940568527008214
.01940568527008214
.01940568527008214
.01940568527008214
.01940568527008214
.01940568527008214
.23520399692116797
.009588054096574922
.01940568527008214
.009588054096574922
.17146573949298335
.08599930455908818
.01940568527008214
.01940568527008214
.032504296659364953
.01940568527008214
.01940568527008214
.01940568527008214
.01940568527008214
.01940568527008214
.01940568527008214
.01940568527008214
.01940568527008214
.01940568527008214
.01940568527008214
.1561401236484646
.01940568527008214
.01940568527008214
.01940568527008214
.01940568527008214
.01940568527008214
.01940568527008214
.01940568527008214
.01940568527008214
.01940568527008214
.01940568527008214
.01940568527008214
.01940568527008214
.01940568527008214
.01940568527008214
.01940568527008214
.01940568527008214
.01940568527008214
.01940568527008214
.23520399692116797
.23520399692116797
.17146573949298335
.01940568527008214
.01940568527008214
.01940568527008214
.01940568527008214
.17146573949298335
.05758405745027514
.20644308072439543
.01940568527008214
.23520399692116797
.01940568527008214
.01940568527008214
.01940568527008214
.01940568527008214
.01940568527008214
.032504296659364953
.01940568527008214
.01940568527008214
.14791760768370454
.01940568527008214
.2212836297317614
.01940568527008214
.01940568527008214
.009588054096574922
.01940568527008214
.01940568527008214
.01940568527008214
.1196282275114047
.01940568527008214
.01940568527008214
.01940568527008214
.01940568527008214
.01940568527008214
.01940568527008214
.01940568527008214
.01940568527008214
.01940568527008214
.01940568527008214
.01940568527008214
.01940568527008214
.01940568527008214
.01940568527008214
.01940568527008214
.01940568527008214
.01940568527008214
.01940568527008214
.01940568527008214
.01940568527008214
.01940568527008214
.01940568527008214
.01940568527008214
.1196282275114047
.01940568527008214
.01940568527008214
.01940568527008214
.01940568527008214
.01940568527008214
.01940568527008214
.01940568527008214
.01940568527008214
.01940568527008214
.01940568527008214
.2212836297317614
.1908121708008024
.1561401236484646
.01940568527008214
9999999999984916e-28
.20060753393285996
.20060753393285996
.1561401236484646
.1561401236484646
.2212836297317614
.2212836297317614
.2212836297317614
.2212836297317614
