6135371656628721e-27
39.98433170988076
.15503008668213233
.28635670885903736
11.87724441932764
.37633823035203495
5.7386249082937715
.21805763278124934
.004001740489414626
.32871956557408366
.02614706634536023
8.193922121363734
.7366960596735825
.5786348885965346
.007832210339923564
7.891557315882576
.9425504652726634
.004124625925107816
.07550899609695025
.0045650093210654425
.0019775873476693896
.03998268460446528
.00014225588374178877
9550920909168221e-21
.27691537605401967
4350135965494587e-23
11050581705949512e-30
.00506485957110967
.006341241052996393
.006025625088748013
.002297564970369946
.00018570914864863024
.014160301170542875
.001262760059932414
.010152322248602968
3811790125871095e-20
.00047920962605980727
.0029499750794799826
.00052419030062722
.005476017309927036
1580515876519347e-20
9.47065684583915
13.801465726921478
.005771791181921753
59057553447756754e-21
.12469932332916334
.007532621186425505
.007435631096574959
.3921841253192335
82396411925654e-24
.4241830066460132
2791776678533676e-26
3.9248882660523163
18.172268268810836
15970895831547776e-25
21167133133086822e-26
.006837181773254662
2.8209524445664984
13.841143576969252
2629247808982503e-26
22742633432463578e-27
43.78215135875564
26.094499654015543
8.883374277371107
.002446199178105064
.0006144435150445814
.001402405299781432
.006862662101130202
5365327872821422e-24
0
7577256575467278e-27
23.37234303675185
3.5362973102633526
9.729941020115037
17.232709498763594
.0015221824992794751
.008433144470211873
.00040593427144599583
2.1833328844484146
.00039837103557305894
.0034398026137025806
.011587744512899083
.001596078023863179
.9157609414470769
1.584953805759694
.00013300608338739009
.02731497306830571
1.3978008647302147
1.6330922568262505
3.299647754850498
.003611800913673363
.00044496553054392804
.606140409612531
.8020144197579866
12461712172974387e-27
.45640670045231035
.7706257960200846
2.029101695902252
2.6746203622870723
32611842018728967e-26
5.501770108469235
2.0341357700838003
.4756454792898756
1.1784329493265433
.9395738253820134
.0008280019151992245
47.88841615658477
8.207192971415388
.45353682159004827
.06248802703720528
6450781926773623e-28
68287096121233995e-31
32919625836057045e-25
5.201149996546226
.009797006494960018
.0005012045272310238
.5057255851231759
.001304181825937269
.00020436204697806153
.015362850463620004
3283125057219263e-30
0
0
0
0
0
0
0
0
0
0
0
0
0
0
0
0
0
0
0
1.9073267417499715
0
0
0
0
.6179590830854652
1347.5895937889613
.004575430064734417
.10660149344898
.018609932466321005
.2353230446224473
.5217180320452879
1.0251366001726063
1.3515801658255537
1.362017640259231
.00784821957825893
6.132473394482472
6.351133257579909
.1413126926095328
.34701082044042164
5.321896488423779
3.80521401351119
10025983602220057e-26
16026512599875248e-26
.019999999999997548
.019999999999997548
.9999999999938646
7.999999999607336
.019999999999997548
.019999999999997548
.019999999999997548
.019999999999997548
.019999999999997548
.019999999999997548
.019999999999997548
.019999999999997548
.019999999999997548
.019999999999997548
.019999999999997548
.019999999999997548
.019999999999997548
.019999999999997548
.019999999999997548
.019999999999997548
.019999999999997548
.019999999999997548
.019999999999997548
.019999999999997548
.019999999999997548
.019999999999997548
.019999999999997548
.019999999999997548
.019999999999997548
.019999999999997548
.019999999999997548
.019999999999997548
.019999999999997548
.019999999999997548
.019999999999997548
.019999999999997548
.019999999999997548
.019999999999997548
.019999999999997548
.019999999999997548
.019999999999997548
.019999999999997548
.019999999999997548
.019999999999997548
.019999999999997548
.019999999999997548
.019999999999997548
.019999999999997548
.49999999999846617
3.999999999901834
.019999999999997548
3.999999999901834
.24999999999961653
.09999999999993865
.019999999999997548
.019999999999997548
2.9999999999447815
.019999999999997548
.019999999999997548
.019999999999997548
.019999999999997548
.019999999999997548
.019999999999997548
.019999999999997548
.019999999999997548
.019999999999997548
.019999999999997548
1.4999999999861955
.019999999999997548
.019999999999997548
.019999999999997548
.019999999999997548
.019999999999997548
.019999999999997548
.019999999999997548
.019999999999997548
.019999999999997548
.019999999999997548
.019999999999997548
.019999999999997548
.019999999999997548
.019999999999997548
.019999999999997548
.019999999999997548
.019999999999997548
.019999999999997548
.49999999999846617
.49999999999846617
.24999999999961653
.019999999999997548
.019999999999997548
.019999999999997548
.019999999999997548
.24999999999961653
2.499999999961654
.3499999999992484
.019999999999997548
.49999999999846617
.019999999999997548
.019999999999997548
.019999999999997548
.019999999999997548
.019999999999997548
2.9999999999447815
.019999999999997548
.019999999999997548
.1999999999997546
.019999999999997548
.9999999999938646
.019999999999997548
.019999999999997548
3.999999999901834
.019999999999997548
.019999999999997548
.019999999999997548
.14999999999986197
.019999999999997548
.019999999999997548
.019999999999997548
.019999999999997548
.019999999999997548
.019999999999997548
.019999999999997548
.019999999999997548
.019999999999997548
.019999999999997548
.019999999999997548
.019999999999997548
.019999999999997548
.019999999999997548
.019999999999997548
.019999999999997548
.019999999999997548
.019999999999997548
.019999999999997548
.019999999999997548
.019999999999997548
.019999999999997548
.019999999999997548
.14999999999986197
.019999999999997548
.019999999999997548
.019999999999997548
.019999999999997548
.019999999999997548
.019999999999997548
.019999999999997548
.019999999999997548
.019999999999997548
.019999999999997548
.9999999999938646
.2999999999994478
1.4999999999861955
.019999999999997548
1e-12
.3299999999993319
.3299999999993319
1.4999999999861955
1.4999999999861955
.9999999999938646
.9999999999938646
.9999999999938646
.9999999999938646
