.10069954435077634
-.18199709180300205
-8351549867939823e-21
-1555368741390013e-20
2560260743962441e-21
-8501327175184585e-23
22808070019525416e-22
20662186832529197e-22
-.00020161591554310505
-.0005749648872377269
.0075069098354268865
.01387077813865809
-9260071581613256e-23
11599639728484614e-24
-.00042868296701517833
-.0004296715083850309
23328361846466867e-22
2425536753889463e-21
-.001240034017828651
-.0028965770794486334
-.0032191072213409765
-.0010390286030672665
-.004678012286681921
-.004864876495397201
-.00047493676950238734
-.0005127423582211925
-.0034529647970659356
-.0030929404928863122
-.0004327307278496796
-.0030392765436477462
-4642122068452434e-25
8360068805199233e-25
-.00015870335058353237
-.00046959158535843685
