.018411941552105477
-.004577208007789157
.00044188659636105695
.0012926422470030032
-.016760521617486885
-63213344825549526e-22
40757560291885555e-23
-.0040850312223087125
-2109873102400001e-20
-8488396982644565e-22
-.00016397498937391797
-4060872793326221e-21
37715131428790206e-22
-3959030206162976e-22
-.0009098899920774003
.09154073555988315
-.003712376086752299
8758998588549408e-23
-469004227083717e-23
4837810824573592e-21
-7154292328069594e-20
2511093790105315e-21
45959688940231195e-22
-.002963268369523029
-.02928231769167119
1109373930616575e-22
-32366189916064566e-23
35629992409669127e-23
-10677742376843082e-23
-22944487976949689e-23
40956429131782213e-26
-9076511239867585e-26
25325708930278124e-25
-17925578563490374e-24
370496343068197e-24
-3123783439198121e-24
-8359714715033829e-24
8563080500031122e-25
-3144969834094821e-23
-3363856571342343e-26
-.0029685044859880214
.03173397731472956
-.003012562455795111
8703536265641557e-25
-5904114761861086e-22
4425776990412185e-21
20252525756566165e-22
-.1820382774578318
-.004599833997799888
.11447821648243078
-.005111502777655435
-.0004450505763518919
-.0007533852934398838
.0005360942342513034
-28278927018770865e-21
8086585530907291e-20
-.0035454312220622973
-.0033005069228124627
8522979706178029e-20
8081283113301397e-21
.020123323273848023
-.023355618272390292
.02342338323655271
-4853471288348991e-21
-5023397270245708e-21
-.0031700859952979344
6843735388551607e-20
-.005667646832138435
-721194062661357e-19
-.0032096149930210473
.004429716108475926
-.0025607067272534812
.14778313912226057
.0003764263496111328
8059288247936041e-20
20211088945109983e-23
11884635099613148e-23
-.005353968254495531
-2026367369527365e-21
-.004167753557483214
-50504448016202926e-22
-11589550283311579e-21
-.015626458834242914
.037419441891402665
-.0043365794191236665
.00011745552542876172
.19235796417833512
.0704771805157712
.2696937866112795
.00012154082772880958
-18317747585282427e-22
-.010726621637280047
-.04774071884134347
-31987277557945036e-21
-.18296332492329326
-.18055002434687206
-.0003574150082033452
-.00010435512741167501
.0003250119069841984
-.06540865431514135
.18278395212183549
.0034118953719789
.0012445268757845383
52262306334672935e-21
-.004766534167536847
-.0023973218462545677
.10223284949908018
-.00019809280585760152
-.004001239912530866
6178940639833194e-20
15403347103292372e-23
.007483353476811396
.0023715024984542485
7990271542344594e-20
-.17235398162602156
-.17673067469424178
-.004181304918361337
.00047522307477106774
.0002410157661962501
4528529943390684e-23
0
0
0
0
0
0
0
0
0
0
0
0
0
0
0
0
0
0
0
-.032190027426823656
0
0
0
0
-.017555177570294036
41888488871170853e-23
-5737854085296526e-23
39232954266703586e-24
7532442058593882e-24
0
-.021512426225493455
-.260823957272892
-.00022504840598284298
.002164063803722546
.7656273077576827
-.009837339627204476
.003500522027759679
.002814070245673338
.004678383389227352
-.003183793569072058
-.0029063135747446262
-.001646346234591267
-.0003944792107238101
