683520119582163e-21
21424159683793897e-24
-16103232367705518e-23
.004551726934751134
56436644501215986e-25
36639700223084624e-25
-.0007778715552866955
-.0007855449912451988
-.0007784937811161337
.001842919850796785
-.0007058663663879508
-1294860982688828e-21
-.00045127280273724155
-30188957638132214e-26
1077555194885631e-24
9741409557433152e-25
-8568924161700513e-20
-.06645853354050675
33973577606106713e-23
18226318461806088e-25
-.0008848229905944183
5437777170828024e-24
-20928308995834423e-22
-.0007853798056456739
-.03911256074168057
-4909129227526452e-23
-5251367534054864e-20
.006041942522360822
-.039289511556481416
.00024141397159112862
-.03511005283620882
10029251738872959e-23
.001843201452828914
789278579521528e-20
0
0
-.03909779218430701
-.0008283641750921191
-.0037494253707995957
-4307207766272405e-22
-.03983858028887047
-.04120528294666322
-3168605228328121e-23
0
0
-7411353805199294e-24
161952110391065e-22
-.000785135633332671
.0009688868668500278
282877356761984e-23
35838504581947914e-25
19583998006404865e-25
23611153189387195e-25
15508606375130897e-25
35044367933244123e-25
18276907907575367e-25
-.06194974566164723
-.09414754084891241
.004579049691455518
45474970451878286e-24
16413333905283808e-25
16632162670704407e-25
368397050086841e-23
14755882482033586e-24
-.0014631549400004288
-.12426943205349407
-11056735147434394e-25
1202412300041688e-22
-3785587049937808e-22
.001492101496028737
-.0007849562360989807
-.03897920880855927
-798634615152073e-20
.0005369360840860255
0
0
0
0
0
0
0
0
.0011924459205130673
-.00016387511428594907
-.12185923882848272
-48157038626862925e-21
-.002020244120415799
-1198546325185924e-22
-.14317009171972508
0
0
.002330041930961976
-.0003112789630451657
.0014614687784784551
.0012088288428671516
-1921914221752187e-21
-26401013355321305e-21
-.04258829266640668
-.032051947042200546
-.06996465962260442
-11030812762472592e-21
.03399556599411457
-1323579116898649e-20
22348570037847273e-23
-.09639308695281272
3101234322198182e-21
-.0008040350397820923
-.0004514905428883791
-6255739060196703e-20
.0012546617209416614
-.00019496594009169935
-.06438357719108585
-.0549827267589438
-675747854788352e-19
9397406032197015e-22
2655451526352079e-20
3345103569125961e-23
-.09670398088146855
-22439936929904068e-23
-.2941503789874347
-4358678527246934e-21
0
0
0
0
0
0
-.06322871076340032
-.04119408636911089
-.20163851563701385
0
0
0
-.2100078683284242
-.05985445250397182
-32995368670674174e-21
-7427747373925764e-20
.0028787115974494713
-.12425167187489165
710465670202153e-20
-.0007852742627673634
-.0005676616920942308
5817378018404651e-22
-.03935118013922826
-7339352082383483e-24
-.2033191354485063
11465093741933378e-21
-.0009469914525962079
-7082072985180754e-22
8636679359378501e-21
-.07396507933846411
-9048569450141803e-24
0
0
.001322970372568259
8372000320408339e-23
-.00031272482940573025
-.0002368811066607555
-.0004259446789357573
-12234736863393667e-21
-13021098973131582e-21
-.059385975719822896
.004550757522143822
.004552727032563253
-906449100757426e-21
-28471740078949914e-24
.0005398266404260657
-.047983396675352306
5883999612487835e-22
36571180936535724e-23
-.015676409623524627
-.001461571690470286
-.05578888929951386
-.04988111197632193
-9883872260316415e-21
-.13111200048653587
-.07010411493494034
.022762654447114967
13741222909725296e-23
-.0403130616686939
11080470656540475e-21
-.061703037199019616
.002660588689506458
.009717791242660643
-.058802575310318156
-.003846116932144367
-.004241868762878313
-.06389619867054941
-.05316272696715323
-.06938875104941886
-.062351856055348744
.004551300533019027
.0013139882192955204
0
0
0
-.056464973664942276
-.07069894753422323
-.06493821366340245
.0012578341075545857
-.0693584205022752
-.08686658862612248
-.10534341609337573
-.06490677882560067
0
-.06244599849028772
-.0014652340091589645
-.0635545967437185
-.06315076998824298
.009266323571495996
5858942777648186e-21
.03263422354434249
-.4414645681612107
-.16170552555963086
-.01138333381492299
-.001705811926510174
-.004947640638064157
-.0002835358875777541
-.06271470653836757
-.002159028566581967
-.058994204114207846
18056163919857842e-21
-.09881108181049704
610722260069793e-20
.0016706297228082868
.0025824272364806376
3001890815752134e-20
.002012007561100851
.0010370206001736337
.0009487092556988124
.0002410449667617933
-31597977940594873e-21
1591328664632296e-21
4698193709794472e-21
-.09333204344815967
.015395814704316673
-.06160489021849748
-.06592221617898986
-.06215942352799273
-.08893210220866112
.001053124813976587
-.13437409692927976
-.05535871904535331
0
-.06691589696544747
-.06676051784939006
.0015672382746818897
-.07307351864418321
-.08905727521184638
0
-.06801839679507633
.02896215668453285
-.07798366918826477
-.06576142867022941
0
-.06438520549887058
-.06669533538691806
0
-.0655438146445803
.03759827817997487
-28607338382291655e-21
.0013131827739056394
0
-.06574790686045204
.1044804020737903
0
0
0
0
0
-.06602975034624085
0
-.06660445138994513
-.07001706872544282
-.06626874171610067
-.06634203969275601
-.06573151258323802
-.0008850148040075487
-.06024590512418967
.00038074272725180917
-.04817340113731684
-44276082942058105e-23
8653244579270966e-21
-.06208563136221859
-30272918000028635e-21
-6407800380985467e-23
-.0007954662348703039
-5618827444071298e-20
-5366951946751034e-24
0
0
-.06419902061900469
-.053577697349149384
-.0474830254874642
-.1509351510587752
-.08057653103253636
-.042832035780669374
-.0008310924519021693
-.21424439732694747
691485674883271e-20
-.05814559357761361
.001412195713265597
0
-.06795544554599152
.0014081976084247734
-1323829322885434e-22
0
0
0
0
0
2655372089157234e-20
117020447056774e-22
.1523173856060884
-.0004514566983138597
.0009731356046290286
-.039602726121840556
-15397940197762492e-22
6680971623152182e-23
0
-.00019704116198170928
-.06545132778854917
-.0002014903176150168
-5919474108359993e-21
-12185345681589875e-22
-.062266179813336896
-.03905993426375859
-.00012340696892861953
.0018405124049575114
1850397216416771e-24
-9001391850715103e-25
.0018418722682014192
-.00045147654020038965
19500314357011812e-21
.0014088687011881774
-10156395957577284e-23
.0018407841898135642
-14215634261167245e-25
-7203325298201065e-22
40331200315881486e-24
-.039372596307426726
-8717620354911616e-24
6961343037600479e-25
-.07218448547602654
-37684584047993214e-23
-4782349723431162e-24
1295925125798091e-23
4749172458996427e-24
0
0
0
0
-26012353349805884e-21
-16670621237977708e-21
-11090266420339639e-21
-21740468546368074e-21
2051376142971987e-22
-24322193732168095e-23
-.09614215495418561
-39725538765136726e-24
-.0007850226272169609
5973779407745962e-22
17575305002377535e-21
13553265471211342e-25
3987742475231845e-24
-.03909236322158239
-.00044014619332966075
.0005732347561491844
1285913121530729e-23
1703876063484075e-23
-.06195695427201306
-.06506500705041816
-.0833138879826743
-.058822576835491386
-41473901775431825e-22
-.00027929743028003276
-.060503922169284886
-.06247144644048575
-.05991956955276099
-1276576451069425e-20
4338527339198544e-23
0
0
0
0
0
0
0
0
0
0
0
0
0
0
0
0
-.06201740448266623
.0018428273012881958
.002343853092486329
-.0007846835166323297
.0019693946786607805
-35443671605199774e-24
21299615527302367e-23
-5046230155057413e-21
3043366937580686e-24
-.07901970287694181
.004570944140451731
-1310266645424312e-24
-1376816461319441e-20
-634975169791232e-20
0
0
0
0
0
0
0
0
0
0
.0018562966314569337
.0018423848190536765
.0018420810975511089
-.20566650306390963
-.0006010581540090923
-2681122975897876e-24
-5282479337303727e-25
-4202864093126421e-21
5916376857780175e-24
-.0007855199459400468
-.0007851991203811643
-.0007844090651242353
-18442794229749047e-25
0
0
0
0
0
-6764397148721939e-24
17723365250960354e-24
460658081185139e-23
10981721587847203e-23
-.08054283224844654
2769808627328899e-22
.0005266544939564034
8617746553424033e-21
-2672652184978369e-24
-.2094125933344383
-.08759209778674722
-61575590992383616e-25
7725914272997713e-23
-10480250765412383e-25
0
0
