3.02174774813286
.010044093818490758
.000799949409170329
3181148673547213e-20
15605945859710804e-28
.0025145290643925765
6.21451480463939
.6661887299440209
.050832170103326926
.011174793994917956
.06639819704532826
.7476160448859281
.701982959657891
.045188774919847144
.0006902182020337142
.006864224730451355
.0008055189579874302
.0027224021251120957
.07278722540040615
.004848691718835511
.0021638093145530946
.0017653228889495526
3256225245146621e-20
.0021814595620270483
.05697624816535053
3.751768694379847
631026668711596e-20
.0054851364885773754
.005904667309479776
.005530337236994821
18543406362049392e-22
.00018293743273640475
.013770997066137887
.0011578398699687304
.008933239262609156
3008325859437215e-21
.0024309147031896456
.0026997245579616735
41999627995342024e-21
.0049258761569300775
4413747563325642e-21
.0055279153501615955
.005527486870313285
.02063613055104142
.0005999954725775236
.10175959341652298
.00802416468810162
.0006006523677214783
.03093175610553533
.08486751970497072
26342422811203503e-22
.13192653926577602
23003903721862298e-21
9.090513837039842
8.591169317245477
1.2094507785361572
.007195554379004734
.0006484022105776761
.0007083696778733869
.1674285434675164
.11710112549846562
9.710030024895197
7.861085415849927
2.5617984087026766
.0018254812453998722
.00029435777378944634
.0013962199505316963
.00542118391359481
.006706496286536261
3.4748628515361015
.0007850442827972117
9.710030024895197
3.2632027716469962
9.51161898947375
8.953382312154027
.001384872594431704
.008377547605246803
.0001476495563111092
1.949704850020597
.00025076517150143834
.001960908758094837
.010648952947705626
6661050588702438e-20
.7007001052163574
.05638084075378116
19424250902578542e-21
.0006777712359935222
.4081512909873509
.38078478113668507
2.399943565956152
.0001334963018511376
.0003793301292452102
.7272112265152273
.7400080241815563
.13759830363392186
.00026534156947437834
.15849731542712459
1.1813371997033546
1.0390172501399058
.07114902260360338
1.2648498946492486
1.983924788993065
.02057883605554424
.019662540557501898
9014809036255848e-20
.0001803843648057964
3.688586762903433
4.311675675696872
.43022387904426856
.003592646300336224
.00012123568200781737
16285371250008035e-22
4703821259599151e-23
.04635097800479741
.017489688369473778
.0005351344820474411
.3238488256533019
31937798588445246e-21
.00019878174602780914
.02782788654151723
6861946589410108e-22
0
0
0
0
0
0
0
0
0
0
0
0
0
0
0
0
0
0
0
.07313761100173824
0
0
0
0
.1471077895146039
1310.360119749552
.0039891172028480755
.08991669954357319
.018798320635144906
.2053197614521194
.017868548197576484
.39913963948104925
.013360490891700045
.36285040778183353
.003841478852131366
2.312514790606378
2.242309044352991
.0018537831012051178
.005003024439314311
.4809904998526116
.3928760685844541
.2077414289601148
.2772810439109504
.018827099949966532
.018827099949966532
.04871602510662926
25197644876550324e-26
.018827099949966532
.018827099949966532
.018827099949966532
.018827099949966532
.018827099949966532
.018827099949966532
.018827099949966532
.018827099949966532
.018827099949966532
.018827099949966532
.018827099949966532
.018827099949966532
.018827099949966532
.018827099949966532
.018827099949966532
.018827099949966532
.018827099949966532
.018827099949966532
.018827099949966532
.018827099949966532
.018827099949966532
.018827099949966532
.018827099949966532
.018827099949966532
.018827099949966532
.018827099949966532
.018827099949966532
.018827099949966532
.018827099949966532
.018827099949966532
.018827099949966532
.018827099949966532
.018827099949966532
.018827099949966532
.018827099949966532
.018827099949966532
.018827099949966532
.018827099949966532
.018827099949966532
.018827099949966532
.018827099949966532
.018827099949966532
.018827099949966532
.018827099949966532
.11035851159725861
22527710925613246e-21
.018827099949966532
22527710925613246e-21
.1174513239420514
.07392088585629135
.018827099949966532
.018827099949966532
.00034684607276181035
.018827099949966532
.018827099949966532
.018827099949966532
.018827099949966532
.018827099949966532
.018827099949966532
.018827099949966532
.018827099949966532
.018827099949966532
.018827099949966532
.016128707267303435
.018827099949966532
.018827099949966532
.018827099949966532
.018827099949966532
.018827099949966532
.018827099949966532
.018827099949966532
.018827099949966532
.018827099949966532
.018827099949966532
.018827099949966532
.018827099949966532
.018827099949966532
.018827099949966532
.018827099949966532
.018827099949966532
.018827099949966532
.018827099949966532
.11035851159725861
.11035851159725861
.1174513239420514
.018827099949966532
.018827099949966532
.018827099949966532
.018827099949966532
.1174513239420514
.0013095485595812227
.12154948359732165
.018827099949966532
.11035851159725861
.018827099949966532
.018827099949966532
.018827099949966532
.018827099949966532
.018827099949966532
.00034684607276181035
.018827099949966532
.018827099949966532
.109285947418423
.018827099949966532
.04871602510662926
.018827099949966532
.018827099949966532
22527710925613246e-21
.018827099949966532
.018827099949966532
.018827099949966532
.0953327241627517
.018827099949966532
.018827099949966532
.018827099949966532
.018827099949966532
.018827099949966532
.018827099949966532
.018827099949966532
.018827099949966532
.018827099949966532
.018827099949966532
.018827099949966532
.018827099949966532
.018827099949966532
.018827099949966532
.018827099949966532
.018827099949966532
.018827099949966532
.018827099949966532
.018827099949966532
.018827099949966532
.018827099949966532
.018827099949966532
.018827099949966532
.0953327241627517
.018827099949966532
.018827099949966532
.018827099949966532
.018827099949966532
.018827099949966532
.018827099949966532
.018827099949966532
.018827099949966532
.018827099949966532
.018827099949966532
.04871602510662926
.12117771117301138
.016128707267303435
.018827099949966532
9999999999969786e-28
.12174344312128751
.12174344312128751
.016128707267303435
.016128707267303435
.04871602510662926
.04871602510662926
.04871602510662926
.04871602510662926
