6172977142940794e-27
39.88455268659237
.16894340036909702
.28006913138799255
12.665220037929156
.36680054472842216
5.633391343946628
.1922281224879077
.0043538756733108265
.32102418373088826
.029377831779688317
9.258038670457514
.7631198148235582
.5450695126834199
.007758434407418258
8.358042367025734
.9753627124806817
.004394873055100007
.07727657622926748
.004328016236452187
.0019394266411719807
.04325599604992751
.0001169018171473749
28770599535742036e-21
.2980758556263337
40128344714819916e-24
1379894732196265e-29
.005176617510561584
.006393210663805003
.005825817551890202
.0027386062552027957
.00019433408126245312
.014628956600626337
.0012304413484642653
.009489761780665877
3672771710692339e-20
.0005290768496032194
.002869553729711842
.0004761459096127297
.005249175332649782
16136375395656393e-21
8.151412988009671
13.908620651474152
.006930151242465328
6643675878989203e-20
.11127953781788388
.00788544744873221
.0070721668348336575
.3938414033196288
8103217876885234e-26
.42100581872377457
31093497775869586e-27
4.0651968298108745
18.953035697709527
17733463220135566e-25
24079602424628343e-26
.0077614789013131565
2.9808256315112653
15.264116879128105
2737810098571603e-26
26846072772644964e-27
43.23520101705052
26.86055993730962
8.371092425647904
.002432124526368701
.0004868328202132045
.0014378378092891842
.005987332842170939
4996104320917438e-24
0
72510486289573325e-28
24.007987819674064
3.4662385242128444
8.98418313128703
18.332197757276642
.0014746219263125416
.00759740134508801
.00044677634323581815
1.9173797033456443
.00041159172700698315
.0032343162215433844
.011173209770523227
.001812693032444167
.8809363302922824
1.3691912860288538
.0001395126837869105
.025404962555563165
1.3537504349086575
1.6628624703523662
3.009200238908367
.003915929280275706
.00042710410564572647
.6910844138410615
.7751287198623644
11655998990468901e-27
.4634849981267941
.791876923448317
2.112861914627821
2.8325266307232955
3585247072102992e-25
6.120787345078228
2.004713916285866
.5971205285425072
1.0373704797687382
.9367768070847439
.0009394699443248273
42.8397220993064
8.089007119001849
.431715820444015
.06601828493231529
6516264893876666e-28
6603366873466062e-30
32253115439456843e-25
4.47724489144975
.01152476105112833
.0005009219393786034
.4847150550943963
.0014150955532488668
.0002524100498668033
.018063360632613486
33379782616950674e-31
0
0
0
0
0
0
0
0
0
0
0
0
0
0
0
0
0
0
0
1.9045239539302532
0
0
0
0
.6184373059040902
1391.9935871501225
.004237633213239169
.09551837487719071
.019969427777086827
.21811087421614184
.48472649285408537
.9862350975630864
1.4064368958863918
1.537089779123722
.007663829960572115
6.236577510530524
6.0665005533107825
.1327911976783325
.3654443906589779
5.110716150863124
4.067913662584472
1142534445440409e-25
1523957916632698e-25
.01999999999999753
.01999999999999753
.999999999993827
7.999999999604929
.01999999999999753
.01999999999999753
.01999999999999753
.01999999999999753
.01999999999999753
.01999999999999753
.01999999999999753
.01999999999999753
.01999999999999753
.01999999999999753
.01999999999999753
.01999999999999753
.01999999999999753
.01999999999999753
.01999999999999753
.01999999999999753
.01999999999999753
.01999999999999753
.01999999999999753
.01999999999999753
.01999999999999753
.01999999999999753
.01999999999999753
.01999999999999753
.01999999999999753
.01999999999999753
.01999999999999753
.01999999999999753
.01999999999999753
.01999999999999753
.01999999999999753
.01999999999999753
.01999999999999753
.01999999999999753
.01999999999999753
.01999999999999753
.01999999999999753
.01999999999999753
.01999999999999753
.01999999999999753
.01999999999999753
.01999999999999753
.01999999999999753
.01999999999999753
.49999999999845673
3.9999999999012323
.01999999999999753
3.9999999999012323
.2499999999996142
.09999999999993828
.01999999999999753
.01999999999999753
2.999999999944443
.01999999999999753
.01999999999999753
.01999999999999753
.01999999999999753
.01999999999999753
.01999999999999753
.01999999999999753
.01999999999999753
.01999999999999753
.01999999999999753
1.4999999999861107
.01999999999999753
.01999999999999753
.01999999999999753
.01999999999999753
.01999999999999753
.01999999999999753
.01999999999999753
.01999999999999753
.01999999999999753
.01999999999999753
.01999999999999753
.01999999999999753
.01999999999999753
.01999999999999753
.01999999999999753
.01999999999999753
.01999999999999753
.01999999999999753
.49999999999845673
.49999999999845673
.2499999999996142
.01999999999999753
.01999999999999753
.01999999999999753
.01999999999999753
.2499999999996142
2.499999999961419
.3499999999992438
.01999999999999753
.49999999999845673
.01999999999999753
.01999999999999753
.01999999999999753
.01999999999999753
.01999999999999753
2.999999999944443
.01999999999999753
.01999999999999753
.1999999999997531
.01999999999999753
.999999999993827
.01999999999999753
.01999999999999753
3.9999999999012323
.01999999999999753
.01999999999999753
.01999999999999753
.1499999999998611
.01999999999999753
.01999999999999753
.01999999999999753
.01999999999999753
.01999999999999753
.01999999999999753
.01999999999999753
.01999999999999753
.01999999999999753
.01999999999999753
.01999999999999753
.01999999999999753
.01999999999999753
.01999999999999753
.01999999999999753
.01999999999999753
.01999999999999753
.01999999999999753
.01999999999999753
.01999999999999753
.01999999999999753
.01999999999999753
.01999999999999753
.1499999999998611
.01999999999999753
.01999999999999753
.01999999999999753
.01999999999999753
.01999999999999753
.01999999999999753
.01999999999999753
.01999999999999753
.01999999999999753
.01999999999999753
.999999999993827
.29999999999944443
1.4999999999861107
.01999999999999753
1e-12
.3299999999993278
.3299999999993278
1.4999999999861107
1.4999999999861107
.999999999993827
.999999999993827
.999999999993827
.999999999993827
