1.5096754830450505
.6364370955433714
.012938561845569874
.0020093475586855313
4612810688362977e-21
.030476459295401576
6.54844554006712
.642721363099419
.05843015402677367
.05698349429729112
.06775271004681291
4.286139514415252
.7271844961006647
.25716881172580636
.0038151485091408614
2.7633977210398237
.33104217911817074
.003663726908112438
.07513413897827072
.004680265151271602
.002092066589192367
.008691911946195376
.00014805028856535677
.002910536270222042
.2874707766433596
16.186809015078037
.00016828258271688363
.005736884018639351
.006139255133146423
.005688581494277363
1938593555083051e-21
.00018855419056918536
.014193835787481675
.0011936247618880445
.009207517490585793
1719388055388085e-20
.0022825947231795464
.0027834366459260876
.00023236512658270678
.00508482138032456
24709616305390843e-21
.005784400474020485
.006144180119251676
.020329736856639833
.0003612741759762938
.10529844612750762
.008149599413501098
.0010674613983449061
.057246312313523874
.30079230314352684
.0010981819785198935
.5915843739794934
.009392074607834528
12.79774861122633
11.975043958358032
1.4378561382556336
.007477276323821205
.05958009470557436
.0653793774789
.2059764793495093
.1364677280368712
29.870993559399327
24.030698391418078
7.781533857787922
.0023077639284843385
.0004146834981497123
.0014283640241058357
.005740123637489954
3.1665818127212084
7.035380592745665
.021493215397968526
22.897985306564678
3.3666004881665987
9.67443511827928
21.487242739987984
.0014296618750431914
.00859645880292293
.0006487216543131639
1.9781238298041801
.00034122376968239874
.0026682062797736463
.010942818185212845
.00040664940451186246
.8958592276054261
.7131394713057881
3199814474648584e-20
.009368383750611865
.8451390540051315
.7613593913204946
3.393469775927309
.00018980657181208343
5332819980171162e-20
.7401432485657047
.817389636408908
.080118723857308
.009954254486435549
.27377393241222425
1.5929203081731236
1.498578750478163
2.3170520200620635
1.6408604262965865
2.0651046115299625
.030764205963596178
.0352914121123699
.009118528593447093
.00024798399935114807
6.62329445275378
5.961983290130992
.5001913972856332
.017148956014925866
.004250254410802856
6880511662978027e-20
.000583788297091905
.09267269453519172
.02360147754248457
.0008559482869970517
.4088035272982801
5800835068460709e-20
.00024345275732888004
.037626981147559094
2311760479504197e-20
0
0
0
0
0
0
0
0
0
0
0
0
0
0
0
0
0
0
0
.748050259614203
0
0
0
0
.6031279650064884
1350.5925813773674
.004111596513972958
.0926774445552407
.01937549228606892
.21162376849533848
.09712379641336721
.6217865469523869
.13834623687575004
.42419644625381686
.006231984273366116
3.0859000648586226
3.231840083897629
.014926740791254013
.04090533143220677
.7922830457178321
.6268674793375294
.2925919265297085
.39065393315419195
.019405155222623066
.019405155222623066
.22098179944573776
4526279748103271e-20
.019405155222623066
.019405155222623066
.019405155222623066
.019405155222623066
.019405155222623066
.019405155222623066
.019405155222623066
.019405155222623066
.019405155222623066
.019405155222623066
.019405155222623066
.019405155222623066
.019405155222623066
.019405155222623066
.019405155222623066
.019405155222623066
.019405155222623066
.019405155222623066
.019405155222623066
.019405155222623066
.019405155222623066
.019405155222623066
.019405155222623066
.019405155222623066
.019405155222623066
.019405155222623066
.019405155222623066
.019405155222623066
.019405155222623066
.019405155222623066
.019405155222623066
.019405155222623066
.019405155222623066
.019405155222623066
.019405155222623066
.019405155222623066
.019405155222623066
.019405155222623066
.019405155222623066
.019405155222623066
.019405155222623066
.019405155222623066
.019405155222623066
.019405155222623066
.23504345133456403
.009538462697695326
.019405155222623066
.009538462697695326
.17140720642106377
.08598756026911708
.019405155222623066
.019405155222623066
.032373960677031674
.019405155222623066
.019405155222623066
.019405155222623066
.019405155222623066
.019405155222623066
.019405155222623066
.019405155222623066
.019405155222623066
.019405155222623066
.019405155222623066
.15582124492395882
.019405155222623066
.019405155222623066
.019405155222623066
.019405155222623066
.019405155222623066
.019405155222623066
.019405155222623066
.019405155222623066
.019405155222623066
.019405155222623066
.019405155222623066
.019405155222623066
.019405155222623066
.019405155222623066
.019405155222623066
.019405155222623066
.019405155222623066
.019405155222623066
.23504345133456403
.23504345133456403
.17140720642106377
.019405155222623066
.019405155222623066
.019405155222623066
.019405155222623066
.17140720642106377
.05738986722403369
.2063444263718636
.019405155222623066
.23504345133456403
.019405155222623066
.019405155222623066
.019405155222623066
.019405155222623066
.019405155222623066
.032373960677031674
.019405155222623066
.019405155222623066
.14787721056174138
.019405155222623066
.22098179944573776
.019405155222623066
.019405155222623066
.009538462697695326
.019405155222623066
.019405155222623066
.019405155222623066
.119603723263357
.019405155222623066
.019405155222623066
.019405155222623066
.019405155222623066
.019405155222623066
.019405155222623066
.019405155222623066
.019405155222623066
.019405155222623066
.019405155222623066
.019405155222623066
.019405155222623066
.019405155222623066
.019405155222623066
.019405155222623066
.019405155222623066
.019405155222623066
.019405155222623066
.019405155222623066
.019405155222623066
.019405155222623066
.019405155222623066
.019405155222623066
.119603723263357
.019405155222623066
.019405155222623066
.019405155222623066
.019405155222623066
.019405155222623066
.019405155222623066
.019405155222623066
.019405155222623066
.019405155222623066
.019405155222623066
.22098179944573776
.1907340091394098
.15582124492395882
.019405155222623066
9999999999984888e-28
.20051714471501636
.20051714471501636
.15582124492395882
.15582124492395882
.22098179944573776
.22098179944573776
.22098179944573776
.22098179944573776
