44.738591115500185
.3333572956364202
1.1905568539380167
48.38071265241443
1.3206943737706032
8.073008334398317
.7823473317637528
.18211080217225759
1.4007735353253163
.07676090129117767
22.034772538154645
.7732686429068517
1.7054454709970743
.01972232652872187
9.156484960678094
11.803180475269237
.010736036992956482
.08216366819962163
.0175458816188674
.006882407796611057
.04386931092788303
.01449229722894539
.009901880050728696
1.5624349332270604
29.95407313695931
.004835065361270121
.005825992456312471
.0069261125470371845
.006324965945696058
.005155818426694638
.0001748283360239004
.014372187567630371
.001261051622839321
.01091843091264859
.0003107427565535675
.005033574334225896
.0030291340675444207
.0024588028129977047
.008979581996258246
.00021658185072272467
19.087741579598774
18.892127501076686
.03183239311526442
.0037882098512498287
.1372329932336106
.010490537412305231
.00914729484231624
.6163034213266366
5.586612419043063
5.1021703749135545
3.8228823560870318
5.173956264420608
22.050319759953496
20.393489249503553
2.0010820351437926
.008006683514992551
9.343997317891535
162.14941588085662
.34898264094879905
.1718682840932593
51.6054369682684
54.87086538011336
17.858656522466653
.005831570648526676
.0021219100726058574
.0017918387407118467
.010456658752271671
81.45076948039703
79.41435795658849
.038314945473865485
27.594644413434615
3.4796030914249245
104.9173502609842
34.971723599106355
.00150568503038343
.0101768936714193
.00498381471823493
2.656935088943805
.0010471568936795833
.00945587143194466
.01116605292682209
.007561993413954347
10.449606039730885
24.989125841337884
.009109957541917395
.05262570553396021
27.08260427228589
129.91903879773918
7.500873944140615
.01581516116178441
.009579987123615455
5.024495403901545
1.5776406332627213
11.96834732466902
10.623993143996541
6.380379594479421
7.289143362431533
6.347608178548116
4.086823537171238
65.81148189600428
2.2225981712354566
7.685850028720739
5.176320057190771
2.7256227652606686
.0034362102458973024
60.32305546063255
8.625870643327577
2.1871041419160484
.47783363164233733
.01687213834844332
.00017708456654745664
54.82500166254778
99.4642308165364
.09659282123164362
.003306456668628524
.6068941134473457
.006351063290399642
.006662850228434079
.17896464019442174
4342040010286785e-20
0
0
0
0
0
0
0
0
0
0
0
0
0
0
0
0
0
0
0
3.4700471494819607
0
0
0
0
4.289353595911112
1317.9249626726141
.004497302144219358
.10511846047150188
.019954873253325144
.22734824306549012
.8398022824032719
1.1838745006099938
1.6346804234761094
18.52066695686544
.016764261515422926
5.981104337923149
6.829891791474425
.37656627818798366
.8546668578489945
80.74213617672235
87.30659785186855
46.978250425412284
83.51360830078569
3.4923514662069137
2.226016227890593
1.6003633701577336
1.7925223421731482
2.795002082265219
1.8149973159953041
2.5563095462351746
2.152276420647794
1.972956146078237
2.131941628168768
2.0324519340744978
1.9083482603618944
1.3961661827940313
2.0009885417370556
1.5303846164050678
2.4956303190963
1.9375167305302388
2.1768823604226237
2.2835319106143332
1.7595152188320429
2.5143297478144757
2.759918596839712
2.6739555456823054
2.092093099959769
1.933032595540531
2.385419872865411
.022953969974650254
1.704276710151481
2.334791536054784
5.935492359702794
2.059290439476079
2.0746241090254416
1.3468343185657696
3.205516174304412
1.4506531189847407
1.5425144012678342
3.131777382454095
1.2450510204828868
2.0082488390071127
1.5488364410008917
2.0562193714570274
1.588947782839417
1.8696638257906502
2.782634944062984
2.0568379646577144
2.394153091868834
1.8940837296529618
2.275314447556499
1.7352714893268424
2.233009735304593
2.616878178412459
2.9548474722178475
2.442268426272918
2.0897581167769497
2.0707930942732
3.2492455282806123
2.4005238683210837
1.1054358980780963
2.5331902410876395
2.8228204514216646
2.1027290219206267
1.1737151424729266
1.7969001500220203
1.7845859417314562
2.055157918004171
1.5583690622733826
2.3450368114198628
2.2839393982097214
1.8595886849556347
1.6778126213318243
2.612880844775542
2.4585796118295624
1.9310770919846243
2.4185689001628945
2.341692101068302
2.1385488566275184
2.4359958581473764
2.3193530502758937
2.0481279912414374
3.115985813855415
2.1472966366935338
1.843026385172681
1.346020236470796
1.5617024714083239
1.569696448108082
.7331492952049603
.18810607823913955
2.0162185745204737
.012529072176381433
2.5320342935358973
2.174312869131079
2.4855568889664252
1.9282113954156976
.1955285209174714
1.5047512907160812
.21374957625791993
1.1533309826755773
3.015078863648014
1.6492621418625844
1.7254791361299446
1.7461159203401004
2.154331737842012
1.995187714342137
2.0925988968937603
2.1590689620938424
2.362129221831448
.009965310382288905
2.009636327294595
1.9646530862845069
1.523934106389802
2.3062724179078096
1.84391035531788
1.3765390729389875
2.246601230879553
1.8475285897763503
2.016460891029095
1.9455734954384312
.7214797271193095
1.7614420987261903
4.665138297747492
6.826994300655007
1.5319208813166676
2.0911705527299773
2.5713460542117677
2.50734094048536
2.887923926431657
1.9693579907717336
.008323943902390205
1.3383469427029036
1.3246433183588169
2.8902589081759245
2.4868923643632312
1.8718492711087866
1.9227145990462196
2.317002905082696
1.9288993644873234
2.6858904603718767
2.2174854477310846
2.5384548420208226
1.713729675855126
1.5687592607544036
2.3026259311592483
1.2989723634031969
.21509801344271928
2.19630726297552
5.6445780931335285
1.5421253364860348
1.7437775942590836
2.1226927193465013
2.451729601913396
.9455176586609364
1.7459303197553004
2.153453215316519
2.1325207091809686
2.277093014308786
1.444428778145332
1.9843587899308885
2.5318415941148813
1.8647847372151407
2.2977670143716873
1.4521256034158665
1.196568521180605
1.4661081906858378
2.0442652966187977
2.269157085660011
2.2807370880577507
2.649328434110553
1.2828861867731145
2.1883952373731894
2.2945696720461957
2.318045846297706
2.4363594946623475
1.7119180536235012
2.0078771722416597
3.147635410826302
1.9056334733221163
1.978263221252554
.023355121222251602
2.046463007556957
.05782223891063863
1.9497904570106945
1.8690731012007706
.5330650146339344
1.3479124551794748
2.1769061306920694
1.2760845015873015
.04887080065284455
2.0722226547582263
1.0571131556550915
1.5765488477732303
2.077453576779038
2.0712518168371465
1.453120556183882
2.577976049019497
3.0686317941564973
2.839585929852604
.6846421196960084
.011707515567323487
1.9550957275963576
2.186411367738271
1.9881708960850795
.04940441670856333
2.3741494988577374
1.7391034388603113
2.1015215062279364
1.2614608275194998
1.1973890071416853
.0062670352914884694
.004429366048202824
2.3688351619981547
.5937928619343964
.13910349897358779
.8266442767042469
.19044896420292662
2.2912506660326653
.11259246380435478
.09599309626387685
1.8521010167411793
.5966373293714603
8.240568514389892
2.057961499600286
2.131769104091117
2.6089310280905216
2.3165214568808343
2.2620388935816504
2.2431040589029596
.11099084528268134
.16525099281856281
1.7452488351781479
3.1360630781047694
1.0364767522473632
2.1210825200235837
2.3176108481570856
1.7936641445123764
.010145458712496716
.2860151687487628
2.763553783621083
3.6126843603096948
4.321240199857411
4.355711199012587
2.4903134652656638
.011643864951969188
2.9681353242844186
1.3338611209789133
.014791061815354578
.011464129060260914
.1551344566963036
.012555682175745736
1.924925250814514
2.755036764372094
.01
1.8412627491898184
.01465116126386258
.007132295554726947
1.9449310669661037
.008941378037686165
.007296672355569221
2.2783680552655037
.007009617435385691
2.261580116667188
2.0716517823859135
1.5892794843318838
1.6090945587390493
.009871793994135885
2.1250834276651354
2.2893018893136565
2.5223683177898635
2.315897814585937
2.141158884698256
2.5947459750808255
.01117436083664982
1.4777647119502966
.01074541725677948
.008845475775905609
.010569135994906553
.011781101437159956
.010757939075280089
1.4445490917300772
.08945895470089184
.07006128233813715
.009239291303014372
1.348864401973167
2.1230539517588256
.0903651700779404
1.873638195008436
1.5255277447359172
.06364824796809423
2.178906162289337
1.733198438690362
1.765333247956432
2.822198870971685
.008756418441068226
1.6092392480254345
2.533075234875176
3.5491226398826226
.8165878817930076
1.579710003752624
2.216566853127382
1.4917547973584304
2.3377436203617425
1.7839299643111943
1.7344155817378568
2.0689162235313554
.008310767977763988
.20203740758624475
.19895985898956003
1.9967937529299848
1.4650163354301402
1.8890832552327168
1.7056479373101752
1.4227744150670512
2.120711351443862
2.0813600871905025
1.8049808377045569
1.8669392503160982
2.2605837838417617
1.7462409931247578
.0061808660242861965
1.725905749739715
1.9416634410354319
1.8248057457961684
2.281017329064317
3.1105500605663416
1.6974901888332248
1.9427083971966894
1.825273055601038
2.135175760089737
.11413172232867236
1.8729237033136679
2.3422536307542683
2.298177068755521
1.508624565788227
2.310192336509534
1.6076444665828549
.22673641670485734
.14690724768902064
.13445495137826638
1.6101073597694797
1.9123139492047005
2.1139551746306044
2.5037703249318146
1.3837443810447625
1.8112450006799963
1.5440049700300336
2.1664340355579395
2.265811893860485
1.6961596969716675
2.330640031556191
2.3258295679232948
2.022036168308285
2.1695233754347476
3.172361234867347
2.1964025791055866
2.0730952968062955
1.8140131876639283
1.4591816092916605
1.981394909601292
1.566109295667354
2.136562459873887
1.7086139479863778
1.6168743171651876
2.2093695428031745
1.705173168926794
2.2687230834613072
1.363682640783462
2.439787098025576
1.6419372111839161
2.4772272995257727
1.7372006124566992
2.166978665077019
1.6569862529162298
1.891783483970741
17.281569321913704
16.98186547313627
2.4198648274961108
2.0468187830525566
1.876587999296783
1.3733889288144736
1.4889952668724786
1.4556728028917483
2.6045551938544604
1.7612675352816967
1.5959080281856124
2.3643463094139308
1.9932101365812973
2.7418229053470564
1.8860319574896562
1.9276802543067464
1.5396516555117095
1.775288834193512
1.560918045520347
1.771073599518533
1.310641759341187
2.0302417661147714
2.323675622577515
1.260052797902827
1.6923961030197057
1.6095727145634515
2.2162399982649266
2.002448054387866
2.599478170736488
1.9556173693314411
1.9032526384225468
2.648624092333338
1.2659316638835731
2.3635343209190656
11.512896233791206
1.7597993429911802
1.6146612184935467
1.6573825745521515
3.468659613116917
1.910554572286175
2.0226348001378422
2.9626875094635206
1.5880287879956423
1.874721407915847
2.706873315154627
1.4632280569181648
3.3156980097410447
2.5374107419885785
2.4885113123337668
2.0568554360203155
1.3292291952999498
1.7266675230446764
1.7115620946440173
.2920015398413853
2.6289762017364593
1.7779259666298037
2.381391967127288
1.7457493835160824
1.899644331540468
2.5769893487959243
2.0337234597472844
2.159893935712369
1.9628866922126804
1.5890241968121788
1.3961586209981531
1.8426541238881144
2.6122812935612703
1.7043365868280969
1.9423219904138327
1.488754246114599
1.6372803149991717
2.4668891016770575
2.866667876526778
1.9233750620627748
2.0894857824388136
1.9215565612352123
2.299071801963609
1.6340529089679252
1.2224738541135338
2.0178901007863854
1.7327968771892628
1.619648232028505
2.3486074458462394
.163029235347038
1.0196980816199592
.1237599390250409
1.005659685780658
.10117357788138977
.8367704222277134
.0855502368820593
2.035585020479591
.15825396451496734
2.435356590560033
.08316473896398383
.9560939011813332
5.483257734157224
.3515713440570396
.11480964157712388
1.2401960062819608
.06723722745982008
.19688366502305543
.04113484883049518
.8822202818311167
.06938331754939024
1.1357678831405806
.09531176145988923
1.353037389002159
.18575249082335527
.9048267798416433
.052472532272445
.6930341004538861
.0645301893841704
1.5107163040778875
.0002071378539357359
.00043175492786953876
.11925751057841945
.1253599796107564
