3.055157889832453
.006571076074708167
.0003342113925759619
17726955111937208e-21
5339679025652563e-28
.0013095014856792514
6.735092656519598
.7629356271916917
.04849364193519934
.01582320818529323
.06585727854793649
.73781150053202
.709489017774245
.05868698000164112
.0008657209342883451
.004647715046509996
.000524546348530236
.0023040863864261982
.06958451881795938
.004799123436974004
.002024157296919802
.002182916784854654
48790794173022835e-21
.0018927555392800998
.06823787003986388
4.0159296980691925
5874468389094701e-21
.005801117665712181
.005898116951538537
.005742808911871162
12233589994686109e-22
.0001697654950263307
.013448160075678721
.0012212574553849664
.010091235570798527
3268464566685642e-21
.0022574902261567552
.002736544037621093
53836396365884874e-21
.004703871995450892
5035846747870297e-21
.005741171618656911
.005740761491411273
.019996434273929095
.0005651051765361845
.11033975491233768
.00752719381453355
.0004941492082351048
.02306803227108519
.0763671241999896
25078642916840116e-22
.12191619474674861
18732938144973953e-21
8.512605178071423
8.073802601096961
1.1800822564040447
.0067343832424590555
.0005585681130068654
.0006174221499444613
.1886825243715939
.10868639943863496
9.264561468900624
7.138606153783917
2.782422412906421
.0018185552986629122
.0003825218596144878
.0014284407078505883
.006320637555565286
.006918539100714028
3.7194794162975118
.0008502550770886322
9.264561468900624
3.3886277545011345
9.264561468900624
8.50842812432631
.0014175106693789464
.009026113290261947
.0001432052139452337
2.225341792933343
.0002285041285969222
.0019425243726928817
.010899683609207155
7163352178218716e-20
.712603761505697
.014051485505709392
16803700284082802e-21
.00013539819775582873
.42240471351029757
.3954393777943556
2.5704574988696884
.00012762895408686864
.0003920842805774563
.6389789675367977
.7650492652281299
.14330056165986094
.00025695779950856703
.18031063548736756
1.2403882755149847
1.0650425043869525
.06758599146238224
1.1556389381421255
1.850621362411648
.01787557667176835
.02175660505728952
7903402746224799e-20
.00011077276532606858
3.4512706090502694
4.463687885663867
.44229900155028434
.003730929837963099
.00011629910697926226
15769161827724876e-22
4007186742758734e-23
.04946997067418526
.015450475573647112
.0004959239146801333
.334018140785392
27764975611546913e-21
.00019206001734601167
.025330540579209426
695869747774001e-21
0
0
0
0
0
0
0
0
0
0
0
0
0
0
0
0
0
0
0
.08738183885726106
0
0
0
0
.22016714372525245
1252.0938971268731
.004249216567736043
.09875329407231628
.01770701997736529
.19528757851403064
.018717857025323362
.403904180295797
.013017519054813784
.34126440040365247
.004659147126849206
2.261795876648076
2.244233392902789
.0019820273619820966
.0049891467301750635
.5172795298722134
.3802221027277822
.18334767031058366
.30809573120694983
.018814523830636712
.018814523830636712
.047116063296000196
21356005501393104e-26
.018814523830636712
.018814523830636712
.018814523830636712
.018814523830636712
.018814523830636712
.018814523830636712
.018814523830636712
.018814523830636712
.018814523830636712
.018814523830636712
.018814523830636712
.018814523830636712
.018814523830636712
.018814523830636712
.018814523830636712
.018814523830636712
.018814523830636712
.018814523830636712
.018814523830636712
.018814523830636712
.018814523830636712
.018814523830636712
.018814523830636712
.018814523830636712
.018814523830636712
.018814523830636712
.018814523830636712
.018814523830636712
.018814523830636712
.018814523830636712
.018814523830636712
.018814523830636712
.018814523830636712
.018814523830636712
.018814523830636712
.018814523830636712
.018814523830636712
.018814523830636712
.018814523830636712
.018814523830636712
.018814523830636712
.018814523830636712
.018814523830636712
.018814523830636712
.10853038331499892
19809320238710105e-21
.018814523830636712
19809320238710105e-21
.11647440016528672
.07367432734808757
.018814523830636712
.018814523830636712
.00031423599239915374
.018814523830636712
.018814523830636712
.018814523830636712
.018814523830636712
.018814523830636712
.018814523830636712
.018814523830636712
.018814523830636712
.018814523830636712
.018814523830636712
.015341626772684112
.018814523830636712
.018814523830636712
.018814523830636712
.018814523830636712
.018814523830636712
.018814523830636712
.018814523830636712
.018814523830636712
.018814523830636712
.018814523830636712
.018814523830636712
.018814523830636712
.018814523830636712
.018814523830636712
.018814523830636712
.018814523830636712
.018814523830636712
.018814523830636712
.10853038331499892
.10853038331499892
.11647440016528672
.018814523830636712
.018814523830636712
.018814523830636712
.018814523830636712
.11647440016528672
.0012054505708998496
.1201364444451072
.018814523830636712
.10853038331499892
.018814523830636712
.018814523830636712
.018814523830636712
.018814523830636712
.018814523830636712
.00031423599239915374
.018814523830636712
.018814523830636712
.10855813262647007
.018814523830636712
.047116063296000196
.018814523830636712
.018814523830636712
19809320238710105e-21
.018814523830636712
.018814523830636712
.018814523830636712
.09485615807914058
.018814523830636712
.018814523830636712
.018814523830636712
.018814523830636712
.018814523830636712
.018814523830636712
.018814523830636712
.018814523830636712
.018814523830636712
.018814523830636712
.018814523830636712
.018814523830636712
.018814523830636712
.018814523830636712
.018814523830636712
.018814523830636712
.018814523830636712
.018814523830636712
.018814523830636712
.018814523830636712
.018814523830636712
.018814523830636712
.018814523830636712
.09485615807914058
.018814523830636712
.018814523830636712
.018814523830636712
.018814523830636712
.018814523830636712
.018814523830636712
.018814523830636712
.018814523830636712
.018814523830636712
.018814523830636712
.047116063296000196
.11996922329955838
.015341626772684112
.018814523830636712
9999999999969495e-28
.12040857375881753
.12040857375881753
.015341626772684112
.015341626772684112
.047116063296000196
.047116063296000196
.047116063296000196
.047116063296000196
