-.0015794355867655267
-.00028967598852484107
-701777627688948e-20
-3920049668943822e-20
.0023977596796023706
39742541994958105e-22
1005068688705983e-21
-2294840775471915e-20
-.00016104281515743764
-.0004813212797685627
.00633932038683996
.014413607345550878
3732110798776396e-21
-2426995764432697e-21
.0060244119145186825
.004465329794860669
-16006778825643933e-22
-14471923350331327e-22
.0001981196120104884
-.0015303902525772282
-.001009245319209261
.005762079413860218
.0019525522772474695
.0015910752084277967
.009518834656589495
.005286045343278082
-.0010839938631539725
852782014702526e-19
.0029667931653505307
-.00022674917047653208
21223374049187306e-22
2005853719724737e-22
.0005513394753353883
-.00040904806263629005
