2693553591669562e-21
2074881524842224e-21
-21807513765848973e-21
-.0015197140387393211
8685417066173671e-22
-17564306353802948e-22
.005957904542687235
433259386160032e-20
731281889138037e-20
-2014450977415612e-21
-.0011157061019672469
-8906121095477591e-22
-.0012250826831979949
-13893507326132578e-22
-16693494077595726e-22
-18129857274858105e-22
-.0007936395147413256
.030748314920303426
-3406954512589704e-22
11203697084732657e-23
.005425140420204006
38846230528088494e-23
-23250579892678953e-22
12719843658742568e-23
-.0011817631964222467
-.001230092644813793
.00164377401143474
-.03132090010923535
6763069326917278e-21
-.001076535611403881
.00824011326626929
-24955725283643095e-22
-.0012512853349415504
.00697391573503538
0
0
.00602222371691415
.0020441164371940816
-.0073777109301914464
-.0007227115020407737
.05081845380667176
.0011547472262478879
-18496964652784399e-22
0
0
-21547326699111447e-21
4307905356351323e-22
6546924491897727e-22
.005303524310890078
3251134473669495e-22
4718806231696669e-21
35286033034373553e-23
-19409467399220544e-22
-17023287946378305e-22
-13391532802167428e-22
-17462874794429554e-22
.0013432552731602436
.004388084858169982
.0015351473107349364
-17811044498298508e-22
5818038795506288e-23
-1632817651004401e-21
19427415967544568e-23
21758083262898055e-24
36886487975645674e-22
.029109015932049443
-18723270250271918e-22
-.00017646363698088605
-.00017235768862374352
.006812325530822162
2360722652425558e-21
-.0012732974363689998
482656974991592e-20
.0017879739255142633
0
0
0
0
0
0
0
0
-.00038847499308514367
-.0032380927957516787
.0017488006648941267
.0015168543805398314
-.0007171245455954433
-2666884744227289e-24
.00663081270229594
0
0
-.0006805303803056654
.006384124603074038
.0019374820908271827
.001284762125150134
-.0007278179138013564
-19670185577608066e-21
-.0012273319064955465
.014982286933080536
-.011145482004398645
-13371038576230438e-22
.0024960457197992915
-1844881606226405e-20
7365430176697162e-20
-.004685377276637504
-.0012707074255503697
-.0025533566841511967
-18260101865531037e-22
-4884851661388032e-20
.001013987689034686
-.00017015254422883669
.0030478365128664433
.010846451634527141
-5642521747627275e-20
3868271408027058e-22
-.0011088750263504189
-1348845058537686e-21
.004300683319199013
-1611731307349506e-21
-.061006315464042234
.0017386483014141304
0
0
0
0
0
0
-.007947413496961485
-.0003653225828336448
.009824615981485553
0
0
0
-.006550107511638714
-.0003429962200860184
-3378543325119441e-20
.00019401160424998003
.003380167777089097
-.006178356244389976
.006115085778039719
.004314281967713863
.006564135733483572
-38996626185566446e-23
-.005112450848697374
-21157167101849404e-21
-.0006885274891213677
46694435419245436e-21
-.00037991969601820644
-.05722789708771472
3944124154847961e-22
.042657376254481204
-21181132393620602e-21
0
0
-7599381213858373e-22
-2110182820607925e-20
-.0011818170270999889
-.0002922247531858176
.00016757810666690514
.00013513813039460953
.004311522549661127
-.0028384849492145885
-.0027172408693692603
-.001530687600077222
-20623062565929372e-21
1491312170058074e-21
.0009096627556285118
37243408237379817e-22
-209228826059696e-19
-7373598205114309e-22
4237431572852268e-21
8606337726364209e-21
.0029544497111878036
.01347461136212467
2970572725973634e-21
-.11338451105335787
-.009085086149009287
-.007902961334970222
2438215946612985e-21
.00793756753791541
-.0008974761006296662
-.0021501440433390304
.0033171326425429346
.008627881069613803
-.000520278899526601
-.008569763893253
.020253208134781295
.030172851598202065
-.0021587855792115623
.07896084709834437
2012502932552403e-21
1518219546740117e-21
-.0003774458163055838
0
0
0
.0004224365378457343
-.01107097249837665
.00018544174501220506
.005379638409388041
-.0029078437050732786
-.005245394029326883
.011026163960019663
-.007649069921627395
0
.023527700934815876
45591388854756645e-22
.1274360398009516
.021937902562082074
.010900881497831694
.0017379498035803096
.032009898037902176
-.3533597386108954
-.1766451921347269
-.010367400860650923
-.002242133609138637
-.00615456508154311
-6079194927932399e-20
.004142366286107199
-.0013089951753569567
.02354415662477362
.0009205606604707294
21994100039533257e-21
-.0037024301206754276
-.0010692465520209362
.00610867767476178
4902300092098737e-20
.0038813879261479682
-.0003935796888257795
.0007217655755948839
-.0008673201156185964
-23740403779784754e-21
.0017265675407255265
.0017526821593673724
.008989683800599023
.06703724143524872
-.0011537711437400566
-.009662165410939533
-.02060757558571672
.011381850569608692
11882007180821372e-22
-.06631984681332351
-.063117376328949
0
-.005428469204972773
-.005414653854269673
.011956018684218138
-.014590356815921447
-.10357362340493316
0
-.0074999973324621355
.017995065019599063
-.013261324871319135
-.004885891178655704
0
-.004461170761804394
-.005140210312829944
0
-.004807356494291892
-.0031072802829953754
-.0011407054690181437
-.0003751355004774827
0
-.00531906635928407
-.05723192285054849
0
0
0
0
0
-.00489080422719832
0
-.005801735896703479
-.00558579410053155
-.005312773317711653
-.005623386440039356
-.0057093013403087855
.0005575198942114193
.0035700623791085754
-.00017481874966063446
-.0016802048897223158
-.05717930940512346
5143302712991372e-22
.004898946567911569
-14026296340839899e-21
8645594906774355e-22
-1015240564595511e-20
-5448348404964784e-20
5635379451012894e-22
0
0
-.0012850101730186498
.004774373886652108
.013242327310386088
-.1359433103013915
.01640342169900465
.004042902827566124
.10275857556312701
-.00016555462925859667
8408144936117403e-21
.06730395241844335
-.000373846553172569
0
-.005701031853305679
.001876198796434078
-.0007227097293883557
0
0
0
0
0
.005492328932745807
5470553167031128e-22
.003427287274977918
-.0012585074964610097
-.0022856648342945768
-.0032996482975376253
-3331382685254285e-21
-18101440110138908e-22
0
.0015419264814023276
.030755693579769306
-.00022152720671901304
-34209896762298e-18
-.004743252243320773
.00033898261809415863
.0026810179840930236
-.00041993063151747037
-.0012563242948497222
11163964640139086e-23
-18242931573146836e-22
.00021903613989248018
5549544810617974e-22
4328980597799007e-21
.00021915815931761905
33825330210313014e-23
-.0012516899326789313
12168759250113524e-23
-4174059837662868e-23
-18576908394747198e-22
-23874381964242203e-21
-2141522893698238e-20
-1912525650180107e-21
.005006260860884757
-2183646036006556e-22
2110172301546951e-21
-18446696325691348e-22
-17932901876069511e-22
0
0
0
0
.0005600671636630146
-.001995782797102524
-3767709869196709e-20
-25662204931587155e-21
8345852144824923e-20
-26879856665381177e-23
-.004668464431317731
-.005905160823289936
.006027487995332659
-8577623605638003e-22
.006432058644673622
14972930075829521e-23
32309643424682536e-23
-14308958648568733e-22
.002987638194793798
.0001327641591082458
1938646003728767e-21
1461483342870507e-22
-.0005354477641588732
.0015997979748890365
.003959676923600521
-.07533378394606763
.004735280452696113
.004485532690245399
.003408346104398165
.0016839848379133803
.0015304157547957652
.005940826351971186
16164342696100777e-23
0
0
0
0
0
0
0
0
0
0
0
0
0
0
0
0
.0017368398215006195
.00021563364106571772
.007453803956363693
-.0012505853355061689
-.0003754738328407584
-.0006197357262370917
-.0006733838525167575
15335488913104632e-22
.0008704175015682103
-.013487188209803111
.03285431163259956
-1874333496657641e-21
.006013121538689377
-5518739437769891e-21
0
0
0
0
0
0
0
0
0
0
2529338220657505e-20
-.001274727441029405
-.0012290611635255586
.0055117686103722825
37093331067462255e-21
.0008715925452735996
920128504924325e-22
-3079531357548893e-21
22271875469649746e-22
-14216282132800814e-22
47585966544834524e-24
.004314246992621131
2600478181446607e-21
0
0
0
0
0
18669359502065686e-23
-17175474535665909e-22
-21435192163412875e-21
6503208709929152e-22
.001309594656193257
7247257329926283e-22
.0022105512593089743
19693341866118475e-22
47174579303098543e-23
.028463846301286958
.006670536764050206
4491931730197231e-22
8161831366940024e-22
5501314131050367e-22
0
0
