.0006368731779138591
.000267622042136286
-974600645965154e-19
.0005331365384409793
.0006252151166986011
.03841378622287334
-29959403501692046e-23
-28709377474481972e-21
.0004139143711232449
-.0006053581458358765
.009323881039475105
.017852881220398218
.0003756006944409013
.000549261236151589
-.008966675909031989
22011546559571734e-21
.0005509251300118271
.000684224719521147
-.009438633852182826
.00012718965177117638
-.0026589524735653033
-.00919013324504831
-.0026491002228359903
-.00912430511691095
.005546257170589245
.1015940114887276
-.008661332541669028
-.0027522768316210447
.10330584729671245
-.002553714004206413
3514877259246064e-23
-7674146839292917e-20
.0036745237252866097
.0011486173831930099
