.026874055768427153
.05593426134502136
.08689250528494033
.03975201697144455
-.013059607649804742
.00012353089496859162
-.00032327883000881166
.0002206928572523477
-.00021642422247658582
-.00026309930698918286
-.00048423726607225233
-807466288398958e-19
.0003657198533792106
8403255010208063e-20
.000603835773996031
-.008337296240596105
-.0001856197224589613
-.008964313660574291
-.00026172733198357286
-.00014239665938384292
-.00012332511721710408
.00035728539290229565
16564044464255203e-22
-.002558391299880348
-.02999244671919985
.00032980307716212016
-7708667573385974e-20
-4723243526186267e-20
-.00030144480624718826
-7684006560883171e-20
-.00026213021913286925
-772849311282942e-19
-3480932639396836e-22
.0006180267348875432
-7697721533574758e-20
.0005534872805502695
-.0002612888065512947
-.00026251592846350617
-7688444169983298e-20
.0005507594324100677
.024769998252089694
-.008537017851727535
-.008941534086842213
-15185049931991946e-24
-.00027410588815139685
.00031711255635622805
.0005601114908152096
-.0026617522703373604
-.0028795972327351187
-.0013802903727047542
.0006635773998835241
-.00038199558728456407
.07535673333641474
.001007206473928373
-6353236532324223e-21
.000378484862181834
-.0008587883033617015
.08017939600771533
-.00025853716982360514
13726881018913657e-22
.017140155956788295
-.033803328080798195
.017757289822466205
.00031734737636902367
.10640839865211374
.0005522243694345992
-.0026616181590000034
-.004806021554995421
.0008870018875644386
-.00018658933883426663
-.010506020820896958
.0008424928771289033
.017170998515881896
.004379018964417898
-7722160696544008e-20
288926490462873e-21
-7718403954056722e-20
.00023613074429539068
-.051504316039290704
-.0016145935386436769
-57329529074084734e-21
.0005976140801797356
-.016615353610065928
.04243204399518649
-3836285618323586e-20
.0007547586475604638
.19428290291685904
.011493643926494455
.28528893841796876
.0865189059508716
.0006676614566560847
.0032332781239733295
-.043510139801438925
.10619789074686885
-2753011899854485e-21
-.008989651288941554
.000994893287615387
.002053388522386489
-.0001319250293512971
-.13971584512892213
.07899538198151777
.001263416962101133
-.0031596541997779806
-.008015092521922201
.000509585854786445
.08518136684765608
-.0049992900234497265
.10660989366376677
-.0036353922475253955
-.0014062015139891346
-772067241132484e-19
.06410854616724296
.0426177692547058
7095944921661132e-20
-.05056339973231852
-.008196952736326675
.0006432227083910934
-.050851163596122614
-.00011316285893985025
14090204525678413e-23
0
0
0
0
0
0
0
0
0
0
0
0
0
0
0
0
0
0
0
-.026541666897469934
0
0
0
0
-.01962105872691881
-4962709665712112e-20
-4278066294690205e-22
.00013583406510932731
-7686468384269336e-20
0
-.007309087511205372
-.2644098420004792
.0013375861145278934
.0038168248365476887
.7528315738505814
-.007739329392661213
-.007896192645937532
.0028364515806854843
.008759873678305191
-.010139467590827206
-.009887971029665724
-.0011894039332806616
.00025957672576881074
