-.00025025640264568987
-6200464930486146e-24
-.00017324673952628326
.0005173761281539722
12636896227179475e-23
-.00026289354600663725
.0007184235118124879
-7746095613862291e-20
.0002772437880605209
-.000261236855179984
.0006010221687733511
-2106817393513491e-21
.00025174030141887085
.0001783786905706799
.000280721054842717
1786855635157706e-23
4605770154595212e-20
.05497480043776109
-27855729392820888e-21
-30221682478465344e-21
-.002754600861162638
.0005520351805670172
-.00026287512704841945
.00021740200282909726
-.008965380369480016
-5223374364237485e-22
.00020271286818966157
.042968390826485944
.0005548179883791362
.00024119221214695472
-.005275828464501869
.0005774537966204656
.0002988921006666134
.00019445780304254114
0
0
-.008970289333676027
-.00969888486400353
.0013336758953107078
-8246688192459248e-20
.07841758779048057
-.002730620046536786
-4690035193708234e-23
0
0
-7702654040532705e-20
-.0002615092419040805
-2481853352091754e-22
.059588449613386545
-29554373971406348e-21
.00027948283902668386
-2853998785121529e-20
-.0002616417540076658
-.00026182606953530123
-.0002597695663410823
-7694551715947039e-20
-.00010224622947416405
-.0027989178047758026
.000622462323627492
18878284511635625e-23
-.0002611297248322961
-771813631698676e-19
-7703091293666114e-20
.0002735193683628652
-.0001291112522766948
-.010799262133272319
.0005534763745537401
-466612836734086e-19
-4164460875782011e-22
-.009506132522768567
27024255917721177e-23
-.00032143102355125855
-52253679654656146e-21
-.002331324249437583
0
0
0
0
0
0
0
0
-.00930787182138025
.0532451866354631
.21350411928418653
-.0003412009201965292
-.000444190601066871
-.00043591421914565705
-.07633713180099164
0
0
-.0026475425059912534
.0010003276442873933
-.00026098837097703715
.0005822240387336669
-.000263971805145476
.00011335303562893211
51982232585949704e-21
.0008261427795072744
-.017096220356158723
.0005507819514340458
.0009224844910194977
-.0002196658077267298
-88960453450294e-19
-.0011023216502034942
-.0026551192393711206
.005517074119623464
-7714125673690432e-20
-.00012454314096743802
.0002421424349436244
-.00011777909449594591
-.11670760780386712
.0016308602968836787
2971705268790808e-20
.000365485966599657
.0009943359196214645
.08638781151991828
-.0005411499843045402
.00029310394952827666
-.054722591750419415
.08660590090843504
0
0
0
0
0
0
-.003004532834375705
-.0027190458993664695
-.002324130549136582
0
0
0
.01937453856952375
.0004162025382013212
.08648097079654167
.03828115798520786
.0036513330627276426
.31027081672703694
-.00024742441117017527
-1969509848257839e-22
.00034949957115366535
-.0002554773752455175
.026862860915813087
-4899966148284003e-20
.002924248201659251
.000575246566921749
-.0006892653395343476
.0006006153851641705
.0002144069203113959
-.0017489214367764016
-36590768277321156e-21
0
0
-489027287925468e-19
.10571139802362096
-.0005844797373344965
.00016294803498517296
.0006032197276686633
.0009342996107392883
.0008209307436831245
.06374696441170322
.0006554660273238795
.0005696126469967682
-469547654885652e-19
.00024627585294007887
-.0016211743883494945
.0002746506425710033
.0005864076085917869
-4876332703241159e-20
.0006232983182947584
-.00016407321195846268
.0187114034289569
-.10404928802594028
.0005837614035536489
-.1276199762525154
.048790709926403414
-.008783160159668565
.00045149178267405365
.0014589970081467737
-.0004767174329233452
-.0013129586091063777
.00010019322658844279
.13149419534256615
-.004258365370605851
-.0027712581397546024
-.007221014975845418
.0027649324911049296
11356815736784976e-21
.003552097305616275
-3591606133687908e-20
-.0005825574385987798
9341291091329945e-20
0
0
0
-.11442819543333597
-.009665101718242346
-.003889533740593646
.040086125657115404
-.009607956470087655
.05433331436975451
-.02348967540469712
-.0037396480007542785
0
.10039931351866437
-.0008371083175543517
-.11772726529422628
-.00224701732329161
.04862677723496705
.08660484930715667
.03674385284374952
-.36721039535009375
-.11569042851670143
-.008002822430362768
-.001557436776766973
-.004647318272482733
.043146481996897634
.0057690176292210646
-.0018669538452873492
.056627267852263824
.0005191911879601287
.002060435907841858
.0011557191113183768
.03535763412834103
.0005014494661765509
.000987352774436464
.0010377253503424469
.08669041592644648
-.00847008713747378
.0034696260976614566
-8617009592752875e-20
.0005736843072398284
.08673040766888568
.003142656249903335
.05860915372422247
.0009451493123846119
-.12289195962969009
.0503038401488087
-.00307614188076672
-.0004832749963963604
-.0694194849174749
.005591579263608827
0
-.006382899243174633
-.006098626919852303
-.007706799713652474
-.013187093263529478
-.010597839139824414
0
-.007939484086454522
.016377032782136525
-.014126742341442912
-.005273161203143416
0
-.004728745594537473
-.0062793609557851935
0
-.005073297844502842
-.00981272992690907
.00014593333947864046
30354786014306628e-21
0
-.0064532830719392364
-.00012337956739861606
0
0
0
0
0
-.006170605043162159
0
-.00659900052021049
-.01558628300760592
-.006679162722882091
-.006218772687903753
-.005124772473368013
-.00025360340638430336
-.006207520655100647
-.002870620521287017
-.0021997931878234896
-.000986282175849788
26440430814903663e-21
.05473116105019605
-7278049969753151e-20
-55809473845724255e-21
.000596944672106007
-9275205333494153e-20
.0002733041404206487
0
0
-.010210361896272373
.010475541674982335
.015226708203750631
-.08946498108564648
-.028899680304064135
.09427999154061326
.08050864352233962
-.0034043182611496092
.00025766004058505804
-.11566457594766612
.00011521179172983506
0
-.017752556373671187
.08619697286543754
-.0002599593404566298
0
0
0
0
0
.00030437935823639977
-.00027250829940102613
-.11567009118439386
.0006325756724908541
.008615938865009666
-.009679636359430716
-.0005259945303657253
-29943512847984685e-21
0
.006413861715187873
-.002226002863131687
-.00013075395816258465
.0004911161384086231
.0011719405912745172
-.008936849591345768
-.008983081237363966
.008677623197435176
-.000189272503690723
.038413894841375425
-7673235762461305e-20
-.00022959183240506395
-.0003110255154784345
.0002530183345522802
.0001693568464074035
-.00025867111870440436
.0005728150704643429
-1606107848573525e-23
-14740071192439435e-22
-.0003252778652066189
.0003592471283836572
-.0002623480777771775
-465585509510033e-22
.055920815634678885
-771930410134393e-19
-7628970655691145e-20
-.0002635635424204765
-7700846574559729e-20
0
0
0
0
-.002045214257612905
-.001756719974496929
-4592917830982443e-20
.0006019001684508046
-.00019114347864169928
8662808867421544e-20
-.0010982365520915342
.00016568448154899787
-.0002742555343078925
-758478891791585e-19
376795395209475e-19
-.00025719546014170435
-7659569419701244e-20
.0005719977657937242
.00010431674484381089
-.00964577165417432
.10617033160547008
-7693904625075343e-20
.00012889509930731426
-.0021635044768317157
.034380727726104884
.0024598622152373403
.00024194390030468218
.00047961588578099426
-.12143683678075647
-.009006914084392513
.0007367968951383506
-5394908532995181e-20
-.0002553883123029107
0
0
0
0
0
0
0
0
0
0
0
0
0
0
0
0
.00861478282093362
-20710963361802467e-23
.038931778652813456
-.0026520823706719775
8151378533563764e-20
.0001718005250848538
-.00025629388820800665
.00010526138774532926
-49289109118717305e-21
-.020760510780534803
.0005389204393066505
-.00015223372922572767
6873925700687301e-20
-.0005275714809489708
0
0
0
0
0
0
0
0
0
0
.0002916445566013679
-7694524314782394e-20
-.0025809558686614577
.0006064479641274782
-.0005153762265608333
-7703540178023057e-20
-7696401722703842e-20
-.00025966997202724404
.0005532598103290326
-.0002552576897379708
-.00026339647999334606
.0005678623621642623
-771940490528123e-19
0
0
0
0
0
-4932576364714998e-20
-6819369708341177e-25
.000622294030883312
-.00018690303019763634
.001239062153331817
9088624405057289e-20
.09567254126597569
.0002491921829169435
-7704630944176127e-20
.0030751465668799093
-.09073680473778636
-.00026089374502714967
-44946704437509355e-21
-7674812245179178e-20
0
0
