0
39.31583349680572
.15876295205946805
.312584883700415
10.81122165196331
.38338414535540066
5.985800499100924
.2095816998315808
.0028141082595490303
.3372486510154631
.02610323873332094
7.873265621213059
.7731716941486372
.5883794175562947
.008531193855341129
7.7780897509124785
1.0658377497748843
.0039018261451704405
.07350771630667545
.004129866337669545
.001801905796250019
.04046634570604449
.00013613148698162956
29096620698068254e-21
.274283363140668
0
0
.005047043110034627
.00633401506788991
.0058561075171570205
.0022344111153588015
.0001760338879219673
.014673442430048375
.001308240671339748
.010688025856190785
35115179422705316e-21
.0005114919361022877
.0028529527094759313
.0005105904139059534
.00529355913819986
15168723736533207e-21
9.179514258762335
14.634876778304369
.007219387466341829
5626336109548442e-20
.11894494769984726
.007287305112540952
.0069495042640509985
.388572747750357
0
.4260912542636907
0
3.8487409289786845
17.547083223570397
0
0
.0067912991114491604
3.24793885055465
14.231064794070667
0
0
42.898336432575675
28.34703452828731
8.883858582614806
.002487888144760604
.0006031863545291291
.001472217211572845
.00661888705456836
0
0
0
23.036402564391555
3.4793599160884816
9.529448482366332
15.47107155797558
.0015125950928922029
.007897661068655836
.0004318470986326193
2.13924496132804
.00037789429044878583
.0035043563803850274
.010674455025178282
.0016896337329144894
.8874683316319457
1.4040790282788507
.00012190077855586201
.02495014837271356
1.2773827658897423
1.6985394752832694
3.569063037307511
.0033025267487425077
.0004728493996889241
.5683884544095457
.7692942137735902
0
.4840707172987095
.8287628743589985
1.958268042056826
2.524925783640764
0
6.243530358512983
2.0403388750419564
.5851835017215311
1.1123302548235185
.9448095092152912
.0008462163592579066
49.687179499461834
8.611753782264179
.44845702726909353
.06269593240697154
0
0
0
5.074918204743645
.010171694872661983
.0005010125260405874
.5286680923957768
.001302815245860174
.00026381926045459007
.016610644114216578
0
0
0
0
0
0
0
0
0
0
0
0
0
0
0
0
0
0
0
0
1.756175017070645
0
0
0
0
.6201169389391942
1373.8015989018215
.004619435612119665
.09896157213200572
.020482496821843783
.2150859782914623
.5472214622568732
.9429254291772617
1.3937917402853957
1.3174408969870042
.008033678953712093
5.892871405463882
6.206666853024283
.14910180298449158
.34599051368439787
5.507672064782725
3.9297206570491707
0
0
.02
.02
1
8
.02
.02
.02
.02
.02
.02
.02
.02
.02
.02
.02
.02
.02
.02
.02
.02
.02
.02
.02
.02
.02
.02
.02
.02
.02
.02
.02
.02
.02
.02
.02
.02
.02
.02
.02
.02
.02
.02
.02
.02
.02
.02
.02
.02
.5
4
.02
4
.25
.1
.02
.02
3
.02
.02
.02
.02
.02
.02
.02
.02
.02
.02
1.5
.02
.02
.02
.02
.02
.02
.02
.02
.02
.02
.02
.02
.02
.02
.02
.02
.02
.02
.5
.5
.25
.02
.02
.02
.02
.25
2.5
.35
.02
.5
.02
.02
.02
.02
.02
3
.02
.02
.2
.02
1
.02
.02
4
.02
.02
.02
.15
.02
.02
.02
.02
.02
.02
.02
.02
.02
.02
.02
.02
.02
.02
.02
.02
.02
.02
.02
.02
.02
.02
.02
.15
.02
.02
.02
.02
.02
.02
.02
.02
.02
.02
1
.3
1.5
.02
1e-12
.33
.33
1.5
1.5
1
1
1
1
