613335823291409e-26
39.31583349676615
.1587629520504542
.3125848836943027
10.811221651164905
.38338414535392296
5.98580049913974
.20958169984252725
.0028141082595434493
.3372486510245556
.026103238734012456
7.873265621599107
.7731716941485154
.5883794175850415
.008531193855695228
7.7780897509065445
1.0658377503551213
.0039018261448943523
.07350771630666696
.004129866337671158
.001801905796250719
.0404663457060307
.00013613148706088997
2909662069637946e-20
.2742833631633525
39593995445317466e-24
13528817716883678e-30
.00504704311005923
.006334015067888627
.0058561075171566215
.0022344111153186795
.00017603388792194569
.014673442430046577
.0013082406713395864
.010688025856189476
3511517942441998e-20
.0005114919361320513
.0028529527094755783
.0005105904139280067
.005293559138199179
15168723738158626e-21
9.179514258621479
14.634876778279917
.007219387466406465
56263361096630434e-21
.11894494769979472
.007287305112539961
.006949504264019895
.38857274775032735
8381775240109504e-26
.4260912544860522
28103775136439086e-27
3.8487409288770666
17.547083223517525
15438893119767344e-25
19505889598993045e-26
.006791299111448012
3.247938850508111
14.231064793505908
26827016436770207e-27
23122410376930675e-27
42.89833643234679
28.347034528529118
8.883858583654309
.002487888144622355
.0006031863544873122
.0014722172115662576
.006618887054584652
4943178853388098e-24
0
7743797475454136e-27
23.036402564235765
3.4793599160885886
9.529448487669892
15.471071559734744
.0015125950928919726
.007897661068691404
.0004318470987208714
2.139244961329727
.0003778942904212767
.0035043563801320744
.010674455025177857
.00168963373278718
.8874683315615484
1.40407902815607
.00012190077855001541
.024950148372652907
1.277382765780323
1.6985394750351246
3.5690630374576453
.0033025267486989805
.0004728493996720154
.5683884547167264
.7692942137721154
1138664000266121e-26
.4840707172564529
.8287628743115696
1.9582680420102545
2.5249257844674333
3210163520190428e-25
6.243530358109841
2.0403388750718365
.5851835016641908
1.1123302547419636
.9448095091924751
.0008462163592420082
49.687179499249325
8.611753782236038
.44845702727435127
.06269593240132813
7012739951093427e-28
70007940963752874e-31
30089293530457374e-25
5.074918204288023
.010171694874219692
.0005010125260727014
.5286680924028886
.0013028152457536172
.000263819260434258
.01661064411684271
33000182014157634e-31
0
0
0
0
0
0
0
0
0
0
0
0
0
0
0
0
0
0
0
1.7561750170650199
0
0
0
0
.6201169392589472
1373.801598901653
.004619435612119098
.09896157213199358
.02048249682184127
.21508597829143591
.5472214622325099
.9429254291749748
1.3937917402663005
1.317440896964837
.008033678953699564
5.892871405460109
6.206666853018167
.1491018029763252
.345990513666385
5.507672063157935
3.9297206558601694
9104380617742873e-26
16084226960559554e-26
.019999999999997548
.019999999999997548
.9999999999938667
7.999999999607465
.019999999999997548
.019999999999997548
.019999999999997548
.019999999999997548
.019999999999997548
.019999999999997548
.019999999999997548
.019999999999997548
.019999999999997548
.019999999999997548
.019999999999997548
.019999999999997548
.019999999999997548
.019999999999997548
.019999999999997548
.019999999999997548
.019999999999997548
.019999999999997548
.019999999999997548
.019999999999997548
.019999999999997548
.019999999999997548
.019999999999997548
.019999999999997548
.019999999999997548
.019999999999997548
.019999999999997548
.019999999999997548
.019999999999997548
.019999999999997548
.019999999999997548
.019999999999997548
.019999999999997548
.019999999999997548
.019999999999997548
.019999999999997548
.019999999999997548
.019999999999997548
.019999999999997548
.019999999999997548
.019999999999997548
.019999999999997548
.019999999999997548
.019999999999997548
.49999999999846667
3.999999999901866
.019999999999997548
3.999999999901866
.24999999999961667
.09999999999993868
.019999999999997548
.019999999999997548
2.9999999999447997
.019999999999997548
.019999999999997548
.019999999999997548
.019999999999997548
.019999999999997548
.019999999999997548
.019999999999997548
.019999999999997548
.019999999999997548
.019999999999997548
1.4999999999862
.019999999999997548
.019999999999997548
.019999999999997548
.019999999999997548
.019999999999997548
.019999999999997548
.019999999999997548
.019999999999997548
.019999999999997548
.019999999999997548
.019999999999997548
.019999999999997548
.019999999999997548
.019999999999997548
.019999999999997548
.019999999999997548
.019999999999997548
.019999999999997548
.49999999999846667
.49999999999846667
.24999999999961667
.019999999999997548
.019999999999997548
.019999999999997548
.019999999999997548
.24999999999961667
2.4999999999616667
.34999999999924863
.019999999999997548
.49999999999846667
.019999999999997548
.019999999999997548
.019999999999997548
.019999999999997548
.019999999999997548
2.9999999999447997
.019999999999997548
.019999999999997548
.19999999999975468
.019999999999997548
.9999999999938667
.019999999999997548
.019999999999997548
3.999999999901866
.019999999999997548
.019999999999997548
.019999999999997548
.149999999999862
.019999999999997548
.019999999999997548
.019999999999997548
.019999999999997548
.019999999999997548
.019999999999997548
.019999999999997548
.019999999999997548
.019999999999997548
.019999999999997548
.019999999999997548
.019999999999997548
.019999999999997548
.019999999999997548
.019999999999997548
.019999999999997548
.019999999999997548
.019999999999997548
.019999999999997548
.019999999999997548
.019999999999997548
.019999999999997548
.019999999999997548
.149999999999862
.019999999999997548
.019999999999997548
.019999999999997548
.019999999999997548
.019999999999997548
.019999999999997548
.019999999999997548
.019999999999997548
.019999999999997548
.019999999999997548
.9999999999938667
.299999999999448
1.4999999999862
.019999999999997548
1e-12
.3299999999993321
.3299999999993321
1.4999999999862
1.4999999999862
.9999999999938667
.9999999999938667
.9999999999938667
.9999999999938667
