3.0180752035599614
.007310312501595607
.0002804415050081115
17117025405080423e-21
5592024929476828e-28
.0012560219243770783
6.639756473684681
.7306749595198714
.04603709343368573
.02091841356935568
.06355848118424803
.7440863487957208
.7123291168236379
.05687017843559408
.0009589532756806201
.00639376118348901
.0008662649061194791
.002187841213392932
.06926320952867485
.00459428977241711
.0020031299072975238
.0030532947915988254
60308380565868647e-21
.0018853030332734888
.08558715256743506
3.793139181998714
5391983732016889e-21
.005381448315799247
.005862900374962419
.005556122796159259
11552495614131751e-22
.00016572261192593216
.013813889575086885
.00123111407702027
.010061969745055145
3424369728374099e-21
.002569546896898529
.0026843566288448513
5542451694748973e-20
.00496822492700719
5441272562138293e-21
.005554533154370366
.005554139954595019
.021102712473557515
.0005330365323258995
.10866075535759034
.007306998518414311
.0004988005497584194
.02606597000103107
.06595180430521827
2680078465840403e-21
.15299613320519048
22373141236464057e-21
8.49937669010452
8.122874076830804
1.1049207680314381
.006310036205485318
.0007014951378602763
.000774633355782522
.18038082522298593
.11055299711454179
9.758997285867181
7.677415013547877
2.7797709830681296
.0016886578289834137
.0003180449199309642
.001460078311162723
.005762401117039071
.007192229847428381
3.4981707005257903
.0008294728185396856
9.758997285867181
3.2763149983243203
9.758997285867181
9.00379871623851
.001418724669257597
.008669531588941607
.00019077056564797764
2.1388475679665655
.00021113719609542773
.0019466207500856778
.010169230696355
9447674587226773e-20
.7138036176832014
.03628562776501824
13426339774008945e-21
.00040191708565157926
.40773631589158926
.3792421362395548
2.5726118664575095
.00010680725253897005
.00042256778707200587
.5932991824759952
.778376733863087
.13404432733797783
.00026014049504900343
.18713305861725932
1.2284436221956365
1.0303078069262674
.06648668506306098
1.2094320251508799
2.004159306988436
.017425891281948568
.01805904508115184
9331252765213678e-20
.00016296847576024144
3.6773573394470023
4.552906352026327
.4604940717220733
.003490161969978926
.0001311454388411243
17115549379893779e-22
39084864204994055e-24
.04249990313856864
.014528349828594704
.00044649435436579633
.3552227702905555
23631923703857274e-21
.00020806034388801267
.02446019482299038
6925719397041119e-22
0
0
0
0
0
0
0
0
0
0
0
0
0
0
0
0
0
0
0
.10060598502068405
0
0
0
0
.11300642252556488
1293.3299934517831
.004348848214144947
.0931648132741851
.019282717025258418
.20248713287103054
.01953071983858589
.38889327249080297
.013716026994380728
.3500013270121011
.004212482750024486
2.1980401731937635
2.3052213866515014
.002138471179130617
.004871616800338353
.5032053687588328
.3678428090373934
.18421999615341514
.32306908745074203
.01882848286805948
.01882848286805948
.04889570687018479
2442957481026362e-25
.01882848286805948
.01882848286805948
.01882848286805948
.01882848286805948
.01882848286805948
.01882848286805948
.01882848286805948
.01882848286805948
.01882848286805948
.01882848286805948
.01882848286805948
.01882848286805948
.01882848286805948
.01882848286805948
.01882848286805948
.01882848286805948
.01882848286805948
.01882848286805948
.01882848286805948
.01882848286805948
.01882848286805948
.01882848286805948
.01882848286805948
.01882848286805948
.01882848286805948
.01882848286805948
.01882848286805948
.01882848286805948
.01882848286805948
.01882848286805948
.01882848286805948
.01882848286805948
.01882848286805948
.01882848286805948
.01882848286805948
.01882848286805948
.01882848286805948
.01882848286805948
.01882848286805948
.01882848286805948
.01882848286805948
.01882848286805948
.01882848286805948
.01882848286805948
.11056141233359257
22879477087211004e-21
.01882848286805948
22879477087211004e-21
.1175592142883739
.07394803869065554
.01882848286805948
.01882848286805948
.00035084897250251066
.01882848286805948
.01882848286805948
.01882848286805948
.01882848286805948
.01882848286805948
.01882848286805948
.01882848286805948
.01882848286805948
.01882848286805948
.01882848286805948
.01621848815020328
.01882848286805948
.01882848286805948
.01882848286805948
.01882848286805948
.01882848286805948
.01882848286805948
.01882848286805948
.01882848286805948
.01882848286805948
.01882848286805948
.01882848286805948
.01882848286805948
.01882848286805948
.01882848286805948
.01882848286805948
.01882848286805948
.01882848286805948
.01882848286805948
.11056141233359257
.11056141233359257
.1175592142883739
.01882848286805948
.01882848286805948
.01882848286805948
.01882848286805948
.1175592142883739
.0013219719429657594
.121705840419555
.01882848286805948
.11056141233359257
.01882848286805948
.01882848286805948
.01882848286805948
.01882848286805948
.01882848286805948
.00035084897250251066
.01882848286805948
.01882848286805948
.10936625013965183
.01882848286805948
.04889570687018479
.01882848286805948
.01882848286805948
22879477087211004e-21
.01882848286805948
.01882848286805948
.01882848286805948
.09538525616262912
.01882848286805948
.01882848286805948
.01882848286805948
.01882848286805948
.01882848286805948
.01882848286805948
.01882848286805948
.01882848286805948
.01882848286805948
.01882848286805948
.01882848286805948
.01882848286805948
.01882848286805948
.01882848286805948
.01882848286805948
.01882848286805948
.01882848286805948
.01882848286805948
.01882848286805948
.01882848286805948
.01882848286805948
.01882848286805948
.01882848286805948
.09538525616262912
.01882848286805948
.01882848286805948
.01882848286805948
.01882848286805948
.01882848286805948
.01882848286805948
.01882848286805948
.01882848286805948
.01882848286805948
.01882848286805948
.04889570687018479
.12131130353810332
.01621848815020328
.01882848286805948
9999999999969843e-28
.12189109239744464
.12189109239744464
.01621848815020328
.01621848815020328
.04889570687018479
.04889570687018479
.04889570687018479
.04889570687018479
