2.9801890115855025
.007899443706588726
.0002990717295333484
18854007238531646e-21
1039278871194357e-27
.0013171394050021908
6.650501223036475
.7306075483762113
.04650241747773489
.021432131723529414
.06359811794454866
.7462304546000211
.7129302906577911
.05702975185088696
.0009616168525709522
.00722456273383873
.0009706902460077445
.002215661152443445
.06931839677786389
.004591170569265427
.002001783061673314
.0031264439703396207
6120454080725574e-20
.001909247327344872
.08767163578959263
3.8525298291257024
5519171268973626e-21
.005388739421990554
.005868202360919042
.00556017978653481
11560696272848367e-22
.0001658482307768191
.013824361193326558
.0012320529833802743
.010069596779300092
34335775619828905e-22
.0025680697701458235
.002686408484159092
55573546069264376e-21
.004972175929430642
54514686377952545e-22
.0055585766176247725
.005558172396730062
.021112389848264322
.0005283458853234392
.10875302656766898
.00731133246588264
.0005011527397206302
.02620877297482131
.06828629062198581
31067192111024425e-22
.16373457262926827
26138360860032563e-21
8.575752890227465
8.20057563116881
1.1110940671418816
.006315648630586604
.0007865820905333116
.0008684975674893267
.18155260717423555
.11108553855168132
10.2641465121933
8.064456900811294
2.9126819592616413
.0017071230597356158
.000322374674839354
.00146113419316546
.005770009011648441
.00774488796297892
3.55745785190972
.0008449146447454953
10.2641465121933
3.278855769413051
9.911683882492795
9.46931787331592
.001419893202471636
.00867608608904854
.0002045882224170547
2.1397843409741357
.0002138482836019973
.0019715828484102595
.01017650077745244
9788734761762478e-20
.7222018081345991
.03945639828007568
13617568135116845e-21
.00043446433367698087
.417765709115818
.38863659958694696
2.619636130143391
.00010674997003633043
.0004205606612283006
.5888985909471176
.7850556606896311
.1338430425265668
.00028677822175889685
.19107240690626
1.2454709869809377
1.044882279058689
.06838905931617895
1.2196235550883978
2.0071147922482893
.017601116427465403
.018284578270573868
.00010488885286868669
.00016293770412348143
3.695728275346355
4.5930630340305125
.4628951579115362
.00365204928851486
.0001349139039328592
176532619328508e-20
46991842622682696e-24
.04312783347998688
.014746716523267886
.000456849486706571
.3574991230848212
23952771067992632e-21
.00021037020251094373
.0248461932993363
7130965017758646e-22
0
0
0
0
0
0
0
0
0
0
0
0
0
0
0
0
0
0
0
.10725147082443652
0
0
0
0
.12722234012272046
1294.310351793864
.0043521446888627425
.09323543322604902
.019297333536581442
.20264062034203884
.020445198572417167
.39291335258482685
.014567990360050171
.35234440372377046
.004408410565817037
2.2248275581584127
2.3336398669358083
.002256898838392818
.005142685730559343
.5126818789167066
.3744118638190914
.18705921557372984
.3281101306192224
.018842755064901646
.018842755064901646
.05078388320967256
42479257340158093e-26
.018842755064901646
.018842755064901646
.018842755064901646
.018842755064901646
.018842755064901646
.018842755064901646
.018842755064901646
.018842755064901646
.018842755064901646
.018842755064901646
.018842755064901646
.018842755064901646
.018842755064901646
.018842755064901646
.018842755064901646
.018842755064901646
.018842755064901646
.018842755064901646
.018842755064901646
.018842755064901646
.018842755064901646
.018842755064901646
.018842755064901646
.018842755064901646
.018842755064901646
.018842755064901646
.018842755064901646
.018842755064901646
.018842755064901646
.018842755064901646
.018842755064901646
.018842755064901646
.018842755064901646
.018842755064901646
.018842755064901646
.018842755064901646
.018842755064901646
.018842755064901646
.018842755064901646
.018842755064901646
.018842755064901646
.018842755064901646
.018842755064901646
.018842755064901646
.11267576421046131
26743088812963804e-21
.018842755064901646
26743088812963804e-21
.11867797247404772
.07422873103971986
.018842755064901646
.018842755064901646
.00039344108162324485
.018842755064901646
.018842755064901646
.018842755064901646
.018842755064901646
.018842755064901646
.018842755064901646
.018842755064901646
.018842755064901646
.018842755064901646
.018842755064901646
.01716728469456893
.018842755064901646
.018842755064901646
.018842755064901646
.018842755064901646
.018842755064901646
.018842755064901646
.018842755064901646
.018842755064901646
.018842755064901646
.018842755064901646
.018842755064901646
.018842755064901646
.018842755064901646
.018842755064901646
.018842755064901646
.018842755064901646
.018842755064901646
.018842755064901646
.11267576421046131
.11267576421046131
.11867797247404772
.018842755064901646
.018842755064901646
.018842755064901646
.018842755064901646
.11867797247404772
.0014538050703735341
.1233304304738578
.018842755064901646
.11267576421046131
.018842755064901646
.018842755064901646
.018842755064901646
.018842755064901646
.018842755064901646
.00039344108162324485
.018842755064901646
.018842755064901646
.11019809205950447
.018842755064901646
.05078388320967256
.018842755064901646
.018842755064901646
26743088812963804e-21
.018842755064901646
.018842755064901646
.018842755064901646
.0959288670243305
.018842755064901646
.018842755064901646
.018842755064901646
.018842755064901646
.018842755064901646
.018842755064901646
.018842755064901646
.018842755064901646
.018842755064901646
.018842755064901646
.018842755064901646
.018842755064901646
.018842755064901646
.018842755064901646
.018842755064901646
.018842755064901646
.018842755064901646
.018842755064901646
.018842755064901646
.018842755064901646
.018842755064901646
.018842755064901646
.018842755064901646
.0959288670243305
.018842755064901646
.018842755064901646
.018842755064901646
.018842755064901646
.018842755064901646
.018842755064901646
.018842755064901646
.018842755064901646
.018842755064901646
.018842755064901646
.05078388320967256
.12269797742507148
.01716728469456893
.018842755064901646
999999999997022e-27
.12342459740652044
.12342459740652044
.01716728469456893
.01716728469456893
.05078388320967256
.05078388320967256
.05078388320967256
.05078388320967256
