3.0496004594334276
.006860652957814499
.0002641719145178803
15807665093462746e-21
4091058074737589e-28
.0012092047700821998
6.630768458287742
.7307201117691146
.045308533111203066
.020501799842590075
.0635254743649272
.7425810475330831
.7118292365172042
.056758682312868784
.0009570896223443379
.005850114445297286
.0008168014111033195
.0021471043957999618
.0692173300975988
.0045968633216987055
.0020042410708895806
.0029938648806528373
6099278666792545e-20
.0018501306925988476
.08389482589305937
3.7426382987379245
5241269015155958e-21
.005375352611979067
.005858501448547936
.005552744511023137
11545666520270948e-22
.00016561815649357987
.01380518214529781
.0012303334146095161
.010055627662199683
34179877909412528e-22
.0025707160923428606
.0026826506450352283
5532095439283412e-20
.004964939777922901
5434735501162165e-21
.005551166865518158
.005550782976546548
.021095205206572848
.0005369174631837032
.10858404155338172
.007303382557612962
.0004967766674302044
.025941560366958032
.0635112690958623
24339211733466835e-22
.14381319615133298
19723205551077865e-21
8.436235071487147
8.058412763271201
1.0997630473634452
.0063053928690265685
.0006381867145438823
.0007047536851724061
.17940318336588276
.1101076655493705
9.33866054088763
7.351348706286634
2.6789274583862017
.001661360226056517
.0003118066798085741
.0014592280421669567
.005755742243816664
.006759667185997569
3.4477238840268667
.0008163938121406192
9.33866054088763
3.2742025468543736
9.33866054088763
8.591386882759585
.0014177512146853874
.008664111356229279
.0001789618801840573
2.138076315540642
.00020715532932011484
.001910025701943995
.010163171872383012
9095033681301779e-20
.7013984295730815
.033598863238113924
13238908382454093e-21
.00037708733769231217
.3964113535098921
.3685339596359609
2.5296293339255445
.00010759556088693517
.0004200346482865615
.6108153156784019
.772183725444026
.133111227788578
.0002379604899352818
.18296612837424925
1.214026574794104
1.0181784471108366
.06488715982614902
1.1989793838856688
2.001633581053176
.01725191264345784
.01786089472629802
8472021006301809e-20
.0001629665318850545
3.661593955712076
4.516164619032162
.45850479984347753
.00333338536451985
.0001279829066105742
16664951350968873e-22
336210733006428e-22
.04194603472397626
.014342290162468085
.00043425388082865085
.3533271613150953
23332249590142553e-21
.00020459084309768413
.024131542687479673
6753344659204519e-22
0
0
0
0
0
0
0
0
0
0
0
0
0
0
0
0
0
0
0
.09536666089790209
0
0
0
0
.10381926456533207
1292.5147992913874
.004346107107322583
.09310609089697278
.019270563005483774
.20235950393710997
.018696640288174315
.3856152695903437
.01304391188283573
.3480222371198089
.004038863964167543
2.175894697674202
2.281764615073855
.002044595741749297
.00465682553005644
.4953417375903142
.36238439079998197
.18185259413996877
.318867323265133
.01881661515497707
.01881661515497707
.04737828776369746
1887856930485794e-25
.01881661515497707
.01881661515497707
.01881661515497707
.01881661515497707
.01881661515497707
.01881661515497707
.01881661515497707
.01881661515497707
.01881661515497707
.01881661515497707
.01881661515497707
.01881661515497707
.01881661515497707
.01881661515497707
.01881661515497707
.01881661515497707
.01881661515497707
.01881661515497707
.01881661515497707
.01881661515497707
.01881661515497707
.01881661515497707
.01881661515497707
.01881661515497707
.01881661515497707
.01881661515497707
.01881661515497707
.01881661515497707
.01881661515497707
.01881661515497707
.01881661515497707
.01881661515497707
.01881661515497707
.01881661515497707
.01881661515497707
.01881661515497707
.01881661515497707
.01881661515497707
.01881661515497707
.01881661515497707
.01881661515497707
.01881661515497707
.01881661515497707
.01881661515497707
.10883233623715514
2016158089358232e-20
.01881661515497707
2016158089358232e-20
.11663633471380831
.07371528268384356
.01881661515497707
.01881661515497707
.0003191617329811447
.01881661515497707
.01881661515497707
.01881661515497707
.01881661515497707
.01881661515497707
.01881661515497707
.01881661515497707
.01881661515497707
.01881661515497707
.01881661515497707
.015469365865601478
.01881661515497707
.01881661515497707
.01881661515497707
.01881661515497707
.01881661515497707
.01881661515497707
.01881661515497707
.01881661515497707
.01881661515497707
.01881661515497707
.01881661515497707
.01881661515497707
.01881661515497707
.01881661515497707
.01881661515497707
.01881661515497707
.01881661515497707
.01881661515497707
.10883233623715514
.10883233623715514
.11663633471380831
.01881661515497707
.01881661515497707
.01881661515497707
.01881661515497707
.11663633471380831
.0012217440993058444
.12037033895294552
.01881661515497707
.10883233623715514
.01881661515497707
.01881661515497707
.01881661515497707
.01881661515497707
.01881661515497707
.0003191617329811447
.01881661515497707
.01881661515497707
.10867885962174058
.01881661515497707
.04737828776369746
.01881661515497707
.01881661515497707
2016158089358232e-20
.01881661515497707
.01881661515497707
.01881661515497707
.09493526426696065
.01881661515497707
.01881661515497707
.01881661515497707
.01881661515497707
.01881661515497707
.01881661515497707
.01881661515497707
.01881661515497707
.01881661515497707
.01881661515497707
.01881661515497707
.01881661515497707
.01881661515497707
.01881661515497707
.01881661515497707
.01881661515497707
.01881661515497707
.01881661515497707
.01881661515497707
.01881661515497707
.01881661515497707
.01881661515497707
.01881661515497707
.09493526426696065
.01881661515497707
.01881661515497707
.01881661515497707
.01881661515497707
.01881661515497707
.01881661515497707
.01881661515497707
.01881661515497707
.01881661515497707
.01881661515497707
.04737828776369746
.12016940083155787
.015469365865601478
.01881661515497707
9999999999969528e-28
.12062959176847433
.12062959176847433
.015469365865601478
.015469365865601478
.04737828776369746
.04737828776369746
.04737828776369746
.04737828776369746
