.04962430600395487
-.026754823012759003
.0005385729692191786
-6739914117457014e-20
-.013526623131907552
-.0006423305653858508
-9528366787250401e-24
.008419683157962628
-.0012529608957975126
-.0007607510418825363
-.001006378702288572
-407395633751614e-20
35850118422272318e-22
-1145826581250076e-21
-.0008583188582488931
.003171794722129457
.008744814969231646
3968586110843708e-23
-91593124575522e-21
4287809983005571e-21
-5531481260106346e-20
.005818992691353423
.008097035137793144
-.0029251703384021483
-.08512113685713679
1205826956650459e-23
-.0007618684741705297
-.0007611476873902067
-.0007614461888040546
-31145915460615495e-23
-10172024248997941e-23
-7384145333816702e-23
-10554714060017454e-23
-7171254799234731e-23
-11615211659051854e-23
-9340293500923735e-23
-7808637922822917e-24
-12757062774827462e-23
-7506752623955669e-23
-5888343116626483e-23
.01182396348534221
.007087945339923033
-.0006140543902424234
-38744262217522465e-24
-7877393464874163e-22
20779543587131535e-22
-7129450900830501e-22
-.002480895575610988
-.0005066224716235374
.0021065243502445337
-.0019322505633852557
.011827151894812843
.010886571417606508
.0004920953945251879
-.0009973129971301863
-.0010399233843959926
.01988993370456258
.012459490647266225
-.0002501101526822431
-.00023292376245130932
.03587993234481599
-.02385336084572584
.23774212248598298
.009701935861959634
.03787923285982482
-.0007576626417768287
.020688591507316126
-.0293743417551029
-.0015572453862859356
.00012312319804228629
.010323269942242157
.03869417329389161
.027810573977611563
.002275361342082543
-1403892126495896e-22
-.000760936302696783
-.0007626399571550133
.00023003682921510528
.008920123518595665
.009149323437484504
-9121218261584686e-22
.009701963935141228
.007829390090240201
-.028050785400641227
.0018634564249669066
.00016313659170315103
.2085066104021038
.010215867307752128
.2664943358140186
.0017486053302638428
.008765274094805615
-.000611528940562636
-.04803449163660074
-.0030989385948893386
-.0026161926557432876
.004522996658005066
-.0034136359657828516
-.002316460447442586
-.0030620182945391245
-.11500226695047414
.12198078835870996
.46913154660221845
.004962715533104899
.03898290169352724
-.0007721607472307693
-.0023934160778843706
.137257912818201
-.0011468037314373355
.0609166034931434
.006668246590642004
.0035434874034048275
.012197127871342736
.009798885303197816
-.0029168397121821206
.00903925079984621
.002947762335599987
.0018627286794973977
-.00044334593744436225
-.0035179524972471887
-3862953146260854e-23
0
0
0
0
0
0
0
0
0
0
0
0
0
0
0
0
0
0
0
-.039839315230902034
0
0
0
0
.0007723531695297744
-.0006649719221297382
-734091962556886e-22
33246608693068666e-23
-7827337691372852e-23
10083757756106158e-28
-.009968187859106298
-.28245343615377416
-.0004219412291108739
.0016224020335134006
.7699515272406287
.016503185525238086
.21416829875901006
.001809334268590363
.008431017487333676
.020501112108720305
-.0034869274255395224
-.000618035978686643
-.001409877263827307
