2981581179170867e-22
-.0007619962110682393
-16719060830603847e-23
.0019581575506805457
-6124303048119368e-23
-12130805397296845e-23
-.0006337530651351434
6950945151087882e-20
-.0007527331858176644
42298450701291344e-24
-.0005318271424455445
-18352516424922671e-22
-.0007620976329435414
-25175109613894633e-24
-857987732853577e-22
-6375500657999256e-23
-.0012060133133450902
-.025745819456787306
19323841113284765e-23
-12638881133925897e-23
7973936728540508e-20
-9950035924084906e-23
-31673238849965897e-22
-22573130375034854e-23
.020698452677996193
-.002850064755724695
.007598428377643287
.025969781279756958
.011896098273324123
-.002507512544267915
-.0010990712557230316
18462576159160457e-24
-.0007591376401933923
7673667161382696e-21
0
0
.011677144667744423
.005646113992939911
-.0069100305194487715
.02069907225096275
.04042304960297806
.038321000442352364
-14348974407608656e-23
0
0
-.000761362280959432
-.0007603551346179754
5534313585984881e-23
-.0038548409988819147
-20380394842619e-23
-6366940668081851e-23
-46776535479025246e-24
-2361649679005916e-23
-6498589727675459e-23
-2236039669890687e-23
-10654453628400629e-23
.00668436640814598
.021079999893606566
-.00044017081343661606
-.0012324131471017539
-9642324454069684e-23
-8516192796218316e-23
-10837641894303223e-23
-23483167104172866e-24
-.000664326812046665
.0037009571605534793
-24652995045634023e-24
5982559026594368e-23
-4540439374445074e-22
.01960923156064999
7039555567344199e-20
-.00010601153730762373
-.0007586364671250726
.004994191045935405
0
0
0
0
0
0
0
0
.06198080652918499
-.0029846870189115305
.005611678552007347
.0075918115326632785
-.0032403610119910524
-.000760888021552605
.0001872031548363869
0
0
.008108570024702829
.0386913839535038
.0004971727747289641
.015911530284696045
-.0007618156939897663
-.0007931646609263958
.017752431088276715
.004084442111501339
-.1504818639344999
-.0007630528179053644
.0077536320097826164
.0003405353639978183
-.0011992818282519457
-.0006973507551224247
-.0007594115865366865
-.0038129496476320014
-.0007623198455760436
-.0006977275636377537
.0004950247055376541
-.0008159342030711293
-.006181309525702731
.020429655085838497
-.0008802703064713748
7454382067840567e-22
-.0013084608845092577
-3877193653047533e-23
.016874858230813427
-3270081970243178e-22
-.06314278987874893
-.002969678131352421
0
0
0
0
0
0
-.005264691881470138
.01165244214632257
-.06790084341586448
0
0
0
-.006877631033351616
-.0029715909927485245
-.0008030101181987922
-.0020308415394365113
.0017981992228432227
.009689413600492533
995792142265018e-20
-.0012582413530228226
-.0004393907054779985
7305707143484537e-22
-.025320070828416568
-9370522365841485e-23
.000504876076261724
.00014132650319898204
-.0024497443193440983
.0054364518806275155
6399938555287777e-20
-4644578486337237e-21
-12436040744574178e-23
0
0
43755251184316e-20
-5149091631351056e-23
-.0011248771096505328
-.002976093246837057
-.0010926475536945823
-.002113016245253393
-.0021214354333083736
-.042594944666974874
.007670760948785954
.008880942276175573
.00011129010125139411
-17564774389433186e-23
-.002037696374208449
-.000635921379598942
3756419063472389e-20
-.0007598811991238559
.009013311656567853
-.0006337980707386768
.013651673355328211
-.014484641736323696
-.0029902296862185655
-.13413932181482832
.013804027409511942
.006084617313394027
7267845994362944e-23
.011769358243245678
-.0009084978568385683
.009017570116877576
-.024324378666721748
.2854607164528737
.010755080273692864
-.00519082968797106
.02413597562168507
.013045134025045509
-.005231959693102037
.03260067201468115
-.000667326078792439
.00904214333091247
-9570450913282672e-20
0
0
0
.004336681557305908
-.008202464161512551
.030318056030388695
.00891475559429537
.021415809521114167
-.003857639380254882
-.014025823348091377
-.0022440018642849954
0
.011034479351292134
-.0007043870436418893
.0316376511250377
.21987825252730342
.006951594902052399
-.00047148735425751284
.03688612334803769
-.38278770519725963
-.07765554421609144
.00017864166456786886
-.0027859187475162478
-.006192067316224074
-.0008050933007618183
.0004928949276106633
-.0028418658601306566
.061122600665828135
-.000306953074179721
-.0025537109885587495
.020815586987325097
-.00041890444720091107
-.0015787217197748493
-.0008286729584476253
-.0019757115597622403
-.0032246783775972602
-.00309783924457167
.023375680968325697
.008782564242982398
-.0006655560660375015
-.0011155070147239785
.025303766865361954
.07159543495851481
.009536276277316211
.0014728803902478939
-.003217257502175817
-.002263048397690359
.008969557976432995
-.07132723810230399
.010309359493765139
0
-.002686567215128372
-.00046749509876617174
.06489651245288793
-.010114640578596037
.015814715998191863
0
-.00456042042043661
.021279064317908516
-.01196577379760274
-.006623897407358313
0
-.005783160545436682
-.002834970196447648
0
-.007123160409835722
.012564943878614709
-.0008193499276677296
-793649489567894e-19
0
-.004854994138819648
.006420768279799048
0
0
0
0
0
-.001848637567951504
0
-.003111205566309495
-.010769338039951358
-.0027489629134602447
-.004829231045851205
-.006782513321723427
-.0005195773064669849
.22237453957070769
.03780754316958251
-.005850282882979178
.005436667113058816
689884373046729e-19
.0032599343793873903
-18633272665954786e-21
-25464815974227563e-23
-.0007905394567766722
-.0007585730097013881
-966928169980434e-22
0
0
-.005299094173393581
.03290207022995459
.07995645069105466
-.1863241068234245
.04299706322279249
.030039656173857492
.14343219020608303
.010873797720552844
-.0007519199298583005
-.04226819066770245
-.00017057075942202666
0
-.009317005856313869
-.0008540492060884789
-.0007612805949027684
0
0
0
0
0
-.0007246725106612428
-9725235351175446e-23
-.0345998476751784
-3493148136818588e-23
-.0041316748387582106
.020273170341743238
.008727328199094837
-32279789203588496e-24
0
.023297099150326055
-.025691511119621684
-.0005485895290376815
-.0007331825883306326
-.004305949747155435
-.0008023210464051966
.009486896311881711
-.0028106930545373165
-.00076294700522581
2535213558339072e-22
-.0007621945343822832
-.0007596854499690835
-.0007595292331782183
-.0010899033656850067
-.0009474072814845868
-.000759748022935171
-.00128355366818296
-8564807712778033e-23
-.000667704861147328
-.0007597986317467643
-.0031531774052174838
-45758075945658525e-24
-7658770874216611e-23
.0035193523553103735
-.0007627089626622151
-.0006669509979609387
-.0007614014351824232
-8487106757179593e-23
0
0
0
0
.0017158688770264193
.008057214714763622
-12058539026920184e-21
-.0003573749918382418
-.000697697826636131
-.0010930405680410846
.020629159948959887
-.0039495548450318805
21074941668509023e-23
7568488750191136e-22
-.0007147252767893548
-8003769839578855e-23
-.00075945917066912
-.000667071589171777
.007791091076570483
-.002447004629586816
-.0006669318176453109
-.0007618395426370681
-.0016119560083567748
-.043322616535920004
.011630546495677298
-.0015054627999683318
-.0007613334220290262
-.0007002869741812044
.021671371504708867
.009109466613321944
-.00023489590704355362
-.0006518637621810246
-.0007615843256413467
0
0
0
0
0
0
0
0
0
0
0
0
0
0
0
0
-.004039753233084782
-340680876207575e-22
.012847476910703726
.011699818327918323
-.0006382996601955315
7187366403293932e-23
-.0007619739135269637
-.002148255521114533
-997001296861728e-22
-.01976593124743658
.0019025309610624234
-1139843327564614e-22
-.0006542428917179755
-6679005408362136e-21
0
0
0
0
0
0
0
0
0
0
-.0007784085325030756
-.0007613020275937537
-.0007614161238562212
.0003133549614548077
-.003401646454111275
-.0007595439634195065
-.0007603025812097196
-.0007665735652871614
-.0007612168619684136
-11149454092472594e-23
.00010058978613250995
-6673778212424876e-23
-.0007598919131164717
0
0
0
0
0
-.000761210101817214
-9607165752026726e-23
-6938275178367542e-23
37765913631674474e-24
.019440898951428354
26958500602288996e-23
.023274126647907296
6580699627085952e-20
-5780110783377611e-23
.004230859394537529
-.011215688790880512
-.0007594326794050355
4164816036777534e-24
-52040929278229726e-24
0
0
