45.12327027429786
.3142549004610612
1.1626086812067216
47.68808040403586
1.2807192614651493
8.200138256518827
.8222974178701258
.1919162782177927
1.3522345969872542
.07994642988697058
22.48861457644945
.8079652749468196
1.4871706167123722
.019467419745706368
9.76950397386177
11.978666662145367
.011145336757088517
.08022266123939187
.01708157768092458
.006671395998943805
.04790882338390088
.015089605222718896
.010331584386026927
1.661389566067307
28.864305951988747
.004836339104529638
.006332930414452436
.006795698620622162
.006339341206971458
.0053484305271861736
.00018170520482234818
.013974145654907899
.0013145739682201396
.010058966908457968
.00027565220500310594
.004550985832753747
.0029610292975314864
.0023896402359240834
.008511496094295327
.0002274446547137273
18.08136814615124
17.417710020000804
.02912139499087253
.0038181272139115536
.14730352534866195
.01009365735063971
.009991210650265578
.5759455231453757
5.538350361728158
4.949553174473422
3.4999811505424216
5.133744495648897
21.654932136079466
19.965216977960495
2.023433043896653
.007954885916014105
9.072888290642863
160.67739144159614
.3561445741404977
.1854365287804297
56.25556893751464
53.74193735990068
18.11757602396738
.005711132673339199
.0022639036374528096
.001651777455909512
.010605484005317597
84.19151396463454
78.88503272454518
.041902526531573454
29.82844714362122
3.4364681499608367
103.3570932016958
35.55057191632056
.0014756384578073075
.0105885653823458
.005513068801889065
2.636099480485699
.0011774007096209656
.009955258383441126
.011964619454756438
.008052882725321168
11.327533404321732
24.03028883972663
.009352304111972414
.055825278623286755
26.495406352338087
134.2417503095485
7.699045429422399
.015754244485357626
.010123282266547413
5.103277937305919
1.5886110975928909
13.236404059895078
10.605515733164443
6.549145731765507
8.468616088813516
6.680752163344678
3.7083335712159657
62.50081909247789
2.1125304763138963
7.449033802192101
5.4144229953367855
2.715495073927478
.0030474123089317875
60.020359974293385
8.773356974404198
2.1989518825109378
.48971877578144923
.016006740322338068
.00018437740519768365
55.618870058350254
107.86904772238722
.09556874975386434
.0035956689292920238
.6106464790338735
.0064236034715750776
.00696208215070873
.18897493625792233
4054549943946445e-20
0
0
0
0
0
0
0
0
0
0
0
0
0
0
0
0
0
0
0
3.3763540252501065
0
0
0
0
4.514212732183447
1375.3424085540273
.004447720284900407
.10429476324536817
.018875119653572
.22062558446667657
.8524015893693261
1.1789415514527717
1.6823027166253979
18.584614863866282
.015873327528234487
6.597959563017474
6.410068135230826
.3730829855291103
.8493799452240822
83.87593810083118
91.24057691628691
50.84850860113954
82.25288014853517
3.4046140125072406
1.9214842763355469
1.6136731162377689
1.857755173553295
2.7146267277937968
1.704067415686393
2.5871259402115605
1.991829861398343
2.0168631678517994
2.2850627325169373
1.9176055475787332
1.8899469726785036
1.3609624146877177
1.9767676613610392
1.675279656211852
2.5281394791528755
1.8929713615419257
2.2547625570019254
2.23669087249161
1.8706142561292367
2.3748871914523138
2.602783907867271
2.4854287796798493
2.111600248744187
1.7839915329290583
2.325369536493882
.02345768516796318
1.708075797610791
2.4343071316700082
5.705389815255765
2.023194640230058
2.024052600970314
1.2290737012166808
3.081259690031886
1.3848262937132745
1.670529237738867
3.0216175195540913
1.299512694390521
2.021210553754057
1.5659978192534045
2.173868235668229
1.4475786838943536
1.9828948535765842
2.576969524706252
1.9562548764435614
2.2006487453956156
1.876153207572966
2.293128916270095
1.7767118698706457
2.1886037726836594
2.7734091374619316
2.957718579910626
2.3905098463615237
2.009860302933773
2.091330113456153
2.849661647536605
2.4939675312826117
1.0100481953889946
2.7478032715790013
2.9469511738884817
2.1288229080840173
1.097861449522975
1.6997886190796605
1.8439893709853
1.940185548964109
1.5376659152387984
2.3835180931407653
2.1619605415858985
1.8606380543768661
1.786186150410648
2.5843572413193088
2.5455610350019313
2.0604575233747124
2.276062403108095
2.253248947706425
2.208012969069439
2.421847050079538
2.4536672097196166
1.8951062545882758
3.17427264004258
2.1742628717428842
1.8533103589883408
1.2241345228923022
1.542871218836752
1.5793534369248219
.7789473185145166
.18871531459951266
1.9862252301826644
.011255285961509907
2.589028423710322
2.2852889433197294
2.4785314482776375
1.780910605006102
.1865662268389291
1.4757827750713726
.19379403383130703
1.205369542314279
3.1597164036384573
1.874424928357355
1.822048301141919
1.8572586589536373
2.1618880048740285
1.7274824567369875
2.1777115551557418
2.0979482937166845
2.4086515877055734
.009993251362888676
1.8697975597026693
1.9683782374403578
1.4067194893762287
2.227650781948519
1.8372264343560654
1.354576873492755
2.2832254544288624
1.8962386195841696
2.057106345097511
1.8850857625655806
.7151292810048547
1.7843843129855328
4.885635695298894
6.564939821805055
1.4637914355268364
2.1070152338694728
2.5779503436527373
2.6163316600321354
2.9423144254602467
1.9134207627946571
.009002799685729484
1.6758400754627483
1.367475756202247
2.6953071432500617
2.345492078825834
1.8467861687027691
1.8990252969481871
2.3886505802600713
1.9192568137857446
2.662516202788343
2.1392039435925856
2.451677962208067
1.8165268828484666
1.6295521286910644
2.1047842274166984
1.2037884424945855
.22481127246652657
2.3246120431054536
5.71287454179644
1.582632941422395
1.7124691709300222
2.112200119778779
2.3194318642646845
.9971971034692425
1.6307059788223306
2.187412775978768
2.1434366146785964
2.28937862667009
1.3297403491968607
2.166364586961156
2.6993320338217113
1.8242580128450259
2.5544126843429558
1.4969967106915478
1.2062878333907259
1.593836915257632
1.9519915047529788
2.350734707911834
2.317337733120786
2.7152310280281924
1.3151613397590463
2.4140435844174495
2.258270075875468
2.3008911748130476
2.543507766971026
1.7152692336881332
1.9625866375834073
2.8930409066185545
1.8312917443291217
2.1396835285359126
.023471300830196704
2.0419337850690455
.05762769441207335
1.8350357190796371
1.76874960487626
.5394497359693567
1.358679905859347
2.247241912355496
1.2401169391669775
.04748833009797569
2.0888817400652884
1.1382149431017528
1.6175317098126343
2.278643588195665
1.8536672509274597
1.5465915572650912
2.4742857779084564
3.4876717979595013
2.8250704374047535
.6777283065427274
.011106661470597584
1.9262417457893108
2.1858392655841867
1.981589125726593
.05043831363804475
2.323980987451632
1.7512445835177737
2.1781017673834486
1.2480418529534103
1.3224926484430164
.006401432362244649
.004432854846392868
2.486767935489183
.5651478115754204
.13839211820076358
.8276895297723627
.2091770570873072
2.234539269921354
.11139894468996728
.09778510490664402
1.675831271704848
.6135485336848436
8.130355268049092
2.189645908908734
2.3312894027459454
2.34221326934579
2.278936627789609
2.200587717314178
2.0080470849870404
.12304087120955233
.16149973504602513
1.9365122619061934
3.21326423219473
1.0002302492653954
2.2207237144929994
2.4645696394958243
2.0892321146834165
.00982628517552214
.29549270322591314
2.936980033106411
3.5740251930985885
4.456840963849998
3.8969024692582903
2.430960963743763
.010677412396564985
3.274582025813442
1.4392789612707129
.014283615756055041
.010636594289614148
.16758787467954583
.01231239774343343
1.764392948867091
2.7044228875321723
.01
1.7830565556668008
.014850245552258168
.007265804219855504
1.963561804831684
.009391759162452192
.008096512164862457
2.17908828666803
.007417887651961735
2.2625041857309225
2.1104312948452737
1.6509371802811725
1.6774453368668085
.00946359509042033
1.9521606153244975
2.4889737009221253
2.4458249780801253
2.4104841139882427
2.271169086162248
2.8372296751442607
.010908003462726048
1.420248849057313
.010647091950470769
.009019580297895803
.00964815137305007
.012338587925804065
.010204109048207908
1.400694912426406
.08449007692334014
.06941113925998828
.009802719941574669
1.3578158316967288
2.1730067615911985
.09534402965898237
2.031383109710767
1.4462926396559288
.06500051111401596
2.203145461028324
1.7989113288154877
1.6874336109253745
2.894983218688053
.009516557113116513
1.5408217362596197
2.570533225557376
3.313742176549754
.8188472804952796
1.6177174429070276
2.157659386929881
1.492705620864151
2.2545682720252995
1.7713024340237633
1.810932454576154
2.0976732350267295
.00979824617073284
.217223546885241
.1967300287992907
1.8563388413801631
1.5140932326879588
1.900558267720079
1.6008236079792024
1.458581129196301
2.2195724094338813
2.093863891751773
1.7297723705078343
2.0192286960182813
2.1438910492032752
1.8345085530115635
.0061986234048448385
1.6129307906937813
1.8880939410691673
1.9136220053955086
2.172127991911214
3.1049919306857934
1.6698396629156904
1.8832599484881314
1.7402436406928292
2.1777488325991343
.11608031400502827
1.882053442904454
2.361511123367436
2.3391406616370185
1.5655741662923826
2.660587747761293
1.6880771071800025
.23120833011816427
.16184292477353737
.12545369275055154
1.7552812142204015
2.0424180356548454
1.9349795675472183
2.408800541502668
1.3506089869754352
1.8670115111876286
1.5549229930225017
2.0144813466485245
2.4131050686787647
1.6654190675182385
2.312740265780247
2.2643895174143367
2.017257765065267
2.238135057180606
3.1506773467291085
2.06039527557265
2.0234922925005336
1.7515111669240564
1.410350685008543
2.1728953831486635
1.597549819971616
2.1447175813979578
1.7996628585416858
1.635199152558794
2.2215719697905167
1.7769140085776722
2.283815107873225
1.3941586757544653
2.270130337266233
1.5487442590961846
2.372320576645409
1.7104634855922531
2.1668424549388767
1.7034673518510657
2.098311395393
16.549963839585885
18.367159510233186
2.4964852313022954
2.123824414970426
1.7913708373913912
1.302264038966848
1.4863732679618162
1.5717177472583148
2.5607942121148892
1.808079974612444
1.7645096263611517
2.1667262228898023
1.9147467966766176
2.847632628554392
1.6158206385894591
1.7004454020168749
1.466847390548583
1.799940923156734
1.5327063122450426
1.7943931813137701
1.2566524350094157
1.8579833257338034
2.2018020744897955
1.1873584685546295
1.9080512000018355
1.5660529787715713
2.3947640115760467
1.956464302327238
2.8940084736615486
1.8494474261643243
2.0045072882761215
2.506196733529599
1.3017507175392444
2.4914179782924157
10.650011267914842
1.8445171823066198
1.6621017869467696
1.6490151849268464
3.3394736013582493
1.9346346378119446
2.073942673103544
2.69029323733035
1.5487998525998756
1.8439889690255544
2.7633511808986553
1.4050609086192636
3.0746023300164085
2.417371754171526
2.51992877229952
2.0440925437005166
1.4328624730147326
1.7076019274118475
1.7639166443738363
.293667941017265
2.798452287984758
1.8670047558182208
2.479884146549582
1.7015738879987623
1.9256018539061093
2.4778696977624795
2.0618359843828666
2.184435602624772
2.0682695810551057
1.6533371655627476
1.3686224477168678
1.9192257575106617
2.4820436318275427
1.7681953049945747
1.7705995971360675
1.507679273051369
1.6296539769574836
2.7065872387603704
2.972676067514563
1.998635042428374
2.0211781766807104
1.7767427031027714
2.1210828066722933
1.6659120617468979
1.3422536913049212
2.018418759329851
1.8526297011497759
1.6400941005751466
2.2206353267888823
.1682168894793377
1.0073293048299006
.12389528977006393
.9970217453241529
.10470165816292419
.9596207431745433
.08984652666496269
2.136903510892747
.16584833509245545
2.6044147561531052
.08811014951590536
1.024841954507253
5.861960527085212
.3439874182104692
.11033885323461791
1.2695525456125112
.0703773367577325
.21370670333237615
.041474678933567787
.8708275778141924
.07101804645482283
1.1194305449841282
.09988314178144303
1.2942039788841149
.18134581341268413
.9551305764744503
.04929858552917255
.7023996410183279
.05861762706816866
1.4403263414700391
.0002061980507154434
.0004067928485158736
.11132429010168282
.1293812052338751
