-1392063750360989e-23
6623147193635173e-22
8137536637639768e-22
-726474297300232e-22
-46787367470278637e-23
1672028301732902e-22
5922922492622849e-21
6568790852661019e-23
74870715504770026e-22
7758125777278857e-22
.0006797117003157808
-32471540181051044e-22
.0005894049976151323
-4104323026131854e-22
35597786318682415e-23
2817241709954661e-22
-.00018232388522003662
.030444184848546482
.0005279654841045583
5247934501440692e-22
.00043142089189789686
6266255681797658e-22
-22010108178378095e-22
3556317271847292e-22
-10963955850875783e-22
.0005334672893108904
-.0012170201885635975
.005643393937827899
.003400399428184756
.0007116327248577579
.0048961463921571614
8140666445400646e-22
.00338902836558019
5163009497829906e-21
0
0
.00338253173439945
.002492807752033854
-.002425809295924731
.0005330825276983681
.05541591604681246
-.001230881586907107
-12998557627061234e-24
0
0
-30435529022921577e-23
-19193265242619395e-22
5134737318820079e-22
.00023200574641867296
6226223309942458e-22
-10615134389409693e-22
-38769875537881573e-23
12112434650085048e-22
2783472371685755e-22
-24973735338251017e-23
6647284426039328e-22
.0011677135815170389
-.0008778603749522425
.0005591620147758278
-2659697418678539e-22
8731126839942167e-22
37577962253248133e-23
641457233817922e-21
53806830132118974e-24
.0005300464785870891
.04748230787029188
40917069499264626e-23
4898503485132202e-22
9777226801693071e-20
.004246730462243973
9730433783022758e-20
.002219577513682443
33383886549153697e-22
.0001838780760886692
0
0
0
0
0
0
0
0
-.06522406763837477
-.0008922280054021708
.011317167312530638
-4183817260690414e-20
-.003177545169132827
-10100537937262823e-22
.0061568977700977015
0
0
.0005887268116827696
.0020350012663519997
.00025637079783736894
.0009278386912685442
-17378015479374481e-22
-2575184679225088e-20
.0035347929094915955
.010561583084667507
-.006460945168707118
-10899304299516736e-22
-.06668343500372209
-14090365371992014e-21
12912038324214995e-21
5882314518699649e-21
.0037508679504722987
-.0011797350432401217
25098836500298515e-23
-5344847340995001e-20
.0005862946147150163
-.00018784611484313747
.0014162355905546447
.010756847742627028
-4015456925748828e-20
.0005286639881518828
1711135904834118e-20
-.0011580063342887372
.002977097389897676
-950729637754318e-21
-.026078407142134104
-.0011495982330050726
0
0
0
0
0
0
.0005143764102545681
-672417228384663e-19
.003097154510804067
0
0
0
-.010082742114664792
.0004889178160813824
-3461820138010829e-20
-8528955899299167e-20
.0038509134099431173
-.006301471949449515
8865719169660016e-21
3182821941844765e-22
.0004160652261423756
5885958403366866e-22
.0028669423525064432
4016565358503924e-22
.0030685416010054673
9646553795676362e-21
.00041180139161489123
.00042471199264296845
-5192019523037748e-22
-.00344738236648396
8202135778675917e-23
0
0
.0005282341863611524
9474748427668764e-22
.0003689410675445101
.0003321027957629648
.0005670231805012142
.0005948855698045617
4665071644029026e-20
-.005057148995110344
-9391090386646293e-21
.0005298252689700082
-16704343443038995e-22
9836770454376042e-22
.0009800666730702039
.0005301069832286166
5629357006717004e-21
.0005279854351193888
17869538856542989e-23
.000531769543377647
.010923800683912742
.0459301759018866
976963852751811e-21
-.12336166926914482
-.07418033319294051
-.008112998925197575
.0005278145046619671
.0041746472103848485
.002923110252417756
-.06824201221487258
.0025563815933412172
.06837530048517802
.0011850053388336977
-.0014160513040100456
.025115197603865543
-.0003202008218284761
-.07367401207465224
-.0003213977755050111
.000527300116711757
.000529224058192821
.0005978635099957471
0
0
0
.002247009232550926
-.00852314587456671
.002765021202890466
.0005890354138042502
-.06594682725172556
.002293120255058401
.017449684134930837
-.002616922704022225
0
-.0010966221562806915
.0005278488079019166
-.0015263028103481844
.029143700927270234
.010663841241774556
-.0011504116575092218
.029359745501560564
-.3680875963856674
-.10269514709490658
-.011393083318542507
-.0018995068826280451
-.004809713653390411
.000256190158025824
.004307777938221981
-.0013329085932981767
.030228319918613373
9837729996239914e-20
.00036639777835221354
.0005919951820831966
-.0003608796627115892
.0020386651425950784
3008119194464791e-20
.001976582874581259
.00043660344326823216
.003848433461702301
.0007171789088468102
-25591696340700917e-21
1908169961613769e-21
-.0011393921975313003
.0045192256652997085
.07126494721481427
.001852431547322217
-.0032789575340317896
.020175215337154932
-.02284994961654487
.0005300568062690871
-.0681994634100139
.006763803589009984
0
-.004738753251340793
-.003951246964629357
-.06520022131254412
-.009801687890584995
.04636472880220925
0
-.005306593157171079
.025112279160442584
-.014974600496893677
-.004240892640329542
0
-.00310152211674547
-.00371287165608568
0
-.004422560547807932
.004031932116904286
-38173426922142524e-21
.0005968766289705483
0
-.004620613425375039
9320857910659917e-20
0
0
0
0
0
-.0045719391574194045
0
-.004400727300201075
-.008613966836470472
-.003854074194141732
-.004506835476332717
-.004598938663052625
.000471482000333142
.0009691304257594958
-.000308586368760631
-.0013353197186956088
.00027795921084867856
-7401377824151888e-22
-.003292966021262899
-15019857549359727e-21
.000527601373640419
-9568251064234692e-21
-6203436452294862e-20
-9823426330424307e-22
0
0
-.0011433825782367424
.043605817714964155
.047575037763929906
-.13979116727506924
.06482277026830242
.0026268237091380217
.011389606303785979
.038849545128037836
4336782632958177e-21
.0018063193437595087
.0005865541467602001
0
-.006630318560439998
-.001158602571782023
8044287279656018e-22
0
0
0
0
0
.00014393720365634527
-13341047693650295e-23
.0025223129905334674
.0005890442915432718
-.0011705373857969687
.003308513904156358
2718283044839582e-22
11245808313226863e-23
0
-.0011378260393351115
.031154664382575196
-.000187514055114418
2452473587411408e-20
2867076384501448e-20
.00022295473203356886
.0033847728428741757
-.001286472693668864
.0005859591734950506
655071612739033e-21
-13149902688622416e-22
.0005335060558595122
.0005334955854163519
.0005533242419675914
-.0011576140908747502
9558435180433344e-23
.0005319638414332746
1700951963843447e-22
-12306695790615656e-23
-6406755224583519e-22
.004703876070502601
6199342511070084e-22
-7525437615870505e-22
-.032824211696975664
4170272302660046e-22
7700223764025178e-22
6873806399023262e-22
5544548445171439e-22
0
0
0
0
-.001604904095143405
-.001606100963482262
-14304788080128522e-21
-23493827215358346e-21
8489012681960635e-21
34639019216105258e-22
4092500738447395e-21
.001651799414434466
3352295278354378e-22
-11414501191667238e-23
.00012931059648278506
9364098842482924e-22
-2704123142818395e-22
.0009881937806232644
.0005425295625727077
.0038931096646876726
-16983491076986608e-22
-33520446202883445e-23
.0011466750049753797
.0008116314645134547
.010168743723039126
.0009291964812882461
823274101460309e-20
.000529880185076018
.004335175962721744
-.0016607079838283853
.0008451270339287037
-13231819909376286e-21
-6648236926690255e-22
0
0
0
0
0
0
0
0
0
0
0
0
0
0
0
0
-.0011088850447889774
12640685130701654e-22
.0052702911208107155
.001046809439152618
.0005351498943575905
5191232000968466e-21
.0005891096547356674
.00010640049630270169
7681274014233064e-22
-.015624176395075576
.0005683670972805741
16984396864088867e-23
-14666441753414215e-21
-7561730397251459e-21
0
0
0
0
0
0
0
0
0
0
.0005199377115455184
.0005334963928771311
30246886041134654e-23
.0006049751326784033
-.0011693374421115124
6659186126756526e-22
-8336333549810734e-22
-3938616852483752e-21
-10459129366529984e-22
8540718997499396e-22
9854415050405416e-20
2223121251907117e-21
-5052753901549678e-22
0
0
0
0
0
3048456685547645e-22
-4116135857171094e-23
23539902839250122e-23
11056981895309793e-22
.008102034305330696
7965972584988469e-22
.0008166183670090574
-4500959792403477e-22
22064096507737117e-23
-.0324929074847085
.0016470053508227402
10552909663871784e-23
-33367453634215524e-23
-24321580018174795e-23
0
0
