0
39.435507778824025
.165312152157133
.29414747746510006
11.096681900864711
.3648702127591359
5.983546661906312
.2018205941737213
.0026865506872368696
.33746427310035615
.026796379023633535
8.197607501557407
.7296755473023102
.5949976357273906
.009148697014674235
7.717591617899595
1.0740642709960408
.0038886127298472075
.07457652001787039
.004275762141796378
.0017122221408139315
.042855749693220445
.000132132341204751
25241206711226933e-21
.29025831254820356
0
0
.004975595913017628
.006639663454800823
.006106008587037606
.002233811753873394
.00017478155487095563
.014449788885281471
.0012374561381441036
.01059001957516598
3803713476455257e-20
.0005235456230683967
.0028860302733755183
.0005384895689248362
.005491705336183925
15628414440466825e-21
9.964127967006275
14.249861231773977
.005814553339964495
5923853479631256e-20
.12116665229345186
.007748679987812995
.006903836274214103
.4104989317337334
0
.4238853365602914
0
3.73047683237291
17.736286718417034
0
0
.006630180129212237
3.020654334328842
16.07322965901566
0
0
40.381031017739524
28.351177327008102
8.996463434864713
.0025008293278580705
.0006066708140155567
.0014580601622942444
.006494062671266711
0
0
0
23.9647286712394
3.3662125483173497
9.514864371337186
17.19668343777741
.0014955574410615209
.008076326988046771
.0004061228697378994
2.1012332124736037
.0003881308625396371
.003356515812611681
.011214812314809914
.001564926825142886
.9449697312549488
1.2848947351859892
.00011958058381268909
.02313482261339169
1.3242711420338773
1.669507941362493
3.262934642247533
.003346179773765454
.00045616968755875963
.6347681325089634
.745189234146357
0
.4806583509170653
.7679346624471219
2.0677312195737154
2.5955528156661654
0
5.848687458455685
2.036258087876702
.5819515214704206
1.2070644673579316
.9385694636081843
.0007950607761860315
50
8.111712042188163
.4714452266893062
.06284302310568753
0
0
0
4.922591985591603
.01038201898719906
.00047003704618238043
.523936544133479
.0012803215959111861
.00024111469646501284
.015141164640056801
0
0
0
0
0
0
0
0
0
0
0
0
0
0
0
0
0
0
0
0
1.853763863983108
0
0
0
0
.5924638665499404
1382.565692057982
.004477224054810651
.10654256364730008
.021074421506556033
.224220838990907
.5361492221446053
1.020888220099624
1.3215620936123973
1.2930937810376308
.0074012476661020074
5.968676617936802
6.56861895085703
.15806546435573884
.3329799687563567
5.626891742281028
3.5633941274579115
0
0
.02
.02
1
8
.02
.02
.02
.02
.02
.02
.02
.02
.02
.02
.02
.02
.02
.02
.02
.02
.02
.02
.02
.02
.02
.02
.02
.02
.02
.02
.02
.02
.02
.02
.02
.02
.02
.02
.02
.02
.02
.02
.02
.02
.02
.02
.02
.02
.5
4
.02
4
.25
.1
.02
.02
3
.02
.02
.02
.02
.02
.02
.02
.02
.02
.02
1.5
.02
.02
.02
.02
.02
.02
.02
.02
.02
.02
.02
.02
.02
.02
.02
.02
.02
.02
.5
.5
.25
.02
.02
.02
.02
.25
2.5
.35
.02
.5
.02
.02
.02
.02
.02
3
.02
.02
.2
.02
1
.02
.02
4
.02
.02
.02
.15
.02
.02
.02
.02
.02
.02
.02
.02
.02
.02
.02
.02
.02
.02
.02
.02
.02
.02
.02
.02
.02
.02
.02
.15
.02
.02
.02
.02
.02
.02
.02
.02
.02
.02
1
.3
1.5
.02
1e-12
.33
.33
1.5
1.5
1
1
1
1
