3.0621852771770803
.010246016821583465
.0006496266629458944
34260428181042076e-21
7545458752335744e-28
.002114084314818525
6.6885107019698316
.7089789692827196
.04613452739025625
.011593609387861584
.06428201266364393
.7108040630569215
.6710418624176098
.052777988460713895
.0009186754638739204
.008275088003631777
.0012715931358976138
.0022365689167819585
.07019318883001198
.004771249126276305
.0019062804814096084
.0021086609981744026
43890721308172725e-21
.0018288649391505042
.060033215922975565
3.935146983326261
6182828382514484e-21
.005286240456503135
.0061338950025531065
.0057847245426951716
1112567706730286e-21
.00016439853726843518
.013591342286090723
.0011634911989288313
.009960912671422769
33560233970211117e-22
.00265301432252257
.0027130076519256015
5263175075918892e-20
.005148601583234767
5191588281690541e-21
.0057832472959577835
.00578287684415267
.01978847060482755
.0005713049236974212
.1108231132751217
.00783529154677664
.0004797916895196632
.026974548591865575
.06775641531800944
2255241447703445e-21
.1261508281082499
1799893126517868e-20
8.423237204392883
8.040338110882015
1.1620074763154542
.006150130597869976
.0005852933043135765
.0006411741882033088
.18059493579346403
.10809624960720295
9.170862970972259
7.22531007459886
2.6284771031505882
.0017111241331901016
.000329166493254808
.0014360508898656975
.005661440963971841
.006839473557633149
3.6241227652864487
.0007266252694383599
9.170862970972259
3.1670013051388763
9.170862970972259
8.443045071297668
.0014024230362350203
.00882856009536993
.00014032207771326048
2.100795442834092
.00022140151236645894
.0018813635614436505
.010676083612313262
56738898580095035e-21
.7022168736276417
.058150240371078965
19431433775149708e-21
.0006985748697268466
.36465156679964505
.3415115212030196
2.448984660106234
.00014333610436508294
.0003972486683399447
.6682522195145348
.7352254801458039
.12110525434843342
.0002251826692923198
.16070203658652019
1.1796675045964569
1.0132206206352898
.062052252517955604
1.392001244085436
2.009424818658372
.02441750660713172
.029191849237088396
7935003701604842e-20
.00013156975644659216
3.8540353751639826
4.265768359743619
.46932331128768023
.0030989191471653844
.00012574557364773624
18080322510648746e-22
4866580229793915e-23
.05877768341255121
.01599640113637385
.0004617374023259299
.35140546626400365
336882295701695e-19
.0001760647165877342
.024465014554132032
702080973259631e-21
0
0
0
0
0
0
0
0
0
0
0
0
0
0
0
0
0
0
0
.07761060694703074
0
0
0
0
.30974249010704535
1300.432972262012
.004211250010416298
.10021329439329273
.019822474082717065
.21090077221430054
.01858954511256573
.4041497927007853
.01189442541303853
.34510774976010167
.004605125502837021
2.190239031976829
2.398929591907412
.002033564378120241
.004230347264246302
.514906878294549
.33586000437678704
.16175309547872213
.31608069293745605
.018811879677504317
.018811879677504317
.04678572952255141
17036123855721512e-26
.018811879677504317
.018811879677504317
.018811879677504317
.018811879677504317
.018811879677504317
.018811879677504317
.018811879677504317
.018811879677504317
.018811879677504317
.018811879677504317
.018811879677504317
.018811879677504317
.018811879677504317
.018811879677504317
.018811879677504317
.018811879677504317
.018811879677504317
.018811879677504317
.018811879677504317
.018811879677504317
.018811879677504317
.018811879677504317
.018811879677504317
.018811879677504317
.018811879677504317
.018811879677504317
.018811879677504317
.018811879677504317
.018811879677504317
.018811879677504317
.018811879677504317
.018811879677504317
.018811879677504317
.018811879677504317
.018811879677504317
.018811879677504317
.018811879677504317
.018811879677504317
.018811879677504317
.018811879677504317
.018811879677504317
.018811879677504317
.018811879677504317
.018811879677504317
.10814966174313197
1916951598521229e-20
.018811879677504317
1916951598521229e-20
.11626994914939562
.07362257168614116
.018811879677504317
.018811879677504317
.00030731829599139605
.018811879677504317
.018811879677504317
.018811879677504317
.018811879677504317
.018811879677504317
.018811879677504317
.018811879677504317
.018811879677504317
.018811879677504317
.018811879677504317
.015180011556694805
.018811879677504317
.018811879677504317
.018811879677504317
.018811879677504317
.018811879677504317
.018811879677504317
.018811879677504317
.018811879677504317
.018811879677504317
.018811879677504317
.018811879677504317
.018811879677504317
.018811879677504317
.018811879677504317
.018811879677504317
.018811879677504317
.018811879677504317
.018811879677504317
.10814966174313197
.10814966174313197
.11626994914939562
.018811879677504317
.018811879677504317
.018811879677504317
.018811879677504317
.11626994914939562
.001183865292706848
.11984130946460046
.018811879677504317
.10814966174313197
.018811879677504317
.018811879677504317
.018811879677504317
.018811879677504317
.018811879677504317
.00030731829599139605
.018811879677504317
.018811879677504317
.10840566266957954
.018811879677504317
.04678572952255141
.018811879677504317
.018811879677504317
1916951598521229e-20
.018811879677504317
.018811879677504317
.018811879677504317
.09475622181134753
.018811879677504317
.018811879677504317
.018811879677504317
.018811879677504317
.018811879677504317
.018811879677504317
.018811879677504317
.018811879677504317
.018811879677504317
.018811879677504317
.018811879677504317
.018811879677504317
.018811879677504317
.018811879677504317
.018811879677504317
.018811879677504317
.018811879677504317
.018811879677504317
.018811879677504317
.018811879677504317
.018811879677504317
.018811879677504317
.018811879677504317
.09475622181134753
.018811879677504317
.018811879677504317
.018811879677504317
.018811879677504317
.018811879677504317
.018811879677504317
.018811879677504317
.018811879677504317
.018811879677504317
.018811879677504317
.04678572952255141
.11971656218808367
.015180011556694805
.018811879677504317
9999999999969393e-28
.12012965564409894
.12012965564409894
.015180011556694805
.015180011556694805
.04678572952255141
.04678572952255141
.04678572952255141
.04678572952255141
