6155175264415089e-27
39.43550777878421
.16531215214905826
.29414747745950537
11.096681899998
.3648702127575293
5.9835466619480115
.20182059418433573
.0026865506872531092
.3374642731100376
.026796379024370025
8.1976075019338
.7296755473021928
.5949976357545882
.009148697015041379
7.717591617893364
1.0740642715145752
.003888612729612968
.07457652001786175
.004275762141798123
.0017122221408146197
.042855749693205464
.00013213234127395
25241206709983126e-21
.2902583125729901
43089029505504474e-24
12438367413992416e-30
.004975595913041925
.006639663454799469
.0061060085870371685
.0022338117538301216
.0001747815548709341
.014449788885279691
.0012374561381439503
.010590019575164677
38037134766318116e-21
.0005235456230990466
.00288603027337516
.0005384895689470959
.005491705336183215
15628414442094118e-21
9.9641279668407
14.249861231754867
.005814553340033968
5923853479753132e-20
.12116665229340193
.007748679987812155
.006903836274182523
.41049893173360696
7832840937937049e-26
.4238853367553918
27348809208775642e-27
3.7304768322740176
17.73628671836483
15377387723082715e-25
21590725621826877e-26
.006630180129211116
3.0206543342868053
16.073229658258935
2865695432266328e-26
22665123702859764e-27
40.38103101752256
28.35117732717884
8.996463435763687
.0025008293277355605
.0006066708139792457
.0014580601622881247
.006494062671282491
5301211047839163e-24
0
7090763848267439e-27
23.964728671094946
3.3662125483174727
9.514864376049552
17.196683439474892
.001495557441061298
.008076326988086566
.0004061228698118387
2.1012332124753255
.00038813086251525343
.003356515812396425
.01121481231480949
.0015649268250381668
.9449697311884895
1.2848947350845827
.00011958058380782198
.023134822613338983
1.324271141931312
1.6695079411433187
3.262934642386872
.0033461797737215633
.0004561696875363887
.6347681328107089
.7451892341443684
1010854936687909e-26
.4806583508789985
.7679346624068356
2.067731219516316
2.5955528165342217
29544857051381165e-26
5.848687458122732
2.036258087907981
.5819515214197077
1.207064467281063
.9385694635856584
.0007950607761708616
49.99999999991793
8.111712042168001
.471445226694421
.0628430231006292
6562010039778692e-28
7142617786436533e-30
3177666300889943e-24
4.9225919851905084
.010382018988821408
.0004700370462200432
.5239365441408121
.0012803215958183058
.00024111469644842428
.015141164642520478
32847044454383727e-31
0
0
0
0
0
0
0
0
0
0
0
0
0
0
0
0
0
0
0
1.8537638639768546
0
0
0
0
.5924638668220091
1382.5656920578117
.004477224054810099
.10654256364728697
.021074421506553438
.22422083899087938
.5361492221236193
1.0208882200970506
1.3215620935934056
1.2930937810169174
.007401247666091069
5.96867661792757
6.568618950845866
.15806546434771684
.3329799687401428
5.626891740689917
3.563394126422041
8189982795266449e-26
16124512700610518e-26
.019999999999997537
.019999999999997537
.9999999999938448
7.999999999606069
.019999999999997537
.019999999999997537
.019999999999997537
.019999999999997537
.019999999999997537
.019999999999997537
.019999999999997537
.019999999999997537
.019999999999997537
.019999999999997537
.019999999999997537
.019999999999997537
.019999999999997537
.019999999999997537
.019999999999997537
.019999999999997537
.019999999999997537
.019999999999997537
.019999999999997537
.019999999999997537
.019999999999997537
.019999999999997537
.019999999999997537
.019999999999997537
.019999999999997537
.019999999999997537
.019999999999997537
.019999999999997537
.019999999999997537
.019999999999997537
.019999999999997537
.019999999999997537
.019999999999997537
.019999999999997537
.019999999999997537
.019999999999997537
.019999999999997537
.019999999999997537
.019999999999997537
.019999999999997537
.019999999999997537
.019999999999997537
.019999999999997537
.019999999999997537
.49999999999846123
3.999999999901517
.019999999999997537
3.999999999901517
.2499999999996153
.09999999999993846
.019999999999997537
.019999999999997537
2.9999999999446034
.019999999999997537
.019999999999997537
.019999999999997537
.019999999999997537
.019999999999997537
.019999999999997537
.019999999999997537
.019999999999997537
.019999999999997537
.019999999999997537
1.4999999999861509
.019999999999997537
.019999999999997537
.019999999999997537
.019999999999997537
.019999999999997537
.019999999999997537
.019999999999997537
.019999999999997537
.019999999999997537
.019999999999997537
.019999999999997537
.019999999999997537
.019999999999997537
.019999999999997537
.019999999999997537
.019999999999997537
.019999999999997537
.019999999999997537
.49999999999846123
.49999999999846123
.2499999999996153
.019999999999997537
.019999999999997537
.019999999999997537
.019999999999997537
.2499999999996153
2.4999999999615303
.34999999999924597
.019999999999997537
.49999999999846123
.019999999999997537
.019999999999997537
.019999999999997537
.019999999999997537
.019999999999997537
2.9999999999446034
.019999999999997537
.019999999999997537
.19999999999975382
.019999999999997537
.9999999999938448
.019999999999997537
.019999999999997537
3.999999999901517
.019999999999997537
.019999999999997537
.019999999999997537
.1499999999998615
.019999999999997537
.019999999999997537
.019999999999997537
.019999999999997537
.019999999999997537
.019999999999997537
.019999999999997537
.019999999999997537
.019999999999997537
.019999999999997537
.019999999999997537
.019999999999997537
.019999999999997537
.019999999999997537
.019999999999997537
.019999999999997537
.019999999999997537
.019999999999997537
.019999999999997537
.019999999999997537
.019999999999997537
.019999999999997537
.019999999999997537
.1499999999998615
.019999999999997537
.019999999999997537
.019999999999997537
.019999999999997537
.019999999999997537
.019999999999997537
.019999999999997537
.019999999999997537
.019999999999997537
.019999999999997537
.9999999999938448
.29999999999944604
1.4999999999861509
.019999999999997537
1e-12
.3299999999993297
.3299999999993297
1.4999999999861509
1.4999999999861509
.9999999999938448
.9999999999938448
.9999999999938448
.9999999999938448
