3.0621852771770803
.01024649317656735
.0006551157269166219
3425703817563761e-20
8695342528270855e-28
.0021142838690612537
6.688510688646249
.7089789384725216
.046547574450788505
.011593780328072166
.06428201370594844
.7108482886789529
.6710418720098045
.052781270074960245
.0009187301637914398
.008308874740417197
.0012422006737673197
.0022582675451141778
.07019318824457432
.004771249117055178
.0019062804777789483
.0021086903578457234
42682746781486315e-21
.0018470914617170066
.060034057475309946
3.935199056576769
6244696178844592e-21
.00528624050145822
.0061339070695333306
.005784726026889162
11125677960996282e-22
.0001643985372684321
.013591342286090028
.0011634911792273502
.00996091267142258
33562323629249104e-22
.0026530141299425545
.002713007583690411
5263499100152282e-20
.005148601569255072
5191913394623203e-21
.005783247697951965
.005782876965487432
.019788412182307688
.0005713049235363827
.11082311346150964
.007835290785038473
.00047992303291873853
.026981788202386822
.06845854094818782
21984121617892182e-22
.12604186309476836
18035816714557806e-21
8.423247002691186
8.040338362734987
1.162007492129386
.006150138925003641
.0005855373395646858
.0006414452722096444
.1805949391024835
.10809625323194348
9.170862970972259
7.230519528486141
2.6170090639391574
.0017258819222349588
.0003324819503049691
.0014360547888337754
.005661425035951419
.0068396910472076225
3.624130943141473
.000726636030941516
9.170862970972259
3.1670017251669087
9.170862970972259
8.43721151156867
.0014024229604179775
.008828525216848807
.00014019485613501028
2.1007994033005923
.0002236069091742456
.0019003246571955336
.010676088226594473
5732466266330954e-20
.7086740952946061
.0586792390035595
19509264430395585e-21
.0006981438602434694
.3680702709522627
.3448415558967391
2.45012260095053
.00014240620667916137
.00040089573339395924
.6504819521064267
.7351212722178875
.12226252928827695
.00022740615473832752
.16161169633495812
1.1797335625728642
1.0132219828707008
.06205457195956534
1.3963926352798994
2.009427110897896
.024493152080733004
.029246535511273174
7938328902567593e-20
.00013159748802997516
3.8550884792372164
4.269491554393382
.4693250232515473
.0031288622931534356
.00012575039635189558
18081129623055255e-22
4883690735407389e-23
.0589225115338004
.01599676505659238
.0004663151360787064
.3514059482974604
337921627922417e-19
.0001776356796033508
.02446556449566568
7021096567954143e-22
0
0
0
0
0
0
0
0
0
0
0
0
0
0
0
0
0
0
0
.07761217512074894
0
0
0
0
.30221516759374706
1300.4329722619875
.004211250010416218
.10021329439329082
.01982247408271669
.21090077221429654
.01870920507405346
.4041544173260059
.0118947275930101
.34505823098977384
.00460251108544507
2.190207765115749
2.398903344558933
.002033605550466574
.004230416092478616
.5149084722668501
.3358603417000348
.1617478094886955
.3160697790431456
.01881187967750396
.01881187967750396
.04678578496554004
19630583192578992e-26
.01881187967750396
.01881187967750396
.01881187967750396
.01881187967750396
.01881187967750396
.01881187967750396
.01881187967750396
.01881187967750396
.01881187967750396
.01881187967750396
.01881187967750396
.01881187967750396
.01881187967750396
.01881187967750396
.01881187967750396
.01881187967750396
.01881187967750396
.01881187967750396
.01881187967750396
.01881187967750396
.01881187967750396
.01881187967750396
.01881187967750396
.01881187967750396
.01881187967750396
.01881187967750396
.01881187967750396
.01881187967750396
.01881187967750396
.01881187967750396
.01881187967750396
.01881187967750396
.01881187967750396
.01881187967750396
.01881187967750396
.01881187967750396
.01881187967750396
.01881187967750396
.01881187967750396
.01881187967750396
.01881187967750396
.01881187967750396
.01881187967750396
.01881187967750396
.108149664951946
19208780110879923e-21
.01881187967750396
19208780110879923e-21
.11626994922008739
.07362257168595798
.01881187967750396
.01881187967750396
.00030744677315125245
.01881187967750396
.01881187967750396
.01881187967750396
.01881187967750396
.01881187967750396
.01881187967750396
.01881187967750396
.01881187967750396
.01881187967750396
.01881187967750396
.015180165180156024
.01881187967750396
.01881187967750396
.01881187967750396
.01881187967750396
.01881187967750396
.01881187967750396
.01881187967750396
.01881187967750396
.01881187967750396
.01881187967750396
.01881187967750396
.01881187967750396
.01881187967750396
.01881187967750396
.01881187967750396
.01881187967750396
.01881187967750396
.01881187967750396
.108149664951946
.108149664951946
.11626994922008739
.01881187967750396
.01881187967750396
.01881187967750396
.01881187967750396
.11626994922008739
.001184049169744741
.11984130996905067
.01881187967750396
.108149664951946
.01881187967750396
.01881187967750396
.01881187967750396
.01881187967750396
.01881187967750396
.00030744677315125245
.01881187967750396
.01881187967750396
.1084056626859842
.01881187967750396
.04678578496554004
.01881187967750396
.01881187967750396
19208780110879923e-21
.01881187967750396
.01881187967750396
.01881187967750396
.09475622181299802
.01881187967750396
.01881187967750396
.01881187967750396
.01881187967750396
.01881187967750396
.01881187967750396
.01881187967750396
.01881187967750396
.01881187967750396
.01881187967750396
.01881187967750396
.01881187967750396
.01881187967750396
.01881187967750396
.01881187967750396
.01881187967750396
.01881187967750396
.01881187967750396
.01881187967750396
.01881187967750396
.01881187967750396
.01881187967750396
.01881187967750396
.09475622181299802
.01881187967750396
.01881187967750396
.01881187995782281
.01881187967750396
.01881187967750396
.01881187967750396
.01881187967750396
.01881187967750396
.01881187967750396
.01881187967750396
.04678578496554004
.11971656239911013
.015180165180156024
.01881187967750396
9999999999969393e-28
.1201296560077252
.1201296560077252
.015180165180156024
.015180165180156024
.04678578496554004
.04678578496554004
.04678578496554004
.04678578496554004
