3.0621852771770803
.010246047159430801
.0006451654566613029
34264959472313336e-21
7545145722904644e-28
.002114021964976887
6.688510698719646
.7089789984958981
.04579742744491203
.011593541922311552
.0642820090825851
.7108034321556232
.6710418624349125
.05277794163703162
.0009186760120451661
.008273736445977618
.0012996696893933326
.002218884036918837
.07019318889249007
.0047712491252673035
.0019062804810123313
.0021086494052135565
4488389740892093e-20
.0018140169576565243
.060032885633860784
3.935002336433149
6132272780002096e-21
.005286240331873552
.006133885282157624
.005784723369142973
11125676242413e-19
.00016439853726843518
.013591342286090722
.0011634912156166667
.009960912671422769
3356020415429401e-21
.002653014502906661
.0027130077097231244
52631704526232416e-21
.005148601592006455
5191583878128216e-21
.005783247015337947
.00578287676983878
.019788668523992442
.0005713049304843489
.11082311325625267
.007835291619474667
.000479521652140597
.02695934338009045
.06718406100743586
2305616148374006e-21
.12613649785084163
17998880937537323e-21
8.42321628794771
8.040337426965765
1.1620074102254545
.006150123541239343
.0005852946185220602
.0006411779818362187
.18059492334102265
.10809624018688174
9.170862970972259
7.223434224841636
2.6383391496953945
.0016990722446365116
.0003264640905840234
.0014360491256788079
.00566142840329241
.006839183233633488
3.624106238608682
.0007265931013375269
9.170862970972259
3.1670009508216523
9.170862970972259
8.442248850792458
.0014024231902925119
.0088285886077699
.0001403045026629953
2.1007920832021587
.0002196049043931342
.0018659202754790557
.010676079941372525
5626234765746525e-20
.6969610752466976
.057704801564563
19364061538328144e-21
.0006987477633634478
.3618692208197632
.3387950542285524
2.4480247218279176
.0001440780866506386
.00039412066078670706
.6828334608610431
.7351857932067323
.12017261301632089
.0002233958694389669
.15995889217132297
1.1796090357468638
1.0132190429300663
.06204930230346298
1.3881757645959285
2.0094239004388728
.024350949817908182
.029141001454103414
7935007529128843e-20
.00013150530073842296
3.851879253018655
4.262685214769543
.46932230301651345
.003074549530271634
.00012573948878952669
18079415474217025e-22
48596103279398003e-24
.05864734427181787
.015996241999984135
.000458011201633907
.35140523252467026
3359642889075458e-20
.00017478448646345688
.024464795067119544
7020461140504653e-22
0
0
0
0
0
0
0
0
0
0
0
0
0
0
0
0
0
0
0
.07761014937925409
0
0
0
0
.3160372128639135
1300.432972262012
.004211250010416298
.10021329439329273
.019822474082717065
.21090077221430054
.01849146182581303
.404146961075328
.011894264329748097
.34515396945823007
.004607491155029984
2.190241036461973
2.3989339529286577
.002033539429085876
.0042303100308081956
.5149060534805526
.33586003841771256
.16177231875313627
.3161184908186396
.018811879677504317
.018811879677504317
.046785729522551396
17036123855721605e-26
.018811879677504317
.018811879677504317
.018811879677504317
.018811879677504317
.018811879677504317
.018811879677504317
.018811879677504317
.018811879677504317
.018811879677504317
.018811879677504317
.018811879677504317
.018811879677504317
.018811879677504317
.018811879677504317
.018811879677504317
.018811879677504317
.018811879677504317
.018811879677504317
.018811879677504317
.018811879677504317
.018811879677504317
.018811879677504317
.018811879677504317
.018811879677504317
.018811879677504317
.018811879677504317
.018811879677504317
.018811879677504317
.018811879677504317
.018811879677504317
.018811879677504317
.018811879677504317
.018811879677504317
.018811879677504317
.018811879677504317
.018811879677504317
.018811879677504317
.018811879677504317
.018811879677504317
.018811879677504317
.018811879677504317
.018811879677504317
.018811879677504317
.018811879677504317
.10814966174313197
19169515985182325e-21
.018811879677504317
19169515985182325e-21
.11626994914939562
.07362257168614116
.018811879677504317
.018811879677504317
.0003073182959912673
.018811879677504317
.018811879677504317
.018811879677504317
.018811879677504317
.018811879677504317
.018811879677504317
.018811879677504317
.018811879677504317
.018811879677504317
.018811879677504317
.0151800115566948
.018811879677504317
.018811879677504317
.018811879677504317
.018811879677504317
.018811879677504317
.018811879677504317
.018811879677504317
.018811879677504317
.018811879677504317
.018811879677504317
.018811879677504317
.018811879677504317
.018811879677504317
.018811879677504317
.018811879677504317
.018811879677504317
.018811879677504317
.018811879677504317
.10814966174313197
.10814966174313197
.11626994914939562
.018811879677504317
.018811879677504317
.018811879677504317
.018811879677504317
.11626994914939562
.0011838652927067999
.11984130946460046
.018811879677504317
.10814966174313197
.018811879677504317
.018811879677504317
.018811879677504317
.018811879677504317
.018811879677504317
.0003073182959912673
.018811879677504317
.018811879677504317
.10840566266957954
.018811879677504317
.046785729522551396
.018811879677504317
.018811879677504317
19169515985182325e-21
.018811879677504317
.018811879677504317
.018811879677504317
.09475622181134753
.018811879677504317
.018811879677504317
.018811879677504317
.018811879677504317
.018811879677504317
.018811879677504317
.018811879677504317
.018811879677504317
.018811879677504317
.018811879677504317
.018811879677504317
.018811879677504317
.018811879677504317
.018811879677504317
.018811879677504317
.018811879677504317
.018811879677504317
.018811879677504317
.018811879677504317
.018811879677504317
.018811879677504317
.018811879677504317
.018811879677504317
.09475622181134753
.018811879677504317
.018811879677504317
.018811879677504317
.018811879677504317
.018811879677504317
.018811879677504317
.018811879677504317
.018811879677504317
.018811879677504317
.018811879677504317
.046785729522551396
.11971656218808367
.0151800115566948
.018811879677504317
9999999999969393e-28
.12012965564409894
.12012965564409894
.0151800115566948
.0151800115566948
.046785729522551396
.046785729522551396
.046785729522551396
.046785729522551396
