3.0319921413819135
.010792338754462826
.000680072641624444
3649464264478294e-20
10251504784201008e-28
.0021759996049292318
6.697725948581667
.7089430877978873
.04692392909702817
.011877307611581175
.0643143765939584
.7126733703900632
.6714925803394947
.05291385576068625
.0009210243012870601
.009127962422818207
.0013779129563171986
.002280535959349932
.07023767329919607
.004768712544648553
.0019052984332405523
.002157174860605937
44079143563958406e-21
.0018657175126368314
.061428499089247655
3.974852648379507
6335549414398583e-21
.005292046153198464
.006138385821337059
.005788106047967813
11131982558217667e-22
.0001644978408521526
.013599552480488865
.0011641980135782153
.009966929474659441
3364359840862163e-21
.002651900434216899
.002714660401623724
5276240788340199e-20
.0051518729826137985
5201231581921415e-21
.005786619238331205
.005786240287265785
.01979514491220371
.0005673854580219497
.11089793781882629
.007838900864848713
.0004810987229117373
.027066855446946557
.07035658607393075
25006345185676187e-22
.13368121713599065
20305751478915438e-21
8.482966505540125
8.100739604672395
1.166871186470734
.006154427190289993
.0006407989826486459
.0007019487715054234
.18146213865293903
.10850286387554321
9.573438114907816
7.536533453282503
2.7306244993574915
.0017408036389464183
.00033606353930015856
.0014368493847699778
.00566780458427864
.007233492675774744
3.663068033257654
.0007353676502597535
9.573438114907816
3.168958214681527
9.573438114907816
8.834205709643044
.0014033509991080244
.00883381653193412
.00014897248347137202
2.1014791329320324
.00022585281848497716
.00191970350031942
.010682178404102046
59204119860433086e-21
.7152794187592666
.06210428268245853
19641268974139267e-21
.0007354962391168671
.3754212044681649
.3518351180297412
2.472906539860509
.00014204669715911646
.0003928633707996959
.6571168223775044
.7412696748059702
.12209194276187586
.0002456940998022004
.16428088592827345
1.1941673866566198
1.0251301926470122
.06307494537871107
1.400082301634719
2.0113256008905642
.02457717510871432
.029401664703847287
8706907809839752e-20
.00013143293076978426
3.865443967562554
4.299121669194092
.4713465459983479
.0032440950691744177
.0001278735612069707
18406630107974168e-22
5583733445183997e-23
.05939605252388785
.016127354464614812
.00047351102628116244
.3531204114501677
34008136409946595e-21
.00017924138012161578
.02467751979967294
7140612717380632e-22
0
0
0
0
0
0
0
0
0
0
0
0
0
0
0
0
0
0
0
.08242695525681203
0
0
0
0
.31644537116764393
1301.2184923977811
.0042137937952560385
.10027382774049073
.019834447750614496
.21102816578763894
.01940016842399629
.40778173133246914
.012485353636441859
.3468660151126938
.004672495786628207
2.210384895467611
2.421733171364805
.002123361226236915
.004417782314973526
.5229563990878262
.34082085109877147
.16369505149383215
.31992543574529725
.01882324290082573
.01882324290082573
.048219889572234255
22223353368515255e-26
.01882324290082573
.01882324290082573
.01882324290082573
.01882324290082573
.01882324290082573
.01882324290082573
.01882324290082573
.01882324290082573
.01882324290082573
.01882324290082573
.01882324290082573
.01882324290082573
.01882324290082573
.01882324290082573
.01882324290082573
.01882324290082573
.01882324290082573
.01882324290082573
.01882324290082573
.01882324290082573
.01882324290082573
.01882324290082573
.01882324290082573
.01882324290082573
.01882324290082573
.01882324290082573
.01882324290082573
.01882324290082573
.01882324290082573
.01882324290082573
.01882324290082573
.01882324290082573
.01882324290082573
.01882324290082573
.01882324290082573
.01882324290082573
.01882324290082573
.01882324290082573
.01882324290082573
.01882324290082573
.01882324290082573
.01882324290082573
.01882324290082573
.01882324290082573
.10979473734408603
2163729428230223e-20
.01882324290082573
2163729428230223e-20
.1171509084396291
.07384519723566926
.01882324290082573
.01882324290082573
.0003364776194159104
.01882324290082573
.01882324290082573
.01882324290082573
.01882324290082573
.01882324290082573
.01882324290082573
.01882324290082573
.01882324290082573
.01882324290082573
.01882324290082573
.015883343913553467
.01882324290082573
.01882324290082573
.01882324290082573
.01882324290082573
.01882324290082573
.01882324290082573
.01882324290082573
.01882324290082573
.01882324290082573
.01882324290082573
.01882324290082573
.01882324290082573
.01882324290082573
.01882324290082573
.01882324290082573
.01882324290082573
.01882324290082573
.01882324290082573
.10979473734408603
.10979473734408603
.1171509084396291
.01882324290082573
.01882324290082573
.01882324290082573
.01882324290082573
.1171509084396291
.0012767189155297313
.12111445951747304
.01882324290082573
.10979473734408603
.01882324290082573
.01882324290082573
.01882324290082573
.01882324290082573
.01882324290082573
.0003364776194159104
.01882324290082573
.01882324290082573
.1090622645445589
.01882324290082573
.048219889572234255
.01882324290082573
.01882324290082573
2163729428230223e-20
.01882324290082573
.01882324290082573
.01882324290082573
.09518634320126196
.01882324290082573
.01882324290082573
.01882324290082573
.01882324290082573
.01882324290082573
.01882324290082573
.01882324290082573
.01882324290082573
.01882324290082573
.01882324290082573
.01882324290082573
.01882324290082573
.01882324290082573
.01882324290082573
.01882324290082573
.01882324290082573
.01882324290082573
.01882324290082573
.01882324290082573
.01882324290082573
.01882324290082573
.01882324290082573
.01882324290082573
.09518634320126196
.01882324290082573
.01882324290082573
.01882324290082573
.01882324290082573
.01882324290082573
.01882324290082573
.01882324290082573
.01882324290082573
.01882324290082573
.01882324290082573
.048219889572234255
.12080587377243479
.015883343913553467
.01882324290082573
9999999999969693e-28
.12133257860499694
.12133257860499694
.015883343913553467
.015883343913553467
.048219889572234255
.048219889572234255
.048219889572234255
.048219889572234255
