1.4835207708235618
.8270286746504291
.014421832241823836
.002908227290401339
5556482305958385e-21
.035839123657210314
7.119417091930366
.6854581524506321
.056332370747835
.06671342523548181
.06539293959351658
4.917659524986521
.696413466383554
.3625276221941093
.005873016360014026
3.3036814731992807
.4711080043261445
.0032222673905423355
.07254192887471936
.004607130766904567
.0018424328072970445
.010046036856589474
.00018015615726723423
.002605755190277716
.2972510157173708
17.587387153051317
.00015344584143049846
.005561987463076501
.006382328558648588
.005959415834948392
11453682935799325e-22
.00016967192165871393
.014027334397924826
.001201059826958295
.010280426976934239
2312667449290401e-20
.0024735942515109887
.002800893279318559
.00034113873663482735
.005322560293608559
3472058931558498e-20
.005959826462603988
.006122767208136741
.019854032612511206
.0003372223002959277
.11484984788038961
.00797286862805118
.0007693322948092064
.04500899636166239
.26539854479999064
.0011464799091228648
.5926561835629409
.009539740202054269
12.030136610246918
11.123845432245378
1.365992219183029
.0063971370832111496
.06578385837147194
.07222965882660472
.21753258445891074
.1250837319482653
30.21972305568584
23.539822989621864
8.059584411979897
.0023176085845970688
.0004945643207510733
.0014819758043417089
.006019980199020578
3.1214150683333064
7.491595735919403
.017862275734103036
22.677546698117872
3.2711434632731455
9.567800474951087
21.292328477403853
.0014499961976077744
.0090607363686436
.0006516449396608875
2.1400433193525594
.0003209932367907406
.0027491087170832523
.01098475641401377
.0003682955841122271
.9700384014080852
.7380998545452673
27239383370450356e-21
.009177486695170793
.8425437145583351
.7590774559912753
3.377529910464391
.0001691107512479619
48901182493282365e-21
.6368318742673246
.7909083028248822
.07177231672359984
.010867202329244447
.29041622678276297
1.6483925127123338
1.53249618733357
1.8994967942746153
1.6269063690444552
2.0930943197882654
.03123271846059035
.04351626028022426
.010046302956997434
.00016428024694151906
6.241660970380094
6.013583228814153
.5555221381808968
.01693183708086842
.004104915514253644
6600192205161497e-20
.0006124744841353173
.10196866931606187
.021395210084870876
.0007848212566855282
.44860565179839407
52416917902771716e-21
.0002344596303087331
.03314925660085783
20780408949707347e-21
0
0
0
0
0
0
0
0
0
0
0
0
0
0
0
0
0
0
0
.7503026621644653
0
0
0
0
.554714095469206
1342.1469787603728
.004346334335443188
.10342783762828361
.020458319858960156
.21766583921145147
.11098983519810073
.6506104417660469
.13693525551413124
.39355580513116606
.006132282790540069
2.8588737102998607
3.3970024594030757
.018260414530712907
.03838491512312567
.8926828269726846
.5610836427072488
.22430634042283912
.4409604867379054
.019415308602986597
.019415308602986597
.2268376706752704
55846984326668006e-21
.019415308602986597
.019415308602986597
.019415308602986597
.019415308602986597
.019415308602986597
.019415308602986597
.019415308602986597
.019415308602986597
.019415308602986597
.019415308602986597
.019415308602986597
.019415308602986597
.019415308602986597
.019415308602986597
.019415308602986597
.019415308602986597
.019415308602986597
.019415308602986597
.019415308602986597
.019415308602986597
.019415308602986597
.019415308602986597
.019415308602986597
.019415308602986597
.019415308602986597
.019415308602986597
.019415308602986597
.019415308602986597
.019415308602986597
.019415308602986597
.019415308602986597
.019415308602986597
.019415308602986597
.019415308602986597
.019415308602986597
.019415308602986597
.019415308602986597
.019415308602986597
.019415308602986597
.019415308602986597
.019415308602986597
.019415308602986597
.019415308602986597
.019415308602986597
.23813737804489893
.01058988680769422
.019415308602986597
.01058988680769422
.17253165486248093
.08621275261829199
.019415308602986597
.019415308602986597
.03501568492929249
.019415308602986597
.019415308602986597
.019415308602986597
.019415308602986597
.019415308602986597
.019415308602986597
.019415308602986597
.019415308602986597
.019415308602986597
.019415308602986597
.16205562912164995
.019415308602986597
.019415308602986597
.019415308602986597
.019415308602986597
.019415308602986597
.019415308602986597
.019415308602986597
.019415308602986597
.019415308602986597
.019415308602986597
.019415308602986597
.019415308602986597
.019415308602986597
.019415308602986597
.019415308602986597
.019415308602986597
.019415308602986597
.019415308602986597
.23813737804489893
.23813737804489893
.17253165486248093
.019415308602986597
.019415308602986597
.019415308602986597
.019415308602986597
.17253165486248093
.06126706253893932
.20824200481146016
.019415308602986597
.23813737804489893
.019415308602986597
.019415308602986597
.019415308602986597
.019415308602986597
.019415308602986597
.03501568492929249
.019415308602986597
.019415308602986597
.14865277433059879
.019415308602986597
.2268376706752704
.019415308602986597
.019415308602986597
.01058988680769422
.019415308602986597
.019415308602986597
.019415308602986597
.12007387502908501
.019415308602986597
.019415308602986597
.019415308602986597
.019415308602986597
.019415308602986597
.019415308602986597
.019415308602986597
.019415308602986597
.019415308602986597
.019415308602986597
.019415308602986597
.019415308602986597
.019415308602986597
.019415308602986597
.019415308602986597
.019415308602986597
.019415308602986597
.019415308602986597
.019415308602986597
.019415308602986597
.019415308602986597
.019415308602986597
.019415308602986597
.12007387502908501
.019415308602986597
.019415308602986597
.019415308602986597
.019415308602986597
.019415308602986597
.019415308602986597
.019415308602986597
.019415308602986597
.019415308602986597
.019415308602986597
.2268376706752704
.19223647316763598
.16205562912164995
.019415308602986597
9999999999985177e-28
.2022553084912812
.2022553084912812
.16205562912164995
.16205562912164995
.2268376706752704
.2268376706752704
.2268376706752704
.2268376706752704
