1.4964518369242428
.7750557020355788
.013810142018235216
.0027536382302471305
4798663862757218e-21
.034385806677497154
7.116336907153415
.6859839126741428
.05642433575933615
.06492381834779354
.06540182811361445
4.81867955070571
.6961649721563865
.3552814694410511
.005764829296788508
3.2234511845405964
.45927767160980726
.003216421884410314
.07252305611076632
.004608864918455237
.0018431103893161
.009825727063786661
.00017644719489739863
.0026040828915178623
.29041676788828064
17.675615241258377
.00015060033517187834
.005559979657237677
.006380258709078956
.0059580102258167756
11450472991857785e-22
.00016962804680343565
.0140237069146163
.0012007471412559052
.010277768599965702
22661027727483136e-21
.002476858078797005
.0028001616746121784
.00033474070150008224
.005321110748245565
34028136904587534e-21
.005958084437833451
.006098017494296793
.019891742511201748
.0003393965861358385
.1148148561655546
.007973132086501637
.0007645090105089234
.04455413113704536
.26099922170020345
.0010881507892852673
.5914672814077558
.009062421090859633
11.995722149241796
11.101844763808684
1.364917452856235
.0063952547730263985
.0633102994202079
.06950846972702714
.21733832791048394
.12499505670588038
30.047308841010096
23.368490671249788
8.028131030622806
.002314558697709117
.0004920116953511831
.0014830163076737092
.006002786134605867
2.944743194547001
7.436230609863913
.01741540605378336
22.671570078836393
3.2702796697053746
9.560117662729152
21.28706775525442
.0014495819083224218
.009060333602988465
.0006514792036609067
2.139898599818344
.0003204027544482063
.0027438942728401647
.010982334700363517
.000360116270638161
.9692678738103838
.7292450888706733
27161224339286297e-21
.009041284798556697
.8383385982579956
.7560385524005442
3.3704098718720967
.0001683440178449206
5097169157596779e-20
.6363341487287877
.7913456332869497
.0722908881841918
.010533722386576438
.2894613388197809
1.6468124548280303
1.529598398862782
1.8543226013230263
1.625108594495172
2.0924716426515597
.031117284251562953
.043267937865344844
.009665664305213416
.0001637153356829301
6.202184850217656
5.997372519866618
.555186245123798
.01672803357035866
.004002862837136508
6427585173347523e-20
.0005703709929571573
.10125620283200173
.021357700404852995
.0007827816821009247
.4477318647789553
52108393779765214e-21
.00023432823200730823
.03308863357963654
20309943169752905e-21
0
0
0
0
0
0
0
0
0
0
0
0
0
0
0
0
0
0
0
.7406188514127409
0
0
0
0
.5535856496766361
1341.7999158152625
.004345210426051173
.10340109244276986
.020453029585350314
.21760955346301844
.10946366998793657
.648159934654007
.1342829219911672
.39319382725154856
.006127806969022215
2.876985770617249
3.4081504672640848
.01795130994200859
.03773067896292496
.8903418877532068
.5597316317868021
.2240946007341195
.44053323929471916
.01941028803944876
.01941028803944876
.22392330132969573
5035877555856588e-20
.01941028803944876
.01941028803944876
.01941028803944876
.01941028803944876
.01941028803944876
.01941028803944876
.01941028803944876
.01941028803944876
.01941028803944876
.01941028803944876
.01941028803944876
.01941028803944876
.01941028803944876
.01941028803944876
.01941028803944876
.01941028803944876
.01941028803944876
.01941028803944876
.01941028803944876
.01941028803944876
.01941028803944876
.01941028803944876
.01941028803944876
.01941028803944876
.01941028803944876
.01941028803944876
.01941028803944876
.01941028803944876
.01941028803944876
.01941028803944876
.01941028803944876
.01941028803944876
.01941028803944876
.01941028803944876
.01941028803944876
.01941028803944876
.01941028803944876
.01941028803944876
.01941028803944876
.01941028803944876
.01941028803944876
.01941028803944876
.01941028803944876
.01941028803944876
.2366026596892735
.010056058429823007
.01941028803944876
.010056058429823007
.1719748008785356
.08610134238618723
.01941028803944876
.01941028803944876
.03368332532500984
.01941028803944876
.01941028803944876
.01941028803944876
.01941028803944876
.01941028803944876
.01941028803944876
.01941028803944876
.01941028803944876
.01941028803944876
.01941028803944876
.15894258987551135
.01941028803944876
.01941028803944876
.01941028803944876
.01941028803944876
.01941028803944876
.01941028803944876
.01941028803944876
.01941028803944876
.01941028803944876
.01941028803944876
.01941028803944876
.01941028803944876
.01941028803944876
.01941028803944876
.01941028803944876
.01941028803944876
.01941028803944876
.01941028803944876
.2366026596892735
.2366026596892735
.1719748008785356
.01941028803944876
.01941028803944876
.01941028803944876
.01941028803944876
.1719748008785356
.05931811395057302
.2073016574678076
.01941028803944876
.2366026596892735
.01941028803944876
.01941028803944876
.01941028803944876
.01941028803944876
.01941028803944876
.03368332532500984
.01941028803944876
.01941028803944876
.14826882326408286
.01941028803944876
.22392330132969573
.01941028803944876
.01941028803944876
.010056058429823007
.01941028803944876
.01941028803944876
.01941028803944876
.11984119827667482
.01941028803944876
.01941028803944876
.01941028803944876
.01941028803944876
.01941028803944876
.01941028803944876
.01941028803944876
.01941028803944876
.01941028803944876
.01941028803944876
.01941028803944876
.01941028803944876
.01941028803944876
.01941028803944876
.01941028803944876
.01941028803944876
.01941028803944876
.01941028803944876
.01941028803944876
.01941028803944876
.01941028803944876
.01941028803944876
.01941028803944876
.11984119827667482
.01941028803944876
.01941028803944876
.01941028803944876
.01941028803944876
.01941028803944876
.01941028803944876
.01941028803944876
.01941028803944876
.01941028803944876
.01941028803944876
.22392330132969573
.19149217103164137
.15894258987551135
.01941028803944876
9999999999985048e-28
.20139407302060228
.20139407302060228
.15894258987551135
.15894258987551135
.22392330132969573
.22392330132969573
.22392330132969573
.22392330132969573
