44.329187486478176
.302462615256848
1.1771341479354236
48.437948054352525
1.326749358323789
7.622410771763237
.844961855840015
.19572026804317003
1.303268909241916
.07693630888460887
21.3587209075893
.7944256240650713
1.5021104047852962
.018417476123432697
9.264381920612534
12.456840367998606
.010797316112565241
.08227469795598352
.01667962377460159
.0062913276567493105
.044165785360833494
.015642878915860567
.009896324294467724
1.7145052920260984
30.644617945400373
.0048626546198897985
.006222734943360461
.006664885937230564
.006261883190941174
.005082773603792467
.0001933027629304479
.014818076444489025
.0013033367262261283
.010371367688959028
.00027212167251333257
.004446361829040549
.0030766632338006224
.0024042307780216673
.008657868212055593
.00021419664949030151
18.045220010076793
18.391133074696345
.029683537850328144
.003783010171163827
.140884085554439
.010163323490640362
.009409953633785727
.5729603587868994
5.1790686417363405
4.831812074269805
3.585699516241245
5.010250404001417
20.8745018212552
19.627612845349482
2.0294117568651844
.00799935277956785
9.490242499432942
159.3664437851877
.3419241129324167
.18032696206088625
51.26010249399882
50.25653390144432
18.14884318048652
.005597760947333619
.0022014574745434345
.0017019251788975326
.01108378530692985
85.88985107752235
78.08298732581021
.041902792427374325
28.14336908604119
3.5216893016261537
107.43882950043152
34.98810916646331
.0015234207032796753
.010633525139664549
.005383441577660865
2.6380945158348013
.0011148515308659112
.009778259080017362
.011231580134343014
.00820931828240003
10.899321338689939
26.54590400311148
.009769142823171435
.05695709843244603
25.91430055850904
137.3109890447553
7.448287247385742
.017030313955248667
.00953124037554572
5.3757685946217455
1.6470666030398082
12.258894568966529
10.917125537787943
6.467476548010217
8.215250009724313
6.53688463096237
3.6311795701754708
62.24588538761096
2.0949460676789395
7.228310023347233
5.391997791715511
2.6741160808431
.003342041045492207
60.14120326346791
8.597193755009828
2.142837835463509
.48041341260423553
.016546624545033323
.0001838476149134924
55.81141213589851
104.15655586847478
.09388997201386066
.0035762382560474153
.5880660556325131
.006512115832909223
.006707849644762843
.19323899882982404
4302380773955287e-20
0
0
0
0
0
0
0
0
0
0
0
0
0
0
0
0
0
0
0
3.179085432364379
0
0
0
0
4.519239024117403
1394.6824290774798
.004630434599246592
.10701655391157185
.018830070011813384
.2232292737116188
.864079124239574
1.2008181272789975
1.6158812655986057
19.03766940204926
.015589985734184558
6.276897094221845
6.362656183624601
.3611785604111947
.8594582125400193
79.49594928542642
85.5061217247971
46.95208120149472
78.36841227985056
3.5963760856281364
1.976161689490036
1.6512947758310552
1.755709289511225
2.7147836982318614
1.6580869355069365
2.4747876244568277
2.0670650132719963
1.8687600941118891
2.261047976282157
2.0017774168499316
1.8932745531464212
1.4077277909268877
1.9823821758769413
1.6154625368099853
2.5855486658361873
1.8437329089256838
2.1865573225775163
2.2958622103101356
1.8299356699353493
2.4053370347552674
2.657972826544173
2.5914311520925075
2.000777118043728
1.7535722791519484
2.298192889047427
.02502606292669649
1.7532870470757347
2.43153304256097
6.02671724897788
1.9885912034579019
2.0151178868388824
1.2491093669574516
3.108105169022265
1.4675093039443041
1.5942323181099607
2.9763790727357837
1.2877467367025721
1.948538261885625
1.6108635395854796
2.130023741636663
1.4361827103755183
1.8557501441612445
2.7995259148596072
1.9264724430286768
2.2450771180128735
1.9314151281977916
2.1987150540138423
1.6513065255846116
2.1574522093185626
2.7949420836986762
2.8939914650210867
2.4516552593045406
2.0585488012382904
2.1458039924153467
2.9090995356539304
2.4894974574422597
1.0769616881007915
2.608519225855862
2.9918239659650023
2.071996662830994
1.2150978500745377
1.8511287628595898
1.7245693677280058
2.1364448181434863
1.4985578380770963
2.4965467041634892
2.229695330259358
1.9149177745063728
1.6830367693811579
2.5937148489536703
2.641148949632351
2.024037476242
2.218216308154409
2.352187058694487
2.244261672714789
2.5656816934834548
2.4046705550041367
2.0629943670335797
3.11404095766546
2.132451480195644
1.8055839957193045
1.2944144999083533
1.53567234645598
1.455270945413861
.7392806748945755
.191664858911715
2.0418294803943975
.011233572120101168
2.4455020300037913
2.200862762456907
2.3543819138780524
1.7803185860635473
.18894913593180918
1.526392797614613
.21014582729698708
1.1567873728757014
3.1306882996660006
1.7004547288694059
1.7859270890444314
2.032227494525882
2.1725219289332798
1.8054646095630842
2.110615970719956
2.1649766881630788
2.344858127107874
.00994357533690736
1.9719184242581798
2.006602512715828
1.5553943199205473
2.2679290181826373
1.7312394686787322
1.3979921796403438
2.2842128622529905
1.9911390533798263
1.9960500325173467
1.910766594217461
.7367402237276749
1.7019033902927083
4.778371514112089
6.553897597885883
1.4876154114511084
2.0078148696444478
2.5434462948630707
2.6882936295742415
2.876156374566884
1.9756765837045775
.008875877022233088
1.6459838568396123
1.387745962055811
2.743850893045342
2.3737567049104156
1.8040293234220248
1.9454246645147069
2.3777397261401627
1.9046750211409225
2.778325695080218
2.0029563398981978
2.392628631906621
1.7855075062000192
1.5725245982486866
2.2325390197935078
1.295004128619309
.21855712362642674
2.2252578001502066
5.616460449087356
1.5000128322195918
1.6472221957392765
2.1576324395658646
2.3604463021901805
1.005417012536848
1.683799093449502
2.2444846020774585
2.0607147556389633
2.154720938976102
1.348447359351088
2.144749323694616
2.6086192289899324
1.7581322273499604
2.417646865029454
1.4397953478171777
1.23620038271131
1.6212182384296523
1.912011643776095
2.402562261201393
2.279723282167174
2.7815482735718122
1.326832043890782
2.141901495622101
2.329206622218045
2.29515225623392
2.5727263586585205
1.6487197917120568
1.9317301037627956
2.867873169182985
1.8208372880357855
2.090893409224931
.02395419164205001
2.0941716978481804
.06070641086009964
1.81326185589558
1.709004705040119
.5570177198153509
1.4141187087975067
2.1752733811641507
1.185188245991806
.04892428031313423
2.05632460142584
1.1314968144365722
1.63330038363659
1.9939556581560784
1.892408761775493
1.5332852251826594
2.4226195159502972
3.4561308257404866
2.940992715974617
.682922913582873
.010804256847168419
2.0320070152911387
2.35460533700278
1.9626679086403673
.047129581302532364
2.3129925345315376
1.7552297532040948
2.1163810947717243
1.1943975810579281
1.349967037320734
.0062654095493907165
.004154952170279859
2.3934655169359123
.5730981842142898
.14276714531361903
.8303538158285559
.20574092412770778
2.30627168025821
.11371987378453932
.10177014365316102
1.7918062553759564
.6302636304355067
8.32629095213148
2.044788261205973
2.2368144216142154
2.310728748538102
2.444814968213623
2.1057088513521296
2.059659227589521
.1267957566275245
.1610096906558029
1.9746826001475914
3.182261386342329
1.0270392529689896
1.9817056455530775
2.409597491647665
1.940783730816935
.010328383413397937
.2813909221198398
2.933646116372449
3.561649109627277
4.319531599153652
4.259898968782132
2.4315189974440465
.011101631266264246
2.94232040612948
1.3715867198131892
.014766370704133362
.010376889282253799
.16805483617662084
.01286517720536807
1.7896051497387202
2.7791158781333674
.01
1.8304875664457345
.014567333946958088
.006960837471903211
1.9041290622601847
.009460367815469994
.007800172831563858
2.368507385467512
.007163653288466664
2.419969825269703
2.181195712782876
1.6424325155388761
1.6200004650209594
.009255070978938589
2.0003975771884797
2.4156917317478084
2.5498327490768564
2.3831608183416795
2.176285126775777
2.839623586284949
.0115222606259621
1.45753566445101
.01066484531677036
.009267039130348263
.010331653381504182
.012152474563940339
.010310788949915165
1.453787441307555
.08297496817377165
.0685418016236013
.00936083309762171
1.3686735690215273
2.250485180912421
.09787325903518884
2.0475171095579943
1.486450751336538
.06522858477713055
2.217168604512189
1.7874813869733872
1.7018379667660324
2.88242419356508
.008519196480933551
1.641843964410091
2.607349275930705
3.5225401001940453
.7461404346911135
1.6313217113048597
2.201762569221511
1.5789888047627478
2.15972096852699
1.7221628468117576
1.8155698488370895
2.0763693798884666
.00898015079332766
.21349981726280912
.20095767810591855
1.8972060418563963
1.4812097256076204
1.9552486037826524
1.7224119738736359
1.4086405735016896
2.0918882008106654
2.067567757436142
1.9118810072431314
1.9616401915923245
2.1734724540715975
1.7513333321341373
.006327664541665624
1.5275043974375995
1.9903371541864718
1.7463785521428792
2.110514730891136
3.173135001647416
1.6843599402459704
2.040001001253295
1.7704292234605379
2.1972785992280994
.11548713506840744
1.8105609186140668
2.4579621305329686
2.483729118681184
1.5946637917383657
2.680493198772947
1.5371909716872525
.23577414754575776
.1540712553735722
.12247147688402388
1.7284064639638097
2.0805735486134664
2.0053190207970863
2.4024575571142055
1.3978303394685092
1.8611472191068652
1.578579279178206
1.9938831742709393
2.4169862809807
1.6442229947834415
2.127339856628648
2.4179058700262757
1.988595346345371
2.284930253433257
3.1958424765504505
2.0863157167047643
2.0021175148582038
1.786952192615266
1.3589570226762524
2.176831651151866
1.5796193026295988
2.2005617107729036
1.8385088697080676
1.6508815893869861
2.21072133134573
1.6580113692751761
2.331171752231174
1.3628020285564433
2.2656348924438547
1.6079858013060546
2.3352924663088594
1.7109097171770609
2.301558798122577
1.6010463584023387
2.162868088385362
15.749225134477518
18.75056530650036
2.3453859317195755
1.982144971120292
1.651117241289326
1.4115979096989733
1.5235188042489534
1.534319256682837
2.526586076984921
1.7751539351254946
1.6733565780123747
2.279754951890503
1.9110318297691835
3.008387712980247
1.7055208106122424
1.8114226340374522
1.5253633308173995
1.8490130802199551
1.5169850386821129
1.9217267936835614
1.3031694047360103
1.9127700588177605
2.2913591664915995
1.158996324473833
1.7410622839642809
1.5358215588861996
2.4225892646995812
1.9474972029610467
2.8778156780700668
1.8101761251281867
1.8714488537712701
2.513159518101948
1.281651919219146
2.6030431929923563
10.71575527023187
2.0065258972752846
1.7569322915540253
1.6403303272182241
3.6202131283897043
1.9644263701162292
1.8816102982834337
2.756184414581452
1.4600723518903915
1.911224541617698
2.7695846477232986
1.433638190811972
3.255263127795383
2.5201155488685014
2.3000010346913267
1.975866370592338
1.370814806232087
1.7185312455441855
1.705461837924798
.27744179467102814
2.5691435125109314
1.8787833599170556
2.4177691190310724
1.702186060060784
2.0485858814979805
2.617188966338955
2.106889148949347
2.128648099503929
1.8517017433429237
1.6248447595396138
1.4120896116371688
1.9457121398836859
2.334260879734962
1.8394704537528828
1.8352375045101876
1.4888155665154883
1.648106402542044
2.7308171926855476
2.921018789733365
2.051068088377519
2.129027035822309
1.8236113770715043
2.2395749211596785
1.678587827280083
1.2752988952362154
2.2136600254202654
1.8194187443459773
1.6268751869610094
2.205106649916147
.176096493257178
.947991743766392
.12153436364940995
.9619521634623297
.10178849616020409
.902737353296719
.08794352854187303
2.064187367513016
.16918828259463606
2.4360148205736265
.0857173095204207
1.0194912734918808
6.012130333495684
.3590334164343674
.11351091393078563
1.2027862744987654
.06716207155394165
.2329430393490205
.041096102792754094
.8904478572394017
.07077241238428453
1.103311686651558
.10401244988215987
1.316637976360049
.17735145360400795
1.0186032684253714
.044645481410252694
.7405177173353416
.059604035580792365
1.4701156607812138
.0002182901555049625
.0003921596378241893
.11939263199432386
.13417734910544488
