1.513457769394447
.4223515858259854
.005892057331460398
.0012869579614886004
2118248202897262e-21
.015862249016878213
7.048316666760506
.7647809814767218
.06126786676041338
.07430830497266491
.06782224169213369
4.678069272177188
.7006090194833104
.3179424124234803
.005032360654574576
2.9620548195070397
.32992086526272824
.003310700181467236
.07553257227089079
.004759882348590111
.0019887203081745746
.010218367612689436
.00019181166915077508
.0026829701249281323
.28278323860234894
16.914187112844672
.0001477784810468245
.005783590747973865
.0059011866628355504
.0059316318467389165
13560897407110125e-22
.00018092850140526126
.013985880847089611
.001243163891688796
.010739209201067324
20597381370605122e-21
.0021883150605164804
.0027029323945134
.00027974806266805626
.005166327634697824
32630127310695715e-21
.005936271282574954
.006268730137245893
.02166427357945502
.00034909398330244416
.11246443703162931
.00774708411605482
.0008378941668807752
.04296807415775524
.29945798893126635
.0010215620864887653
.543715773565721
.008642990608540542
11.897514329539717
11.019959981311672
1.443322025318033
.0070430762397030505
.057479868890085675
.06401369831977886
.2164043494536231
.13565666122896036
29.820563074740704
23.442286274327678
8.168746818335855
.002409012755669367
.0005327244854251141
.0013782819919982488
.006396543708539899
3.1752401341414807
7.678932214863732
.02037449017046208
23.151454203877158
3.3400939908028744
8.731868591050578
21.80910172845017
.0014564167111705214
.009218043897543866
.0006341335216468955
2.2353842956804515
.0003178601848243073
.003254177819191709
.011604614319299284
.0004038148718251215
.9389914713539362
.6773098435217478
29441435154489345e-21
.007564106078585643
.7913989837008368
.70570391577845
3.2735316414918856
.00016410106638930884
4599103890783634e-20
.5911985254840468
.7974028334738822
.0776378495287793
.01013823193720713
.2799752660991764
1.52317127889019
1.4273981632143913
2.031184834774844
1.4733833505747242
1.9736986088235589
.0269773600517747
.038399012567864925
.008143044483338911
.00015197688733644926
6.058951922056788
5.753134997004945
.5388557991418431
.017036324256322725
.004074643872009575
6220193123689068e-20
.0005628673066160023
.10080870761266258
.021130127318657037
.0008792118430163747
.4116703006893093
5498530785730859e-20
.00021618034693694562
.03355685517937447
21571447343431582e-21
0
0
0
0
0
0
0
0
0
0
0
0
0
0
0
0
0
0
0
.744267365017995
0
0
0
0
.5141272953729707
1345.8635366905557
.004607725343528034
.10274158989901228
.01845497956585323
.20988865147904276
.10880938513877292
.6386820384667286
.13597086854797238
.403936234645551
.006028854851423784
2.8991238783504483
3.0617614021479866
.01591201608824357
.04047144768867327
.747046167608449
.600045704208107
.24050576417631658
.42500387496208647
.019403687361068726
.019403687361068726
.2201476087491509
4421184932852852e-20
.019403687361068726
.019403687361068726
.019403687361068726
.019403687361068726
.019403687361068726
.019403687361068726
.019403687361068726
.019403687361068726
.019403687361068726
.019403687361068726
.019403687361068726
.019403687361068726
.019403687361068726
.019403687361068726
.019403687361068726
.019403687361068726
.019403687361068726
.019403687361068726
.019403687361068726
.019403687361068726
.019403687361068726
.019403687361068726
.019403687361068726
.019403687361068726
.019403687361068726
.019403687361068726
.019403687361068726
.019403687361068726
.019403687361068726
.019403687361068726
.019403687361068726
.019403687361068726
.019403687361068726
.019403687361068726
.019403687361068726
.019403687361068726
.019403687361068726
.019403687361068726
.019403687361068726
.019403687361068726
.019403687361068726
.019403687361068726
.019403687361068726
.019403687361068726
.2345993727865331
.00939688205638227
.019403687361068726
.00939688205638227
.1712452053227366
.08595504346226777
.019403687361068726
.019403687361068726
.032010006612835755
.019403687361068726
.019403687361068726
.019403687361068726
.019403687361068726
.019403687361068726
.019403687361068726
.019403687361068726
.019403687361068726
.019403687361068726
.019403687361068726
.15493992678362722
.019403687361068726
.019403687361068726
.019403687361068726
.019403687361068726
.019403687361068726
.019403687361068726
.019403687361068726
.019403687361068726
.019403687361068726
.019403687361068726
.019403687361068726
.019403687361068726
.019403687361068726
.019403687361068726
.019403687361068726
.019403687361068726
.019403687361068726
.019403687361068726
.2345993727865331
.2345993727865331
.1712452053227366
.019403687361068726
.019403687361068726
.019403687361068726
.019403687361068726
.1712452053227366
.056850708455605914
.20607144871344032
.019403687361068726
.2345993727865331
.019403687361068726
.019403687361068726
.019403687361068726
.019403687361068726
.019403687361068726
.032010006612835755
.019403687361068726
.019403687361068726
.14776539009744108
.019403687361068726
.2201476087491509
.019403687361068726
.019403687361068726
.00939688205638227
.019403687361068726
.019403687361068726
.019403687361068726
.11953588618588229
.019403687361068726
.019403687361068726
.019403687361068726
.019403687361068726
.019403687361068726
.019403687361068726
.019403687361068726
.019403687361068726
.019403687361068726
.019403687361068726
.019403687361068726
.019403687361068726
.019403687361068726
.019403687361068726
.019403687361068726
.019403687361068726
.019403687361068726
.019403687361068726
.019403687361068726
.019403687361068726
.019403687361068726
.019403687361068726
.019403687361068726
.11953588618588229
.019403687361068726
.019403687361068726
.019403687361068726
.019403687361068726
.019403687361068726
.019403687361068726
.019403687361068726
.019403687361068726
.019403687361068726
.019403687361068726
.2201476087491509
.19051770888551134
.15493992678362722
.019403687361068726
9999999999984876e-28
.20026702477945518
.20026702477945518
.15493992678362722
.15493992678362722
.2201476087491509
.2201476087491509
.2201476087491509
.2201476087491509
