1.513457769394447
.4219899474663735
.005887941440678412
.0012860132381841785
21101286614526447e-22
.01585053561010294
7.048318018298735
.7647809895672634
.06127135587897229
.07429836293957438
.06782224606861131
4.678059357837589
.7006090084851876
.3179417483853319
.005032350946967137
2.9620292899467953
.3299214563213302
.0033108602393273194
.07553257246953714
.004759882531241581
.0019887203824031463
.010217196803902531
.00019179185901487135
.002683127822902471
.28274853642669096
16.914065061124578
.00014779633418678066
.005783591337461226
.005901186640526409
.005931631871000259
13560685394007522e-22
.00018092850140526126
.013985880847090066
.0012431638917087414
.010739209201067322
20597338801664583e-21
.002188315093919377
.0027029323945750787
.0002797475023778254
.005166327633752864
3263005608454554e-20
.005936178493798142
.0062634090869878025
.021664237935204257
.00034909398443420085
.11246443661667978
.0077470971361607785
.0008378737189966049
.04296714806437302
.29947563766879676
.0010215004712502802
.5437157930485164
.008642374556072523
11.897514246132333
11.019960422924239
1.4433220939650222
.007043075926115936
.057479125900874825
.06401379193588916
.21640436143107342
.13565666458561548
29.820563074740704
23.442355843540884
8.168769515183048
.0024091133131038953
.0005327526926449514
.0013782800970527386
.006396554848290275
3.1753610045419682
7.678989479694822
.020374976103704666
23.151454332413984
3.3400939884125327
8.73196620588506
21.80910077164483
.001456416750886261
.00921804317008085
.0006341334308383042
2.235384125359646
.0003178763779750775
.003254340450618402
.011604614387728807
.0004037927492284858
.9390348488582726
.6773432212819293
29442985297942347e-21
.0075641148117770235
.7914371469266575
.7057378554357713
3.2735395079502343
.00016410073863140604
45816129883189215e-21
.5912049378395278
.7974061182922111
.07764158085095414
.01013865581331686
.27998212607601963
1.523171298362712
1.427397997432415
2.03122952465101
1.4734415925226592
1.973698625087635
.026978671961603945
.03840050535317917
.008142905921434235
.00015197335623865846
6.05880720420996
5.75315462088989
.5388557564575175
.017037163738005276
.004074744412009022
6220349206176354e-20
.0005628561145716283
.10081307623475695
.021130130763935835
.0008792559936361199
.41167031245471764
5498781508951498e-20
.0002161900317456699
.033556862561843134
21571899945473063e-21
0
0
0
0
0
0
0
0
0
0
0
0
0
0
0
0
0
0
0
.7442674002457172
0
0
0
0
.5141326800130643
1345.8635366905557
.004607725343528033
.10274158989901226
.018454979565853225
.20988865147904273
.10881256879506769
.6386819561715807
.13597080921826216
.4039357442107402
.006028855241337635
2.8964528632523523
3.059600083702925
.01591200397098303
.040471417546450186
.7470459936775288
.600045559774925
.2405057829425659
.42500390512150926
.019403687361068726
.019403687361068726
.22014759653026922
4407520452897883e-20
.019403687361068726
.019403687361068726
.019403687361068726
.019403687361068726
.019403687361068726
.019403687361068726
.019403687361068726
.019403687361068726
.019403687361068726
.019403687361068726
.019403687361068726
.019403687361068726
.019403687361068726
.019403687361068726
.019403687361068726
.019403687361068726
.019403687361068726
.019403687361068726
.019403687361068726
.019403687361068726
.019403687361068726
.019403687361068726
.019403687361068726
.019403687361068726
.019403687361068726
.019403687361068726
.019403687361068726
.019403687361068726
.019403687361068726
.019403687361068726
.019403687361068726
.019403687361068726
.019403687361068726
.019403687361068726
.019403687361068726
.019403687361068726
.019403687361068726
.019403687361068726
.019403687361068726
.019403687361068726
.019403687361068726
.019403687361068726
.019403687361068726
.019403687361068726
.2345993723945586
.009396212408283531
.019403687361068726
.009396212408283531
.17124520531396056
.08595504346222316
.019403687361068726
.019403687361068726
.03200950477324659
.019403687361068726
.019403687361068726
.019403687361068726
.019403687361068726
.019403687361068726
.019403687361068726
.019403687361068726
.019403687361068726
.019403687361068726
.019403687361068726
.15493985898563709
.019403687361068726
.019403687361068726
.019403687361068726
.019403687361068726
.019403687361068726
.019403687361068726
.019403687361068726
.019403687361068726
.019403687361068726
.019403687361068726
.019403687361068726
.019403687361068726
.019403687361068726
.019403687361068726
.019403687361068726
.019403687361068726
.019403687361068726
.019403687361068726
.2345993723945586
.2345993723945586
.17124520531396056
.019403687361068726
.019403687361068726
.019403687361068726
.019403687361068726
.17124520531396056
.05685036353985655
.2060714486562165
.019403687361068726
.2345993723945586
.019403687361068726
.019403687361068726
.019403687361068726
.019403687361068726
.019403687361068726
.03200950477324659
.019403687361068726
.019403687361068726
.1477653900949689
.019403687361068726
.22014759653026922
.019403687361068726
.019403687361068726
.009396212408283531
.019403687361068726
.019403687361068726
.019403687361068726
.11953588618540947
.019403687361068726
.019403687361068726
.019403687361068726
.019403687361068726
.019403687361068726
.019403687361068726
.019403687361068726
.019403687361068726
.019403687361068726
.019403687361068726
.019403687361068726
.019403687361068726
.019403687361068726
.019403687361068726
.019403687361068726
.019403687361068726
.019403687361068726
.019403687361068726
.019403687361068726
.019403687361068726
.019403687361068726
.019403687361068726
.019403687361068726
.11953588618540947
.019403687361068726
.019403687361068726
.019403687361068726
.019403687361068726
.019403687361068726
.019403687361068726
.019403687361068726
.019403687361068726
.019403687361068726
.019403687361068726
.22014759653026922
.19051770886112532
.15493985898563709
.019403687361068726
9999999999984876e-28
.20026702473807903
.20026702473807903
.15493985898563709
.15493985898563709
.22014759653026922
.22014759653026922
.22014759653026922
.22014759653026922
