3.034423425076623
.0022925838655968125
6511364145828104e-20
3849137969982078e-21
13109190160325062e-29
.0002233274137285366
6.6404192697380395
.7903996463932597
.04990357417956825
.026471054050959793
.06657063857629406
.7171919122847074
.6763914649642464
.049280646498322304
.0008308348471797476
.00580222862187726
.0006612683310051553
.002322963675212848
.07316264509045367
.0049363408678546146
.002058559972577949
.003865700208985485
8200042386613246e-20
.001891184370272446
.1026916985050646
4.102651330323393
534602915011929e-20
.00552614184009174
.005675163575366061
.005764680324528393
13177200373849562e-22
.00017550767382015648
.013566824772428192
.0012056780593484623
.010417450176214194
32354086315718366e-22
.002328413828599143
.0026212076089120184
4506826534123102e-20
.005004239641218545
5191978545221722e-21
.005762929401897509
.0057624975311269255
.021857812222158737
.0005784914235347358
.10869736413427164
.0075844034938923515
.0005076255560401739
.024993895042529954
.08079671727191105
25495879121426847e-22
.11866642928732733
20522442863114254e-21
8.41511714465003
7.9208278890778425
1.2176268096929483
.006777929140704692
.0006073499111623486
.0006736602790257711
.17658196475148308
.11638466772475951
9.541020998978354
7.485782134650997
2.7371083429781216
.0017909458527919666
.0003595245323664309
.0013436032906551587
.006037016533579704
.008512890599749127
3.8175195598373644
.0009079378256463595
9.541020998978354
3.2375359457027106
9.238259893407184
8.779272381925718
.0014106426879544032
.008974248843309785
.00013894152370917033
2.192286067083881
.00022066153102150176
.0022650453511572047
.011291444673722345
.00011246539009548669
.7028891318170242
.0302207302970215
20535303749626392e-21
.00032256308829891093
.358700563627593
.3347358178915115
2.436103606183623
.00013970523351774792
.00037649365625345277
.623772840345064
.7459927895858915
.12863833237096914
.0002458074590051241
.1594243759448934
1.147427108126023
.9977947057933728
.07987611498482967
1.3067488137321424
1.9003239336467332
.021491657187280702
.02627307421860828
7657288110481958e-20
.00011868067537975292
3.649347306213535
4.127953286102247
.44976188414819435
.0033246049246937067
.00013961941375599377
19535579237210797e-22
6133791322001646e-23
.05906604517993646
.016446839478961174
.0005362774696677468
.3258222012925256
3624890818177022e-20
.0001639598963669419
.025796019511222023
8654169479308756e-22
0
0
0
0
0
0
0
0
0
0
0
0
0
0
0
0
0
0
0
.0909952128126258
0
0
0
0
.3320558831211284
1305.5397132398157
.004469671894425158
.09966331812836642
.017902044355474923
.2036001142716477
.01932152231566255
.4022449256420406
.013003825901030105
.35233822134152043
.004711281715735925
2.234745908576825
2.214422507053792
.001955362757682897
.0048757726398421805
.45490535355212924
.3754378437656183
.17544382508085613
.30923615214776906
.018822327630226274
.018822327630226274
.04810314651217207
2372346274158054e-25
.018822327630226274
.018822327630226274
.018822327630226274
.018822327630226274
.018822327630226274
.018822327630226274
.018822327630226274
.018822327630226274
.018822327630226274
.018822327630226274
.018822327630226274
.018822327630226274
.018822327630226274
.018822327630226274
.018822327630226274
.018822327630226274
.018822327630226274
.018822327630226274
.018822327630226274
.018822327630226274
.018822327630226274
.018822327630226274
.018822327630226274
.018822327630226274
.018822327630226274
.018822327630226274
.018822327630226274
.018822327630226274
.018822327630226274
.018822327630226274
.018822327630226274
.018822327630226274
.018822327630226274
.018822327630226274
.018822327630226274
.018822327630226274
.018822327630226274
.018822327630226274
.018822327630226274
.018822327630226274
.018822327630226274
.018822327630226274
.018822327630226274
.018822327630226274
.10966139283432405
21495748824097785e-21
.018822327630226274
21495748824097785e-21
.11707972619569791
.07382724560104507
.018822327630226274
.018822327630226274
.00033431556673208873
.018822327630226274
.018822327630226274
.018822327630226274
.018822327630226274
.018822327630226274
.018822327630226274
.018822327630226274
.018822327630226274
.018822327630226274
.018822327630226274
.01582616527742717
.018822327630226274
.018822327630226274
.018822327630226274
.018822327630226274
.018822327630226274
.018822327630226274
.018822327630226274
.018822327630226274
.018822327630226274
.018822327630226274
.018822327630226274
.018822327630226274
.018822327630226274
.018822327630226274
.018822327630226274
.018822327630226274
.018822327630226274
.018822327630226274
.10966139283432405
.10966139283432405
.11707972619569791
.018822327630226274
.018822327630226274
.018822327630226274
.018822327630226274
.11707972619569791
.0012694577903167058
.12101145280103251
.018822327630226274
.10966139283432405
.018822327630226274
.018822327630226274
.018822327630226274
.018822327630226274
.018822327630226274
.00033431556673208873
.018822327630226274
.018822327630226274
.10900924626798976
.018822327630226274
.04810314651217207
.018822327630226274
.018822327630226274
21495748824097785e-21
.018822327630226274
.018822327630226274
.018822327630226274
.0951516360788024
.018822327630226274
.018822327630226274
.018822327630226274
.018822327630226274
.018822327630226274
.018822327630226274
.018822327630226274
.018822327630226274
.018822327630226274
.018822327630226274
.018822327630226274
.018822327630226274
.018822327630226274
.018822327630226274
.018822327630226274
.018822327630226274
.018822327630226274
.018822327630226274
.018822327630226274
.018822327630226274
.018822327630226274
.018822327630226274
.018822327630226274
.0951516360788024
.018822327630226274
.018822327630226274
.018822327630226274
.018822327630226274
.018822327630226274
.018822327630226274
.018822327630226274
.018822327630226274
.018822327630226274
.018822327630226274
.04810314651217207
.12071779813909508
.01582616527742717
.018822327630226274
9999999999969665e-28
.1212352788888179
.1212352788888179
.01582616527742717
.01582616527742717
.04810314651217207
.04810314651217207
.04810314651217207
.04810314651217207
