.026239417191853964
.005445834885928169
.006229316485968808
.006318056627144577
-.00815193740701904
-13165058439003345e-21
981797679052751e-21
.001970377891779499
-3901014836319378e-20
962519529178117e-21
-.00034510889249451514
-4622387093630714e-21
41190839176430506e-22
.0002487196847933959
-.00012790519475218456
.22855030033918755
.001956965123689708
5196032431067771e-23
-11388028148677999e-24
4668990876692267e-21
-8189355980377416e-20
-.0026789192782150444
-17977088404444668e-21
-.009508309357199572
-.02761809448609594
8218164643375876e-23
-28965388066014126e-23
3227948201104136e-22
-38136533297464203e-22
-27810471896201555e-23
570155800057503e-24
-6163859230226783e-24
-6197571150594045e-24
-2335269515902259e-23
-8112078180681695e-24
-10490772421980106e-25
-122871698569349e-22
349955665658615e-23
-3804908858374233e-23
-5634605655230258e-24
.012895467197806654
.02375805837496453
12502037849971084e-21
-26920029277885577e-25
-3689539830194312e-22
16795984791316038e-22
-2356572538090337e-20
-.0034415599590334467
-9033871953735831e-20
.0031686995835703666
.00020868615191478248
-.0002541204941552945
-.0006783141888905388
.0005513673271420929
-.00011915024321622239
.00021494385770525935
-.009858844163238645
.0013795036100689479
-9236002369156635e-21
-1762782807661209e-20
.026587442529454684
-.030616274593042014
.02376958390979293
-.004603293828650039
-7897833033055373e-22
15327466429133196e-22
-.007143158270383045
-.003691647860739016
-.0009927657079487763
-59475764209745706e-21
-.0028627279707448394
-.003417749285668127
.03054818593649976
.003656671388086205
-5045236418040364e-23
19989176709764612e-23
10988412231093764e-23
.000284834078800443
-9592763481397084e-22
.0038943252578435964
-8580755206741368e-22
.0038936753047492914
-.008976553017368279
.2062291488232294
-1432156166229782e-21
.00013171008769758937
.1930430094856378
.021083433097559178
.2679785693724162
.00388157017560825
-6760513071188343e-22
.00759914512132359
-.04030555871065499
-7629707537592226e-20
.029785721301686992
-.00869847486269227
-.0003681810148919581
.0005806027659606951
-.0005410082195719533
-.12086058689553313
.06181064646338109
.00557605922305007
-.15816168135988767
.018370874904497906
-9373678669342651e-21
.003911687742931214
-.14177169209495763
-.0004002373750295441
-.18082218284526383
-.0001907890588326493
.002189786058908436
.009185513463022663
-.24494225824105803
-.003333544919179505
-8375575736721502e-22
-.008229893381165618
.0038999723284224453
-.005228744712134684
-.0031753981455656835
3855547463233589e-23
0
0
0
0
0
0
0
0
0
0
0
0
0
0
0
0
0
0
0
-.02286700081621252
0
0
0
0
.20056887249447464
44105234692180296e-23
-50492677036227434e-24
-12889634878575153e-23
9235769568307945e-24
0
-.0034810604668454406
-.25528569568207565
-.00024513552041084804
.0027028648591417475
.7620280891199166
.012177405581679606
-.0002596527078678309
.002950122854712186
.008593003086651726
-.002955973362231968
.0013087190440238547
.00030333293355096875
15314675466452312e-21
