40.3796426451851
.16296173017916968
.2826352214298346
11.491392055418755
.39285974092874765
5.67783420403999
.2008504360786603
.0027029878801889933
.31680689626552416
.026827345396158456
8.577508488522604
.778382188218874
.5920287471902024
.008903062139312088
8.107334102780897
1.0235947081822876
.003920974264663176
.07600521766173235
.004222881126652597
.0018468876592760211
.04171515560030437
.0001397517387516398
19008138540721733e-21
.26602720736558594
0
0
.005420713769609881
.006874544306663065
.006122930026208208
.00228300908664758
.00018166284371215003
.013678858079085386
.0013455282246069265
.010393663077848043
34495721348544334e-21
.0004531973518884639
.0026083624246602288
.0005248503618603097
.0050320260894683045
15364175030636924e-21
9.106540148157116
13.731509636850474
.005446998418821485
5736763955966899e-20
.129641240610809
.007184203934179767
.007332410514078341
.3716678882200807
0
.46901559880349863
0
3.9789706929863655
17.95317583058265
0
0
.00703853722225682
2.6833616304760883
15.197033890871982
0
0
40.47968719918104
26.888285919794498
9.205075596941413
.0024290075955907425
.0005818354409452769
.0014260909474593517
.007010711708959371
0
0
0
22.870461773719367
3.2719338665239444
9.655384378595842
17.848092074016513
.0014713646192105936
.008343343339347999
.0004370202990814474
2.2083690995303304
.00036927605529968067
.003574067328520661
.011621984577634914
.0017078746006330295
.8785164863444529
1.4872417706334335
.00012623813386063724
.02613778989007803
1.3230533834129037
1.653846386134563
3.117494108025187
.0037039592192521465
.00041779760074030063
.6407499096295263
.8400420483774815
0
.48129680425504273
.7369301766009037
2.3048476514550944
2.705741394462372
0
5.589313676068479
1.8648109340953898
.5087048388785724
1.233664482438433
.9178182052632984
.0008521899647219759
50
8.442210942229153
.44430092317541153
.06424992001813636
0
0
0
5.187708183037301
.009530588155924927
.0005581906484167817
.5007759457679802
.0013193589115813506
.00024116309118988726
.016179237522564845
0
0
0
0
0
0
0
0
0
0
0
0
0
0
0
0
0
0
0
0
1.863257118050465
0
0
0
0
.6518327144692926
1296.5171849350052
.004631406174655641
.11231663920753068
.018501610081555812
.224835118728248
.5410801734326958
1.026163845621868
1.3447551467227257
1.3694296640454453
.007741955413121617
5.829381096964829
5.909798845591316
.14652197527470454
.3796605235962733
6.165563613758847
3.917355029746254
0
0
.02
.02
1
8
.02
.02
.02
.02
.02
.02
.02
.02
.02
.02
.02
.02
.02
.02
.02
.02
.02
.02
.02
.02
.02
.02
.02
.02
.02
.02
.02
.02
.02
.02
.02
.02
.02
.02
.02
.02
.02
.02
.02
.02
.02
.02
.02
.02
.5
4
.02
4
.25
.1
.02
.02
3
.02
.02
.02
.02
.02
.02
.02
.02
.02
.02
1.5
.02
.02
.02
.02
.02
.02
.02
.02
.02
.02
.02
.02
.02
.02
.02
.02
.02
.02
.5
.5
.25
.02
.02
.02
.02
.25
2.5
.35
.02
.5
.02
.02
.02
.02
.02
3
.02
.02
.2
.02
1
.02
.02
4
.02
.02
.02
.15
.02
.02
.02
.02
.02
.02
.02
.02
.02
.02
.02
.02
.02
.02
.02
.02
.02
.02
.02
.02
.02
.02
.02
.15
.02
.02
.02
.02
.02
.02
.02
.02
.02
.02
1
.3
1.5
.02
1e-12
.33
.33
1.5
1.5
1
1
1
1
