45.47443667868232
.33487243333479605
1.0865280636928094
47.96377736573493
1.3880501269693197
7.647415820265285
.8117981222034153
.18534445370904318
1.3143410792008485
.07736393354813002
22.69842545042372
.8085046398340067
1.5511919886304553
.02052726723037542
9.600178638882946
12.08758688354166
.01015544281373636
.08117486288707991
.016167042256432673
.006732891639328598
.04466299554221288
.014765921802289065
.01007435159264445
1.6279716455682174
28.65260416522616
.004939334348829518
.006568073294816218
.007255493471406637
.0063733218382593165
.005160375881278676
.00018299064703414624
.013847066786555824
.001362370635384473
.010482481195441559
.0002818523311456643
.004323807955520392
.002681567323710336
.0024590086623125736
.00808046126509868
.0002099580265128455
18.24923814682866
18.03808302551777
.0285136283762792
.003779794656253419
.156015500531689
.010016083423850733
.009336391727119505
.5732602510661253
5.481775666711451
4.954771101686344
3.7945371843560536
5.207818756938006
21.685695781471036
20.29633746949955
1.9891107914883879
.007695887143195887
9.073485691228012
175.20153587870294
.3484320388020968
.1772688009608088
51.22834262757108
53.24062110402641
18.679528801676977
.0057687124330917244
.002242535962015046
.0017309556593400797
.011225598200889475
83.08182194454496
80.18273530669371
.039684261462932344
27.35295592109474
3.30280062734314
103.77047662476888
36.07166687528181
.0015360440867567113
.010477724540244935
.005391671927804254
2.7635416338112133
.0010359720183518318
.009886285494254974
.011940697757744438
.008487794348489619
10.81832707817975
24.857083741895575
.009752018112982248
.05534918765686746
27.899088462503666
133.67831846653164
7.473473241964805
.016868805648509167
.009656161698588978
5.190861276053933
1.6955758281288682
12.800366737815423
11.281313344168803
6.267450157828339
8.529237428448797
6.599167704091075
3.919744758270876
60.50828437413526
1.9971612469639348
7.568685863630556
5.575218125554508
2.670918862950257
.0032152078250628937
63.31313219733372
8.850269958455943
2.13092100830154
.4808264589149812
.016426378676500233
.00018621274647041662
57.331435804770244
108.21416501480297
.08993956933689798
.0036687899905300677
.6023209509096747
.006543589694517746
.007160750446375147
.19349172419438512
4325810792948183e-20
0
0
0
0
0
0
0
0
0
0
0
0
0
0
0
0
0
0
0
3.3624815761242868
0
0
0
0
4.668245599452052
1296.5171849350052
.004631406174655641
.11231663920753068
.018501610081555812
.224835118728248
.8303991776752585
1.1735849152804292
1.576178984381205
18.66966499220116
.016024711307687546
6.117666677853553
6.218119915892557
.36647586964147805
.9117663618756224
89.53443659465125
91.46845036260652
48.72253222858512
81.4843533865773
3.5029853448211883
1.9332453207486457
1.6349684131614453
1.8068928848972599
2.664666616566819
1.7284546473360383
2.591350187730574
2.1233479828930877
1.8231502497958443
2.112391846378651
1.8264002294744495
1.8958938980557543
1.414559069766397
2.0805211404184227
1.4941966373440376
2.623065376702843
1.8849937440363067
2.2280494754816513
2.269002112381331
1.7577940031536148
2.4192792709314244
2.7163926770553073
2.5407333650890367
2.0130154272447602
1.8156704463101223
2.5933431642095903
.02438329092462825
1.6936565650775866
2.4338007048472123
5.486962976764565
1.996267107921085
2.0950252858403187
1.290578169194031
2.9319284261302347
1.5185183660298782
1.5540491412912256
2.833559129569291
1.2445485978703295
1.9834925684294908
1.5300372203528856
2.117996682544182
1.4977898417768751
1.9774222279781295
2.6203199863940956
1.9621662471241001
2.100429995918052
1.8866661278851053
2.1723420399674582
1.7948838648700274
2.290371276939121
2.6777570783671756
3.0772426696816084
2.368250069857487
2.1550735388607336
2.0827824490946862
3.066154705439568
2.4151020648656303
1.058546180079258
2.690356559751258
2.9174779137877924
2.1374663107562926
1.1646105626969638
1.7808222695494709
1.7531264605572698
1.9113193626551135
1.5780771326938772
2.411933577622674
2.2647952091475254
1.975967158692452
1.7114879881769138
2.5191345211113494
2.5371160953382477
2.013050147471801
2.2426370556563517
2.415572468926771
2.317809281508689
2.505512561240743
2.273230167678173
1.8903471239366434
3.1640080313847694
2.225784161434242
1.8777512081681331
1.4102053680386428
1.5685656027240553
1.5585467893378318
.7799432450214098
.18959563330559162
2.068198537155804
.011304679444869499
2.534802837717101
2.317778884394436
2.47015337395317
1.8797001009298564
.19295728762227263
1.4735490736274195
.21319810553259158
1.1876072471901502
2.924264003746933
1.8519426674229549
1.8427696430173444
1.9730073882315093
2.3030289765162992
1.719066216888576
2.000902264374549
2.1761795073205454
2.3262889587226585
.009733721382102255
1.9615800992677632
1.942147764815539
1.4439924171953653
2.337806259322661
1.8222292847330486
1.4021019756018949
2.2139688528450328
1.8973029006727786
2.0574559533231014
2.0190246896573214
.737819965993162
1.7844263120937298
4.6067257707386515
6.353310369737143
1.5513394060829533
2.0620004769618707
2.7268909081836212
2.533618696648256
2.898333200245245
1.9801433468354381
.008692541088708698
1.5734679888475678
1.4180186455001116
2.8577096138845
2.471564608861596
1.7975046524092202
1.9376391982654098
2.3763464953147473
1.9658637327409303
2.779539518906407
2.0975772633268077
2.466066173753769
1.6806233426121437
1.6489432317273853
2.2638963580401263
1.220589206832329
.2127911659317564
2.190984551999821
5.809612050838729
1.5007622830341498
1.7133083265275886
2.121260499487921
2.3521123662751724
1.029839326996381
1.7143905293562316
2.2151241541912703
2.0905970672998335
2.1332811885084775
1.371387042518145
2.05894386101925
2.5928094599036506
1.763975647642836
2.5234736600517866
1.5936927421612452
1.2179442219833327
1.5593605469665135
1.8137548128416663
2.3186222657346613
2.240180444127565
2.7763465459964616
1.3450927783354574
2.5092893614998557
2.3102837240239995
2.2626231574210807
2.462301531922466
1.6868141097437774
1.960549460891112
3.0927018285790684
1.925505751687299
2.0354241385051064
.025097271894257017
2.0595419732282982
.06239112489458957
1.755337392834919
1.8101349465848005
.5437456670908551
1.396384899577601
2.2647213478027384
1.1692250899295715
.048912191443923246
2.0273596717103497
1.13378760578313
1.5973649243475248
2.0454130451956845
1.9682165267364289
1.5217305335830522
2.565318980567263
3.419030501224674
2.802847886943224
.7022713952864011
.011113418980969753
2.062773132356417
2.179058527324343
1.8361436049019224
.04926411744753401
2.238576910890051
1.6327232782793348
2.0677691953865667
1.2087529474784526
1.3563538574954277
.006445859390956985
.004366634535142391
2.377601520453392
.5819478171569958
.1460861672756433
.8478647475378922
.20355522873103393
2.258304260138412
.10882399865295528
.09758365240518709
1.7807571922624514
.6274096310230239
8.506312136897861
2.1942687274544324
2.2159039171192214
2.2859948278502165
2.341561613997682
2.135361664722374
1.9420979123438988
.1278666457811514
.1606219441703146
1.8280167987835774
2.990995516153636
.9804796549136666
2.0527997816612764
2.446933079612454
2.023395317364051
.00979328683365673
.3013353714789597
2.972974675489231
3.5533336748085214
4.6259379021968225
4.173338985412063
2.340963504610059
.010997956386080202
3.0399836175632062
1.3504583361982032
.01423532006805617
.01031299318459453
.1646534324862652
.012656077356454238
1.8440949452565307
2.73389506363692
.01
1.7780717249056994
.014165695921060548
.006823480908698668
1.8833162644957908
.009655726859659033
.00811315303585529
2.2638332410318003
.006713075662073141
2.4166473437765776
2.317245415260138
1.610146887044409
1.622074862042794
.009327230533562924
2.0169204327127352
2.358985079208066
2.3798578858430353
2.5742028079616754
2.245927283617555
2.8230554009885704
.010672574132101596
1.4393190228069164
.010835370242129053
.009673257376283743
.01006321831831859
.012817136664129982
.01017110352812887
1.4827981438859845
.08851458624184311
.07022450905070872
.00958294635310093
1.366469008182019
2.2681749782691485
.09256539898447588
1.9556206139164118
1.5269724817474621
.06430396963833925
2.188467931183135
1.8081441182044282
1.6331863968013185
3.1344406042220454
.008808481808736907
1.619806930906741
2.597017520739612
3.503700917891768
.7733011818276427
1.6187136081683429
2.2021220396426853
1.5091550281249468
2.0687868508143583
1.7728822933758908
1.8858116748376577
1.9960957806512951
.00956748587940364
.2082923570224965
.19406191188279603
1.8639447534522355
1.4112561964464438
1.9239732233984406
1.6900819892360255
1.510284473919123
2.2295743989872716
2.151170029763584
1.7614395050741658
2.045748907179663
2.0977765788373306
1.7920150057277802
.006042600405255911
1.5926858442222909
2.0808215134531025
1.9833111220041002
2.1614403616911573
2.930163953917948
1.69564231025407
1.9647377408760989
1.8214660541074488
2.1635976819299825
.11022021056887583
1.8852826680091084
2.3332858480949974
2.413208928931441
1.6847782297945095
2.5327212033116133
1.6260014110549388
.23120555798005282
.1519291892288693
.1245818908005873
1.7886722171740572
1.9443158124181563
2.014056431135254
2.5335030201487525
1.3702571365429121
1.8474788263768052
1.4865290219061766
2.044543179993495
2.4368487971518884
1.76482282551529
2.149475787251824
2.3471619360778964
1.9221895482427809
2.32457523284539
3.168563704552829
2.118745345063492
2.026063111454098
1.8587454669825272
1.410897393315008
2.064745127556337
1.5680834470313183
2.2555752692304196
1.8432739171957455
1.6812205814060597
2.2912302968077456
1.6684828694013967
2.2919509145313133
1.3104579515846824
2.2452016519856595
1.6779073809457095
2.4637485407781408
1.6807878794639635
2.151426729539639
1.7199098059704911
1.9953569205799186
15.721535356266372
17.809834674056326
2.3998353425429086
2.0605126961669065
1.637378975725269
1.3777438938898967
1.5474672263695388
1.5881066716331136
2.6523485795206314
1.7930187002976814
1.7964972310338336
2.2809688632662546
1.9236260385378816
2.840051781813372
1.7030890935086407
1.7601097277023885
1.525545604314072
1.8084127842352822
1.4185509201609992
1.7113618245671125
1.3128705324586218
1.9574712361185949
2.2245589760420694
1.1707332786157887
1.9746696384597333
1.6337648119867296
2.291404259273525
1.9905519261584304
2.9402706598098374
1.9298495525132435
1.9662648495663813
2.5142510905105837
1.2810074505230193
2.7409456219905066
10.852040916265487
1.854114083999032
1.6272122934738185
1.721408802537599
3.4995149771562595
1.9773661866676493
1.8526399442373906
3.0564704552539697
1.4311429993292237
1.7873974936254982
2.653153226565881
1.3820117702906454
3.285967836822694
2.6336534699045555
2.4506175297698
2.05934244202037
1.4321242317147966
1.6854829828124676
1.6601651682178615
.29244009433053425
2.7572269034838506
1.8658230829260771
2.419873157705162
1.697007897464329
2.042225207696263
2.570206333027025
2.0515497328074392
2.0999738244553954
2.0171398841308186
1.5879108932885753
1.4467077937822703
1.8991470897845038
2.4193542693858747
1.9220140747654486
1.830372318674124
1.6107866186826538
1.6128482063766063
2.6323953976412673
2.8206804325986434
2.0700985292571605
2.1023804579626884
1.7798175317984049
2.2654890844675775
1.770021202276553
1.2126964113654923
2.0544731335164936
1.8584494818363115
1.754760793660047
2.2344738439547838
.1756310053871399
.9939667210179396
.11928458364371661
.9953465089865788
.10499576786606278
.8546326777656343
.08915825048016413
2.124004507560752
.16461821414661496
2.433278200729198
.08537238582341555
.9979338277193514
5.8776237246281156
.3300295586292581
.12560258348391687
1.2541343222855614
.07035122919614498
.2192658377675898
.0450493140952536
.908632134283412
.07650344025448659
1.143531083558214
.09741029946974546
1.2899207816418468
.17957470349339782
.9949520397395953
.04541585586082979
.7334752429008544
.0559119913099569
1.491134322074897
.00020466748960683897
.0004175222506792939
.11156814465739238
.1258644251913692
