.6824519618624663
.011858112030971008
.0021000196054935124
3042296084323375e-21
.03023534687476407
7.046721237393913
.695607658685298
.056415973185060884
.07084267907216214
.06729469704621593
4.593263548442073
.7127022879729596
.3849381189701654
.005616841152619048
2.7048406694114044
.3718688169728027
.0030692518311875474
.07102137389496013
.004739802703409136
.0018586162269597741
.009782183518783558
.000182071444476818
.002800700205202502
.2897601457954086
17.813096993071213
.0001362027806730386
.005727039181073977
.006669091659996266
.005838725332186706
13080814958729368e-22
.0001698637051161868
.013509378632135836
.0012674020344945185
.010345089725376715
21449975584457888e-21
.0022853577522491753
.0028545718321000943
.0003187679650459751
.005352526578485427
3060655607218988e-20
.005842484087756811
.005948935976704667
.019555806322301198
.00033785149728358835
.11801085996821525
.008100143079248978
.0008254871475970441
.04283608137198293
.25294341762483713
.0010991153621118504
.5696386006705679
.008543326882595945
11.917943753046877
11.12628122811294
1.30713581295522
.006270408037788467
.06045001546185552
.06704314729379603
.21690847019662268
.12828386876259748
29.774922589405936
22.923143858896925
8.05899314392834
.002110990662374024
.000476211252385801
.0014958980587258558
.0059703685080682925
2.567497574133149
7.050352856174852
.01746672058488739
21.96305309141741
3.406656263367554
9.967898604944827
20.597263276258897
.0014727305500038712
.00950213022073598
.0005862689776221757
2.127890915828936
.00031394862647726225
.0026230667129536304
.011099308470383323
.00037502145239414814
.9233971096752126
.6835413569910234
24665493566372192e-21
.008497582565317158
.8605993411549361
.7713512718339703
3.532890448481595
.00014255263939651195
6513593078256214e-20
.623963715357457
.794924216890553
.07182230770311458
.009842366235177
.2871130463952555
1.5615344481396023
1.4596780570611754
1.8925562480978164
1.6671780936799876
2.1193560769878976
.025209852270636594
.03499509716041082
.009127195653494248
.00017744466074211447
6.341157681267566
6.1717729532227095
.570267319993973
.017959620282823476
.003458846094205634
6165144057713902e-20
.0004239009981680292
.09252500788374356
.021371048389289753
.0007666454746666524
.45143041291519365
41748250789232135e-21
.00022945077988736074
.034275339824907235
20309115641693898e-21
0
0
0
0
0
0
0
0
0
0
0
0
0
0
0
0
0
0
0
.683370346037835
0
0
0
0
.5549429159811216
1316.8993328829035
.004449411926374829
.09818593751686781
.0200275972898169
.21366171962759747
.11456105556882842
.6331796426716867
.1367125559070231
.3962463539803409
.00650126019107007
3.0613102838043513
3.242350123534438
.016888233110781904
.04124599958710794
.7938357178138391
.5844953899585807
.21837968249077702
.452220783952118
.0194023590159772
.0194023590159772
.21939541321844677
4374743139530708e-20
.0194023590159772
.0194023590159772
.0194023590159772
.0194023590159772
.0194023590159772
.0194023590159772
.0194023590159772
.0194023590159772
.0194023590159772
.0194023590159772
.0194023590159772
.0194023590159772
.0194023590159772
.0194023590159772
.0194023590159772
.0194023590159772
.0194023590159772
.0194023590159772
.0194023590159772
.0194023590159772
.0194023590159772
.0194023590159772
.0194023590159772
.0194023590159772
.0194023590159772
.0194023590159772
.0194023590159772
.0194023590159772
.0194023590159772
.0194023590159772
.0194023590159772
.0194023590159772
.0194023590159772
.0194023590159772
.0194023590159772
.0194023590159772
.0194023590159772
.0194023590159772
.0194023590159772
.0194023590159772
.0194023590159772
.0194023590159772
.0194023590159772
.0194023590159772
.23419820017220994
.009271802672087512
.0194023590159772
.009271802672087512
.1710987235796535
.08592562577581885
.0194023590159772
.0194023590159772
.03168505195420658
.0194023590159772
.0194023590159772
.0194023590159772
.0194023590159772
.0194023590159772
.0194023590159772
.0194023590159772
.0194023590159772
.0194023590159772
.0194023590159772
.15414679468509074
.0194023590159772
.0194023590159772
.0194023590159772
.0194023590159772
.0194023590159772
.0194023590159772
.0194023590159772
.0194023590159772
.0194023590159772
.0194023590159772
.0194023590159772
.0194023590159772
.0194023590159772
.0194023590159772
.0194023590159772
.0194023590159772
.0194023590159772
.0194023590159772
.23419820017220994
.23419820017220994
.1710987235796535
.0194023590159772
.0194023590159772
.0194023590159772
.0194023590159772
.1710987235796535
.05636777824231196
.20582471104355893
.0194023590159772
.23419820017220994
.0194023590159772
.0194023590159772
.0194023590159772
.0194023590159772
.0194023590159772
.03168505195420658
.0194023590159772
.0194023590159772
.14766426353014672
.0194023590159772
.21939541321844677
.0194023590159772
.0194023590159772
.009271802672087512
.0194023590159772
.0194023590159772
.0194023590159772
.11947452560555562
.0194023590159772
.0194023590159772
.0194023590159772
.0194023590159772
.0194023590159772
.0194023590159772
.0194023590159772
.0194023590159772
.0194023590159772
.0194023590159772
.0194023590159772
.0194023590159772
.0194023590159772
.0194023590159772
.0194023590159772
.0194023590159772
.0194023590159772
.0194023590159772
.0194023590159772
.0194023590159772
.0194023590159772
.0194023590159772
.0194023590159772
.11947452560555562
.0194023590159772
.0194023590159772
.0194023590159772
.0194023590159772
.0194023590159772
.0194023590159772
.0194023590159772
.0194023590159772
.0194023590159772
.0194023590159772
.21939541321844677
.19032216509191613
.15414679468509074
.0194023590159772
999999999998483e-27
.20004093124688127
.20004093124688127
.15414679468509074
.15414679468509074
.21939541321844677
.21939541321844677
.21939541321844677
.21939541321844677
