44.01695303472763
.33941502088478903
1.1593956085470145
44.43570953147299
1.3382525056676335
7.914156928687749
.8233371879570192
.18523065163560104
1.3510306249932542
.07794633229027854
22.512713457896435
.7773117585967653
1.6328983735825207
.020284336035976392
9.67292891395697
12.016848423412155
.010732703129843226
.07813402703473973
.017042175307193378
.00662743961049444
.04289636712391395
.014598481779608466
.010340724151729827
1.5614078818523145
30.92317661643185
.004930772397597702
.006326204400689638
.007320918114104788
.006224788616541892
.005318150208641072
.00017631615806454188
.014090781469515581
.0013227628098150433
.010756189039800305
.0002857120215265603
.0047504792124092
.0030269561388950885
.0024318289764653123
.008846587684677085
.00020330973619844177
17.671207105022393
18.803169282197743
.027339164293236518
.0038009872250650556
.14886852166524447
.010750273610836985
.009571175490463215
.5950842465406148
5.300894007454867
4.946898097571791
3.6398563851084647
4.938670247412536
21.239409159259473
20.33336702530982
1.8901748114942836
.007113165157576941
9.723639005470488
160.00952764692784
.34472989848845126
.17606057691167487
52.74047957421496
55.482168551516885
18.83384110526331
.005523288668800514
.002252443919357078
.001769718095266122
.010656887389071333
79.37048723909865
77.48131297960842
.03979890995830131
27.576618168695134
3.5422077407859636
111.58688366342645
34.449220883126955
.0015823883237320454
.01059527370576694
.004962274628237482
2.5984674045888574
.0010987131065797978
.009433635364634166
.011644738658067033
.008222897643517076
10.732029606483188
24.983820244422756
.009347128841440958
.05346963722556553
26.62328768368805
129.02917042965376
7.683146805448873
.014431459864603358
.009368076890935276
5.1443774835986344
1.5459824283096106
12.007900209835208
10.809057089049814
6.645366803614281
7.716059103689688
6.8918317814811205
3.9932931190224683
65.3740814845934
2.207192532575644
7.476376161271214
5.238860337094017
2.6928901761646276
.00337683502365842
65.00730755997576
8.795445138436838
2.2899726608440205
.4993279532981006
.016513881219873985
.00018648576215430442
52.00347572536517
111.00617589291299
.09617948378802424
.0032159319355606806
.6366425707602711
.0061848315918769875
.0071296341177794695
.18440872873933747
4391744645972198e-20
0
0
0
0
0
0
0
0
0
0
0
0
0
0
0
0
0
0
0
3.571484429269789
0
0
0
0
4.394247197743501
1357.4631123962613
.004586464896058139
.10121030894853038
.020644497169983133
.2202430327690093
.8900194169070466
1.1450442037726647
1.602765230033518
19.159076918087575
.016240687972921254
6.174477074774069
6.2794410946178125
.3703498973974983
.8202593726602243
77.58438059597744
85.64989622123514
49.33438508736521
90.35487428819688
3.2374999078289814
2.085687691898889
1.5904948626554403
1.5994042794276497
2.842995365919418
1.7943094682521974
2.4572873858591096
2.143803486322031
1.9053933941007644
2.2112176696366905
2.0391760930150244
1.80047288519484
1.3751090969832411
2.018850140522451
1.5466001454122007
2.6128563384932866
1.9236950944307993
2.051033031638833
2.2655303987243696
1.7972233084338356
2.3565575738505613
2.7497840760754766
2.717884563775845
2.0408424932225597
1.9168107208505958
2.6080314759971923
.023678665947176627
1.7805830709731576
2.356489591652788
6.037797328834485
2.013193461956767
2.1640635094748335
1.3308228890313607
3.0147163682143563
1.4578747015417586
1.584021852847017
3.0662017899489213
1.3103620683761392
1.9895564557327448
1.43861191524279
2.0078061181162825
1.5290104865458731
1.8810939324920344
2.5477048368291157
1.9759261928913978
2.211146633070034
1.8287384936281041
2.1660858051494567
1.6360439987442825
2.1837996408566434
2.716568357896746
2.9697359172266826
2.467624277796577
2.029192579561478
2.048823688990411
3.0595113599565384
2.2721592789550003
1.1025646072269109
2.7356963014979265
2.987980706302548
2.0767709822139078
1.1217806382723732
1.7516853016702087
1.7410611927011659
1.8700540418120564
1.4836623267349727
2.423978678779923
2.1733695232547863
1.8208990407401877
1.7814676826964588
2.6062322304849292
2.402423625132027
1.9263156128857346
2.222586678531623
2.411864869069452
2.1746824558970896
2.471265956898745
2.18798700486585
1.9879573545088054
3.014765367262606
2.044761803318176
1.965772408861721
1.371689332016298
1.6576873280045947
1.6110091767157875
.7415933860569579
.1919354020974911
2.174798519296939
.012268699224764871
2.4005522648764344
2.1658938610916296
2.416425528994376
1.874638689408885
.19008168532324132
1.5038053674547553
.2184394816070675
1.1834415557267406
3.046701700267843
1.682058094870333
1.769997106773239
1.8492183951146617
2.1367664835508093
1.8272942564577617
2.1322350908597203
2.1799648123532855
2.560089295869266
.009911318176013378
1.8918958216530881
1.9123248833590036
1.5624682395216434
2.2645816149449036
1.7930415522458099
1.4792999893176768
2.119597513494586
1.843703320429811
2.1860063040681683
1.9822445973107266
.6988869923779065
1.7042312980588918
4.764441208047594
6.432624411974555
1.6140741935536982
2.11850922144871
2.5522338821220814
2.5418335280810758
2.8070443076509863
1.8743119420748264
.008517887898204452
1.493944730954916
1.258042729664582
2.8347226082235464
2.578917560744388
1.8665618453319073
1.9679167339416064
2.1642766186404088
1.889154599125617
2.821286816404417
2.2070544660270763
2.3409146138775094
1.705875587451399
1.6757406631852239
2.168751802580541
1.3037619442278954
.23098576249332803
2.218272314920848
5.439220526244335
1.491072195910175
1.8154749160256762
2.058916436884983
2.2697612287071536
.9693367698158
1.6911009555851897
2.249335844951499
2.124121374869116
2.1885936905531205
1.4300481124301612
2.1225367572201774
2.681422138253049
1.7895953561126294
2.4321083028921735
1.4629888791815704
1.1456597136446476
1.4875624230600057
2.045965171703095
2.215407927154019
2.283710690888935
2.6546250900349593
1.3184249481528545
2.305656083203444
2.2692609168751945
2.342618883446705
2.59070548915018
1.747962737676971
1.9369875602743343
3.130811166923174
1.8559806470816647
1.904132112395727
.022972023501293005
2.1912080410503174
.06176137074557979
1.8211636706919214
1.8617152194421531
.5752326014704222
1.4146550680327163
2.1812149743743916
1.1873318368514352
.04708057719558121
2.0666151860912834
1.1540015398616446
1.6445288828276228
2.199537054014089
1.9736412763528741
1.5045067598716677
2.6868049810221586
3.26796388575659
2.7245624565072037
.6775821181134203
.011813219988697155
1.9596102777898483
2.2412785984276007
1.9269362384543889
.04903991120473866
2.437876995110536
1.7306836215786672
2.196924142781711
1.2834997305235853
1.2480630304829392
.006229547272603339
.004214486506341511
2.3190442754840452
.5665932059595964
.14671881495727937
.8158217288625025
.18972350624779727
2.318211090082534
.11261764441771886
.08951821807784477
1.8090503028312483
.6066558212242198
8.452263260747083
1.9999480415125237
2.123437409940034
2.640995120515437
2.3026510079855447
2.143522034665202
2.0326276298858192
.1118187465025465
.1785319393682308
1.9298306466933437
2.91537126333986
1.0281900406952607
1.946000455484466
2.288882162497283
1.989527261399177
.010368684982772693
.2762633509085029
2.7477583724238306
3.574351250880848
4.237330730938849
4.349560299855359
2.51105741351679
.011198750790811689
2.8940919681146493
1.264944658391779
.014938257889214376
.011464888196165101
.16024568006563056
.012370371110984928
1.80708983859211
2.860394333154323
.01
1.7310606126867185
.014291752888070688
.007237461755424682
2.0813117401826213
.008872741162127195
.00767358703826968
2.047307439021256
.006825871019626756
2.2958530088190496
2.1356719364041576
1.602592310537409
1.6615819264916583
.00951458889994841
2.221211774399339
2.224577437690601
2.425085171316122
2.3986075439564996
2.216552330922827
2.7062488999270133
.010914913277676797
1.5136848755161558
.01080581058861207
.009035026848202099
.009589665835589645
.012767531385663205
.011368301992551946
1.4089138144727185
.08986840101431737
.06591471573930006
.009280307991973642
1.3611210128157694
2.0677929997545164
.09673866427147348
1.923911277598015
1.4275711203833816
.06789503033480555
2.2376396037449426
1.5879374876515
1.7299712691406985
2.917727549396825
.00849580615285063
1.6847947156028675
2.7597203036081037
3.271120335128817
.8305123162064575
1.5956486554927631
2.1996853734377466
1.5435833235448255
2.2342490970089397
1.684047262633652
1.8591236940593538
2.1776329742439686
.008562315510849251
.21245498481221403
.19878255135996617
1.9343995439904418
1.4480667612980103
1.9399497356361302
1.7358727801327951
1.4629839244483835
2.103264844733444
2.184972907071737
1.7853350145951274
1.8351921925225139
2.121379285102958
1.9371638316034603
.006691631751215529
1.6073905367754115
1.983999122656344
1.7688405019546094
2.379797715558823
3.02771824881166
1.7188917269901314
1.9175972531590557
1.8872273549531247
2.100303951456419
.11716989192149352
1.7831506349231958
2.40536937187935
2.2399776302699714
1.5154186447751323
2.210807770018677
1.6204426886308543
.20599967456649862
.14893279900271472
.1332641988763518
1.6428215199200766
1.9860395637053134
1.926946911593731
2.498086970326112
1.4082215121555592
1.8135751242325586
1.4548278403484958
2.0906320284247677
2.3778157025722475
1.7007851704052972
2.218103327672032
2.3509655882431297
2.0466825807640814
2.0703233120483
3.2116344233915224
2.0294783798611187
2.045003814624277
1.8474197844122855
1.4320020833225287
2.1261991366550554
1.5698399098433358
2.038390542031132
1.796928628806896
1.5573231085997068
2.3532016242862053
1.6739506582786552
2.2636612389982385
1.3009300114874975
2.2917412301210174
1.6175290202579473
2.4637063887717012
1.8534052930219447
2.1483668211859244
1.647851096759585
1.9061428589723983
16.939113796437745
16.063289239560298
2.630755055865925
2.1247089018733782
1.9399460059727607
1.3226384316036874
1.5265352175080096
1.4989233674553868
2.7504336078082217
1.844206245129579
1.674682954735697
2.390631878018722
1.8620636301057034
2.732864190265488
1.7707308264559682
1.9058804615302976
1.497887317981649
1.7973286619414242
1.5027828280464979
1.8376197147782813
1.3647107943052486
1.8829785598334425
2.329945808869885
1.2379383086126887
1.7925623893760523
1.585388843465052
2.349265837327071
1.9266438206135375
2.929226362593941
2.0228045144154545
2.0321254910990354
2.7199450575169086
1.2619149488897365
2.5164170561619827
10.197352374693981
1.902965153881121
1.5988889541926474
1.6793663241132357
3.547550753115675
1.9956770542707243
2.0395618648859504
2.8401825223616353
1.5592500429058822
1.8599372197566535
2.759437666115294
1.4133629075322296
3.2479225729887435
2.5190192425331306
2.5727094060303926
2.063465543285225
1.4143483809825985
1.67697465766828
1.7258816594702189
.2698181766220211
2.789087557575314
1.7658186450832192
2.3915194872816423
1.70895137181253
1.9908882442098916
2.61702062099874
1.9779935041883139
2.174626696540248
1.8853926117356494
1.6181195861146918
1.409775066157792
1.9191188974610904
2.6291602038241035
1.729186612142805
1.8923335372283765
1.538119895222791
1.63793145530372
2.4414411890066448
3.0001278454200553
1.8492182417233418
1.972437896832423
1.9563341881593304
2.3353042191627456
1.6129592910670212
1.1782544317054073
2.187290063743117
1.760060137607537
1.6118012084415565
2.386608195668166
.16970505084772558
1.0365429760297478
.11716975414357221
.9039847635517343
.10371279527247014
.8501930384847569
.0900542786779826
2.084537969150303
.16741346476681662
2.4658778783957516
.090708659582657
.9683448546711927
5.704662916520557
.3607754165881409
.11486969344219687
1.3398037684878874
.07157317759672417
.20832227444038745
.04119313974424142
.8693257015981508
.07047369289882999
1.1325740166045486
.10363774135176
1.2525242669867627
.1897665003465047
.9000491739145557
.05367729903405197
.6488747911710052
.06089764672313053
1.40137663467203
.00020767111990627614
.0004312203198353392
.11345012395649715
.1264975739253544
