0
39.62678751552719
.168566740696062
.28126402484173274
11.330378767289266
.38733003499775936
5.515532291789901
.18147055429588324
.00472311177007613
.2764629189867604
.030080453854871465
8.42522079177093
.8462358534701202
.5157708121304235
.007866449011085025
8.744590317557195
.8911068514557751
.004183365758751059
.07603785486229567
.0042208230593523835
.0020880845517657204
.0419686807126216
9796422476723407e-20
18405441813072486e-21
.2784808674812371
0
0
.005098113506984983
.006582947496522123
.00540251862929605
.0026099516564328518
.00019586420250381853
.013953408023727716
.0011653675692121024
.010122650002350495
3309894117377272e-20
.0005143289663180632
.003010424865244716
.00048205845397247327
.004999692095937892
15145148327796248e-21
8.566922464245566
14.805630630170027
.006005444575968102
6912035298987084e-20
.10612598846034414
.00818620441330078
.006298430449862702
.3740964928141432
0
.4639174463807424
0
3.888979251059794
18.035994863594258
0
0
.007765995419047064
3.341746747237338
15.616478007466439
0
0
40.3686260707657
25.341265934199004
8.69991294168101
.0026298849194153523
.0005184086703439721
.0013804578988120284
.0058846380372549745
0
0
0
23.93894505531015
3.4831025463205116
9.150956900467895
16.998075891111444
.0014291486598590345
.007304685628679988
.0004266337812448169
1.9094191654079589
.0004153520915676753
.0032907575346815335
.011339665850148449
.002078387531855475
.9392139651359293
1.4920026798417925
.00014985133310860206
.025854802799553923
1.3556295165997125
1.4922049260149208
3.1932819564309414
.003621468450438149
.00041763152434739104
.5779659583301938
.759199477160751
0
.490122327545055
.7707594146025817
2.1212171072657875
2.6685308298891264
0
6.074698851748994
2.0404508838069826
.6185261543689515
1.0123089927510651
.9455142082375859
.0009278196009000347
44.08784606347614
8.05590787800075
.46854859636021984
.0671367072482259
0
0
0
4.464988824150463
.010896815370702754
.00048752864212987026
.47720101913675816
.0017222680173969026
.0002495811639224202
.017105013890974553
0
0
0
0
0
0
0
0
0
0
0
0
0
0
0
0
0
0
0
0
1.8910283202914107
0
0
0
0
.576450791906915
1290.6910059258062
.003973673728699399
.102536874840336
.018527988984789866
.2331252206032237
.48088591873167474
.9530580019969581
1.3095037243578616
1.651149174473975
.00774167119602565
5.551459041106329
5.917895528019046
.13137470034173648
.3508135723502259
5.735216790760723
3.868785317794978
0
0
.02
.02
1
8
.02
.02
.02
.02
.02
.02
.02
.02
.02
.02
.02
.02
.02
.02
.02
.02
.02
.02
.02
.02
.02
.02
.02
.02
.02
.02
.02
.02
.02
.02
.02
.02
.02
.02
.02
.02
.02
.02
.02
.02
.02
.02
.02
.02
.5
4
.02
4
.25
.1
.02
.02
3
.02
.02
.02
.02
.02
.02
.02
.02
.02
.02
1.5
.02
.02
.02
.02
.02
.02
.02
.02
.02
.02
.02
.02
.02
.02
.02
.02
.02
.02
.5
.5
.25
.02
.02
.02
.02
.25
2.5
.35
.02
.5
.02
.02
.02
.02
.02
3
.02
.02
.2
.02
1
.02
.02
4
.02
.02
.02
.15
.02
.02
.02
.02
.02
.02
.02
.02
.02
.02
.02
.02
.02
.02
.02
.02
.02
.02
.02
.02
.02
.02
.02
.15
.02
.02
.02
.02
.02
.02
.02
.02
.02
.02
1
.3
1.5
.02
1e-12
.33
.33
1.5
1.5
1
1
1
1
