3.0161942247493263
.013570573315016576
.000943398718873647
4667295729834599e-20
17181598507795811e-28
.0034040792353587984
6.079915820725279
.6698461635986691
.03763894395589392
.01154341673133217
.07046235500971411
.8188292294513042
.777546667548635
.0502458910774908
.0008413720078733512
.004789026294270893
.00042079851094324025
.001983191395301029
.07159337235867146
.004709134639689968
.002312576557502169
.001702323859751626
28357496937545495e-21
.0018577855500432243
.05267695118086804
3.7411089272891265
4387224344203594e-21
.005431172812707044
.006080538938875714
.005130554808189067
15374914328815321e-22
.00018439828442217936
.013136532932768289
.001096756790856068
.00953006909871309
33128576694756706e-22
.0024354711491660604
.0028325889218954233
51130058590618895e-21
.00469239217471348
5087999707507834e-21
.00512849665520052
.005128096958832257
.01996767095656536
.0005993831496824495
.09718305936586141
.008264853798746042
.0004963158098338224
.02663535209563866
.06382201739270428
28669309531819054e-22
.14507360974580097
2273535700274021e-20
8.765849735889558
8.45169793460566
1.0479258708691845
.007191126086796414
.000741925349772906
.0008068249810173352
.1736505028546169
.11165768647033082
9.784077003342311
7.79391787430445
2.7559168736268926
.001579479315729874
.0002453696058693813
.0013407283452219051
.005367052575832433
.006424154347750718
3.444310849848369
.0006873622140020804
9.784077003342311
3.278964726738426
9.400045105878974
9.020123533580907
.0013421309982881858
.008042817087105589
.00015955889753053643
1.9440935742039305
.0001913271771535347
.0015000505111324382
.010803269308778571
54394810138425245e-21
.5847038214733603
.03812539613544821
2358677716171866e-20
.0005769921855781835
.3208317817566613
.28992645601645356
2.5151217300356383
.00017007186266898298
.000457210379726371
.5914933945459604
.7633350136416435
.12367280555330076
.00022072277490567095
.12716425344391266
1.13232102024781
.9938798424185341
.062067608280393614
1.3393395775576258
2.0182126163023115
.024158161513882462
.022266831434676525
8630015513999935e-20
.00015093420065792057
3.78129412329782
4.178454967297815
.44499411392487476
.0027487979176188944
9583078320259282e-20
1253897704174649e-21
5023133553161325e-23
.0516718458751258
.016489612122071885
.0004115309150792518
.31883042835917913
4561290589676345e-20
.0001454776832322072
.027035590905253783
6462438636636347e-22
0
0
0
0
0
0
0
0
0
0
0
0
0
0
0
0
0
0
0
.0698492043065585
0
0
0
0
.26897296244260793
1215.1333865924028
.0037410531203820327
.09653432107552865
.017443352358131048
.21947796762440608
.015082222499974296
.3819410960127116
.012290460849293593
.3827934275254064
.004806675578191928
2.0884803709757813
2.2072240967952017
.001967815201645702
.005130600483029212
.501069159707624
.34682101463508486
.20568515417251157
.2873328322804604
.018829191200891552
.018829191200891552
.04898710915856084
2207180512094448e-25
.018829191200891552
.018829191200891552
.018829191200891552
.018829191200891552
.018829191200891552
.018829191200891552
.018829191200891552
.018829191200891552
.018829191200891552
.018829191200891552
.018829191200891552
.018829191200891552
.018829191200891552
.018829191200891552
.018829191200891552
.018829191200891552
.018829191200891552
.018829191200891552
.018829191200891552
.018829191200891552
.018829191200891552
.018829191200891552
.018829191200891552
.018829191200891552
.018829191200891552
.018829191200891552
.018829191200891552
.018829191200891552
.018829191200891552
.018829191200891552
.018829191200891552
.018829191200891552
.018829191200891552
.018829191200891552
.018829191200891552
.018829191200891552
.018829191200891552
.018829191200891552
.018829191200891552
.018829191200891552
.018829191200891552
.018829191200891552
.018829191200891552
.018829191200891552
.11066535397883738
22952259603206438e-21
.018829191200891552
22952259603206438e-21
.11761450308083876
.0739619493758946
.018829191200891552
.018829191200891552
.00035238716743093187
.018829191200891552
.018829191200891552
.018829191200891552
.018829191200891552
.018829191200891552
.018829191200891552
.018829191200891552
.018829191200891552
.018829191200891552
.018829191200891552
.016263166381812296
.018829191200891552
.018829191200891552
.018829191200891552
.018829191200891552
.018829191200891552
.018829191200891552
.018829191200891552
.018829191200891552
.018829191200891552
.018829191200891552
.018829191200891552
.018829191200891552
.018829191200891552
.018829191200891552
.018829191200891552
.018829191200891552
.018829191200891552
.018829191200891552
.11066535397883738
.11066535397883738
.11761450308083876
.018829191200891552
.018829191200891552
.018829191200891552
.018829191200891552
.11761450308083876
.00132742234582038
.12178596766564977
.018829191200891552
.11066535397883738
.018829191200891552
.018829191200891552
.018829191200891552
.018829191200891552
.018829191200891552
.00035238716743093187
.018829191200891552
.018829191200891552
.10940739879595521
.018829191200891552
.04898710915856084
.018829191200891552
.018829191200891552
22952259603206438e-21
.018829191200891552
.018829191200891552
.018829191200891552
.09541217200081877
.018829191200891552
.018829191200891552
.018829191200891552
.018829191200891552
.018829191200891552
.018829191200891552
.018829191200891552
.018829191200891552
.018829191200891552
.018829191200891552
.018829191200891552
.018829191200891552
.018829191200891552
.018829191200891552
.018829191200891552
.018829191200891552
.018829191200891552
.018829191200891552
.018829191200891552
.018829191200891552
.018829191200891552
.018829191200891552
.018829191200891552
.09541217200081877
.018829191200891552
.018829191200891552
.018829191200891552
.018829191200891552
.018829191200891552
.018829191200891552
.018829191200891552
.018829191200891552
.018829191200891552
.018829191200891552
.04898710915856084
.12137976558232746
.016263166381812296
.018829191200891552
9999999999969829e-28
.12196675809981931
.12196675809981931
.016263166381812296
.016263166381812296
.04898710915856084
.04898710915856084
.04898710915856084
.04898710915856084
