1.481187651560973
.9016323761039168
.013893700682032308
.002982489186572286
56268404421269804e-22
.03747790208854747
6.943696576646557
.6688665605580646
.0540337011715537
.07602656693398746
.06791673219490069
5.1124739527967265
.742053378080123
.3775720944713445
.0060297448268416725
3.3145718447954517
.43321720988138507
.003141645669673493
.07499709583348402
.004811071999697217
.0018645094883363667
.009660833963320532
.00021185100294989338
.0027331908154061787
.3021301258294593
16.93560600194465
.00016095928841653012
.005574073642450603
.0064859969082549955
.00559295746663388
119139871315233e-20
.0001682304609808757
.013278118100938046
.0012930971162841154
.010828592303082318
23837047958988152e-21
.002149136976470339
.002872046974147247
.00033931728069425463
.005269425308826282
3377441792544001e-20
.005593825949588328
.0059052805476357455
.020255618586226213
.00032848976631185344
.11031624738168506
.008042692088980162
.0007991404205160248
.046783039958715286
.24059238865535945
.0014029004238506778
.5943097740177685
.009615892215998763
12.372737623859908
11.543021277461628
1.3580289517631314
.006470709926268967
.06741479156759901
.07560190079567582
.20961687487655134
.12480062637604204
30.250831312520358
23.629137036412367
7.812177437125501
.0022588575653959106
.00047360261484200646
.0014545266967573036
.006195968734390135
3.3084875614341698
7.744870014297532
.019880930477375866
22.48139735978223
3.387986287665774
10.27209873763802
21.02534009825816
.0014109759357188814
.00915880131848937
.0006383120293661947
2.212371166838604
.00029609193258188407
.002732979950046434
.011097477836429536
.0003819770287612863
.9468404390775698
.7186311913512033
2369893258214306e-20
.008878934971513146
.8819589061313534
.7844443411892084
3.481965394756512
.00013965650683806573
4861581220529661e-20
.641078317495675
.8601691608626966
.07489944040828685
.01080544416258861
.2951764238134287
1.5252883957274421
1.4240975769529944
2.1305556593114527
1.6449995110314362
2.098239458436043
.024306259274371862
.03554408765761797
.010082870921132784
.0001825545236414367
6.503926233372331
6.26599165046639
.5498466459289396
.015895482441331016
.004336661571603046
6533267072237642e-20
.0005509768981781097
.08655077939956744
.01984065638210788
.0007902673227427581
.4674912578504882
41765096305389964e-21
.0002454807620223336
.03476767489904122
2117382208755894e-20
0
0
0
0
0
0
0
0
0
0
0
0
0
0
0
0
0
0
0
.7488009303451594
0
0
0
0
.6093079983161849
1325.959615485268
.004577226908717451
.10423590838159388
.020410030050079013
.21986966795020157
.114930881052251
.6585242044236819
.14159370808784746
.4504330403076717
.006336172918429072
3.0244461426633586
3.3712089106824785
.01802984149782004
.04433473979937604
.8023500700392159
.5478821653605742
.2517327891366556
.4767607628120057
.01941621458873569
.01941621458873569
.2273676101420404
5699696728930612e-20
.01941621458873569
.01941621458873569
.01941621458873569
.01941621458873569
.01941621458873569
.01941621458873569
.01941621458873569
.01941621458873569
.01941621458873569
.01941621458873569
.01941621458873569
.01941621458873569
.01941621458873569
.01941621458873569
.01941621458873569
.01941621458873569
.01941621458873569
.01941621458873569
.01941621458873569
.01941621458873569
.01941621458873569
.01941621458873569
.01941621458873569
.01941621458873569
.01941621458873569
.01941621458873569
.01941621458873569
.01941621458873569
.01941621458873569
.01941621458873569
.01941621458873569
.01941621458873569
.01941621458873569
.01941621458873569
.01941621458873569
.01941621458873569
.01941621458873569
.01941621458873569
.01941621458873569
.01941621458873569
.01941621458873569
.01941621458873569
.01941621458873569
.01941621458873569
.23841534690920424
.0106902510577628
.01941621458873569
.0106902510577628
.1726323186882015
.08623286943142881
.01941621458873569
.01941621458873569
.035262723829915174
.01941621458873569
.01941621458873569
.01941621458873569
.01941621458873569
.01941621458873569
.01941621458873569
.01941621458873569
.01941621458873569
.01941621458873569
.01941621458873569
.16262406755532977
.01941621458873569
.01941621458873569
.01941621458873569
.01941621458873569
.01941621458873569
.01941621458873569
.01941621458873569
.01941621458873569
.01941621458873569
.01941621458873569
.01941621458873569
.01941621458873569
.01941621458873569
.01941621458873569
.01941621458873569
.01941621458873569
.01941621458873569
.01941621458873569
.23841534690920424
.23841534690920424
.1726323186882015
.01941621458873569
.01941621458873569
.01941621458873569
.01941621458873569
.1726323186882015
.06162637353067497
.2084121240730115
.01941621458873569
.23841534690920424
.01941621458873569
.01941621458873569
.01941621458873569
.01941621458873569
.01941621458873569
.035262723829915174
.01941621458873569
.01941621458873569
.14872215553147092
.01941621458873569
.2273676101420404
.01941621458873569
.01941621458873569
.0106902510577628
.01941621458873569
.01941621458873569
.01941621458873569
.12011590440536954
.01941621458873569
.01941621458873569
.01941621458873569
.01941621458873569
.01941621458873569
.01941621458873569
.01941621458873569
.01941621458873569
.01941621458873569
.01941621458873569
.01941621458873569
.01941621458873569
.01941621458873569
.01941621458873569
.01941621458873569
.01941621458873569
.01941621458873569
.01941621458873569
.01941621458873569
.01941621458873569
.01941621458873569
.01941621458873569
.01941621458873569
.12011590440536954
.01941621458873569
.01941621458873569
.01941621458873569
.01941621458873569
.01941621458873569
.01941621458873569
.01941621458873569
.01941621458873569
.01941621458873569
.01941621458873569
.2273676101420404
.19237107400650602
.16262406755532977
.01941621458873569
99999999999852e-26
.20241109160619603
.20241109160619603
.16262406755532977
.16262406755532977
.2273676101420404
.2273676101420404
.2273676101420404
.2273676101420404
