6107632357511336e-27
40.80727288335364
.1544307383270478
.3173357674560284
12.12901296210915
.36188141467873697
5.540766926347616
.20323833963950086
.0031157344660367103
.33782812863552697
.028885360846516776
8.328229826853471
.7194248649351166
.5970966685836141
.008409540713384352
7.8162775449607445
1.0389019513463085
.004081551798063625
.0782508070297197
.004217465607688853
.001875021375351311
.04102804060067791
.00014041856840317239
1756268325106088e-20
.27804931715324666
4209831609859914e-23
13133309586563481e-30
.005059082346254366
.0063758852811877185
.005653317103436886
.002274181184991133
.00018292352072675722
.014554918360442681
.0013769456646420012
.010704535437046666
37119704256687847e-21
.0004501718237622945
.0030598761405038447
.000505691732642208
.005320922967566202
1721233522156814e-20
8.987484959309482
13.532358037361448
.005693856478963537
5470833632456058e-20
.11885407149851362
.007564340485938436
.007457505439558364
.36780021562034837
8731652741515389e-26
.45809114829435765
26896578279482516e-27
3.8532283771876656
17.63315300782808
15251171950914742e-25
20358874391126838e-26
.0073477788008956295
2.842753060306775
14.804422193400846
2619003989983337e-26
22646744813556303e-27
42.789002323968134
27.99614063371445
9.166904565117997
.0026631729094240115
.0006352767971473537
.001341312420838584
.0065327562213844705
5305370393962937e-24
0
8005226871594674e-27
24.701539918831983
3.468829129017314
9.869448878754454
17.374776812256542
.001495702398558124
.008947355998439138
.00044838847144439397
2.004995835812617
.0004031424795644311
.0034069587747916226
.011411046226031367
.0016443089088617087
.8817648266954025
1.513285904253667
.0001272154723627397
.025100117142967476
1.3080189199954386
1.6199847627680561
3.162939734501681
.0037581514554074174
.0004458487697814238
.6494342050456103
.7787195259189368
11410256496365795e-27
.4569955605701434
.7905771906292378
2.1159485135569533
2.7272200659258665
31455177609124806e-26
6.056092092850627
1.981521080057616
.5236027404532012
1.2208852181633945
.9870768977348221
.0007681135437892188
48.646112983509056
8.254891558918299
.4451620312043053
.061626842300252976
6895473972244877e-28
6188942185919077e-30
33920586200232463e-25
5.184330106749668
.00909053142625801
.0005016837309101066
.4871393886527754
.0012858453054937578
.00021967183266189284
.016154465542024293
33662437540254426e-31
0
0
0
0
0
0
0
0
0
0
0
0
0
0
0
0
0
0
0
1.8213689999206808
0
0
0
0
.5775160431273397
1283.6662016809607
.004739007142337364
.10802157161763579
.017586401768115545
.2390937839924414
.5689568454411804
1.090760632325964
1.3709425594585194
1.448319530883984
.007690925931639755
5.677603251099546
6.151685909718625
.14313403354961873
.3705992686269449
5.632373004181103
3.9099241795403405
914133908064785e-25
15502750852367085e-26
.019999999999997558
.019999999999997558
.9999999999938923
7.999999999609112
.019999999999997558
.019999999999997558
.019999999999997558
.019999999999997558
.019999999999997558
.019999999999997558
.019999999999997558
.019999999999997558
.019999999999997558
.019999999999997558
.019999999999997558
.019999999999997558
.019999999999997558
.019999999999997558
.019999999999997558
.019999999999997558
.019999999999997558
.019999999999997558
.019999999999997558
.019999999999997558
.019999999999997558
.019999999999997558
.019999999999997558
.019999999999997558
.019999999999997558
.019999999999997558
.019999999999997558
.019999999999997558
.019999999999997558
.019999999999997558
.019999999999997558
.019999999999997558
.019999999999997558
.019999999999997558
.019999999999997558
.019999999999997558
.019999999999997558
.019999999999997558
.019999999999997558
.019999999999997558
.019999999999997558
.019999999999997558
.019999999999997558
.019999999999997558
.4999999999984731
3.9999999999022777
.019999999999997558
3.9999999999022777
.24999999999961828
.09999999999993893
.019999999999997558
.019999999999997558
2.9999999999450315
.019999999999997558
.019999999999997558
.019999999999997558
.019999999999997558
.019999999999997558
.019999999999997558
.019999999999997558
.019999999999997558
.019999999999997558
.019999999999997558
1.4999999999862579
.019999999999997558
.019999999999997558
.019999999999997558
.019999999999997558
.019999999999997558
.019999999999997558
.019999999999997558
.019999999999997558
.019999999999997558
.019999999999997558
.019999999999997558
.019999999999997558
.019999999999997558
.019999999999997558
.019999999999997558
.019999999999997558
.019999999999997558
.019999999999997558
.4999999999984731
.4999999999984731
.24999999999961828
.019999999999997558
.019999999999997558
.019999999999997558
.019999999999997558
.24999999999961828
2.499999999961827
.3499999999992518
.019999999999997558
.4999999999984731
.019999999999997558
.019999999999997558
.019999999999997558
.019999999999997558
.019999999999997558
2.9999999999450315
.019999999999997558
.019999999999997558
.1999999999997557
.019999999999997558
.9999999999938923
.019999999999997558
.019999999999997558
3.9999999999022777
.019999999999997558
.019999999999997558
.019999999999997558
.14999999999986258
.019999999999997558
.019999999999997558
.019999999999997558
.019999999999997558
.019999999999997558
.019999999999997558
.019999999999997558
.019999999999997558
.019999999999997558
.019999999999997558
.019999999999997558
.019999999999997558
.019999999999997558
.019999999999997558
.019999999999997558
.019999999999997558
.019999999999997558
.019999999999997558
.019999999999997558
.019999999999997558
.019999999999997558
.019999999999997558
.019999999999997558
.14999999999986258
.019999999999997558
.019999999999997558
.019999999999997558
.019999999999997558
.019999999999997558
.019999999999997558
.019999999999997558
.019999999999997558
.019999999999997558
.019999999999997558
.9999999999938923
.2999999999994503
1.4999999999862579
.019999999999997558
1e-12
.3299999999993349
.3299999999993349
1.4999999999862579
1.4999999999862579
.9999999999938923
.9999999999938923
.9999999999938923
.9999999999938923
