.008359550443091092
.0004589041917672723
21007762921412437e-21
13097475759792293e-28
.0016339374547163948
6.33635169124098
.6584491374756681
.05121471445813775
.01648262969208321
.07068670769736178
.7780977092707493
.7469023041920313
.06057856638857848
.0008479365791486797
.0046639953570942715
.0004995997234389999
.0025331767813557733
.07075255508240812
.004916416759401183
.0022680405274560092
.002365298862285362
5622691094990446e-20
.002045317063100735
.07325981903321266
3.824862047712953
5222531194793895e-21
.005580356992789976
.005935954119394381
.00516301489352414
16130152029164396e-22
.0001832119626306534
.0140644389477335
.0010886456329974594
.009536388580402417
32072317769269853e-22
.002412735945873222
.0027787888578679277
50638778556790244e-21
.0051336655648691375
49647829911601546e-22
.005160800901176361
.0051603625189584855
.020668944708001864
.0005590330756355689
.09894729766442144
.007732199115031983
.0005119040966819222
.030513202949583162
.0891506157931461
35003663619360936e-22
.1556370916781858
27131248521544745e-21
9.093967755633892
8.663434872292878
1.196151743116456
.006883270286515965
.0007848485694515122
.0008579353171405377
.14887715965095683
.11050131265009192
10.244781537776348
7.9506501406334955
3.0164676313834504
.0017938466066252554
.0003434149191333343
.0013556300952684444
.005788518516628239
.007141425614657482
3.57141083084932
.0008374727926528004
10.244781537776348
3.2482019330400487
9.255193058397591
9.421018820010106
.001311455366168516
.008930638831002834
.00017373589929830328
2.147046559092323
.00024730122025064076
.0019738795359931756
.010931080414402598
919081353033174e-19
.7088061111371439
.059761195035358254
18756206984728885e-21
.0006902168416410967
.45318988906158114
.4246627917243843
2.4683022416907976
.0001339849900668804
.0003906047743133213
.8018514864066207
.7811865538065468
.140523285672109
.00029216173859743813
.16542333303643103
1.1747613184213779
1.018660498619268
.0631498439825904
1.2028750618332646
2.0160706002563837
.021280879103399566
.01880353433636073
9540032417562127e-20
.0001623595080592931
3.633590961629797
4.570807729749954
.4273348790323447
.0038406288284573652
.00010574066680513917
1330883621291707e-21
4673486311262063e-23
.04288722787243205
.015281666968191445
.0004761038583962693
.3128277800023262
28319283003089324e-21
.0002122481084692468
.0257113541854895
6098443949184052e-22
0
0
0
0
0
0
0
0
0
0
0
0
0
0
0
0
0
0
0
.10038702900681962
0
0
0
0
.08662060432255983
1194.3480802972772
.004171759891454178
.09961380044366443
.01886416228992377
.22126042384506403
.017510204872845568
.4325731604765767
.014195836301211365
.38167116324357425
.0034647262621922722
2.2875784698255046
2.3727732278186546
.0019246126734027084
.005145227037255105
.5197027982073245
.34250530819499525
.21608881441235958
.2945777250002392
.01884220773862237
.01884220773862237
.050709693148879326
34340897480986586e-26
.01884220773862237
.01884220773862237
.01884220773862237
.01884220773862237
.01884220773862237
.01884220773862237
.01884220773862237
.01884220773862237
.01884220773862237
.01884220773862237
.01884220773862237
.01884220773862237
.01884220773862237
.01884220773862237
.01884220773862237
.01884220773862237
.01884220773862237
.01884220773862237
.01884220773862237
.01884220773862237
.01884220773862237
.01884220773862237
.01884220773862237
.01884220773862237
.01884220773862237
.01884220773862237
.01884220773862237
.01884220773862237
.01884220773862237
.01884220773862237
.01884220773862237
.01884220773862237
.01884220773862237
.01884220773862237
.01884220773862237
.01884220773862237
.01884220773862237
.01884220773862237
.01884220773862237
.01884220773862237
.01884220773862237
.01884220773862237
.01884220773862237
.01884220773862237
.1125939093159524
26456595484115253e-21
.01884220773862237
26456595484115253e-21
.11863488529855915
.07421795098195066
.01884220773862237
.01884220773862237
.0003912507262938951
.01884220773862237
.01884220773862237
.01884220773862237
.01884220773862237
.01884220773862237
.01884220773862237
.01884220773862237
.01884220773862237
.01884220773862237
.01884220773862237
.017128999434113192
.01884220773862237
.01884220773862237
.01884220773862237
.01884220773862237
.01884220773862237
.01884220773862237
.01884220773862237
.01884220773862237
.01884220773862237
.01884220773862237
.01884220773862237
.01884220773862237
.01884220773862237
.01884220773862237
.01884220773862237
.01884220773862237
.01884220773862237
.01884220773862237
.1125939093159524
.1125939093159524
.11863488529855915
.01884220773862237
.01884220773862237
.01884220773862237
.01884220773862237
.11863488529855915
.0014477768098052352
.12326773821317825
.01884220773862237
.1125939093159524
.01884220773862237
.01884220773862237
.01884220773862237
.01884220773862237
.01884220773862237
.0003912507262938951
.01884220773862237
.01884220773862237
.11016608551871471
.01884220773862237
.050709693148879326
.01884220773862237
.01884220773862237
26456595484115253e-21
.01884220773862237
.01884220773862237
.01884220773862237
.09590797023184211
.01884220773862237
.01884220773862237
.01884220773862237
.01884220773862237
.01884220773862237
.01884220773862237
.01884220773862237
.01884220773862237
.01884220773862237
.01884220773862237
.01884220773862237
.01884220773862237
.01884220773862237
.01884220773862237
.01884220773862237
.01884220773862237
.01884220773862237
.01884220773862237
.01884220773862237
.01884220773862237
.01884220773862237
.01884220773862237
.01884220773862237
.09590797023184211
.01884220773862237
.01884220773862237
.01884220773862237
.01884220773862237
.01884220773862237
.01884220773862237
.01884220773862237
.01884220773862237
.01884220773862237
.01884220773862237
.050709693148879326
.12264451982065938
.017128999434113192
.01884220773862237
9999999999970202e-28
.1233654439931348
.1233654439931348
.017128999434113192
.017128999434113192
.050709693148879326
.050709693148879326
.050709693148879326
.050709693148879326
