3.0542574674194505
.007164467147249614
.0003623166598381876
18839993247175236e-21
6772631723349508e-28
.0014583181030519334
6.611788888997982
.7148794340137865
.0456393065508492
.014531865772326447
.06380749748704476
.7302080864042935
.6967381358032048
.05161162897311484
.000803868597883032
.0044923601230425735
.0006077485079328966
.0021638345438918043
.07194612886701675
.004954335634882081
.002057598017361846
.0021314926427422327
601789369820936e-19
.0017378388536474863
.06862613143944106
3.913134349816059
5446677249807258e-21
.00554687272516699
.006396339693278252
.005853589530623959
14744083844162552e-22
.0001774841539323775
.014071997194801704
.0012152804098434725
.009640932988630375
30671897966138256e-22
.0024550776661611913
.002555014966327673
4486922649318799e-20
.004946348847946203
4813922308581431e-21
.005851690577979006
.005851305003278592
.021159286136754385
.0005393246715828287
.1051496422648439
.007096943966274936
.0004697664634735394
.025717700638188578
.0749815544300913
26406211567094797e-22
.11743839983409662
19850682646106094e-21
8.469842564217949
8.030520406034357
1.1913434313187239
.006890980738479052
.0005620462789715761
.0006191345766065488
.17887998602509225
.1114178912932754
9.276567101073994
7.309686989639205
2.6367658524885735
.0017043887306353372
.00034111520733903295
.001397611310809762
.006036581732865519
.006534649586761826
3.615181764092591
.0008058294153273751
9.276567101073994
3.194699059732788
9.276567101073994
8.53083606119663
.0013994874455054713
.009467657996264065
.00014701737750963222
2.186718083816405
.0002243163812760985
.0019794850244509443
.01067673882867045
6183475343847241e-20
.7107594411553902
.015518694793767211
16937433945762693e-21
.00015436902936224423
.38318407622806433
.3554823186531988
2.4209257168838043
.00013351796637485917
.0003697245439349616
.6548465434232963
.7629142433773737
.142611265956111
.00024201564964211196
.1707772470051563
1.2773039542941174
1.1004010479803756
.059670768781591846
1.259359014828062
2.0170115064205882
.017544346963901353
.021891326143349765
8363517926547735e-20
.00012260971743818346
3.727868663750877
4.50651281337147
.45283076661647503
.0032993166140479722
.00010055775339460636
13421734454222e-19
36958151931945695e-24
.04857118640173153
.01520051412561779
.00042934475898498913
.3474625834035263
29379340665078555e-21
.00018257415946119467
.022956382701227396
5959061624027352e-22
0
0
0
0
0
0
0
0
0
0
0
0
0
0
0
0
0
0
0
.10216418818102818
0
0
0
0
.16137314209304626
1259.5127684975434
.004462083618636083
.10259697066713327
.017700995227315313
.21904419386580587
.01815637696144574
.39371098847637676
.012235386765040011
.34511850468250893
.004208594591846972
2.1737961032164796
2.336254583200995
.002041219688966964
.004915989700051573
.5217065783089412
.4059745237318525
.1810199443042055
.30448962661507095
.018814862654079972
.018814862654079972
.047158723072887064
21980847430520897e-26
.018814862654079972
.018814862654079972
.018814862654079972
.018814862654079972
.018814862654079972
.018814862654079972
.018814862654079972
.018814862654079972
.018814862654079972
.018814862654079972
.018814862654079972
.018814862654079972
.018814862654079972
.018814862654079972
.018814862654079972
.018814862654079972
.018814862654079972
.018814862654079972
.018814862654079972
.018814862654079972
.018814862654079972
.018814862654079972
.018814862654079972
.018814862654079972
.018814862654079972
.018814862654079972
.018814862654079972
.018814862654079972
.018814862654079972
.018814862654079972
.018814862654079972
.018814862654079972
.018814862654079972
.018814862654079972
.018814862654079972
.018814862654079972
.018814862654079972
.018814862654079972
.018814862654079972
.018814862654079972
.018814862654079972
.018814862654079972
.018814862654079972
.018814862654079972
.10857928673552981
19905616046576968e-21
.018814862654079972
19905616046576968e-21
.11650062421367088
.07368096148152177
.018814862654079972
.018814862654079972
.00031520782242529856
.018814862654079972
.018814862654079972
.018814862654079972
.018814862654079972
.018814862654079972
.018814862654079972
.018814862654079972
.018814862654079972
.018814862654079972
.018814862654079972
.01536272194197005
.018814862654079972
.018814862654079972
.018814862654079972
.018814862654079972
.018814862654079972
.018814862654079972
.018814862654079972
.018814862654079972
.018814862654079972
.018814862654079972
.018814862654079972
.018814862654079972
.018814862654079972
.018814862654079972
.018814862654079972
.018814862654079972
.018814862654079972
.018814862654079972
.10857928673552981
.10857928673552981
.11650062421367088
.018814862654079972
.018814862654079972
.018814862654079972
.018814862654079972
.11650062421367088
.0012083901826433754
.12017431932058283
.018814862654079972
.10857928673552981
.018814862654079972
.018814862654079972
.018814862654079972
.018814862654079972
.018814862654079972
.00031520782242529856
.018814862654079972
.018814862654079972
.1085776848064949
.018814862654079972
.047158723072887064
.018814862654079972
.018814862654079972
19905616046576968e-21
.018814862654079972
.018814862654079972
.018814862654079972
.09486897075263744
.018814862654079972
.018814862654079972
.018814862654079972
.018814862654079972
.018814862654079972
.018814862654079972
.018814862654079972
.018814862654079972
.018814862654079972
.018814862654079972
.018814862654079972
.018814862654079972
.018814862654079972
.018814862654079972
.018814862654079972
.018814862654079972
.018814862654079972
.018814862654079972
.018814862654079972
.018814862654079972
.018814862654079972
.018814862654079972
.018814862654079972
.09486897075263744
.018814862654079972
.018814862654079972
.018814862654079972
.018814862654079972
.018814862654079972
.018814862654079972
.018814862654079972
.018814862654079972
.018814862654079972
.018814862654079972
.047158723072887064
.12000163896814356
.01536272194197005
.018814862654079972
9999999999969435e-28
.12044436367239915
.12044436367239915
.01536272194197005
.01536272194197005
.047158723072887064
.047158723072887064
.047158723072887064
.047158723072887064
