1.4860636077550784
.6873868740244832
.01090133129848805
.002165051446821535
4941039133292946e-21
.03136626329067675
7.030672624155665
.6909146750037948
.05684976871090719
.06580863777372616
.06502645821805686
4.7163854367417795
.722702904006083
.3303250452764542
.004833029245572909
3.0077989729396104
.39633356853724705
.0031667242934773653
.07435249747894894
.004782532207470684
.0019892260396513284
.00916006349172963
.00022301871328789268
.002543596716983492
.30281682658315995
16.80400058711725
.0001701764720202477
.005819946253708174
.006656583437879033
.006029319638905308
1522172713153906e-21
.00018313892178979077
.014520366306096336
.0012542695688908994
.009948099449419958
19766673656802433e-21
.00228504079862779
.002637214266551826
.00027750358940721635
.00511164604037741
306442416495854e-19
.0060472209848138015
.006281543235515415
.02086999064028393
.0003180032629344172
.10891505566831612
.007220199662188353
.00081038892841528
.04614366410708559
.3014045329541709
.0012862378111188834
.5801285606758473
.010063205557965058
12.092403547162148
11.157295179757305
1.4129141377856942
.0071708065878887724
.06110223912187087
.06758573485552513
.21793115061669738
.12928843263245587
30.18581856326562
23.665256762210614
8.21732241025317
.0023441801872302642
.0005228264069585879
.0014275719018393635
.006410817982076044
3.6478603240018406
7.713602287219918
.022196181304744045
23.097229745536854
3.298919494258901
9.927634240143817
21.678721013335192
.001446762793105678
.009720519468676022
.0007066700509989052
2.2308550906326503
.0003315651022332682
.002938296602244657
.010982440047568
.0003664961752385001
.9941185062737824
.6619554793931118
2954558683311508e-20
.006799983373049016
.867184926221118
.770649921477737
3.3794451328272093
.0001784618347881112
539799173910116e-19
.626974262971549
.8366488841330476
.08799965770919255
.011056812924103994
.3092653242176848
1.7610350540882154
1.6420585574315185
2.1302996253130226
1.6499236096003609
2.1107392113285215
.02611737845757036
.03846317198986999
.010035594373016009
.0001616666614637291
6.477808338137947
6.3589966272943865
.5396389173340175
.017784777543332398
.00421877832100237
6408070761308593e-20
.0006159055187091218
.0978219678836131
.022106606144629365
.0008045945473648968
.4446599145681871
5363953829168377e-20
.00023727217787826319
.033971595703476035
2148462270865886e-20
0
0
0
0
0
0
0
0
0
0
0
0
0
0
0
0
0
0
0
.7543989737610046
0
0
0
0
.5873768232840675
1299.641986709251
.004604249646396747
.10586580312896915
.01826496497641811
.22602314038663712
.1090730800826631
.6266324751734959
.13828328121183164
.4015221399205674
.0061682700875285955
2.973255299809013
3.400478419066682
.01776305721749549
.04344810365665032
.8895366444467736
.668992214525749
.25778374583509245
.43371193312335593
.01941432122881879
.01941432122881879
.2262615656057351
54772740245340404e-21
.01941432122881879
.01941432122881879
.01941432122881879
.01941432122881879
.01941432122881879
.01941432122881879
.01941432122881879
.01941432122881879
.01941432122881879
.01941432122881879
.01941432122881879
.01941432122881879
.01941432122881879
.01941432122881879
.01941432122881879
.01941432122881879
.01941432122881879
.01941432122881879
.01941432122881879
.01941432122881879
.01941432122881879
.01941432122881879
.01941432122881879
.01941432122881879
.01941432122881879
.01941432122881879
.01941432122881879
.01941432122881879
.01941432122881879
.01941432122881879
.01941432122881879
.01941432122881879
.01941432122881879
.01941432122881879
.01941432122881879
.01941432122881879
.01941432122881879
.01941432122881879
.01941432122881879
.01941432122881879
.01941432122881879
.01941432122881879
.01941432122881879
.01941432122881879
.2378347963241554
.010482606210354904
.01941432122881879
.010482606210354904
.17242200966534693
.08619083290708197
.01941432122881879
.01941432122881879
.03474937332389152
.01941432122881879
.01941432122881879
.01941432122881879
.01941432122881879
.01941432122881879
.01941432122881879
.01941432122881879
.01941432122881879
.01941432122881879
.01941432122881879
.1614385956741513
.01941432122881879
.01941432122881879
.01941432122881879
.01941432122881879
.01941432122881879
.01941432122881879
.01941432122881879
.01941432122881879
.01941432122881879
.01941432122881879
.01941432122881879
.01941432122881879
.01941432122881879
.01941432122881879
.01941432122881879
.01941432122881879
.01941432122881879
.01941432122881879
.2378347963241554
.2378347963241554
.17242200966534693
.01941432122881879
.01941432122881879
.01941432122881879
.01941432122881879
.17242200966534693
.060878608457859244
.20805675295334444
.01941432122881879
.2378347963241554
.01941432122881879
.01941432122881879
.01941432122881879
.01941432122881879
.01941432122881879
.03474937332389152
.01941432122881879
.01941432122881879
.14857719356776977
.01941432122881879
.2262615656057351
.01941432122881879
.01941432122881879
.010482606210354904
.01941432122881879
.01941432122881879
.01941432122881879
.12002808451206731
.01941432122881879
.01941432122881879
.01941432122881879
.01941432122881879
.01941432122881879
.01941432122881879
.01941432122881879
.01941432122881879
.01941432122881879
.01941432122881879
.01941432122881879
.01941432122881879
.01941432122881879
.01941432122881879
.01941432122881879
.01941432122881879
.01941432122881879
.01941432122881879
.01941432122881879
.01941432122881879
.01941432122881879
.01941432122881879
.01941432122881879
.12002808451206731
.01941432122881879
.01941432122881879
.01941432122881879
.01941432122881879
.01941432122881879
.01941432122881879
.01941432122881879
.01941432122881879
.01941432122881879
.01941432122881879
.2262615656057351
.1920898810895966
.1614385956741513
.01941432122881879
9999999999985116e-28
.2020856596278223
.2020856596278223
.1614385956741513
.1614385956741513
.2262615656057351
.2262615656057351
.2262615656057351
.2262615656057351
