.6296787743888874
.009967755124691604
.0021721628292930483
34450761494304304e-22
.02791684342182837
6.896501554073233
.7310436620825874
.05641488279733368
.06523771975686912
.06720130017505123
4.873175243664548
.7421582917120728
.35310457031184567
.005316961337136567
3.2806807254606523
.4301881073019915
.003198435701889349
.07570814406329536
.004708778729466614
.0018762407463310475
.009759929092901402
.00020891828065570622
.002721248717087808
.2858356379509912
16.60159989629506
.00016104500418181593
.006009072233451336
.005838371408550151
.006075303877687213
1416515148244271e-21
.00017366418820270602
.012841732302774193
.001268259577745846
.010183667261150015
20904966077924735e-21
.0022149456383321023
.00290164572832562
.00030810212056117285
.005154470875153781
33366683973896264e-21
.006085651406631116
.006616487951573168
.020335665525944704
.00034975075090728255
.11570928714787107
.007580992557762806
.0008692865777074221
.042196593292645884
.29712433927146975
.0011277118065839435
.6306222077520587
.00893504810707258
12.085813654166754
11.17151900703153
1.4348999807796852
.0068132987574626444
.06057930034440832
.06717363445698854
.2300887077912533
.1280154242300807
29.91536145586049
23.636103979592065
7.902944568279666
.002223193989631047
.0004942793631609858
.0014241143125798715
.0065405630652185355
3.537564802520501
7.900250049620942
.021075328560069228
23.302738217121387
3.281245738317282
9.589481788552298
21.84128383783551
.0014115049173448182
.009705061862571343
.0007407780420604586
2.185770978659882
.00033857923889840094
.0029318970291951196
.011100695348095331
.0004040799786674258
.9363011253620308
.6408827387964113
2702571015540267e-20
.006590791855472355
.8518226783327589
.7609192733554491
3.3190073930960113
.00017756313219709915
4861508400967538e-20
.6230019092984996
.8284934282782209
.07971168893082627
.009795286899667273
.28482614084941416
1.6434244680410341
1.5278309162275494
2.0081732353791413
1.6017673014709646
2.0737846886019815
.02484389149651068
.03944365363182349
.009312304037347553
.00016766856550678836
6.263160935350555
6.08349831264371
.528207704105556
.017297601867567677
.004184680880417949
6492105182867034e-20
.0006130930507664997
.10220528719779053
.02170007592849738
.0008628247524320987
.43568320964254476
50249630056989166e-21
.00022835024689801166
.033971123129524675
21662625241032986e-21
0
0
0
0
0
0
0
0
0
0
0
0
0
0
0
0
0
0
0
.7662065847197304
0
0
0
0
.5722155076414008
1267.753217296003
.004595412129815427
.10586549115926211
.018874456591963455
.2261660137293342
.1156084510080727
.6654876731723374
.13696818928560628
.4211431390905379
.005993086816630832
2.931924160765335
3.346702230281896
.016385332726528604
.04235502319233494
.829161066132131
.6200546591464415
.25587595262629964
.43447275107976896
.019406446714474893
.019406446714474893
.22171833593683427
4621991093725756e-20
.019406446714474893
.019406446714474893
.019406446714474893
.019406446714474893
.019406446714474893
.019406446714474893
.019406446714474893
.019406446714474893
.019406446714474893
.019406446714474893
.019406446714474893
.019406446714474893
.019406446714474893
.019406446714474893
.019406446714474893
.019406446714474893
.019406446714474893
.019406446714474893
.019406446714474893
.019406446714474893
.019406446714474893
.019406446714474893
.019406446714474893
.019406446714474893
.019406446714474893
.019406446714474893
.019406446714474893
.019406446714474893
.019406446714474893
.019406446714474893
.019406446714474893
.019406446714474893
.019406446714474893
.019406446714474893
.019406446714474893
.019406446714474893
.019406446714474893
.019406446714474893
.019406446714474893
.019406446714474893
.019406446714474893
.019406446714474893
.019406446714474893
.019406446714474893
.2354348405454668
.009664763337401815
.019406446714474893
.009664763337401815
.1715498590629944
.08601617818414234
.019406446714474893
.019406446714474893
.03269762095532549
.019406446714474893
.019406446714474893
.019406446714474893
.019406446714474893
.019406446714474893
.019406446714474893
.019406446714474893
.019406446714474893
.019406446714474893
.019406446714474893
.15660080384100777
.019406446714474893
.019406446714474893
.019406446714474893
.019406446714474893
.019406446714474893
.019406446714474893
.019406446714474893
.019406446714474893
.019406446714474893
.019406446714474893
.019406446714474893
.019406446714474893
.019406446714474893
.019406446714474893
.019406446714474893
.019406446714474893
.019406446714474893
.019406446714474893
.2354348405454668
.2354348405454668
.1715498590629944
.019406446714474893
.019406446714474893
.019406446714474893
.019406446714474893
.1715498590629944
.057868500969800944
.20658488683058931
.019406446714474893
.2354348405454668
.019406446714474893
.019406446714474893
.019406446714474893
.019406446714474893
.019406446714474893
.03269762095532549
.019406446714474893
.019406446714474893
.1479756583276539
.019406446714474893
.22171833593683427
.019406446714474893
.019406446714474893
.009664763337401815
.019406446714474893
.019406446714474893
.019406446714474893
.11966343702802036
.019406446714474893
.019406446714474893
.019406446714474893
.019406446714474893
.019406446714474893
.019406446714474893
.019406446714474893
.019406446714474893
.019406446714474893
.019406446714474893
.019406446714474893
.019406446714474893
.019406446714474893
.019406446714474893
.019406446714474893
.019406446714474893
.019406446714474893
.019406446714474893
.019406446714474893
.019406446714474893
.019406446714474893
.019406446714474893
.019406446714474893
.11966343702802036
.019406446714474893
.019406446714474893
.019406446714474893
.019406446714474893
.019406446714474893
.019406446714474893
.019406446714474893
.019406446714474893
.019406446714474893
.019406446714474893
.22171833593683427
.19092450968258332
.15660080384100777
.019406446714474893
9999999999984943e-28
.20073745456651593
.20073745456651593
.15660080384100777
.15660080384100777
.22171833593683427
.22171833593683427
.22171833593683427
.22171833593683427
