45.38708896081239
.3094908132862587
1.1622304261448129
48.206385035120825
1.3066722136363564
7.7637202076308585
.8662950610568863
.18650080772881836
1.352128809738666
.07748187283391506
23.36719891932411
.8093727033307221
1.5731421763940099
.01934734314628711
9.086887759533354
11.72779320216621
.010482138971524701
.08324929288562068
.01673456419840651
.006441193356044512
.04502300362375831
.015045071543533888
.01029912155170897
1.622071028148089
29.378696276631274
.005013931578682399
.0066083363801730105
.006412357984582505
.0064763084350158385
.005298527486602538
.00018027903330615985
.013403605554172034
.0013228079211949186
.010587205316679726
.00027601636509400865
.004547978729987659
.0030765404045036467
.002329321482662962
.008475068620526731
.00022306214870596752
18.3365612254364
17.55367084445496
.02903517046570779
.003802063150327594
.14641230279310688
.010061837750218358
.009411138990449154
.5736138250122599
5.351906128936937
5.091259054732842
3.6479625901502843
5.026529465462824
21.79555317317677
20.052819466402312
2.081008837579714
.007717393183047952
9.589312803257886
162.0605237703743
.36623490218829896
.17626489612810767
54.62272438496371
53.07976937490392
18.52989014329519
.005939553699628224
.002182006460711641
.0017247787773843571
.01096228251608042
84.94525162477184
82.5080710368866
.041339921050352044
29.354590741053332
3.409733053804925
103.5775141552546
34.1229944239481
.0015162590925426147
.010782860421978431
.005308934749863226
2.690295552022497
.0011286876235480578
.009984709042505133
.011653647465741573
.00832001416629033
11.004385729170227
26.022290054617617
.009996204324849111
.05329455743129954
27.803451470343504
134.47238790673842
7.704127150854256
.01625838782188555
.009648057920899516
5.288086835370165
1.5724786850294303
12.315314467713115
10.449390015369513
6.217255393664029
8.457365187457743
6.442441481741848
3.6193595036614234
60.93306010064134
2.159218909067357
7.252206981555019
5.2998303926004
2.647125502534818
.0031883272582489282
61.37539529517288
8.661538760036448
1.993047887370842
.47347612734132005
.016899975935890158
.00017585154691300168
58.30008128614909
109.72464670388645
.10161477036884321
.003477432805394904
.6163224750389307
.006438631101144967
.006778537874546581
.1768762842187602
4177166072017441e-20
0
0
0
0
0
0
0
0
0
0
0
0
0
0
0
0
0
0
0
3.1898511542850265
0
0
0
0
4.658740082715395
1306.5279140981643
.004735964494095457
.10910342600770813
.019451738764608942
.23308338415258817
.8940530075932314
1.2063456976798252
1.633235810271688
18.6644464484367
.015166376186390877
6.2557632581492175
6.713673316859684
.36176018456186604
.8748174891555609
83.48841198029325
92.12642322434358
48.00836617457978
79.8149184703893
3.370544671675559
1.945292343271978
1.5599048749427251
1.6990030362331523
2.7277513766795205
1.7328066651386098
2.618549068914074
2.0426979743553373
1.8743063621308422
2.2119758617807457
1.98996476743917
1.9255656137436965
1.3907928589585403
1.95648802396564
1.4897884810113704
2.643048786218757
1.9216422692868782
2.2142581030251933
2.101845118318585
1.7851576263053555
2.541648441429284
2.7250685165738195
2.594527990554187
2.023013994660381
1.7516954974908259
2.5546466126309495
.025206664558014624
1.759651714576358
2.3088745553410344
5.710010234215526
1.9622429556565288
2.065715620225433
1.2988879066077303
3.0390489460580365
1.3876334344435788
1.5933255327042741
2.9594258250927754
1.2895408325093112
1.9636239748853164
1.488741693118626
2.1089753218737326
1.4223142726613722
2.1036174083732893
2.618956981505769
1.9959101462651014
2.131951397183542
1.8206743514245176
2.2068178642145435
1.8041864140683601
2.281835791098223
2.7489191737548486
3.197103083068982
2.531370914241377
2.1565988420883433
1.976510803183692
3.033515287650095
2.4052742446434126
1.007449371264456
2.6816388050305804
2.850235767229609
2.133884699152903
1.1672330609550685
1.7064966283762146
1.7155595053484847
1.8994180032972088
1.5864015435814927
2.2954489419486475
2.2178805409610627
1.8764663642577586
1.8789287880649401
2.546166672661146
2.6213830066056154
1.9659512671260004
2.2156020883636987
2.565831593477241
2.131722875312678
2.479313717820415
2.3870740143763047
1.8755805742016778
3.2122616953963217
2.2324804138984264
1.815946902993876
1.3462947923686852
1.558888627126564
1.5293179003140347
.6973675579649666
.18395579266046136
2.0745652780396426
.011324270874635053
2.462882538278842
2.144745247544904
2.4614777323416055
1.9565752580962097
.1826441755865999
1.5775247872776856
.20950287519866023
1.2107534456912388
3.0126257517774317
1.6892218499055411
1.90488338385126
1.9128778185196673
2.1533729431475264
1.7508368199512099
2.0265378634261912
2.141438393870849
2.3360287050957553
.010044691341588977
1.9279713742618183
2.0301828885213835
1.3902778009676586
2.245215029532393
1.8482339220552149
1.4161956292386557
2.294716998750614
1.990022120477264
1.98692831039102
1.8863163271434766
.7231356184237454
1.7271225286745986
4.816351564119486
6.378493209058218
1.5511626109549042
2.0600194852140454
2.5774288670176473
2.6177531650606665
2.8508043897861604
1.8999824459884955
.009019261042729898
1.6279434289105597
1.3361432791758858
2.7249567849285707
2.276214310570299
1.8086368580235717
2.003183416423174
2.286683421423448
1.9681617933328865
2.6875671065112345
2.145917205721138
2.3831701509561283
1.7097983080492571
1.5306536750511237
2.1650017292810344
1.2486984503078211
.22501659752284456
2.2158494636441883
5.469291255058349
1.6526139691114627
1.75064642624124
2.091808501006539
2.264733098043898
.9099379304303914
1.6632152806634761
2.1127542323161657
2.036000017666719
2.263514770925395
1.342382089461418
2.1690168801336105
2.570410921634335
1.828663981351888
2.460612717163843
1.4885823089581651
1.1755650983873307
1.5277115369552228
1.9120702514636232
2.3660373161991024
2.3283981544673504
2.6372568746998044
1.3883090821236375
2.313408923944956
2.163059635012553
2.2166146162505416
2.3531429435574718
1.6795651328101182
1.9260469725503147
3.0003796488722987
1.8494955080287414
2.08363827574173
.023485091360727035
2.1456336330348975
.05942546587489609
1.9581562302579063
1.8865030364787732
.5492735634270595
1.380005784209531
2.3102073999812434
1.1979126586981754
.049291243443921245
2.0146959592803806
1.1338783909019867
1.5764689043037794
2.116593139371919
1.9386059146640144
1.532039956106414
2.4836259659500604
3.3745527125126014
2.9109668309360734
.7016207404229018
.011716534208924878
1.9834747402125181
2.0657062417552994
1.9569343504037031
.04701883435411938
2.261467916202996
1.7264336612583
2.1714711994366276
1.2619474148894592
1.3442729980629855
.006359362907479838
.0042686508454835214
2.4278468278293706
.6045761943365419
.148438741824982
.8428625077793598
.2029959927590293
2.254147451130463
.11241196126565173
.09534163152462541
1.7903213395559663
.6024439730074321
8.415745936124809
2.1527846468495615
2.1087984441544787
2.4550242830591387
2.3742326015026176
2.1046829435317806
2.027771827679614
.12657528915535482
.1630326863199035
2.0161176730344836
2.9951104939401954
.9666237489387305
2.086209856292319
2.5065798995916886
1.8851562519909797
.009927104123039954
.2861727806950699
2.8452739580035593
3.501184715357906
4.236790608693225
4.096453691456474
2.416684702009894
.011330558143578496
2.9345203038455536
1.317615625200225
.015102305458069865
.010644544653532482
.16378220372135957
.012725858910681379
1.8786842150482286
2.753575834463267
.01
1.8535217498206944
.014342082366645432
.007096682289906713
1.946151928798758
.008901025250137114
.008184483414958007
2.345545812134573
.007066807403978375
2.279198950137948
2.195624323996138
1.6340475453221759
1.667394931885996
.009725198690238532
2.1400760912188423
2.562479906308155
2.5675775525426943
2.306563871990173
2.3056462945630214
2.6414408332747312
.011574880851312322
1.4197286871029802
.010812586822096458
.009851861236863097
.01064170568153945
.012664064877573293
.010467441695832285
1.419707339932242
.08566486668837023
.06851291901621408
.009612158623528367
1.4043762589715887
2.2850234637691824
.09249577127225918
2.001123849113611
1.4901667989567686
.06395460887721795
2.1168489633885836
1.8553184607628872
1.6531527161713262
2.9706685962948973
.00866396494583656
1.6801587922660828
2.549736182983402
3.488890120502219
.8030080278431628
1.601945860673208
2.1016581340712546
1.476769893126175
2.222027644698704
1.6970757053132546
1.92099649820917
2.085732949746136
.009352750600710707
.22026731286533124
.19602585839246142
1.8040093035050868
1.4299069674106442
1.8270010360385989
1.6660387918876602
1.5260649043606047
2.201808863368919
2.08197990823186
1.7825239185318096
2.0598687791501207
2.171830176186549
1.822456968092145
.006303120212898823
1.4785440499625635
1.9906979733132335
1.8366132237448005
2.051906661729673
3.041418805586359
1.6683530769556048
1.9241228746320003
1.8066304194650946
2.1938386887222894
.1177281397236179
1.9100648027540164
2.3323230264602866
2.397919522214754
1.522431696028408
2.482514893252948
1.7139793433823909
.24397100975854688
.1486865556405271
.12824069463593776
1.7186663720065667
2.0173244794891083
1.9424826995468694
2.3506773869757724
1.4643121272643282
1.903863659721078
1.4813569436209484
2.0692847134362413
2.437918963305637
1.6638304137399411
2.2779222216668615
2.4598583682417625
1.9176086736374736
2.261542771424145
3.02849002014244
2.0769866328900837
2.0088718664537275
1.921662943519521
1.43366710267685
2.15893146838113
1.543847792263157
2.1934077361291626
1.9624104176629333
1.601137236530439
2.307972376220921
1.757999354676609
2.253474925878281
1.3407837949255763
2.2686677169580434
1.6225964919428997
2.416196720319854
1.711026989165045
2.2685472263517763
1.752746189615396
2.11833615341175
16.426054506284583
18.67879183754447
2.4859524885262343
2.144822192020572
1.740170462813568
1.3990007884278624
1.5192247353786394
1.4377781009018378
2.398916777471542
1.6911738635658304
1.6455641329471717
2.248045445032906
1.9302103541578157
2.953360887476421
1.6727877856509574
1.7261652906503142
1.4615854835052833
1.9290820424664918
1.5221043256453404
1.840819414625991
1.27716714025841
1.9627222814794474
2.2948394976078608
1.1654433736561318
1.920595859223472
1.5625300002426774
2.3549223602691844
1.842431035204533
2.753641646623523
1.8969303044633348
2.0286331438665544
2.527702118020641
1.2613913025744832
2.6297929825606707
10.611380653800628
1.7642749134975968
1.6655531094338847
1.663799689471745
3.5585822780074516
1.94167787837185
2.0418506748088583
3.047051528746421
1.454753278013517
1.8795901858700022
2.6826230131604003
1.3608038492933119
3.1904136432653254
2.5545618957184115
2.503338105526169
1.9967208494492852
1.3683940092392366
1.6936764012291792
1.6680209733445768
.2841916642593208
2.541791485270637
1.7983074612579315
2.2825711973335174
1.6932764135114347
1.9387859522877056
2.52363692613816
2.0389750203109434
2.184873406008952
1.8093930930172546
1.7124551598682973
1.4039694645697391
1.901048414668592
2.4515809169783167
1.821810513816753
1.7890391505321979
1.5328957676889283
1.645995556371934
2.6565865264532915
3.0278922801146515
1.975720174177314
2.1329593578858326
1.8288815333900423
2.3103684310815744
1.6541553919817396
1.2480498008337448
2.1429056052606996
1.903663668892139
1.8089020298512772
2.243583136020773
.1563182354442287
.9875933462268505
.12125859273574978
.9833205384461066
.10861325580701996
.8726943689403395
.08601380980317039
2.2347481215336393
.17466289284368297
2.4633617376317756
.08857515722458759
1.0136993789707223
5.891741015027975
.35940372874548
.11168244534895035
1.287921976374575
.06859898778664789
.2156652761133228
.04213508631801245
.885233825240079
.07154834049639222
1.07875764597177
.09696978510718492
1.3156465680786442
.17829563411514693
1.0096321440301848
.04959714855158371
.752507360451566
.05741237636787653
1.4637975515400699
.0001973379204795025
.000390919344254155
.11311445766877995
.12590074612760327
