47.09840589078033
.3289586208922121
1.1614647123924906
46.75312965345239
1.328525155765579
7.932456236730871
.7884607267936073
.18934692091494484
1.4196246535341976
.07537222079118941
21.25840173575678
.7946530419150273
1.5747758519077988
.02019254185961357
10.212582430755559
12.109737864299412
.010247589464037941
.07799606181755142
.015695767895278573
.007099145425086825
.044894608226576344
.014277348363302966
.010053315830650446
1.6493400247553025
30.292150608351225
.0051870171091997425
.006232620904714415
.006907774752133791
.006196409318476702
.0054980422812416435
.00016533922197296466
.014810598653818499
.0013209463723398668
.01089177827430083
.00028414566458144144
.004812890935459635
.002799799661506615
.0024756029735569425
.00868907181154801
.00021509752398081073
16.12918019237566
18.375735599594375
.027646091408119303
.003724532002722606
.14249224346831244
.010487632509637418
.00906045665739801
.5772359372560923
5.388387259747115
4.984147400167761
3.828157882287218
5.07923197419103
21.930126340689696
21.015538284076314
1.8586702136082853
.007849928839878959
9.605256320730641
164.61036153906235
.3509251143293961
.15790978476118142
57.154299230388204
53.55559322927153
18.973673928247678
.006244362427908045
.0023615943363285213
.001668469153131213
.011046726054258747
82.28752475332384
85.61676951413797
.03946986676266159
27.820472526616932
3.439960495542135
99.25841592282991
33.853783931352666
.0015613360719663727
.009649548528811298
.0052474786028956265
2.533568668324256
.0009889927263694806
.009387534078293602
.01090935596903001
.007551889419820932
10.242492715360848
23.933759985472058
.009219199556990475
.048959631433680845
26.854829135918365
135.08624206283025
7.457491948752014
.01563257651642187
.009748539976338485
5.197421287501357
1.5325616377260376
12.003921217819126
11.545152643643833
6.806003133235993
7.32545215375377
6.413473219151221
4.391610358918905
60.89661605693049
1.935357734775191
8.093155577346682
5.250986036457636
2.5446139546767337
.003456416201089978
67.80562943977264
8.473422497946054
1.9899542512821937
.49277101677694884
.016413312599828003
.00017314220356119374
51.576537041318026
98.08228129725873
.0909510915002316
.00333193143841173
.6655296631091439
.0062218446683162615
.007142161030525068
.18478122241243322
4220512553469395e-20
0
0
0
0
0
0
0
0
0
0
0
0
0
0
0
0
0
0
0
3.2806714826657477
0
0
0
0
4.5171031911003094
1287.2519407224981
.004960195973899452
.10830846046330443
.01888006847668112
.22893518337873478
.7893593186280887
1.1526435835829618
1.6438158956333155
18.82898493184194
.016114968918305824
6.148806157520118
5.889736625360562
.37450442792358946
.8503941783129364
82.06948586149296
86.00171169983558
54.406606166397395
80.4753069605491
3.2864605510041005
2.0290283947966032
1.6686377369239396
1.7390987728567375
2.7191224678520185
1.8469400718395752
2.4157675973313792
2.0245448850433703
1.876667617718521
2.3186089822591467
1.969162224196788
1.9264219456807397
1.390128739263352
2.10095195595704
1.5983907384529599
2.654369103251707
2.1501347147018453
2.130118694848683
2.4286828796402804
1.770451603027166
2.27719650107963
2.8438860102964005
2.6422789474653197
2.012136598360939
1.8522182413335702
2.335777540130283
.024381219978458966
1.6827467386155803
2.2371027049328203
6.10649592164212
1.9378587847314979
1.897103947189744
1.3252708606753394
3.1866497713910333
1.4837045744883832
1.6064567023687935
3.446239167162333
1.3278239603172646
1.9581283029766352
1.6076971058884522
2.0802453521633164
1.4929265958133415
1.814510181035405
2.5887816008043667
2.22484754577715
2.2949235728525545
1.7714267300206226
2.2113747549882374
1.7228206706621616
2.214313520520492
2.4300388926873455
2.883499681392601
2.4328926834869997
2.057976123721773
2.0822638602741086
3.241830661843091
2.2745208178661307
1.0600888511160995
2.5484583872922095
3.071417094033706
2.06989726894909
1.2076307909494841
1.848584993930587
1.6730270053946923
1.8935730260559347
1.4956093572970002
2.3511277021195744
2.300411264662595
1.86949408582257
1.7540367357002997
2.4978548590081395
2.3741384805600227
1.8875390008146886
2.2676057866942716
2.2503965271457944
2.129583831192216
2.2836665534258893
2.279631417273164
1.9281025069873248
2.876976556410814
2.0067637510481715
1.8424889193438867
1.3421764953428708
1.5488133510398239
1.572648799524313
.8080415717081593
.1955891053310596
2.2177061072891635
.012188911905679774
2.632942847277986
2.2354076144927895
2.506335204158169
1.9717258338154877
.1916954760930583
1.3609847817023302
.20772892878000523
1.1663854837849035
3.0673046755397415
1.8148415781411575
1.9128278283761626
1.8342341828739508
2.345885290784518
1.8972453944156253
2.085925322531547
2.132166154105872
2.454147597021405
.010355897667564833
1.905405306280821
1.979398012948453
1.4847198199536695
2.262214863393305
1.9384762025362463
1.3537285517687714
2.2341146699459853
1.8704252247573587
2.240292270137307
2.0022000701925617
.8140883567106942
1.7776053200741289
4.8077009959636
6.7808447188504495
1.5275559968806651
1.8961660739244603
2.535369585150013
2.230025982877725
2.8715142878910473
2.1164116182029717
.007801246642420154
1.4388445014931166
1.3162200406257454
2.8298925169536746
2.630165926417268
1.9574238520692815
1.9241997419935775
2.2806964128814826
1.804728163975372
2.7309700432170865
2.2386820355491635
2.3400147123454844
1.6907156109791526
1.5610349253700526
2.310225133292292
1.2831147823284035
.22363968912660404
2.2498813350460463
5.408367178435049
1.623457757510733
1.7864211231020302
2.172417525192251
2.339041674477051
.9132362442974542
1.7083652370663263
2.3997737958259044
2.268015920093717
2.1638816354547568
1.5186736631593347
2.0300047374290093
2.7529673302703888
1.7727004371299533
2.4433854499021517
1.4859177098931662
1.2349342498576776
1.4730720650069753
1.8872337911022954
2.1317365505097783
2.1282514630169254
2.664467865832237
1.3443567343667584
2.409944610711329
2.3537338081525183
2.394345499210928
2.6840420958854483
1.6166790957996717
1.931928643758592
3.389643834952221
1.7962362725296572
1.8859512266179237
.023786871565136057
1.9761785049323661
.054936532492022884
1.929094552014411
1.8686487562739806
.5630999654528982
1.37536507077159
2.152384808927818
1.2127264709515442
.04886096418702561
2.112802885763519
1.1541777049801385
1.6642920258043905
2.331926482018
2.004128284823032
1.5572027109104387
2.556632108612894
3.0614444437627037
2.757860527662689
.6324867979041071
.012427354185535843
1.9160236798573418
2.131496019733029
1.9428320560822196
.051129211725344216
2.1539925357270855
1.6797555468673602
2.2403589422265338
1.163838756964702
1.2262649927333764
.007040183780650217
.004470788616376693
2.5365421541703634
.6305736847702564
.14989765130242186
.8124206539951082
.19375138631122554
2.241745530668952
.11585950156712005
.09447779800244814
1.8252966712237202
.6019406089011152
8.004508150214747
1.9918892790916884
2.2173421507249174
2.405851471769617
2.296207945232131
2.3256186717982095
2.0699764515398646
.11090941736657131
.17248788456255004
1.8521381520243128
2.8328759412576265
1.0556496316263815
2.173020307664664
2.2354836750296854
2.0014744648236973
.009884533404949639
.275899577617874
3.0723684984401505
3.6212101906153693
4.214898937698852
4.409704673754456
2.3779607844588706
.011739170527450157
2.6745413896960115
1.2747973031942308
.01575404179168053
.011139223621179462
.16223033681062385
.012271264516643555
1.8438381601985157
2.657416759013651
.01
1.8632840756096536
.013005597113699604
.0073984547056993
1.8042895665330492
.008901801302771246
.007885764904875626
2.2634097030328246
.007165239581347016
2.3169656419028333
2.1208109294394575
1.5097692511034702
1.6854251755151122
.008831970673168975
2.0327813721853736
2.2965915131632606
2.46575080383165
2.5165762847574626
2.0883063574327094
2.5869828098568375
.011395783608756234
1.4540330320500738
.010330090573975912
.00910421798208469
.010136810889206292
.012047146822177298
.009874132218320985
1.5617312674140391
.0820254744962362
.06329127157043868
.009377931818542868
1.3218936314925331
2.0634444812894914
.09339485802550529
1.869616985331507
1.549785309332509
.06249600730457896
2.0915414188385935
1.6165162555797759
1.7034775605580614
2.644409436731114
.008688594285420041
1.6366568117099758
2.777866491959822
3.3584048032644764
.8020605694043023
1.6564089852171076
2.228684681542522
1.5572833038175034
2.3016299794009676
1.7090044790081849
1.9000076535686068
2.126201225626226
.008840398508637253
.2157384247127461
.19337033181156202
1.8557976783037926
1.3730836027631126
1.8572903486057062
1.7553779230241702
1.460394972965617
2.2826183913984432
2.154390231096385
1.7437406376139812
1.9798052970637594
2.2653276240648452
1.8854869515053825
.006244690115229939
1.5598513193406685
1.9230594074062461
1.846114956295817
2.1917358647473324
3.1185954531169253
1.8035863894136193
1.9333029264964234
1.6980307779345696
2.0994100712416297
.11479425858164202
1.7143303926935438
2.3487312141785353
2.306935033526095
1.4677335486941752
2.489097979043129
1.6107051153977698
.23355325220974715
.144003002179942
.12948998722523533
1.6177506820143737
1.9231675504624697
1.9103976425341958
2.3139854187002027
1.4503673005479845
1.8874058129595228
1.4582518361036365
2.1468338013217494
2.359723100407016
1.6711336221535515
2.1970377739718687
2.387581851723987
1.9697971817752782
2.0674188342668365
2.9408728103275052
2.053932816395697
2.03759323025759
1.8509155113940412
1.4462108386414834
2.062138700685033
1.5953510070397985
2.2451972186191096
1.7450355891039482
1.5615370061088512
2.2184509370916494
1.6888070954653494
2.2473580136970535
1.3251074745325189
2.3821526978408425
1.6268611421222636
2.8487111266664473
1.8587075543473055
2.235517134320488
1.6511869489732756
1.8600043340891184
16.887522423295795
16.311271236794436
2.787876867272031
2.2158603576182245
1.9719462938860266
1.306369378103584
1.495063672137822
1.4098587077576816
2.7890110934729995
1.6720853394421158
1.5275077831955066
2.3369007358470464
1.879264654809217
2.637186704530747
1.7574031154278138
1.8073872393784969
1.4777318612590238
1.6959179656249823
1.5313774271647347
1.8677148087869881
1.3250295144783484
1.9771683192559588
2.324599765098763
1.2017477237309548
1.9521484775166646
1.577800639762016
2.205356315470007
2.0341743620017323
2.6595266972051217
2.0853121419145544
2.155367374737334
2.6499230652027768
1.277384372217458
2.5176448863198835
10.528602300035129
1.6898896536236845
1.5394577087157177
1.6305413751474853
3.3159582046920484
1.9944383903763228
2.11329040994325
2.7405295682526107
1.641350878054015
1.7999333211056754
2.7976348079159448
1.4781610509055543
3.2061756314023446
2.4983740349085264
2.663705053269328
2.089105832499556
1.467777043780741
1.718885870117495
1.6342694693322368
.25739146659651685
2.6865415094788707
1.79524958603447
2.4939501001333304
1.8179290759958677
1.9832994396177308
2.392998616694035
2.036813525890571
2.126577446755795
2.0050140980798195
1.5702514657062674
1.405693543124666
2.0849205664605273
2.6664916264445573
1.7817463219280858
1.8287194737129364
1.4956313086567867
1.6257147196362307
2.3326213190826266
2.9995887985148313
2.0815646537915127
1.9602682573220946
1.8667163941830764
2.300050381007399
1.6477185724774428
1.354601039620867
2.166991878451401
1.6217934191577106
1.616826545262902
2.2384961349138606
.17433868618697038
1.0559339791584463
.1223690117791529
.9976603640127729
.09950303284442136
.8526684001278134
.08756179073307449
2.115518683632994
.1780470103257396
2.6814946134406843
.08685441857227524
.9736975637626676
5.658498767522879
.38836010567247364
.11582259097328411
1.2353505052331155
.07044526763383516
.19731497058822503
.040226582218095656
.8364477074012415
.06650661398567194
1.1450636404240435
.10860793424195367
1.2321455206193972
.18551223404607464
.972641190923521
.05476778861101043
.6554107635343825
.05901394295539174
1.477807634130028
.00020787623517243525
.0004198828789733838
.11269267969316893
.12106399933566224
