.1162690874655275
.00021563356825904828
.0003981021501146062
.0019569480510878523
-.013132480572611672
-.15700322524861932
21073642357412265e-23
.006829808250833782
-1704089552826466e-20
10346319455349017e-22
-.00022443809896921366
-4139243486605408e-21
3995952126067516e-21
-5877907280742586e-22
.005313140213460329
.0038084242070296503
-.15094346088616004
.007116796014220231
-25451181065859964e-24
4751140257959101e-21
-6285015767435856e-20
-.003610994426498595
2275792239670445e-21
.0019340547418198787
-.03142145953115082
14923834201022557e-23
-2687652834576765e-22
30787331806135884e-23
39951845157259857e-23
-31510422418391227e-23
-3287861357307073e-23
-8137886723512738e-24
13264039416212259e-25
-408389464044341e-22
-28305288287849718e-24
-4714604726286098e-24
10600731033971725e-25
7762971179740349e-24
-1104222928730013e-23
-3317310484042599e-23
.011885738077179558
.02919448929964287
.0048306497735021246
-30266495123445837e-25
-7379747116135726e-22
19788075810985395e-22
.009796539099852402
-.15828480794247804
.004908598388079224
.00323277436829343
.0041580266623951236
.0054683657434728755
-.16744262514269292
.0005376828446745279
-.00010662339657152349
8345390902577088e-22
.00924413403533057
-.0029973893346904486
4544776134776313e-20
4477526130441357e-20
-.13109267440362318
-.014261366152208237
.026691399090081187
.007009372554679757
-7444594856880012e-22
29315653580200055e-21
16096202027182252e-21
-.007035842977181364
.0009915461868361456
-16059774602919384e-21
-.16342652332570384
.004355052678454647
.033079758334926865
.004145356360330486
-.00015880790316091158
27816740639578776e-23
11128178258076467e-23
.004216766158105883
-4985345774089344e-22
-.15094358000572985
-7814680171113285e-22
.006827451360018606
-.009858663992595272
-.019519127349902413
.006832303541686145
.0001359312979196905
.20423796280994302
.09021551691458468
.2605568686677043
-.11720616497067599
-255462583113335e-21
.01720425765188813
-.035986208167610244
-.00012440769974571853
.07640189927664626
.07593614297982652
-.14689522425927967
.008934655601327132
5029314131707681e-20
-.1186778410308839
.07860794416506009
-.07701634704614733
.08325559070995861
.00032678441844727194
.006836372864855724
.009298931448026331
.13508403380270506
-.15743649515008426
-.14135248041215526
.00016803254224997472
.00016675907096583124
.011931643560886867
-.003388591739720863
75684264182298e-18
32325129884404836e-23
.009587282627942836
-.15094169180957975
-.0040223511258454725
.00022463511147924502
1793401702175651e-23
0
0
0
0
0
0
0
0
0
0
0
0
0
0
0
0
0
0
0
-.1869388354946789
0
0
0
0
-.00729537695826742
2442997174114092e-22
-7411741420639765e-23
2690731389964839e-22
40477037160557055e-25
-7159431135055196e-28
.06535745979443965
-.2724032167171124
-.00018723141978872472
-.15438132880795025
.7842205892638976
.011191964489774116
.00818635075630012
.0027631327535596636
.007579699975538533
.016525547839549803
.014096367987121928
47222405221041085e-21
.00032440267318961457
