-.002577098288042776
.2903597300474296
-.0010379333920847
.00043465283335625645
-.0013406342762180385
16443387071210806e-21
.00010913685587439098
.36491780609689156
.0020330657165156005
.0023815351744460164
.00709677204842077
.014501555926477687
-.0013281939961780928
-.0008880901416170976
-.002859973179229279
-.0013482675969132864
-.0013678592248828928
-.0013675148153825686
.36482319412102937
-.0030047064283848977
.004884560306490236
.008707112936033433
.005251166889230122
.3653896823317793
-.002045546446210821
.36214769517874285
.0004414104205201818
.2892231301109693
.3658136955181567
.36189942515071155
9175776774651969e-20
-4779326939042706e-21
-.0023977532300809676
.00037911754275056774
