.6803686317151554
.012239266855214363
.0024820041307653264
4315559305771417e-21
.0319120586452795
6.667995832148883
.7438053739888268
.05733447293428424
.06666928584183256
.06622986326231699
5.164665764238497
.7167112041993704
.3816074119092073
.005910451866120487
3.06209512040573
.34835063632993957
.0033680024954277784
.07300042769553329
.004870219483433882
.001975662471213502
.009278235148760172
.0001753708765115267
.002747758126811052
.30674265972935155
17.29244400833211
.00013547121695816686
.0056708545683743115
.0065257619105967835
.006097788290463171
14862984031144506e-22
.00017741063773701695
.013787016234067879
.0013634361975059764
.010077813771644233
2365994721042571e-20
.0021196407630181195
.0029310212220404197
.0003538646650522176
.004900769741106429
3702953853572668e-20
.006121814191965136
.006419927829650614
.019241743120779583
.00033853927557124194
.11327554512348474
.008009110060526849
.000841582264633944
.04313116653402575
.2842164699313855
.0011630843863868134
.5961083828578415
.008709604606348535
11.965483899628707
11.013227631352464
1.4619523820618685
.0070280783782447915
.06179080845265702
.06821878827757814
.2129870687618938
.13274654596238644
29.995461193008694
23.35272575557779
8.317046859769134
.0022954051531376553
.0005063944445325058
.0013929126534688173
.006393799012457706
3.050112612750147
7.396920947204273
.021053428813825367
23.45607209367549
3.3055114609836487
9.106049391196438
22.091395926944237
.001434841328457448
.009145064797494556
.0007623969083625148
2.11353216711171
.0003268047729549361
.002818678911696877
.010388443304091263
.0004122713644022665
.9848797137635134
.6646110329845646
32475090390773286e-21
.007002123871397742
.8089275603681277
.7219879410867939
3.4141433994990793
.00018815770946057766
56122191415011875e-21
.6029096874352912
.7669780115000083
.07837187187698644
.010606347585588052
.2545148390660047
1.4813436140829526
1.400395428495247
1.8831440790457423
1.596405659393257
2.0628815465244466
.028905613186000868
.04089836733925461
.008795049289763443
.00014366734108233676
6.1641807210898
5.876247205445701
.5636546050939653
.01624175855987827
.004026749695563905
618991737137465e-19
.0006202803721470748
.11355670108992703
.022454748488730504
.0009341654185980661
.4451193077360895
5900735823722628e-20
.00023851255569612596
.03336876290037511
2143152988674964e-20
0
0
0
0
0
0
0
0
0
0
0
0
0
0
0
0
0
0
0
.7547597025394613
0
0
0
0
.5337504247492412
1328.19847664723
.00450418315306216
.10318248714203054
.018550379561615
.2157460778973008
.1106114367330447
.6621158145527107
.14495573164947467
.39899504580312184
.0063017742093861
2.9750301580380025
3.201128574981462
.017097522877467717
.03906103003572884
.8159210511663932
.5120524803609094
.24716750910601448
.38914000738950966
.019408778531482224
.019408778531482224
.22305486342503958
5146576116410887e-20
.019408778531482224
.019408778531482224
.019408778531482224
.019408778531482224
.019408778531482224
.019408778531482224
.019408778531482224
.019408778531482224
.019408778531482224
.019408778531482224
.019408778531482224
.019408778531482224
.019408778531482224
.019408778531482224
.019408778531482224
.019408778531482224
.019408778531482224
.019408778531482224
.019408778531482224
.019408778531482224
.019408778531482224
.019408778531482224
.019408778531482224
.019408778531482224
.019408778531482224
.019408778531482224
.019408778531482224
.019408778531482224
.019408778531482224
.019408778531482224
.019408778531482224
.019408778531482224
.019408778531482224
.019408778531482224
.019408778531482224
.019408778531482224
.019408778531482224
.019408778531482224
.019408778531482224
.019408778531482224
.019408778531482224
.019408778531482224
.019408778531482224
.019408778531482224
.2361431201367863
.009913955108117274
.019408778531482224
.009913955108117274
.17180769955389108
.08606786777439657
.019408778531482224
.019408778531482224
.03330384559637209
.019408778531482224
.019408778531482224
.019408778531482224
.019408778531482224
.019408778531482224
.019408778531482224
.019408778531482224
.019408778531482224
.019408778531482224
.019408778531482224
.1580206248312329
.019408778531482224
.019408778531482224
.019408778531482224
.019408778531482224
.019408778531482224
.019408778531482224
.019408778531482224
.019408778531482224
.019408778531482224
.019408778531482224
.019408778531482224
.019408778531482224
.019408778531482224
.019408778531482224
.019408778531482224
.019408778531482224
.019408778531482224
.019408778531482224
.2361431201367863
.2361431201367863
.17180769955389108
.019408778531482224
.019408778531482224
.019408778531482224
.019408778531482224
.17180769955389108
.05875279725340122
.2070197192308768
.019408778531482224
.2361431201367863
.019408778531482224
.019408778531482224
.019408778531482224
.019408778531482224
.019408778531482224
.03330384559637209
.019408778531482224
.019408778531482224
.1481535578076968
.019408778531482224
.22305486342503958
.019408778531482224
.019408778531482224
.009913955108117274
.019408778531482224
.019408778531482224
.019408778531482224
.11977131710359723
.019408778531482224
.019408778531482224
.019408778531482224
.019408778531482224
.019408778531482224
.019408778531482224
.019408778531482224
.019408778531482224
.019408778531482224
.019408778531482224
.019408778531482224
.019408778531482224
.019408778531482224
.019408778531482224
.019408778531482224
.019408778531482224
.019408778531482224
.019408778531482224
.019408778531482224
.019408778531482224
.019408778531482224
.019408778531482224
.019408778531482224
.11977131710359723
.019408778531482224
.019408778531482224
.019408778531482224
.019408778531482224
.019408778531482224
.019408778531482224
.019408778531482224
.019408778531482224
.019408778531482224
.019408778531482224
.22305486342503958
.19126891560121242
.1580206248312329
.019408778531482224
999999999998501e-27
.20113580978268986
.20113580978268986
.1580206248312329
.1580206248312329
.22305486342503958
.22305486342503958
.22305486342503958
.22305486342503958
