45.725780695305936
.3328663786063771
1.1803885224787007
49.298191410478246
1.367290426163397
7.493789534354846
.8852577259281987
.19171849166627447
1.338751909599309
.07643503400511957
21.86682428321518
.7816500695055194
1.50478843225487
.01933701956077237
9.624952129271875
11.58646946277719
.010907323611467084
.08053815103585589
.016854383423793598
.006805936477426099
.043597150931146966
.015036324350430359
.010344503094571708
1.7365664817538868
29.230423537470042
.004865639247036278
.006215066580714978
.00716611063274614
.006497905125138972
.005323908632437569
.00018412626978551308
.014381155989495666
.0014233793325845808
.01047493312656681
.0002792686149370474
.004422404011286548
.0031067703674068432
.002423128442770299
.008169609365202139
.00020627148549242686
18.20438505733137
19.033664667492175
.027818775639804744
.003787200404873457
.1433387607580825
.010592030788459944
.009660261775310923
.59842504601073
5.2637617442972875
5.284690898777176
3.573344306426025
4.766356289824656
21.38808136034983
19.97018744781057
2.0909342936364466
.007935311857639819
9.477951971359
172.6519538532156
.33946085147989197
.18094586899936085
53.42322986328584
53.20253355951117
18.773398051741207
.005837693159186408
.0021836517418277325
.0017015515043440172
.010713066410226436
86.03551398371785
75.74545532836144
.04343740182544283
29.75522225117934
3.433748151009935
104.25580340424376
35.38063213324709
.0015406544434908543
.010189522268427294
.0053389463700678
2.5982202436311965
.0011052445716013945
.009471791704158801
.010892381908269395
.00847604019339137
11.430099841428854
25.640478582450793
.009933008869313309
.05257847980411304
26.62236023514837
130.85970720273548
7.682389823515694
.01591186166803874
.0095620945777095
5.307935617596291
1.5200841486656762
13.229909057208086
10.971718159770381
6.488973447394799
8.090929737082371
6.682658440236901
3.5896062813862732
62.40503934586306
2.147753173532095
7.381011439134983
5.1506829070541365
2.6227701685684877
.003090138992599296
60.497509473629584
8.347350892755397
2.1981438047796327
.49133984143573817
.017186652380859303
.0001828775060224102
57.12671809384972
110.2784972748428
.09960286242742908
.0036252917785821303
.6285508690565282
.0065452668549342875
.0072601405514339645
.17990828627926111
44426407557924974e-21
0
0
0
0
0
0
0
0
0
0
0
0
0
0
0
0
0
0
0
3.2391845498104916
0
0
0
0
4.301865815200867
1368.6574603268425
.004641387551263054
.10632558558454594
.01911545286739725
.22231803773467507
.8273370807013941
1.2081751387620336
1.7159628660687638
18.804411310848526
.015540443271912468
6.162322757135033
6.348278467954411
.37273138296733
.8196848519606532
85.80341046646166
88.67826420211809
48.58688207271191
78.59703208864954
3.341061046780489
1.843358671994854
1.553745279551363
1.7529401098832607
2.7421749230703694
1.6313111438440346
2.4825515868932144
2.0820667799966666
1.9059016755556197
2.213536378958689
1.989636051084534
1.9312620541573213
1.4048890920314714
1.9797207556707659
1.52717122197815
2.4932114699663046
1.9020120613494989
2.256863757088344
2.2791405890078376
1.8740423510573545
2.495317098460887
2.6092352578919518
2.592255679154807
2.068174479270452
1.7683198803150852
2.4520745297056323
.02394289402783212
1.8137888624788892
2.4955233141417144
6.241789483718059
1.9739213201067063
2.007231471507353
1.290915373115223
2.9937133124691515
1.3625524224954724
1.5704306464697442
3.123882446778591
1.2221044111100154
2.0124833441726766
1.6004383478813988
2.0796824090662818
1.4942986393088502
1.942779365928976
2.8314652295920113
1.8559303575927484
2.1486620455192034
1.775393190829935
2.2057505929216576
1.8600046988641104
2.2479289817066848
2.7198031955340953
3.0673930224456893
2.4069606998654423
1.9942461633092783
2.14851493095024
3.0868993277112375
2.495535698601432
1.0841878003271732
2.6359258042055287
2.945745976068488
2.1460514185920503
1.166636734613797
1.739590422241918
1.784131002494993
1.8437177082040768
1.527857956051142
2.309740375884125
2.22602185937874
1.8383400730209891
1.790666231959429
2.7018540084144034
2.6231229349697105
2.0664274314795943
2.2137057839517422
2.391317570294791
2.2462090886887593
2.535897470147794
2.33339054250589
1.9695535807898363
3.0626447438180033
2.4100559299232542
1.9398264165991632
1.330996882308646
1.5485290092872
1.6051880476699043
.7150587399226837
.19042794840646068
1.9444586974613354
.011708105498266702
2.486958820731875
2.252357637518536
2.3898537885188014
1.8414429338001135
.19291651861169104
1.5516279948213556
.20278393657015373
1.1931719704700352
3.152082895768209
1.846323781327823
1.8703189700948344
1.795632733739551
2.164314766590448
1.8214954047917196
2.0730196358556134
2.151502809244209
2.3554026159542296
.010208178818239249
2.002901673932527
1.9413314470779832
1.5186767528801643
2.3732772021922073
1.7645531602456825
1.3637121240726415
2.2848911244833214
1.8104325464732771
2.1188234327249993
1.936321831657911
.7150093487614405
1.6959536105708894
4.651984493982457
6.7199685560910964
1.5723875606106652
2.071452988064909
2.5938607925765127
2.707289594417959
2.8175473053932496
1.949499831604945
.009057735743746558
1.609420333830717
1.3517791144722795
2.7213134531786656
2.4577183268524503
1.863313208234832
2.0238214344515972
2.278107909771339
1.9099406401638235
2.626346970010898
2.132338711729057
2.50736905695779
1.740125802454931
1.601302311573298
2.1446962643409764
1.2835926539371934
.22046599037451906
2.43372339799897
5.534613758370429
1.5245489297001038
1.6614739528837612
2.017941432091166
2.3042622996648614
.9673801256341792
1.6263554914184932
2.1328221858578025
2.0557208964325944
2.2511204275865078
1.427263219022198
2.060955971055491
2.670869547568092
1.7569066999691922
2.4956523362706284
1.4353423300403454
1.2096953222168667
1.5766692848646375
1.9159067830799112
2.414736090456029
2.328837431675137
2.692614774190846
1.3152056717471714
2.3208936699859475
2.276607618867124
2.2369329888441403
2.372577547234127
1.5742025201760887
1.874687300923824
2.8690132450921584
1.849659035670865
2.039109821999504
.02392694886579161
2.0863594040629088
.05794644380438294
1.8885724352332678
1.8775695432050057
.5963649851122608
1.403179683200247
2.1931287309858147
1.2982401191721054
.04988572979104136
2.1121704038939777
1.1915070231915001
1.5303210534886185
2.0739380125889317
1.853745942047273
1.4370310645085087
2.3716417381435297
3.5918747132476962
2.7756142615254826
.6760586704847618
.011586909570402768
2.0565132044600514
2.255224538274998
1.9966074208750975
.045197038643956064
2.3754471914483757
1.7726846872671318
2.1676823247685273
1.2722959271397143
1.3081115539429289
.006086668185947219
.004364077957967539
2.3482496139639157
.5593779094213879
.14341208584479925
.7612264552612673
.2044534030851361
2.4005968850175328
.11148082491760652
.09913298071367688
1.7382048682166085
.6273739082922343
8.306536675553806
2.099030014712434
2.159951335523838
2.3137890220483666
2.350487946565811
2.093628352793027
2.0300039022091614
.11856663498512895
.1586036662211515
1.9443972937694414
3.229895209272658
1.0341806018926585
2.1560367913904166
2.558741395610321
1.8994817756373927
.010676347488735685
.2948501923532693
2.796605627403646
3.582621690194028
4.3677641854504605
4.07301587170925
2.4627075465968065
.010998497233722785
2.98344844961015
1.323573541091544
.01423723131759505
.010982673881461593
.15563196677662242
.012598970841963705
1.7671397052417148
2.9020771211631087
.01
1.8614019912497062
.014359594265838087
.007173641312107004
1.9294921040377058
.009062857885166002
.007581314255676501
2.3819159343887355
.007050892025037593
2.484513736198341
2.1877985709329444
1.6138924855354866
1.627610236211165
.009844038741058703
2.079006690124161
2.3867194467224184
2.50000779993783
2.477447925745374
2.1167876378230415
2.796193131261016
.00994318458760448
1.3894326056510282
.011053253239019137
.009645969634900654
.010029416727359533
.012283809561107707
.010493701527254084
1.3581783904736233
.09398753838751074
.07198810493069259
.009363824721359427
1.3248622119487792
2.2498609647527092
.09277644685296639
1.8739719919248554
1.5018973371145845
.06331628821875712
2.155904345524497
1.8921451354382404
1.7871414758957984
2.7596908321486424
.00977186176036736
1.601681658338247
2.6233401989259595
3.3285517057829197
.838253617605108
1.6093070525041502
2.284904955591044
1.485606347687859
2.267529078597059
1.8290580346569867
1.7879226168026068
2.1019599874162362
.008971094166851273
.2149134722104845
.18686152508816042
1.899712823994077
1.4287873513521632
1.784220976433529
1.729175649838739
1.4796124872258851
2.1944999094649864
2.1019694631298798
1.7790284880998024
2.1030905289734663
2.2329427566294706
1.874663952269086
.0063771219574426125
1.604612580737239
1.9324437395999403
1.7424069628995766
2.1472431539300576
3.409367603413677
1.7393912502996105
2.002146640322659
1.805327704208853
2.1446946346978053
.10790762962801737
1.859814454238145
2.3353467479813794
2.366282433835275
1.4978503625486603
2.480018024067562
1.6363250537133744
.22858024500920798
.14667228820016165
.11959273169716836
1.7223356757623438
2.037132758140103
1.8352536672048778
2.3133180666446105
1.3779577966576169
1.805283915591124
1.4745221405998838
2.093553491108421
2.3600109595201335
1.6875374677121968
2.2265014726144723
2.3013359930710706
2.0111550432619283
2.287420388906366
3.1174134121046606
1.9814151416800587
1.9659364762679175
1.7385513179166152
1.4108964712115644
2.2024734475217786
1.6265293090863466
2.135738909402026
1.803841671293116
1.5351852481234654
2.255661399603802
1.7439323416673482
2.3488933018942486
1.402572267112992
2.3445960394505967
1.5189792915470752
2.350183904876604
1.6669217321357155
2.1179364148183497
1.688571485925297
1.9907289109163249
16.396206605775195
17.246641481071116
2.3228982130583598
2.1920443483703482
1.736096313832124
1.3496773456843179
1.5476987950794152
1.5214309348477626
2.5825659287945424
1.7561618326801272
1.6700881933859038
2.2679370891739388
1.843515507024235
2.882886556396861
1.6828701216063842
1.8033075188748426
1.4540362045112942
1.8333097155329847
1.4946625942111103
1.8310310487390071
1.3899751864001877
2.012974062727628
2.1814792642426672
1.1934457463602637
1.7751380312898914
1.5242315420345551
2.3877064041245757
1.872069931422147
2.916625706341656
1.8304219361144127
1.9587875429786439
2.4814211024934507
1.2675989573142001
2.5644571006258916
10.849015042133436
1.7686626643228722
1.7069274217077284
1.7001319017401144
3.44104462572639
1.9861680760687042
1.9007182280968367
2.9921466037283078
1.4229495045444251
1.8154414603871163
2.797039109709932
1.4425560891556426
3.2123412495978614
2.7426532536859987
2.4751373432540476
1.9992363348665187
1.3502142704867175
1.6383174111019316
1.8372664128987082
.29567123686852154
2.779559270571564
1.8130457467826726
2.412217399436053
1.6685372910964265
2.040446706829031
2.5360822806882326
2.1062276434741087
2.11104967673029
1.8837863576126088
1.634617247012558
1.4764682119738444
1.8232312493522762
2.4241286859107536
1.8069779125321093
1.7713433764952675
1.5576664262919309
1.7166678348123072
2.537832039045675
3.014971154202353
1.857180059514105
2.0922945181485093
1.8805818130829508
2.175068063152943
1.6601949591760201
1.3729323082662417
2.0984866811317557
1.8217771526395756
1.6821214186455191
2.2205077708135454
.16214928629376468
1.020350316622887
.12469915444907204
.9787958442407846
.10326480874222366
.8543005809811095
.08369662206470595
2.134096840690676
.16715005174575287
2.4632387524751804
.08905695251945651
.9946190302901149
5.950057286001385
.33682551908790587
.11185279023027578
1.290049546268354
.06905656121654646
.21929748712795702
.040343225889967416
.8675696811599161
.07197589238115754
1.136624014006657
.09877757822777657
1.287192807582824
.17597133839027962
.9253734158716556
.047454381560052855
.710180504581239
.057696080244857846
1.397931052628682
.00020147977439363416
.00041045325861347007
.1173452821227482
.12700144181366033
