0
39.63938343041809
.16325014872377058
.3032831187807756
11.772953815388439
.38112607701459017
5.65054386014291
.20930979638098798
.0026572285759394105
.3494308306311534
.027275149686197004
8.04700666641754
.7679469975536346
.6309104484832183
.008779345008919665
8.0447732021204
1.0241357798190136
.004097651887620673
.0764907009450419
.003949383985186361
.001813498613365686
.04114554192288445
.0001434670822299385
25802932417203284e-21
.2790654629771517
0
0
.00516382889192744
.006537426445264347
.00614250631077625
.0023328540108315675
.00017626567299823239
.014687688752011338
.001301725601938776
.011384237788385567
3746983033834094e-20
.00048575612996490435
.003002137230947331
.0005397840619030746
.00536645407485627
15982379417520264e-21
9.383393260265013
14.646683215700746
.0057833221815989004
5921207791080951e-20
.11477775595412909
.007779750575523097
.0073630329064481755
.4099656607219753
0
.4325814105642745
0
3.924821982913201
17.765338620451875
0
0
.00683862281780234
2.9817229905159417
14.4468516248801
0
0
40.023380251288756
29.904054083041512
9.196631141866213
.002524524842832617
.000667263509363017
.001470361525282594
.006685266302330284
0
0
0
24.85451693275925
3.3272575313455093
9.316951311398125
17.45222871012269
.0014483703822659494
.008709068448771987
.00039415263913910524
2.0811243044455496
.00037550352877215785
.0035186789626278515
.01139999705302159
.0015008869767203779
.8713029145923084
1.4679701817434483
.0001242129451657268
.02473957337935496
1.3617593349809953
1.5072557685489412
3.197482336576629
.0034569454348889568
.00043084670508228127
.578695134124653
.7566770816736816
0
.4701538463640816
.7744309316353247
2.0616271871219034
2.624443803542117
0
6.612713912272747
2.058238645745853
.5112228943104733
1.0622138004999973
.9438014758373487
.0008489017923617219
49.05861218252303
7.826304878700723
.42752479590036313
.06410043981252084
0
0
0
5.141924519739634
.009342015019148452
.00047402947712075046
.5245371023897217
.0013385513452386488
.0002470394966425653
.01690043163230032
0
0
0
0
0
0
0
0
0
0
0
0
0
0
0
0
0
0
0
0
1.8077477817799237
0
0
0
0
.5857695346629759
1346.5348519625834
.004496948736622129
.11261082255704359
.019737199870761054
.23532436408057858
.5319967450319019
1.0237131673511601
1.4227368742589699
1.2458712920883257
.008054189637046417
6.144633148812756
6.382449341674736
.13855915247852774
.3315413449692399
5.722840634842502
3.7056717914796855
0
0
.02
.02
1
8
.02
.02
.02
.02
.02
.02
.02
.02
.02
.02
.02
.02
.02
.02
.02
.02
.02
.02
.02
.02
.02
.02
.02
.02
.02
.02
.02
.02
.02
.02
.02
.02
.02
.02
.02
.02
.02
.02
.02
.02
.02
.02
.02
.02
.5
4
.02
4
.25
.1
.02
.02
3
.02
.02
.02
.02
.02
.02
.02
.02
.02
.02
1.5
.02
.02
.02
.02
.02
.02
.02
.02
.02
.02
.02
.02
.02
.02
.02
.02
.02
.02
.5
.5
.25
.02
.02
.02
.02
.25
2.5
.35
.02
.5
.02
.02
.02
.02
.02
3
.02
.02
.2
.02
1
.02
.02
4
.02
.02
.02
.15
.02
.02
.02
.02
.02
.02
.02
.02
.02
.02
.02
.02
.02
.02
.02
.02
.02
.02
.02
.02
.02
.02
.02
.15
.02
.02
.02
.02
.02
.02
.02
.02
.02
.02
1
.3
1.5
.02
1e-12
.33
.33
1.5
1.5
1
1
1
1
