3.076807804912488
.008655417314906946
.00047201567628024713
23521572019339123e-21
7593426604662642e-28
.0014079142082118223
6.315068928090114
.7477159988515472
.055767742463302995
.015460243508635256
.06644387620803052
.7374052756233774
.7067123278850865
.05938386594756111
.0009386655933098488
.005800012060133138
.0007717237330056868
.002554417031962922
.07195801408501867
.004428849313178564
.002025241644072948
.002579543880232367
56115840704063705e-21
.0020052565422487146
.07286218458347454
3.895982680859689
6387730321320051e-21
.005505069556333965
.0060289432303244775
.0058194053749189584
1293660555898175e-21
.00016574600393860675
.013811069955372884
.0012235810782408676
.01070481837046505
35241337046148385e-22
.0024598265909985258
.00282137331167049
5701859696887668e-20
.005030905127155674
5354807388159051e-21
.005817710627135301
.00581734032039773
.02106338703471701
.000556298769490449
.10507568357452211
.00787214608366359
.0005412254215244886
.02875511654959744
.06861551240282858
21697055319340787e-22
.12630127372709787
18109670917831764e-21
8.463628996484593
8.040575520465095
1.1294667777430671
.0063296651797406225
.0005556321843946371
.000615276170398156
.17999155652678708
.10826798330068393
8.975895934500159
7.095147644518195
2.5033412580481356
.0018671444477961357
.0003889550971334354
.0014542052476110667
.005764873606620307
.007018411468098557
3.599259613618546
.0007866931227663805
8.975895934500159
3.128917785591688
8.975895934500159
8.286423637638642
.0013588378887758685
.009516227813048393
.00013310448998676028
2.0739215992006645
.00023254208517427713
.0021432906147732396
.010851148228974716
7505150355820931e-20
.7129583083376103
.04492311652366129
17188870034894473e-21
.0004927113290910881
.3791348634249448
.35310454851186207
2.428636732346749
.0001132212315687773
.000331200209019293
.6062524174165874
.6999872646664778
.11838315950502941
.00022524702507155896
.16030616530793426
1.1241515849377572
.9717175045855259
.07173324709258627
1.3779250955484834
2.023732192307548
.016859871102667328
.02146365722084192
797471513766081e-19
.00013931860604965142
3.863380298664095
4.1362327896931825
.4483728002293024
.0032035308544283124
.00012876613215658615
1924505475136738e-21
41318541529453253e-24
.052272509460438946
.014402141243534618
.0005099866279061788
.3509923996071133
30341936492157313e-21
.0001900344749841792
.0273138121224738
8140019352411627e-22
0
0
0
0
0
0
0
0
0
0
0
0
0
0
0
0
0
0
0
.08612299286445645
0
0
0
0
.1962288691160834
1266.1722339087455
.004228566100107279
.10589009007196146
.01855926299645407
.22127995820292418
.018989113805289448
.3978210759634329
.012346951623006763
.32972823072249813
.004376327283128517
2.229388174604229
2.310058664640011
.0018179414440072422
.004262590743707704
.490097407155534
.32582614916144104
.16255892404066158
.2924977137660951
.0188063789372149
.0188063789372149
.046106307625863666
2525776919034105e-25
.0188063789372149
.0188063789372149
.0188063789372149
.0188063789372149
.0188063789372149
.0188063789372149
.0188063789372149
.0188063789372149
.0188063789372149
.0188063789372149
.0188063789372149
.0188063789372149
.0188063789372149
.0188063789372149
.0188063789372149
.0188063789372149
.0188063789372149
.0188063789372149
.0188063789372149
.0188063789372149
.0188063789372149
.0188063789372149
.0188063789372149
.0188063789372149
.0188063789372149
.0188063789372149
.0188063789372149
.0188063789372149
.0188063789372149
.0188063789372149
.0188063789372149
.0188063789372149
.0188063789372149
.0188063789372149
.0188063789372149
.0188063789372149
.0188063789372149
.0188063789372149
.0188063789372149
.0188063789372149
.0188063789372149
.0188063789372149
.0188063789372149
.0188063789372149
.10736178048067721
1817883818667583e-20
.0188063789372149
1817883818667583e-20
.11584568090869858
.07351499547801503
.0188063789372149
.0188063789372149
.00029433339824250075
.0188063789372149
.0188063789372149
.0188063789372149
.0188063789372149
.0188063789372149
.0188063789372149
.0188063789372149
.0188063789372149
.0188063789372149
.0188063789372149
.014850432135487306
.0188063789372149
.0188063789372149
.0188063789372149
.0188063789372149
.0188063789372149
.0188063789372149
.0188063789372149
.0188063789372149
.0188063789372149
.0188063789372149
.0188063789372149
.0188063789372149
.0188063789372149
.0188063789372149
.0188063789372149
.0188063789372149
.0188063789372149
.0188063789372149
.10736178048067721
.10736178048067721
.11584568090869858
.0188063789372149
.0188063789372149
.0188063789372149
.0188063789372149
.11584568090869858
.0011415402281504453
.1192295268737036
.0188063789372149
.10736178048067721
.0188063789372149
.018806379217451787
.0188063789372149
.0188063789372149
.0188063789372149
.00029433339824250075
.0188063789372149
.0188063789372149
.10808909126145592
.0188063789372149
.046106307625863666
.0188063789372149
.0188063789372149
1817883818667583e-20
.0188063789372149
.0188063789372149
.0188063789372149
.09454861281020616
.0188063789372149
.0188063789372149
.0188063789372149
.0188063789372149
.0188063789372149
.0188063789372149
.0188063789372149
.0188063789372149
.0188063789372149
.0188063789372149
.0188063789372149
.0188063789372149
.0188063789372149
.0188063789372149
.0188063789372149
.0188063789372149
.0188063789372149
.0188063789372149
.0188063789372149
.0188063789372149
.0188063789372149
.0188063789372149
.0188063789372149
.09454861281020616
.0188063789372149
.0188063789372149
.0188063789372149
.0188063789372149
.0188063789372149
.0188063789372149
.0188063789372149
.0188063789372149
.0188063789372149
.0188063789372149
.046106307625863666
.1191925362941993
.014850432135487306
.0188063789372149
9999999999969215e-28
.11955136195084504
.11955136195084504
.014850432135487306
.014850432135487306
.046106307625863666
.046106307625863666
.046106307625863666
.046106307625863666
