1.4955904004048812
.78137743889535
.012987210688572512
.0027306677989506214
44788082696515035e-22
.03173113391149481
6.691047588930179
.7195713839010621
.06263107011872827
.07177795856514999
.06764737200394837
4.874136366519125
.7331823834080669
.3889460607195126
.005706895036618586
3.0259169558752603
.39396820051634085
.0033988583474075245
.07438259423559541
.00426485571301189
.001953606453431006
.010244132205222323
.00020200141849808243
.002632494462354229
.30240102076418496
16.970895618779505
.00014874317080290045
.0057785268371414854
.006278650215508263
.005995237272655348
13327392275535062e-22
.00017107134885049855
.01425483793583086
.0012631470749561561
.011048759125490226
23095964213561562e-21
.00228253924482053
.0029129055099244667
.00034824748267636447
.0052005107147375254
3447428300838523e-20
.005999736280097367
.006114398662909243
.02104994975074061
.00032878034059835137
.1088679664049029
.008014626854461474
.0008903937199780722
.04979626136675017
.25448823120561836
.0011490989727390884
.6225104239298289
.009667652916830508
12.111828749280763
11.292568786444937
1.3520371859331966
.006588436865927864
.06283842192450871
.0697630144749889
.22044603794008844
.12704347591249046
30.058794661268248
23.377103888727195
7.8298759405502665
.0023492947674319514
.0005434511575326749
.0014984264791106175
.006183852587983727
3.1380918757141116
7.6388236828146505
.017851654865304874
23.465899473951296
3.2321185232216094
9.660268074385867
22.078939456910454
.0014049752120341024
.009777375383149068
.0006504426146530654
2.1156818149727408
.0003108487401702565
.002884254822210567
.011165734232958547
.00037283100902650086
.8678942800253815
.7252462837503989
26443682665950842e-21
.009050096665548317
.794968063396677
.7109101972877521
3.3981381108845548
.0001561662422101316
4316247848633042e-20
.5983243734852981
.7625676588576408
.06554386138709836
.010387421771272954
.2784201947557462
1.5376423095810154
1.438625437512001
2.011708439311532
1.6834575018074955
2.106334898702489
.023027289510820538
.03519304257334724
.009917480894822658
.00017522733387864125
6.4120549556882835
5.789792565779037
.5187634945957429
.015984448144997315
.004167686291705042
657168347777474e-19
.0005555032447266978
.09877897225817198
.019276381558683053
.0008002968066111548
.44839158457708966
5121888798613755e-20
.00022761160856832438
.03698471888348319
2240865811299445e-20
0
0
0
0
0
0
0
0
0
0
0
0
0
0
0
0
0
0
0
.7413188539551958
0
0
0
0
.5525664753519777
1306.8539818284178
.00436442870674112
.10929230806105802
.01915556675243349
.22838961930447677
.10847931133842208
.640705984021201
.1425055619901868
.3848290074591542
.006290243283189352
2.8756196966756526
3.237452985696723
.016167016675102605
.03849111506079217
.8317116873290673
.5340387070970837
.22928681342623208
.4141191291625028
.01941062245694821
.01941062245694821
.22411623105962722
50793280563640516e-21
.01941062245694821
.01941062245694821
.01941062245694821
.01941062245694821
.01941062245694821
.01941062245694821
.01941062245694821
.01941062245694821
.01941062245694821
.01941062245694821
.01941062245694821
.01941062245694821
.01941062245694821
.01941062245694821
.01941062245694821
.01941062245694821
.01941062245694821
.01941062245694821
.01941062245694821
.01941062245694821
.01941062245694821
.01941062245694821
.01941062245694821
.01941062245694821
.01941062245694821
.01941062245694821
.01941062245694821
.01941062245694821
.01941062245694821
.01941062245694821
.01941062245694821
.01941062245694821
.01941062245694821
.01941062245694821
.01941062245694821
.01941062245694821
.01941062245694821
.01941062245694821
.01941062245694821
.01941062245694821
.01941062245694821
.01941062245694821
.01941062245694821
.01941062245694821
.23670458718011597
.010090679206707
.01941062245694821
.010090679206707
.17201184104308984
.08610875978755071
.01941062245694821
.01941062245694821
.0337701883606903
.01941062245694821
.01941062245694821
.01941062245694821
.01941062245694821
.01941062245694821
.01941062245694821
.01941062245694821
.01941062245694821
.01941062245694821
.01941062245694821
.15914794329261744
.01941062245694821
.01941062245694821
.01941062245694821
.01941062245694821
.01941062245694821
.01941062245694821
.01941062245694821
.01941062245694821
.01941062245694821
.01941062245694821
.01941062245694821
.01941062245694821
.01941062245694821
.01941062245694821
.01941062245694821
.01941062245694821
.01941062245694821
.01941062245694821
.23670458718011597
.23670458718011597
.17201184104308984
.01941062245694821
.01941062245694821
.01941062245694821
.01941062245694821
.17201184104308984
.05944567144070331
.20736416815406572
.01941062245694821
.23670458718011597
.01941062245694821
.01941062245694821
.01941062245694821
.01941062245694821
.01941062245694821
.0337701883606903
.01941062245694821
.01941062245694821
.14829437024106987
.01941062245694821
.22411623105962722
.01941062245694821
.01941062245694821
.010090679206707
.01941062245694821
.01941062245694821
.01941062245694821
.11985668459959198
.01941062245694821
.01941062245694821
.01941062245694821
.01941062245694821
.01941062245694821
.01941062245694821
.01941062245694821
.01941062245694821
.01941062245694821
.01941062245694821
.01941062245694821
.01941062245694821
.01941062245694821
.01941062245694821
.01941062245694821
.01941062245694821
.01941062245694821
.01941062245694821
.01941062245694821
.01941062245694821
.01941062245694821
.01941062245694821
.01941062245694821
.11985668459959198
.01941062245694821
.01941062245694821
.01941062245694821
.01941062245694821
.01941062245694821
.01941062245694821
.01941062245694821
.01941062245694821
.01941062245694821
.01941062245694821
.22411623105962722
.19154166454809685
.15914794329261744
.01941062245694821
9999999999985031e-28
.20145133168011806
.20145133168011806
.15914794329261744
.15914794329261744
.22411623105962722
.22411623105962722
.22411623105962722
.22411623105962722
