3.076807804912488
.008653538085988401
.0004645171553306191
23525001746862504e-21
3993096031773789e-28
.001407503709443665
6.315068970468765
.7477161013884953
.05483689870655155
.015459718088601327
.06644387532749774
.7372473110611933
.7067122949740959
.059371158265499976
.0009384713557871788
.005664904907729602
.0007977439660043413
.002507012452425398
.07195801680382141
.004428849344784193
.002025241658155112
.0025794601956251944
5940942967794061e-20
.001966661661540685
.07285980674899493
3.896329264960379
62671153835842555e-22
.0055050694958037
.006028913237680833
.0058194020735983015
12936603136945625e-22
.00016574600393860485
.01381106995537428
.0012235811211655085
.010704818370464926
3523378808114869e-21
.0024598271417662445
.0028213734608732483
5700655155121911e-20
.005030905168354789
5353650674020794e-21
.0058177096428358365
.0058173399939059145
.021063428040504328
.000556298764067335
.10507568292494808
.00787214812252838
.0005409868830431722
.028743133209013196
.06724010611085114
22758509201397743e-22
.126294521945347
1794774211243109e-20
8.463610559462815
8.040575667496018
1.1294668266778736
.006329644672703828
.0005546923830486643
.0006142732467947986
.17999156505770056
.10826798276519095
8.975895934500159
7.0827935330470275
2.52505768635801
.0018369076556747333
.0003815253418429878
.0014541939121240543
.005764954577743495
.007018736286209
3.5992942330972904
.0007867808738606012
8.975895934500159
3.1289167199378465
8.975895934500159
8.28593171533512
.001358838031416974
.009516303559702153
.00013309388885206837
2.0739118790234774
.00022809321781061396
.0021018081588750283
.01085113813323771
7357475877765587e-20
.7004621331732164
.04420373040979265
17074569352654154e-21
.000493783275405028
.37236422496096583
.3464374574388507
2.426439727413336
.00011481887686329672
.00032564669434553026
.6411707527675052
.7003499467956132
.11625078923343371
.00022089189028032892
.15856936338786073
1.123995729058097
.9717136337513362
.07173669709954655
1.3719361343477547
2.0237274397684257
.016781116075341242
.02141329521144081
7961190681029881e-20
.00013927772444135208
3.8616751278957295
4.129833415698774
.4483696593302806
.003144071424528015
.00012877207446016162
1924563550484014e-21
4089449646364002e-23
.052088272511114975
.014401405011154859
.0005002703709275555
.35099134862784526
3020335455595205e-20
.00018680614294313904
.02731243976857413
8140327339206801e-22
0
0
0
0
0
0
0
0
0
0
0
0
0
0
0
0
0
0
0
.08612159439731014
0
0
0
0
.20558812400383558
1266.1722339087312
.00422856610010723
.10589009007196025
.018559262996453853
.22127995820292165
.018751723285985334
.39781264685098955
.012345996687552254
.32984768925514385
.0043795992513818586
2.2295352753778452
2.3101681262983624
.0018178499160118509
.00426241069249012
.49009284024086436
.32582462201201784
.1626107910635739
.2925919598242629
.018806378937214686
.018806378937214686
.0461061027768878
13286417856122528e-26
.018806378937214686
.018806378937214686
.018806378937214686
.018806378937214686
.018806378937214686
.018806378937214686
.018806378937214686
.018806378937214686
.018806378937214686
.018806378937214686
.018806378937214686
.018806378937214686
.018806378937214686
.018806378937214686
.018806378937214686
.018806378937214686
.018806378937214686
.018806378937214686
.018806378937214686
.018806378937214686
.018806378937214686
.018806378937214686
.018806378937214686
.018806378937214686
.018806378937214686
.018806378937214686
.018806378937214686
.018806378937214686
.018806378937214686
.018806378937214686
.018806378937214686
.018806378937214686
.018806378937214686
.018806378937214686
.018806378937214686
.018806378937214686
.018806378937214686
.018806378937214686
.018806378937214686
.018806378937214686
.018806378937214686
.018806378937214686
.018806378937214686
.018806378937214686
.10736176713143582
18016324452557013e-21
.018806378937214686
18016324452557013e-21
.11584568048255252
.07351499547533495
.018806378937214686
.018806378937214686
.0002938350412675131
.018806378937214686
.018806378937214686
.018806378937214686
.018806378937214686
.018806378937214686
.018806378937214686
.018806378937214686
.018806378937214686
.018806378937214686
.018806378937214686
.014849872079188586
.018806378937214686
.018806378937214686
.018806378937214686
.018806378937214686
.018806378937214686
.018806378937214686
.018806378937214686
.018806378937214686
.018806378937214686
.018806378937214686
.018806378937214686
.018806378937214686
.018806378937214686
.018806378937214686
.018806378937214686
.018806378937214686
.018806378937214686
.018806378937214686
.10736176713143582
.10736176713143582
.11584568048255252
.018806378937214686
.018806378937214686
.018806378937214686
.018806378937214686
.11584568048255252
.001140846725278566
.11922952446269328
.018806378937214686
.10736176713143582
.018806378937214686
.018806378937214686
.018806378937214686
.018806378937214686
.018806378937214686
.0002938350412675131
.018806378937214686
.018806378937214686
.10808909113258061
.018806378937214686
.0461061027768878
.018806378937214686
.018806378937214686
18016324452557013e-21
.018806378937214686
.018806378937214686
.018806378937214686
.09454861278374471
.018806378937214686
.018806378937214686
.018806378937214686
.018806378937214686
.018806378937214686
.018806378937214686
.018806378937214686
.018806378937214686
.018806378937214686
.018806378937214686
.018806378937214686
.018806378937214686
.018806378937214686
.018806378937214686
.018806378937214686
.018806378937214686
.018806378937214686
.018806378937214686
.018806378937214686
.018806378937214686
.018806378937214686
.018806378937214686
.018806378937214686
.09454861278374471
.018806378937214686
.018806378937214686
.018806378937214686
.018806378937214686
.018806378937214686
.018806378937214686
.018806378937214686
.018806378937214686
.018806378937214686
.018806378937214686
.0461061027768878
.11919253519118882
.014849872079188586
.018806378937214686
9999999999969215e-28
.11955136015735748
.11955136015735748
.014849872079188586
.014849872079188586
.0461061027768878
.0461061027768878
.0461061027768878
.0461061027768878
