.00016091670547752318
.00021634701546262083
5382235394728247e-20
54826469365048665e-21
.00012540938395792827
-.0007362003516791516
-.0002412535707817416
-24596390651439616e-22
.0002525336965980342
7163753282891019e-20
.0010460705241727448
8972396224778687e-20
.00013707668117152015
.00020226522161409006
-20987046504252557e-21
14220556285070577e-21
4121135336693402e-20
-.0021957150760324026
.00025430708292262217
-.0018425819240950755
-.001882629544699495
6239817374591278e-20
-29590843368086874e-21
-.0003438283185590066
-9238605170798632e-21
.0002095589628034986
-.002234906907904915
.03395724972121077
-.0026046835788047645
-.0012278536479066525
.001628884288352192
9177834945482777e-20
-.00012777670660635483
.0002706058354372562
0
0
-.0007968513041129707
-.00019844639308366123
-.011175729083267721
-.00041972509976572685
.03174187500075808
-.0020979034960468975
6937790045925369e-22
0
0
.00011763575934289399
.00026158626856673646
13193465315554343e-21
.0030256442927913893
-5192793618621036e-21
8186537252009137e-20
-24568123249102875e-21
-2826210417198015e-21
-.0007715492690935469
.00015921642969369965
-2714945501679845e-20
-.0014647909698643881
.000643642508786997
.0004360799892921657
.0001249891903567791
-.0004666952740881766
.0001341502390057379
-11216653687673951e-21
8893497298380987e-21
.0010147173719495344
.0010092938536453329
8971985906887767e-20
16045320457430926e-21
-1579667592063495e-20
-.0015155530501188735
-.0009189780658441789
-.002744681760096638
.00011894895235743982
-.005648550530205556
0
0
0
0
0
0
0
0
-.00019457814214728756
.0007488442206271468
.08778337439060607
.00011619283706181734
-.0035574736342669946
.00021151200926365464
.0014606894172564241
0
0
-.0016369291480060517
.0014579136515671034
-.0020349940097946365
-.004367281045455094
.0002381184301749915
.00012118316604979392
-.001119425503546227
.014971815993887354
-.007907006401335152
912850734396827e-19
.03554856961673898
-.00143036048730195
.0010819161109534
.003307460944865636
.00024945077017990744
.0007395136498780167
-29286346875674574e-21
46675442410830445e-22
-.0007471620344883781
-.0001254376281700314
-.00014541116491584066
.008753359838727277
-.0001808539384866228
.00016899798378603245
.0005348815672389127
-.0037498021675064917
.0029102624429965898
.000259283207777706
-.0724421665054076
-.0037463845650325713
0
0
0
0
0
0
-.0010187547413382507
-.0015619031415882952
.0702248546638711
0
0
0
.012354842717255442
-.0004390036087932256
-.0003668566954799556
.059423078265884874
.0036999361321630136
.013969223983781693
9962517622352954e-20
7059746267596993e-20
.00034194055444332886
8200852135487865e-20
.04880247245191962
-28829062906722995e-22
.005752478784348429
.0002549886825772442
-.001393746271249204
10916770444507261e-21
.00012000999566581958
.037024461743054564
-36960755061065716e-24
0
0
.00012764786281641748
.00023150691764659096
-.0005744280025808863
-.0007939735866944714
.0002447105174386448
-.0008168943316566439
.00036933998445047464
-.0244613637885399
.00015686292762088605
-.00225607669459809
-.0007496486901756843
785234229023974e-19
.000702188548005277
.0001549217219562504
3276527557798269e-21
.00020238105350170945
.00023674058462597533
-.0008700334247479162
.060847723716081194
.01861674689476949
-.003748652877208182
-.10254534705546832
.04014198495789988
.030245520810628097
.0001240408233421999
.0049377064160099765
9044099336488577e-20
-.002223078075789782
-.0011085152614968919
-.01677191748493584
.0012088997067483667
-.006368454493281462
-.0036639450056574463
.00403986182313439
.034912306510305476
.009550852164866987
7613491654957857e-20
51107060465814925e-22
-.0007754632532370672
0
0
0
.04228488976985825
-.007144613704831065
.007009691077094918
.05982163044081368
-.0027717471042509154
-.0029167808191842707
-.024741419437529902
-.006400630394467849
0
.06088212194550599
.0010123956073186677
-.025010277702194314
-.001281298274621874
.06922129987631673
-.0037467620097341122
.03526440554681376
-.3873458569162166
-.10797300000646318
-.015389179069628627
-.0009271599562440643
-.00559133692592596
-.00021872662744242295
.0014156901276203158
-.0018623956700285968
.0022348208954432376
-.0006592071610245594
.003380451364352823
.0011975547302473899
.057471446427314644
.00012879764562018413
.00027581138081428743
.0024261282976032576
-.00015574177913028106
-.005117191555779165
-.001380975954682341
29844765405077464e-21
-.0037482006697191323
.0010019549619894998
.008409395444584342
.0717057578108328
-.0014768096724764618
-.00520139178714629
-.005295347702522512
.02216275801214761
3925945137924783e-21
-.07074489315676777
.0037136043808896485
0
-.004500762131647488
-.005264932382404041
-.0006816911659242917
-.010734799280812427
.005454283442335456
0
-.007226825733343873
.016181600757279303
-.010788083576681404
-.003261267469672166
0
-.002027018567235027
-.008803795700013837
0
-.005610816781975567
-.0010482504269119866
.0002417369950805129
.00011990649937523985
0
-.0043310299373733735
-.00039359188854407246
0
0
0
0
0
-.0035631058801721604
0
-.0035105588786331233
-.008471003381845001
-.0050738617208435696
-.0031025137214168905
.0003983807262023977
23762196389548033e-21
-.0027302472501422137
.0007051465482905067
-.0022145395996146736
.00016655443989104914
.00010064888578145708
.002035979125982096
.00014618735374487748
.00012343563550734163
.00019992726997055345
-8888961679016424e-20
-5962880086925976e-21
0
0
4789433980258198e-20
.05017273883262898
.042419457693327785
-.2626274832750345
.021273302007553417
.0037265799900328225
.08554359063776185
-.001732769442183056
.0001254251569904873
.041502137314403394
-.0007363490362063881
0
-.006573949093723528
-.0021865940267479273
.00013495152506329435
0
0
0
0
0
.0002730083559237765
-.0013811121806583781
.003487516675740814
.0009190936582524551
.007827059218058029
-.0006200057707576878
2811508497904492e-21
-.0006220034604840104
0
.0005880020642884941
-.0001130300545002193
-.000984586214391901
-.0008207289847662401
.00302097681456211
-.0028956740023559904
-.0011537565424836146
-.0018351561389782938
934509571086882e-19
.00014548895184757584
-.000889830027703048
.00013394942088168016
57790755696028954e-21
.0009716659494300694
-.0037488949539723295
.00020964512542767885
-.000504636155073955
.00024225924384846671
5520123823507959e-20
-.0003578426403080294
-.0033983295140177713
-8965147887655831e-21
-1470411180382717e-20
-.0032771089711663487
-.000790670006466326
7872418144362717e-20
-.0008777658985230056
.0001338049507775925
0
0
0
0
.00020803793616001377
-.0016893633418016971
.00012690036662053576
7588422266198915e-20
.0009774573557634998
-28680680196933053e-21
.0008107379430761777
.0008106258774202613
.00017605351409211875
9271975584042503e-20
.00014931539745132236
996237191421184e-19
.0001401239001404293
6395286652404136e-20
5168848783987751e-20
.0030523127108406443
-.0002842339236158035
-.0005068468769448534
.02105767098320628
.03889545594840444
-.02504457586736831
.001708296014645679
-.0006603496063006464
.0008919688171429707
-.0020711549989064796
-.002212120856526511
-.001851342392110761
.00015885796022860958
7596933196739008e-20
0
0
0
0
0
0
0
0
0
0
0
0
0
0
0
0
-.0005018125062591465
.00014249066071269853
.0011058065515161023
-.000731328678965564
.00022157648512452388
-.0006183527627545393
14825357233358159e-21
-.0009019412416675652
8146667718392904e-20
-.020647129601690902
.0012789991547949207
.00021849029175353575
-.0005186790250337871
.00022780127249541756
0
0
0
0
0
0
0
0
0
0
8731316847321946e-20
.00017870423080918618
-.0004130168777637796
.0019366450654861825
9632289958500145e-20
12113449640801654e-21
8657615988828574e-20
-35600170508063504e-21
9109775846056496e-20
5549990743507555e-20
.00016990636475329197
-.00019895897416466937
7135680460390692e-21
0
0
0
0
0
95488918742141e-18
-.00035045339668525347
.00012895566685692294
7184274446900987e-20
.004644775304211851
9416642724753724e-20
.003882258667159798
.00013657936316753774
6580476005524423e-20
-.0037645971050083065
.014400970542238397
101175697859292e-19
5808273210276093e-21
9238110966255717e-20
0
0
