0
37.84073813508056
.16683009893055556
.2863450731633749
11.376855714250546
.38049602815796674
5.998992072221835
.20437814313971778
.0025125667606441414
.34464044349405853
.028214309477410368
8.474378276751846
.7559616043389645
.6632680372703063
.008860049923023555
7.584733590439522
1.0931380155899812
.0038649195353363435
.0723627310595818
.004375439286046246
.0017328905738254036
.04119367342119961
.0001283585117639681
19547546073429304e-21
.28249951621179875
0
0
.005000852898004754
.00666084464771105
.006043782024525101
.0022100175555554227
.00017824677889496208
.014104634374005814
.0013321506331814938
.010891050800828887
3366483060454566e-20
.0004790472061504437
.002886689255216641
.0005212096900603696
.005664747561813059
16379542841104865e-21
9.862562062828298
14.460022983618494
.005996308766314735
623463405762336e-19
.11352536036430957
.0073818816159332236
.0071133681518022115
.3898271780573961
0
.45066154749935083
0
3.8350604505319974
17.601450620742963
0
0
.006645452010426078
3.000379847943247
14.118104481789192
0
0
43.44152527990156
28.901006256914908
9.296432045665659
.0024751215914800982
.0006413113130398738
.0014503841674628243
.006611800715629252
0
0
0
23.99254360729068
3.3859555090361275
10.29364489399897
15.747097591511128
.0015235582150595094
.00803045027258922
.00041127128836189393
2.1219001795225063
.0003879523265591189
.0033438730349079474
.01135557704234568
.001557260547974928
.9633751074026091
1.3929295349972124
.00013174126507046617
.027370247079879704
1.304622297766598
1.5255808625414196
3.153481084517284
.0034684659251938434
.00048684276412417726
.6162834113052101
.7924150111623074
0
.49066514961364643
.762932400207247
1.9890889432394894
2.716208829884095
0
5.6960144110330315
1.9696039171190156
.5414940448671898
1.0540703248086805
.9721888151938238
.0008691507705361662
50
8.198692984179353
.4944470481529703
.06734571121426451
0
0
0
5.039265009294127
.010244422115877066
.0005317212311616256
.5244404081454976
.001309793215198346
.0002495751763862076
.016792215538954876
0
0
0
0
0
0
0
0
0
0
0
0
0
0
0
0
0
0
0
0
1.8688738944258205
0
0
0
0
.6036619023890708
1324.8523468892806
.004530631839423994
.10330652472026436
.02129873510211809
.2277499087572341
.5570284645900136
.9611107401303005
1.4380298123221
1.408293037371045
.007408436498287929
5.955681330974365
6.142320074656914
.145676071625407
.3555851987809838
5.501627173221917
3.9098191911281233
0
0
.02
.02
1
8
.02
.02
.02
.02
.02
.02
.02
.02
.02
.02
.02
.02
.02
.02
.02
.02
.02
.02
.02
.02
.02
.02
.02
.02
.02
.02
.02
.02
.02
.02
.02
.02
.02
.02
.02
.02
.02
.02
.02
.02
.02
.02
.02
.02
.5
4
.02
4
.25
.1
.02
.02
3
.02
.02
.02
.02
.02
.02
.02
.02
.02
.02
1.5
.02
.02
.02
.02
.02
.02
.02
.02
.02
.02
.02
.02
.02
.02
.02
.02
.02
.02
.5
.5
.25
.02
.02
.02
.02
.25
2.5
.35
.02
.5
.02
.02
.02
.02
.02
3
.02
.02
.2
.02
1
.02
.02
4
.02
.02
.02
.15
.02
.02
.02
.02
.02
.02
.02
.02
.02
.02
.02
.02
.02
.02
.02
.02
.02
.02
.02
.02
.02
.02
.02
.15
.02
.02
.02
.02
.02
.02
.02
.02
.02
.02
1
.3
1.5
.02
1e-12
.33
.33
1.5
1.5
1
1
1
1
