3.022700249411151
.00890646379430176
.0003797052125876644
1968514995522853e-20
6398358431797645e-28
.0013418980760772532
6.682851411522664
.6974452504452713
.04757776586699145
.019430517277742355
.0668180598541361
.7334464617864564
.6957921476390981
.05859566291629998
.0008795960566444715
.008993967097369989
.0012126929341509194
.0021926816589049095
.06815428645090078
.004863697759117618
.001919014867585369
.0032592540727190513
57192400885549404e-21
.0019331780502280574
.08261974004022207
3.7892353803093504
5986539989384092e-21
.005294604683265767
.006166230923068773
.005731212978445396
11154720740516744e-22
.0001677903492244307
.013277175716207765
.0012534831771153505
.010252153233163898
28786106351750453e-22
.002520952453186202
.0027158165129582677
5032846223954649e-20
.00531588889105723
5261346494810819e-21
.00572971127346999
.005729350892598426
.020463222875590246
.0005694544495262936
.10394347902117347
.007489558072736318
.00048061127755355456
.02337817379176076
.06147499531185694
25238592719469424e-22
.14941814179796545
2168967883087656e-20
8.455692320160079
8.009378628623274
1.152530399533096
.0061703115221039915
.0006881104298598356
.0007612474748583734
.1817648671479735
.10814379685163425
9.69733000785132
7.697750566513822
2.66129006117557
.0016865384353607568
.00034687489954496537
.0014310974491738833
.005810201309863413
.007497511210645559
3.496538882373303
.0007677356268265948
9.69733000785132
3.1876689733732038
9.69733000785132
8.932015108121709
.0014298582718782252
.008881728151132896
.00017495249951860416
2.1186271819027946
.00021867281886687038
.001849382280711855
.01082455971546727
8375532311968598e-20
.7317097871359562
.03991057379170985
17572493511507953e-21
.000517854751063957
.3715128611749014
.3451685556459037
2.452850094195632
.00013352926647754987
.0004426176621402675
.5858273668055101
.7874759181199539
.12296676573404328
.00024937483125880887
.16568808769803495
1.176193154322839
1.0185364969630897
.0735475906919865
1.3022348731188884
1.9495544979869734
.01865097614419182
.02072980630906128
8948670709034654e-20
.00013082142965826962
3.7210807306996765
4.342448038717121
.4774528453716266
.0035014529978168725
.0001296213314658298
19738248790315954e-22
4893379855669618e-23
.05157094451777221
.01584869313443636
.0005171307097745398
.35393496298306476
28761774410728385e-21
.0001759063646249737
.027828644774564655
7761486943864376e-22
0
0
0
0
0
0
0
0
0
0
0
0
0
0
0
0
0
0
0
.0790960186704122
0
0
0
0
.3004574655008604
1247.1326195578815
.004264851677562368
.09724626075827254
.020049288785683662
.21438943062552082
.019847332177211716
.3887024145685815
.013875247200832155
.3767497698052007
.004662956675335157
2.2180933846866484
2.276060118824412
.002110548404422379
.005027277549782199
.49658226474401074
.36070756795417536
.1862167645836237
.3302720490638349
.018826741296660218
.018826741296660218
.04866980913466621
24067487235538365e-26
.018826741296660218
.018826741296660218
.018826741296660218
.018826741296660218
.018826741296660218
.018826741296660218
.018826741296660218
.018826741296660218
.018826741296660218
.018826741296660218
.018826741296660218
.018826741296660218
.018826741296660218
.018826741296660218
.018826741296660218
.018826741296660218
.018826741296660218
.018826741296660218
.018826741296660218
.018826741296660218
.018826741296660218
.018826741296660218
.018826741296660218
.018826741296660218
.018826741296660218
.018826741296660218
.018826741296660218
.018826741296660218
.018826741296660218
.018826741296660218
.018826741296660218
.018826741296660218
.018826741296660218
.018826741296660218
.018826741296660218
.018826741296660218
.018826741296660218
.018826741296660218
.018826741296660218
.018826741296660218
.018826741296660218
.018826741296660218
.018826741296660218
.018826741296660218
.11030599202558612
22440520542405874e-21
.018826741296660218
22440520542405874e-21
.11742336097531887
.0739138452482755
.018826741296660218
.018826741296660218
.0003458890263450137
.018826741296660218
.018826741296660218
.018826741296660218
.018826741296660218
.018826741296660218
.018826741296660218
.018826741296660218
.018826741296660218
.018826741296660218
.018826741296660218
.016105915606920096
.018826741296660218
.018826741296660218
.018826741296660218
.018826741296660218
.018826741296660218
.018826741296660218
.018826741296660218
.018826741296660218
.018826741296660218
.018826741296660218
.018826741296660218
.018826741296660218
.018826741296660218
.018826741296660218
.018826741296660218
.018826741296660218
.018826741296660218
.018826741296660218
.11030599202558612
.11030599202558612
.11742336097531887
.018826741296660218
.018826741296660218
.018826741296660218
.018826741296660218
.11742336097531887
.0013065254175720373
.1215089758971527
.018826741296660218
.11030599202558612
.018826741296660218
.018826741296660218
.018826741296660218
.018826741296660218
.018826741296660218
.0003458890263450137
.018826741296660218
.018826741296660218
.10926513110768284
.018826741296660218
.04866980913466621
.018826741296660218
.018826741296660218
22440520542405874e-21
.018826741296660218
.018826741296660218
.018826741296660218
.09531910465162452
.018826741296660218
.018826741296660218
.018826741296660218
.018826741296660218
.018826741296660218
.018826741296660218
.018826741296660218
.018826741296660218
.018826741296660218
.018826741296660218
.018826741296660218
.018826741296660218
.018826741296660218
.018826741296660218
.018826741296660218
.018826741296660218
.018826741296660218
.018826741296660218
.018826741296660218
.018826741296660218
.018826741296660218
.018826741296660218
.018826741296660218
.09531910465162452
.018826741296660218
.018826741296660218
.018826741296660218
.018826741296660218
.018826741296660218
.018826741296660218
.018826741296660218
.018826741296660218
.018826741296660218
.018826741296660218
.04866980913466621
.12114309343460633
.016105915606920096
.018826741296660218
999999999996975e-27
.12170518776613282
.12170518776613282
.016105915606920096
.016105915606920096
.04866980913466621
.04866980913466621
.04866980913466621
.04866980913466621
