0
37.98405559673591
.1707257911451518
.30306048137294855
10.525788007866694
.36707666602625916
6.197987649625046
.20320872002467896
.0029879191696734137
.34104398258117613
.02665835233722339
8.366432244535668
.7580546825345931
.5932361053979155
.008316845586483611
7.587270306437415
1.0091768763140871
.0037477683406747053
.08047668487503713
.004431037899032123
.0017202096980096528
.04226641711454545
.00012556531483645016
18919790569845184e-21
.265616956856696
0
0
.005279087841228495
.006631565265789514
.006246476855330245
.0023362574866329904
.0001769782098046532
.013886154410052328
.0012695925900044068
.010845478679690308
3743670074851937e-20
.0005148889660891682
.002827294368982944
.0005547819648209378
.00561921175308447
15746121577904724e-21
9.060199768826651
14.011446452032839
.0053694174396895
58124433163096776e-21
.11598039492079582
.007971329270941336
.0070561427405435185
.43317271572638133
0
.45146611146985977
0
3.974345157119602
17.749026648450773
0
0
.00688091150162612
2.864683042372572
13.266600261103022
0
0
40.31881046460704
28.52541366955614
8.783287392635016
.002590975262086628
.000610541451997702
.0014783952910306648
.006789561043116566
0
0
0
23.846654373122295
3.231660342804728
9.176614675960558
15.699655274749862
.0014211954863664706
.007996972301256094
.0004075518425497417
2.176846278948399
.00038112476721539944
.0033973464376603106
.011098284653637026
.0016074289555553906
.8834297272633709
1.4155018952226186
.0001305893421409992
.02462991634408657
1.3678955548701024
1.489304317973183
3.341355105470839
.003547846213859963
.0004561714255251379
.6035428058780026
.744918395448887
0
.4758728120805624
.7283847119955571
1.9597911191916453
2.548547968519604
0
6.108192190972985
1.9811503179605532
.5266879215368659
1.1442900201050528
.9514865837299952
.0007826773001407246
50
8.20767224435734
.4444979605636868
.06219281710159815
0
0
0
4.916065468472728
.008347039205554534
.00048031303749662674
.5078715865000203
.0013605523018984243
.0002510192627186945
.015607399621911685
0
0
0
0
0
0
0
0
0
0
0
0
0
0
0
0
0
0
0
0
1.819420183300016
0
0
0
0
.5800254334515678
1335.9809173635563
.004626035574124629
.1022896480438532
.01995977285092686
.22352377467057422
.5548118342466368
1.0185993988111206
1.4428444315774756
1.340691454340153
.007832527420652793
5.937476562063568
6.268310505777834
.15254186322412436
.34916593102697535
5.636119338782846
3.678663340992154
0
0
.02
.02
1
8
.02
.02
.02
.02
.02
.02
.02
.02
.02
.02
.02
.02
.02
.02
.02
.02
.02
.02
.02
.02
.02
.02
.02
.02
.02
.02
.02
.02
.02
.02
.02
.02
.02
.02
.02
.02
.02
.02
.02
.02
.02
.02
.02
.02
.5
4
.02
4
.25
.1
.02
.02
3
.02
.02
.02
.02
.02
.02
.02
.02
.02
.02
1.5
.02
.02
.02
.02
.02
.02
.02
.02
.02
.02
.02
.02
.02
.02
.02
.02
.02
.02
.5
.5
.25
.02
.02
.02
.02
.25
2.5
.35
.02
.5
.02
.02
.02
.02
.02
3
.02
.02
.2
.02
1
.02
.02
4
.02
.02
.02
.15
.02
.02
.02
.02
.02
.02
.02
.02
.02
.02
.02
.02
.02
.02
.02
.02
.02
.02
.02
.02
.02
.02
.02
.15
.02
.02
.02
.02
.02
.02
.02
.02
.02
.02
1
.3
1.5
.02
1e-12
.33
.33
1.5
1.5
1
1
1
1
