6246236187675584e-27
37.984055596698525
.17072579113618327
.3030604813670913
10.525788007075365
.36707666602450656
6.19798764966563
.20320872003599427
.00298791916968106
.3410439825910316
.02665835233798409
8.36643224490952
.7580546825344685
.5932361054245067
.008316845586817933
7.587270306431517
1.0091768768477218
.003747768340418726
.0804766848750276
.004431037899034049
.0017202096980103972
.04226641711453133
.00012556531490814392
1891979056876462e-20
.26561695687999326
3618050705401918e-23
14121531719385562e-30
.005279087841252907
.006631565265788143
.006246476855329808
.0023362574865921837
.0001769782098046311
.013886154410050594
.0012695925900042474
.010845478679688955
37436700750214134e-21
.0005148889661204752
.002827294368982588
.0005547819648432765
.005619211753083734
15746121579581077e-21
9.060199768685647
14.011446452011134
.00536941743976853
5812443316425581e-20
.11598039492074833
.007971329270940648
.007056142740511145
.43317271572613364
8701886043623723e-26
.4514661116972514
2801718413884937e-26
3.9743451570125217
17.74902664839572
15588798350312382e-25
20734835293942185e-26
.0068809115016249395
2.864683042331024
13.266600260594528
2493545523813752e-26
20674890152411214e-27
40.318810464402226
28.525413669725953
8.78328739360718
.0025909752619496912
.00061054145195609
.0014783952910248995
.00678956104313121
4940181274841752e-24
0
7625356533515415e-27
23.846654372942123
3.2316603428047803
9.176614680910264
15.699655276706029
.0014211954863662549
.00799697230129344
.00040755184264226903
2.17684627895021
.00038112476718881523
.003397346437418707
.011098284653636622
.0016074289554397355
.8834297271941491
1.4155018950999776
.00013058934213529857
.02462991634402359
1.3678955547534415
1.4893043177927934
3.341355105608652
.0035478462138111536
.0004561714255070855
.6035428061925262
.7449183954486409
9644008787492439e-27
.47587281204024434
.7283847119536201
1.9597911191442625
2.548547969333373
3244218062354439e-25
6.10819219060682
1.9811503179895213
.5266879214857363
1.144290020026077
.9514865837069143
.0007826773001249828
49.99999999991672
8.207672244332652
.4444979605687999
.062192817096013625
5388673572743674e-28
6970957972914238e-30
31892707541418157e-25
4.916065468040379
.008347039206903313
.00048031303753385103
.5078715865069338
.0013605523017911506
.00025101926269949584
.015607399624525516
3382982666401456e-30
0
0
0
0
0
0
0
0
0
0
0
0
0
0
0
0
0
0
0
1.8194201832938355
0
0
0
0
.5800254337418904
1335.9809173633894
.004626035574124051
.10228964804384041
.019959772850924366
.2235237746705463
.5548118342221882
1.0185993988084747
1.4428444315575877
1.3406914543181596
.007832527420638022
5.937476562058384
6.268310505769752
.15254186321796
.34916593101347515
5.636119337125202
3.6786633398819073
8946506297457909e-26
15850522028677138e-26
.019999999999997502
.019999999999997502
.9999999999937538
7.999999999600241
.019999999999997502
.019999999999997502
.019999999999997502
.019999999999997502
.019999999999997502
.019999999999997502
.019999999999997502
.019999999999997502
.019999999999997502
.019999999999997502
.019999999999997502
.019999999999997502
.019999999999997502
.019999999999997502
.019999999999997502
.019999999999997502
.019999999999997502
.019999999999997502
.019999999999997502
.019999999999997502
.019999999999997502
.019999999999997502
.019999999999997502
.019999999999997502
.019999999999997502
.019999999999997502
.019999999999997502
.019999999999997502
.019999999999997502
.019999999999997502
.019999999999997502
.019999999999997502
.019999999999997502
.019999999999997502
.019999999999997502
.019999999999997502
.019999999999997502
.019999999999997502
.019999999999997502
.019999999999997502
.019999999999997502
.019999999999997502
.019999999999997502
.019999999999997502
.4999999999984384
3.9999999999000604
.019999999999997502
3.9999999999000604
.24999999999960962
.09999999999993754
.019999999999997502
.019999999999997502
2.999999999943784
.019999999999997502
.019999999999997502
.019999999999997502
.019999999999997502
.019999999999997502
.019999999999997502
.019999999999997502
.019999999999997502
.019999999999997502
.019999999999997502
1.499999999985946
.019999999999997502
.019999999999997502
.019999999999997502
.019999999999997502
.019999999999997502
.019999999999997502
.019999999999997502
.019999999999997502
.019999999999997502
.019999999999997502
.019999999999997502
.019999999999997502
.019999999999997502
.019999999999997502
.019999999999997502
.019999999999997502
.019999999999997502
.019999999999997502
.4999999999984384
.4999999999984384
.24999999999960962
.019999999999997502
.019999999999997502
.019999999999997502
.019999999999997502
.24999999999960962
2.499999999960961
.3499999999992348
.019999999999997502
.4999999999984384
.019999999999997502
.019999999999997502
.019999999999997502
.019999999999997502
.019999999999997502
2.999999999943784
.019999999999997502
.019999999999997502
.19999999999975016
.019999999999997502
.9999999999937538
.019999999999997502
.019999999999997502
3.9999999999000604
.019999999999997502
.019999999999997502
.019999999999997502
.14999999999985947
.019999999999997502
.019999999999997502
.019999999999997502
.019999999999997502
.019999999999997502
.019999999999997502
.019999999999997502
.019999999999997502
.019999999999997502
.019999999999997502
.019999999999997502
.019999999999997502
.019999999999997502
.019999999999997502
.019999999999997502
.019999999999997502
.019999999999997502
.019999999999997502
.019999999999997502
.019999999999997502
.019999999999997502
.019999999999997502
.019999999999997502
.14999999999985947
.019999999999997502
.019999999999997502
.019999999999997502
.019999999999997502
.019999999999997502
.019999999999997502
.019999999999997502
.019999999999997502
.019999999999997502
.019999999999997502
.9999999999937538
.2999999999994378
1.499999999985946
.019999999999997502
1e-12
.3299999999993198
.3299999999993198
1.499999999985946
1.499999999985946
.9999999999937538
.9999999999937538
.9999999999937538
.9999999999937538
