3.0221672966166397
.013136397215740461
.0007911631187796159
442918236965036e-19
13476381243957206e-28
.002713186966217362
6.891601968950477
.7304143440041195
.04684683377445615
.014724897451345698
.06419716808987261
.7386665513907235
.697500191490799
.05324179595184585
.0008286162772026118
.009236691610078578
.0012558034940991052
.0021257733716951244
.07581780657797865
.004982713843882927
.0019330164760726055
.0022778483765745604
42238499164751564e-21
.001921389755805547
.061283668039431104
3.7878417817269647
7095086015742773e-21
.005594500139795039
.0061342112476040055
.005924234155263372
13606913772139134e-22
.0001665979710052648
.013071650319737565
.0011946896410272808
.01020936313599182
33575397409905222e-22
.002489534719720503
.002659937431881007
5517003745590485e-20
.005273142492556057
5228617276385948e-21
.005922423917592528
.005922009401511649
.020488512499942494
.000539882879183708
.10629967150175676
.00809450456863436
.000467687477874662
.027510552117654085
.06634017051845456
28104529545569727e-22
.1410384606468469
22688281917861113e-21
8.545926221164185
8.149790601994775
1.1388950728293479
.006387213859625719
.0006408822360041623
.0007148656064816951
.17194290720422936
.10454982808920239
9.704436045111471
7.7225689446013295
2.6717477892130197
.0017908855079885396
.000323056842423712
.0014593006819668623
.005915106834919026
.007882063677053713
3.5121347529974143
.0008945513600436534
9.704436045111471
3.0430359179092834
9.658739127303306
8.986272879583915
.001334197024283219
.008700696565705887
.00017437733310651836
2.1640054908558177
.0002160826137709159
.0018936981916352492
.010575059013689637
6169397175384316e-20
.6942062619895318
.04400624859686289
16397244422288777e-21
.0005030428356193791
.398904196763214
.3701454100486414
2.5468098165258155
.00011916212137254535
.0003948917185840288
.6321251796715293
.7427437730297272
.11329166848940789
.0002403914168825957
.1609459490527307
1.1075960303718702
.9560924803657725
.07791883846190274
1.2800653985084394
1.949358482992041
.017470683610045393
.021134286345078506
9213690385308737e-20
.00012494038382774902
3.685814602792958
4.3444894778793275
.4504688778291295
.003251462105891012
.00011852701815789766
20278845471433595e-22
5132220455406681e-23
.04713671846220105
.013010338621140923
.00046939949284997406
.3417219716431631
28004519458987555e-21
.00019341341040015055
.025405344911488298
833233087420317e-21
0
0
0
0
0
0
0
0
0
0
0
0
0
0
0
0
0
0
0
.09188874582629403
0
0
0
0
.2187244367540797
1257.621760414404
.0043547051659624065
.09629006340819882
.018789074262969715
.21041345676585213
.019766174956314386
.4105764391625809
.013770435703306754
.361042087112089
.004701288389744944
2.209454079206126
2.3200332377911215
.002261242268242517
.005072404346614107
.4825314499787708
.3219591600028333
.1784457303221105
.31461487672123395
.01882694197303675
.01882694197303675
.04869612500996845
2699120490617837e-25
.01882694197303675
.01882694197303675
.01882694197303675
.01882694197303675
.01882694197303675
.01882694197303675
.01882694197303675
.01882694197303675
.01882694197303675
.01882694197303675
.01882694197303675
.01882694197303675
.01882694197303675
.01882694197303675
.01882694197303675
.01882694197303675
.01882694197303675
.01882694197303675
.01882694197303675
.01882694197303675
.01882694197303675
.01882694197303675
.01882694197303675
.01882694197303675
.01882694197303675
.01882694197303675
.01882694197303675
.01882694197303675
.01882694197303675
.01882694197303675
.01882694197303675
.01882694197303675
.01882694197303675
.01882694197303675
.01882694197303675
.01882694197303675
.01882694197303675
.01882694197303675
.01882694197303675
.01882694197303675
.01882694197303675
.01882694197303675
.01882694197303675
.01882694197303675
.11033543753202564
2256481324694894e-20
.01882694197303675
2256481324694894e-20
.11743901031535357
.07391778465959108
.01882694197303675
.01882694197303675
.000346752673529827
.01882694197303675
.01882694197303675
.01882694197303675
.01882694197303675
.01882694197303675
.01882694197303675
.01882694197303675
.01882694197303675
.01882694197303675
.01882694197303675
.016119478442623562
.01882694197303675
.01882694197303675
.01882694197303675
.01882694197303675
.01882694197303675
.01882694197303675
.01882694197303675
.01882694197303675
.01882694197303675
.01882694197303675
.01882694197303675
.01882694197303675
.01882694197303675
.01882694197303675
.01882694197303675
.01882694197303675
.01882694197303675
.01882694197303675
.11033543753202564
.11033543753202564
.11743901031535357
.01882694197303675
.01882694197303675
.01882694197303675
.01882694197303675
.11743901031535357
.0013087824253975523
.12153165574515312
.01882694197303675
.11033543753202564
.01882694197303675
.01882694197303675
.01882694197303675
.01882694197303675
.01882694197303675
.000346752673529827
.01882694197303675
.01882694197303675
.10927677950004677
.01882694197303675
.04869612500996845
.01882694197303675
.01882694197303675
2256481324694894e-20
.01882694197303675
.01882694197303675
.01882694197303675
.09532672535542676
.01882694197303675
.01882694197303675
.01882694197303675
.01882694197303675
.01882694197303675
.01882694197303675
.01882694197303675
.01882694197303675
.01882694197303675
.01882694197303675
.01882694197303675
.01882694197303675
.01882694197303675
.01882694197303675
.01882694197303675
.01882694197303675
.01882694197303675
.01882694197303675
.01882694197303675
.01882694197303675
.01882694197303675
.01882694197303675
.01882694197303675
.09532672535542676
.01882694197303675
.01882694197303675
.01882694197303675
.01882694197303675
.01882694197303675
.01882694197303675
.01882694197303675
.01882694197303675
.01882694197303675
.01882694197303675
.04869612500996845
.12116247057286277
.016119478442623562
.01882694197303675
999999999996978e-27
.12172660413104004
.12172660413104004
.016119478442623562
.016119478442623562
.04869612500996845
.04869612500996845
.04869612500996845
.04869612500996845
