44.27854467682982
.33079486310881573
1.1806901896760882
46.76684059201719
1.2865014871667952
7.88274694727786
.8390681449144289
.18194824549154864
1.3932758388428212
.07480401048997576
22.39049911308257
.8042355421987757
1.6056289478278325
.01923018233638487
9.209451908394328
11.833176806651098
.011063371504996361
.07855960363756653
.01610855960623107
.006950292669273056
.04340247886421324
.014958676514558698
.009508756349884297
1.5744298508139938
29.855993666388372
.004966636993286492
.006258792292662496
.00668691260879241
.006098723924441606
.005281983962871921
.00017733554664005842
.014853104815105989
.0013251821543214621
.01077867758512479
.0002836871856850057
.004833886244361347
.002931670695084507
.002370834020650866
.008555542573428287
.00021506829644455405
17.77411664748809
19.0756315777703
.029677280766471383
.0036954947062333584
.14364333846661628
.00990864403235496
.008936217563936632
.5897792618327923
5.327701978717777
4.7528913753190425
3.7853146657791834
5.015438908633292
21.37753331055067
20.210549725380343
1.9339162960166039
.007412091436135261
10.034634118412704
160.19807025235534
.3574899241823878
.176229384401202
54.145854386191345
55.475573486505574
17.80090259819764
.005750053974559561
.0022060095387381245
.0017890605825539453
.010721329651042538
79.93684753530044
81.47970048457992
.039266579963210445
27.600038854481117
3.5112057992954657
108.73606160057105
31.696287705812576
.0015749607552764488
.009884529490811537
.005300090571883788
2.634234975461404
.0010488010890012487
.009560026752648911
.010961390818783525
.008441203752882237
10.82702198323721
24.326195612309316
.009073961316562306
.052460316105087
26.731641836156715
133.52046751134426
8.070637213368446
.014737190217052621
.009697882469774993
4.982565245952236
1.598763325765978
12.74930193260997
10.962111197405207
6.683958270925324
7.667895501027138
6.576507299409143
3.8718671835249174
67.6866953035028
2.1802629930165307
7.91536115722778
5.354054987730397
2.625369256850583
.003376821120447569
63.19368690219565
9.017729995902643
2.1493062616606107
.4771647262220386
.017212392411678705
.00017603923458075842
53.24698729049113
107.90536855320626
.09570069445182786
.003191487398109749
.6370600561616182
.0066399104922762135
.007351139295951029
.19652562978139987
4138423683635084e-20
0
0
0
0
0
0
0
0
0
0
0
0
0
0
0
0
0
0
0
3.1587288343200974
0
0
0
0
4.537889857419208
1373.8015989018215
.004619435612119665
.09896157213200572
.020482496821843783
.2150859782914623
.8220723240293287
1.0761190261837075
1.6204714190340532
18.453958016001426
.016867388219533284
6.171080768530549
6.544276659904881
.37292027619129936
.8164645092626454
80.67361278218692
90.01812694098273
48.66294621174685
78.9885195975958
3.2002203145060033
2.2086069499375234
1.614399988184984
1.672510368144816
2.73402536061716
1.8167071647507247
2.5450748816915376
2.1029764269661686
1.8871932103144415
2.1930895397859014
2.0464990013834985
2.0231790692660674
1.3622966496639886
2.0188944125976653
1.4903349814518216
2.6179212877007454
1.8900773021444564
2.200853476875555
2.3480329032571965
1.7761161824229414
2.456251764860514
2.785602875599771
2.744004667790879
2.1724883394506636
1.8575659191460225
2.548783194964494
.02376722051331291
1.8013078288369837
2.3408778064560214
6.140249370606018
2.091137279183332
2.014841195705567
1.3631871912105664
2.984337739448195
1.4263341647648806
1.6240074423384026
3.0457991371636286
1.2910557742194357
1.9505980567598855
1.5493983523137902
2.0422867453689575
1.5200634365954044
1.9255252516570358
2.7317683287221355
2.0025815756902623
2.223860437679923
1.8618442431692912
2.3594603890447505
1.6738690322420893
2.317069691958524
2.6577666147377834
3.0639964945053912
2.413684456789225
2.080364289776583
2.154746795331388
2.9576142537332126
2.40297957442064
1.1236927167444006
2.6977469764334314
2.9321498226790115
2.1629250004102816
1.1476353175008613
1.6364587608579557
1.7850930003692118
1.9268566107904739
1.526800818001904
2.404308127678986
2.311609614028279
1.849232344238333
1.68659719986747
2.6414675978127513
2.470718216329375
1.7751841327868338
2.4379450827119244
2.40218512126995
2.1130078767585907
2.4582705536001637
2.186622428191213
2.025973917651879
2.9331701698084345
2.1859445538231856
1.9031469262415965
1.250929156159618
1.6623866788983137
1.5428377970797473
.7449389230353294
.19475200383081645
2.0608614852992613
.01192059072610257
2.5519057003597325
2.1245788881805714
2.436428737680288
1.9905205370335723
.19514651721330398
1.4219609450767305
.20481179600175034
1.0726486940547277
3.0163662408593948
1.765338098728172
1.7440804794635576
1.8625371453275963
2.3120743244475426
1.9162586718930947
2.129525557804537
2.158606338259524
2.3772277049091515
.009856830271136065
1.9305167700715744
1.9473090443439331
1.5107601997564297
2.361028887980974
1.6732935050069033
1.4169355309829015
2.1846866931545983
1.9197036616080303
2.192816443179072
1.9639262342534847
.728820789547496
1.6779609521913301
4.54427641180718
6.555594563744994
1.658386976446513
2.2602627666297628
2.540680810361024
2.481220429991387
2.880971921702239
1.9510611066300578
.0077737396787259565
1.4125586886108414
1.4075388044493005
2.7946507851776112
2.634725434782408
1.921575387369633
2.03012876008542
2.340341481823925
2.0137749028473295
2.630411368680181
2.169629452812153
2.374124787425905
1.7270382064979501
1.6369791321121097
2.235458115450044
1.2681030835118665
.2299445381329156
2.2799275893233957
5.7316278872766535
1.44231257610329
1.7515209772648301
1.9027460686789357
2.2640353538689233
1.0170485503786522
1.6535052124660812
2.291304417391774
1.9552261667585864
2.111552333342245
1.3466892676847606
2.1088806861376876
2.552005956701704
1.8956857537400609
2.5469685159242608
1.4571170707095265
1.255668509462137
1.467648685317051
2.1004516010566987
2.153301428780902
2.3344238928346615
2.678972825171591
1.2776780138677128
2.342969732931807
2.2703994136023224
2.214119860584479
2.466782019752421
1.7148694266350497
2.0064489883686893
3.0368569520806115
1.7494391708746593
1.982816693720239
.02328008941585148
2.097403846106922
.05996935999358448
1.8350469242895286
1.9198403537472184
.5436520332778877
1.4454188969740112
2.1602587969443743
1.3514598956397132
.048296794268241294
2.02147427862374
1.0826804686088773
1.5186189968615476
2.1263061995192003
1.9830584470600163
1.5215520146558217
2.4491792215925177
2.9883438399361846
2.782793135871435
.6596652682242119
.011651535297986612
1.9296642529096673
2.2389034746194323
1.9833619282689152
.05181165482160414
2.390837537085773
1.7855975746143518
2.2269721745825404
1.2493199158095187
1.1694933178778808
.006100795916566474
.004489467317994511
2.20092173954009
.5589269214948387
.14363895793324397
.8784495068588034
.18392299825304675
2.2304602686463717
.10870287279897374
.09408429266689071
1.7348788048456454
.5873149857132262
8.758312835705311
2.031519242915251
2.203829290990744
2.495434778585805
2.264688872414549
2.251646547082391
2.0970129344629567
.1208389933651037
.17906279404146946
1.8446009209113485
2.9298089046673113
1.0348720802267504
2.086987240895853
2.274502244494122
1.9393307780050166
.009786900491813667
.282063678531596
2.7719498243924106
3.5038468961916824
4.265234731309145
4.581924647501259
2.4594880561856085
.011776234701411136
2.9352693722830248
1.2796739657527416
.01465368432330404
.011242152174989837
.1577762848628285
.011874351414841822
1.8211674907655138
2.8167405183733876
.01
1.764847345451388
.014584403799552843
.0070743427638884655
1.9292633566691257
.009216467255448953
.007680541128006308
2.3169108779468233
.007053079033314424
2.2580283528068277
2.1574539500714742
1.4948139248576917
1.6556617264365836
.009229724506522442
2.026848325908457
2.1451433364342245
2.506569170642766
2.406610552587427
2.1297984244530195
2.8319115903024077
.010610065016534822
1.540616256191966
.011179659493488668
.008531716398633673
.009811447412827523
.012341152539217446
.010224884808487752
1.4929860430533468
.08878137795308784
.06785137664359245
.008834761173667827
1.3649842545998705
2.1284100965453012
.09081448330988576
1.94112901202152
1.392118342906323
.06545584213044538
2.136035311318165
1.6858704743993518
1.7775480448081982
2.9089853996112582
.008439009934198055
1.6190242138948439
2.6787283645078404
3.713370213889601
.8224307222546966
1.5898953745285382
2.196343361547095
1.4382590697156574
2.298200624436022
1.8263402341296813
1.718320224491275
2.2651622092115753
.008559105557857076
.19940380378990247
.1936950814281136
1.8905884032547482
1.4073875472266673
1.9666584965367961
1.6112981289528252
1.4314538914721415
2.1968437258433875
2.2155184910910415
1.768976554893056
1.8532900033959268
2.151174029339038
1.853701100856277
.006499012537852432
1.5719423875734275
1.967091462417674
1.7273414065657686
2.2950047138918253
3.256706611347701
1.7637996866983678
1.9482086525084905
1.8465974525164022
2.1280812493960912
.11563826611356645
1.8016650088309232
2.3245334910917475
2.2813940256070837
1.5979738990602819
2.5008081248098626
1.6821574948359923
.24038604559843174
.15464068836557388
.1318011338874426
1.6519452590722223
2.025420999977888
1.9615367025375214
2.430290043400413
1.381993474745857
1.875367142293495
1.4813396830316328
2.084780130164699
2.2078971748417846
1.66952490274805
2.252676899842294
2.2987403135779405
2.0605162688458405
2.2031549866549525
3.2469504794247563
2.0167553272395327
2.0755235177554394
1.8925511000226611
1.3894886230890682
1.9869962306258135
1.5441971050058403
2.137549342147428
1.8066796472766944
1.519277379873512
2.3458732140261804
1.8038209358355304
2.1316619663395993
1.3981962494298072
2.38683659974877
1.6048920273762977
2.6145394113965414
1.7118247366920614
2.1303571948476168
1.6068310674963207
1.9716679512279753
16.936414702347378
16.566276789654353
2.441325816251466
2.172122032522343
1.7318326489210105
1.34626612313771
1.5023378709084638
1.5563245216948434
2.6045537022572134
1.7852221660366367
1.639669593359895
2.245817234398776
1.907655450571471
2.7291263045322407
1.8342160723904273
1.9657047683536026
1.5657768316099128
1.768802809545838
1.495039268318272
1.84035837740396
1.327747297687164
2.001428882470974
2.2788767799122844
1.2078635712659078
1.884038130785748
1.6556642893946631
2.26146383407333
1.9361027059877334
2.501782879893719
1.9589331996933668
1.9970407890523747
2.4555059424648484
1.3074109721119551
2.4827036529203106
10.462942335596049
1.8344883402465642
1.6608442605867826
1.7005943219194808
3.3606760451405826
1.9610816029786644
2.023923504764854
2.7773691165343486
1.511658882530507
1.8391982186665934
2.662679441123467
1.3929678857705006
3.1484948417629393
2.5913079463089996
2.6655949818151092
2.0297434369218927
1.3862209968056685
1.6093247985391337
1.7995711679812065
.2922295309172041
2.7858080194742683
1.6935974237801272
2.536330607098607
1.7542732362113211
1.9036186293522481
2.478892538435728
1.9478354274344345
1.9926280892382167
1.9326648648797238
1.6600358564685835
1.3607541626703548
1.8571358969362006
2.5980124099891495
1.8004884510293608
1.8656374040208954
1.6006473712572764
1.5709984519334494
2.4307853080070054
3.0122269719595396
1.844284738112043
2.1330275014558135
1.8939987224597776
2.280994822891171
1.6221316846571383
1.2323829099084007
2.037957601358645
1.769495226720094
1.631980639011557
2.221065525099655
.17004693470111082
1.0135533807720605
.12380918176652715
.9708051096402837
.1039409554857219
.7991132096361224
.08815413717736634
2.0031687262425715
.17632878589588505
2.519155269966904
.0852480423168715
.9695284290309663
5.654883317286912
.3461622808353999
.11298120765703046
1.1383935078642833
.07059791494126513
.18666929879632324
.040184412856798246
.8590374972079367
.0694958341876116
1.0830751212291372
.10219220370309348
1.279506255479229
.18912253046570582
.9076124702722554
.05453686896529608
.6950324714544294
.06137832452122781
1.3796600909956322
.00021278430844036994
.0004163453359984056
.11619453832075306
.12477381447522369
