6047403590091016e-27
39.70834943217811
.1534646755650557
.2661715342576964
11.346294852024894
.41517005694742865
5.30251113420277
.19264462915467778
.0042885421233315
.2584326628602901
.03210418426939857
7.941079362024956
.7802055231347632
.5275246389235618
.007012368050049616
7.7900715842059025
.978944762382702
.004019611978097225
.07507171686597569
.0044358046632781995
.002230692984397679
.0383922666338172
.00010262875936603742
30406061395871175e-21
.2632474792602821
38633234957573593e-24
16661561858192866e-30
.0046608161541644
.00656213730927046
.005465159808141448
.0028478490872766837
.00018990538033367
.013693376133029882
.001244081311667904
.009206709654530439
3385087259804064e-20
.0005768461720376607
.0029045252101496167
.00043527283245381227
.004966064776327194
15821677469140343e-21
8.30317762705515
16.31212612095402
.006659466231429078
7466636365559627e-20
.10780927122578214
.008616104187121137
.006660254731248374
.4150703761564742
9478290105475599e-26
.4531067443054399
36063452816357244e-27
4.198141915062679
16.89361017472812
16252239061230545e-25
19447304416434985e-26
.008125386586227067
3.428185049046078
16.696022086609652
25839076184543004e-27
2040539290078006e-26
43.645190017773835
26.074466564006396
8.485669011887989
.0026818340761845323
.000494554893727254
.0014448102970794042
.005818542383190206
5132135981811949e-24
0
7137199634887862e-27
21.99326588154136
3.275292359926394
8.798545737287121
16.11390625591681
.0014874686332231784
.006866645169269291
.0004151275296579122
1.7710577262698786
.0004075236311177462
.0036309464479376222
.011530083921814269
.001901684367398674
.9776787233851344
1.4890043524386498
.00017053611709783967
.025978040703022967
1.2584080997955953
1.805332465123851
3.524862418910251
.003558549573119168
.0004312736950729837
.6400216561087304
.6875463299050385
10303381012680685e-27
.5003501364924812
.7465281738564098
2.0465264396787632
2.810031959144172
3396938570586301e-25
6.767596417819313
2.0157785210366947
.6787791637270383
1.1598117913316255
.9687176162470849
.0009913550438803776
43.79497526301051
8.359263574334243
.4384701374276164
.07766975094038446
5266379320503447e-28
6069391967969312e-30
3857320128435918e-24
4.69508049472081
.012481149328961896
.0005167437274558654
.5051723010476327
.0015845924107445583
.00022477707328992538
.016526254094222478
30227643635504675e-31
0
0
0
0
0
0
0
0
0
0
0
0
0
0
0
0
0
0
0
1.9312013276549966
0
0
0
0
.5654919817254138
1363.343024653772
.004145418927464183
.10077500606420085
.018549867040917278
.2414615257990862
.4956461612493647
.9640808163652911
1.224890748929416
1.793034924730506
.007466968795856822
6.073504026431713
6.432717488664108
.13238992751569123
.3852723700011287
5.416055345985427
3.9353485050347636
8268913884910428e-26
11724509923708752e-26
.019999999999997582
.019999999999997582
.9999999999939526
7.9999999996129665
.019999999999997582
.019999999999997582
.019999999999997582
.019999999999997582
.019999999999997582
.019999999999997582
.019999999999997582
.019999999999997582
.019999999999997582
.019999999999997582
.019999999999997582
.019999999999997582
.019999999999997582
.019999999999997582
.019999999999997582
.019999999999997582
.019999999999997582
.019999999999997582
.019999999999997582
.019999999999997582
.019999999999997582
.019999999999997582
.019999999999997582
.019999999999997582
.019999999999997582
.019999999999997582
.019999999999997582
.019999999999997582
.019999999999997582
.019999999999997582
.019999999999997582
.019999999999997582
.019999999999997582
.019999999999997582
.019999999999997582
.019999999999997582
.019999999999997582
.019999999999997582
.019999999999997582
.019999999999997582
.019999999999997582
.019999999999997582
.019999999999997582
.019999999999997582
.49999999999848815
3.9999999999032414
.019999999999997582
3.9999999999032414
.24999999999962202
.09999999999993953
.019999999999997582
.019999999999997582
2.9999999999455733
.019999999999997582
.019999999999997582
.019999999999997582
.019999999999997582
.019999999999997582
.019999999999997582
.019999999999997582
.019999999999997582
.019999999999997582
.019999999999997582
1.4999999999863933
.019999999999997582
.019999999999997582
.019999999999997582
.019999999999997582
.019999999999997582
.019999999999997582
.019999999999997582
.019999999999997582
.019999999999997582
.019999999999997582
.019999999999997582
.019999999999997582
.019999999999997582
.019999999999997582
.019999999999997582
.019999999999997582
.019999999999997582
.019999999999997582
.49999999999848815
.49999999999848815
.24999999999962202
.019999999999997582
.019999999999997582
.019999999999997582
.019999999999997582
.24999999999962202
2.499999999962204
.3499999999992592
.019999999999997582
.49999999999848815
.019999999999997582
.019999999999997582
.019999999999997582
.019999999999997582
.019999999999997582
2.9999999999455733
.019999999999997582
.019999999999997582
.19999999999975812
.019999999999997582
.9999999999939526
.019999999999997582
.019999999999997582
3.9999999999032414
.019999999999997582
.019999999999997582
.019999999999997582
.1499999999998639
.019999999999997582
.019999999999997582
.019999999999997582
.019999999999997582
.019999999999997582
.019999999999997582
.019999999999997582
.019999999999997582
.019999999999997582
.019999999999997582
.019999999999997582
.019999999999997582
.019999999999997582
.019999999999997582
.019999999999997582
.019999999999997582
.019999999999997582
.019999999999997582
.019999999999997582
.019999999999997582
.019999999999997582
.019999999999997582
.019999999999997582
.1499999999998639
.019999999999997582
.019999999999997582
.019999999999997582
.019999999999997582
.019999999999997582
.019999999999997582
.019999999999997582
.019999999999997582
.019999999999997582
.019999999999997582
.9999999999939526
.2999999999994557
1.4999999999863933
.019999999999997582
1e-12
.32999999999934143
.32999999999934143
1.4999999999863933
1.4999999999863933
.9999999999939526
.9999999999939526
.9999999999939526
.9999999999939526
