3.03630069979115
.00714683722808999
.00033151851158624124
1102559125271018e-20
6783351858119736e-28
.0014105113777972645
5.791443871710715
.706425840450404
.04826145980705362
.015865217921871542
.07406071815243799
.7689881041617064
.7162748096311068
.05197573269970176
.000768196498108066
.009879205961585959
.0013017975372810924
.002301378548962716
.07071218230873126
.004933577149306629
.002455748762499671
.002298950614298984
44824794972131116e-21
.0020486481426193795
.07619441359948076
3.7306495704370737
4657557825063296e-21
.004914086224641134
.0060637046018506245
.005189190990612613
17525885092355343e-22
.00017871642015035655
.012886539402206708
.001170364673134986
.008664263686528012
34593863139542212e-22
.002504240638778949
.0027318845612995636
4825478803850785e-20
.004658320126812509
59410209339918374e-22
.0051868615525333265
.005186492672398894
.01961676325190532
.0006520723661159076
.09846056266081189
.008752843900337936
.0005358074106775573
.029610902582731656
.08132636467093005
281663336344726e-20
.1605128686086223
22740825959167766e-21
8.178247416995267
7.845715764823231
1.0742767796632315
.0075323319199660545
.0007073783329732115
.0007674458067668073
.16879208988591327
.1041839814747469
9.515990669451327
7.683832356395309
2.5516476150254075
.0018326867603546805
.0002839385175415488
.0013940390649883083
.005337273150911849
.006718459190220182
3.4597767405117352
.0007898435417088811
9.515990669451327
3.0827049475704467
9.515990669451327
8.762077621987117
.0013954668657256831
.007536058996026582
.0001607006199967701
1.8100544384433608
.0002259118529193733
.0020381453693746384
.010976652969110923
8687469435081383e-20
.7031030942644843
.026547549791224593
2427577583136333e-20
.0002988874324968585
.3736618752426685
.35001144481911484
2.5058950467794068
.00013845824261460887
.0004027310616457823
.7090046651866028
.7026802178420477
.13580303526479776
.0002486200392076535
.1272145841352033
1.1430813204345114
1.0157732852145158
.06445448659504716
1.3827951278412183
1.985725734651035
.027038233775709516
.023826214080464276
8742792893250975e-20
.00017731406330708365
3.8107948293275786
4.403004079722138
.4395131284304448
.004029068997924078
9551177499359171e-20
135872951279415e-20
5362612030760501e-23
.05145628208807174
.01728945237810218
.000491820455939748
.33572960007048785
3656896040914795e-20
.00017760862954422084
.024304830574258002
6070337756521364e-22
0
0
0
0
0
0
0
0
0
0
0
0
0
0
0
0
0
0
0
.060994979852786964
0
0
0
0
.26111399502110855
1283.016281733828
.003901175186556462
.09483744826803975
.017456928305727495
.22723486562832962
.017084635629409723
.3918502034239318
.011266671934767283
.3339487341632287
.004500505742535027
2.251915502797279
2.3780459132925422
.0017458396444395066
.005004919545994795
.49078036355554755
.3657555758488161
.1805943838879173
.2560760821323581
.018821620949863317
.018821620949863317
.04801237442702935
2300007991524309e-25
.018821620949863317
.018821620949863317
.018821620949863317
.018821620949863317
.018821620949863317
.018821620949863317
.018821620949863317
.018821620949863317
.018821620949863317
.018821620949863317
.018821620949863317
.018821620949863317
.018821620949863317
.018821620949863317
.018821620949863317
.018821620949863317
.018821620949863317
.018821620949863317
.018821620949863317
.018821620949863317
.018821620949863317
.018821620949863317
.018821620949863317
.018821620949863317
.018821620949863317
.018821620949863317
.018821620949863317
.018821620949863317
.018821620949863317
.018821620949863317
.018821620949863317
.018821620949863317
.018821620949863317
.018821620949863317
.018821620949863317
.018821620949863317
.018821620949863317
.018821620949863317
.018821620949863317
.018821620949863317
.018821620949863317
.018821620949863317
.018821620949863317
.018821620949863317
.10955842950231474
2127877266561929e-20
.018821620949863317
2127877266561929e-20
.1170247860822828
.07381338741406666
.018821620949863317
.018821620949863317
.0003321437667685987
.018821620949863317
.018821620949863317
.018821620949863317
.018821620949863317
.018821620949863317
.018821620949863317
.018821620949863317
.018821620949863317
.018821620949863317
.018821620949863317
.015780747815780566
.018821620949863317
.018821620949863317
.018821620949863317
.018821620949863317
.018821620949863317
.018821620949863317
.018821620949863317
.018821620949863317
.018821620949863317
.018821620949863317
.018821620949863317
.018821620949863317
.018821620949863317
.018821620949863317
.018821620949863317
.018821620949863317
.018821620949863317
.018821620949863317
.10955842950231474
.10955842950231474
.1170247860822828
.018821620949863317
.018821620949863317
.018821620949863317
.018821620949863317
.1170247860822828
.001262963363957034
.12093194776271397
.018821620949863317
.10955842950231474
.018821620949863317
.018821620949863317
.018821620949863317
.018821620949863317
.018821620949863317
.0003321437667685987
.018821620949863317
.018821620949863317
.10896832386715712
.018821620949863317
.04801237442702935
.018821620949863317
.018821620949863317
2127877266561929e-20
.018821620949863317
.018821620949863317
.018821620949863317
.09512484542804815
.018821620949863317
.018821620949863317
.018821620949863317
.018821620949863317
.018821620949863317
.018821620949863317
.018821620949863317
.018821620949863317
.018821620949863317
.018821620949863317
.018821620949863317
.018821620949863317
.018821620949863317
.018821620949863317
.018821620949863317
.018821620949863317
.018821620949863317
.018821620949863317
.018821620949863317
.018821620949863317
.018821620949863317
.018821620949863317
.018821620949863317
.09512484542804815
.018821620949863317
.018821620949863317
.018821620949863317
.018821620949863317
.018821620949863317
.018821620949863317
.018821620949863317
.018821620949863317
.018821620949863317
.018821620949863317
.04801237442702935
.12064981980382274
.015780747815780566
.018821620949863317
9999999999969661e-28
.12116018014935932
.12116018014935932
.015780747815780566
.015780747815780566
.04801237442702935
.04801237442702935
.04801237442702935
.04801237442702935
