3.03630069979115
.007147171700420417
.0003298797486130576
11026742913797208e-21
692154118250843e-27
.001410555530188157
5.791443867202905
.7064258596285735
.048021238859263515
.015865234237897874
.07406071503122486
.7690073148754549
.7162748155444812
.05197703113744187
.0007682161683309548
.009889327656464143
.0013215605751181708
.002289272384914277
.07071218236071132
.004933577139009346
.0024557487577133736
.002298953141496441
4545247639860133e-20
.0020373323934432773
.07619449916653119
3.7335972043669723
4636312592356057e-21
.00491408617930063
.006063699605407148
.005189190123786861
17525884488215082e-22
.00017871642015043258
.012886539402211995
.0011703646811444892
.008664263686531698
34594724481274265e-22
.0025042407273389105
.0027318845901924825
48255977031914674e-21
.004658320133758479
5941169849304684e-21
.005186861416160203
.005186492648182928
.01961683880037115
.0006520723684187255
.09846056278543312
.008752843709763442
.0005356716766633905
.0296033578644349
.08086332843206534
28585720188608383e-22
.16158629751358222
2276213457963957e-20
8.178239119724486
7.845714300816976
1.0742765485748036
.00753232952584955
.000707572853260461
.0007676820786766818
.16879204906303585
.10418396445979106
9.515990669451327
7.682497940652731
2.5573767460007244
.0018241174132905223
.00028235806099419296
.0013940379130144768
.005337275643816029
.006724871782112304
3.4602048253151363
.0007905724282000124
9.515990669451327
3.0827047722600143
9.515990669451327
8.807699730906371
.0013954668358374638
.007536080920694425
.0001618619288331387
1.81005376695524
.00022464897092557066
.0020271152518735332
.010976650573677589
863856991047465e-19
.6994127638067251
.026416913462693856
2420948279840405e-20
.00029898811667939464
.3716951525522611
.34812286295333184
2.5052019286431406
.00013886245939955373
.0004005639637511903
.7188355114887558
.7033670117713724
.13510678995059064
.0002473449191170223
.1267965183133247
1.1430589721537412
1.0157730790523172
.06451368800946165
1.3796811664143422
1.9857248531794645
.026972405993837194
.023779686907476408
8745186777519434e-20
.0001772733392944413
3.8098373663178378
4.400779435519582
.4395127326674912
.004007467499088712
9559963544069817e-20
1359981736404676e-21
5364451621486096e-23
.05134567947747594
.017289321655685835
.0004891923374339532
.3357294278730502
3648793712842807e-20
.00017672584009332376
.024304641526435855
6075882315200184e-22
0
0
0
0
0
0
0
0
0
0
0
0
0
0
0
0
0
0
0
.06099581556727223
0
0
0
0
.2642944399611972
1283.016281734374
.003901175186558121
.09483744826808009
.01745692830573492
.2272348656284263
.01701994174502772
.391849376227327
.011266777267813432
.3339682977801244
.004501778979998612
2.251915940033625
2.378048577014493
.0017458509726477737
.005004962953936714
.49078147413820283
.36575682275543264
.18059616454803998
.2560788826588339
.018821620949871325
.018821620949871325
.04801251262609169
234680269257429e-24
.018821620949871325
.018821620949871325
.018821620949871325
.018821620949871325
.018821620949871325
.018821620949871325
.018821620949871325
.018821620949871325
.018821620949871325
.018821620949871325
.018821620949871325
.018821620949871325
.018821620949871325
.018821620949871325
.018821620949871325
.018821620949871325
.018821620949871325
.018821620949871325
.018821620949871325
.018821620949871325
.018821620949871325
.018821620949871325
.018821620949871325
.018821620949871325
.018821620949871325
.018821620949871325
.018821620949871325
.018821620949871325
.018821620949871325
.018821620949871325
.018821620949871325
.018821620949871325
.018821620949871325
.018821620949871325
.018821620949871325
.018821620949871325
.018821620949871325
.018821620949871325
.018821620949871325
.018821620949871325
.018821620949871325
.018821620949871325
.018821620949871325
.018821620949871325
.10955844843004776
21298732251139544e-21
.018821620949871325
21298732251139544e-21
.11702478732060156
.07381338743382125
.018821620949871325
.018821620949871325
.0003322347861128097
.018821620949871325
.018821620949871325
.018821620949871325
.018821620949871325
.018821620949871325
.018821620949871325
.018821620949871325
.018821620949871325
.018821620949871325
.018821620949871325
.015780987276375127
.018821620949871325
.018821620949871325
.018821620949871325
.018821620949871325
.018821620949871325
.018821620949871325
.018821620949871325
.018821620949871325
.018821620949871325
.018821620949871325
.018821620949871325
.018821620949871325
.018821620949871325
.018821620949871325
.018821620949871325
.018821620949871325
.018821620949871325
.018821620949871325
.10955844843004776
.10955844843004776
.11702478732060156
.018821620949871325
.018821620949871325
.018821620949871325
.018821620949871325
.11702478732060156
.0012631236896537468
.12093195271856073
.018821620949871325
.10955844843004776
.018821620949871325
.018821620949871325
.018821620949871325
.018821620949871325
.018821620949871325
.0003322347861128097
.018821620949871325
.018821620949871325
.10896832433754969
.018821620949871325
.04801251262609169
.018821620949871325
.018821620949871325
21298732251139544e-21
.018821620949871325
.018821620949871325
.018821620949871325
.09512484555745145
.018821620949871325
.018821620949871325
.018821620949871325
.018821620949871325
.018821620949871325
.018821620949871325
.018821620949871325
.018821620949871325
.018821620949871325
.018821620949871325
.018821620949871325
.018821620949871325
.018821620949871325
.018821620949871325
.018821620949871325
.018821620949871325
.018821620949871325
.018821620949871325
.018821620949871325
.018821620949871325
.018821620949871325
.018821620949871325
.018821620949871325
.09512484555745145
.018821620949871325
.018821620949871325
.018821620949871325
.018821620949871325
.018821620949871325
.018821620949871325
.018821620949871325
.018821620949871325
.018821620949871325
.018821620949871325
.04801251262609169
.12064982246186011
.015780987276375127
.018821620949871325
9999999999969661e-28
.1211601840669419
.1211601840669419
.015780987276375127
.015780987276375127
.04801251262609169
.04801251262609169
.04801251262609169
.04801251262609169
