3.018747450415676
.007393017152070276
.0003407960035944138
11503966883677379e-21
8169606934719308e-28
.0014398031719881806
5.79490539373751
.7063309813360487
.048505767973419656
.016046813999227198
.07408257822862314
.7703397999994908
.7165592190272682
.05206522704894564
.0007695097476721274
.010487719533837545
.0013838991348432347
.002315680266991277
.07073841496351291
.004932010104941677
.0024550773723745803
.002326670271372737
4541859314136233e-20
.002061924662638186
.07712327279961236
3.745465807170656
4694275395453344e-21
.004916631959702352
.006066284322599905
.005190935462297767
17531605541092142e-22
.00017877917188620793
.012891064422055195
.0011707777545489151
.008667305920013928
34651380752227335e-22
.002503639234194151
.0027328515336229255
4833471184653137e-20
.004660039089627101
5948390965563103e-21
.005188597967957094
.005188224353193301
.019619789429277258
.0006494616797398104
.09849890803756436
.008755200772920201
.0005368628825092981
.029675228295079875
.0826750084973459
30280216562632492e-22
.1672167999926898
24407974904020317e-21
8.212017791994015
7.880087288957092
1.0771639721383157
.007535413015198961
.0007457560669240607
.0008090832730091635
.16931823284157313
.10444470444671997
9.750033994457652
7.865074375696408
2.613350048112614
.0018426900223147608
.0002858358678118572
.0013944446880187842
.005340035323238249
.0069260516010685655
3.471484451174033
.0007934924868895546
9.750033994457652
3.0838161626429077
9.750033994457652
9.037045764611594
.0013959995293914922
.00753870232803312
.00016775182233262983
1.810328410391111
.00022739135850719994
.0020511350107476666
.01098029142647017
8845495593334074e-20
.7076828010026385
.02765709875993715
2441407630196966e-20
.0003103295249853661
.3781993844529511
.35429826721995467
2.524655192646934
.00013834655642137286
.00039993907165416874
.7102372166293879
.7068164532397786
.13577057618569358
.00026011037612799846
.12857586154928013
1.1510940968603252
1.022555096287936
.0650477154298635
1.3872941843919437
1.987139139358133
.0271439593652441
.02394619211481004
9227635391334852e-20
.00017729998904994203
3.818741046578602
4.421151640637237
.44057011158553483
.004117561280589725
9646771395047128e-20
13735515017438622e-22
58062884887970895e-24
.051777801518074255
.017407474656134965
.0004976344266510925
.3367061536000485
3676198968321486e-20
.00017860254117828926
.02448585790499818
6132736798490578e-22
0
0
0
0
0
0
0
0
0
0
0
0
0
0
0
0
0
0
0
.06361803900266064
0
0
0
0
.26937339919471104
1283.4667829021514
.0039025449930074
.09487074822054527
.01746305789793067
.22731465383827423
.01746016586847382
.3938284260747422
.01159067399045177
.3351812582764638
.004562398894449657
2.26435092716872
2.391374991897551
.0017899821029595875
.005132056099216449
.4951325458050049
.36883818570412136
.18190623815541246
.2579400361427748
.018828229721979752
.018828229721979752
.04886270079217273
26921702537292984e-26
.018828229721979752
.018828229721979752
.018828229721979752
.018828229721979752
.018828229721979752
.018828229721979752
.018828229721979752
.018828229721979752
.018828229721979752
.018828229721979752
.018828229721979752
.018828229721979752
.018828229721979752
.018828229721979752
.018828229721979752
.018828229721979752
.018828229721979752
.018828229721979752
.018828229721979752
.018828229721979752
.018828229721979752
.018828229721979752
.018828229721979752
.018828229721979752
.018828229721979752
.018828229721979752
.018828229721979752
.018828229721979752
.018828229721979752
.018828229721979752
.018828229721979752
.018828229721979752
.018828229721979752
.018828229721979752
.018828229721979752
.018828229721979752
.018828229721979752
.018828229721979752
.018828229721979752
.018828229721979752
.018828229721979752
.018828229721979752
.018828229721979752
.018828229721979752
.11052422996837839
22844113917468635e-21
.018828229721979752
22844113917468635e-21
.11753945682883618
.0739430676917068
.018828229721979752
.018828229721979752
.00035018136505364815
.018828229721979752
.018828229721979752
.018828229721979752
.018828229721979752
.018828229721979752
.018828229721979752
.018828229721979752
.018828229721979752
.018828229721979752
.018828229721979752
.016201969662791565
.018828229721979752
.018828229721979752
.018828229721979752
.018828229721979752
.018828229721979752
.018828229721979752
.018828229721979752
.018828229721979752
.018828229721979752
.018828229721979752
.018828229721979752
.018828229721979752
.018828229721979752
.018828229721979752
.018828229721979752
.018828229721979752
.018828229721979752
.018828229721979752
.11052422996837839
.11052422996837839
.11753945682883618
.018828229721979752
.018828229721979752
.018828229721979752
.018828229721979752
.11753945682883618
.0013197563548615716
.12167720069678682
.018828229721979752
.11052422996837839
.018828229721979752
.018828229721979752
.018828229721979752
.018828229721979752
.018828229721979752
.00035018136505364815
.018828229721979752
.018828229721979752
.10935154616198746
.018828229721979752
.04886270079217273
.018828229721979752
.018828229721979752
22844113917468635e-21
.018828229721979752
.018828229721979752
.018828229721979752
.09537563807354206
.018828229721979752
.018828229721979752
.018828229721979752
.018828229721979752
.018828229721979752
.018828229721979752
.018828229721979752
.018828229721979752
.018828229721979752
.018828229721979752
.018828229721979752
.018828229721979752
.018828229721979752
.018828229721979752
.018828229721979752
.018828229721979752
.018828229721979752
.018828229721979752
.018828229721979752
.018828229721979752
.018828229721979752
.018828229721979752
.018828229721979752
.09537563807354206
.018828229721979752
.018828229721979752
.018828229721979752
.018828229721979752
.018828229721979752
.018828229721979752
.018828229721979752
.018828229721979752
.018828229721979752
.018828229721979752
.04886270079217273
.12128683663064516
.016201969662791565
.018828229721979752
9999999999969837e-28
.1218640490295661
.1218640490295661
.016201969662791565
.016201969662791565
.04886270079217273
.04886270079217273
.04886270079217273
.04886270079217273
