1.4972607867712726
.6905691925798086
.011570200108053907
.0014300641480211474
50210805832305535e-22
.03435150721946369
6.0774934355619346
.6732905079641561
.05851060714002075
.059689006393327707
.07537813091560838
4.948940935256596
.7432403449124764
.33331389539754325
.004625602994817686
3.190228186660245
.42280556116124884
.0033330148374712443
.07303397834283806
.004765955503277403
.0023822867977367117
.008716050413060632
.00015428685904751903
.0029511607690834688
.2979446388356303
17.577494822781667
.00013681820345929117
.005126041912015214
.006303071591169998
.005339368143415509
18290601505567504e-22
.00018430296001555667
.013289384691530789
.0012071730980378963
.008935101742654925
21702720041881415e-21
.0023454525759268527
.002818090988627171
.00028765393391769564
.004811588995544847
35644173718651985e-21
.005418033173011053
.005552150165890595
.01968398181403249
.0003912740213586137
.10192530434388099
.008912528437059352
.0009073741753826112
.05114100727569042
.3088682193732436
.0012694917829907443
.66012160716837
.010332189536157596
11.569274409788692
10.811989543298685
1.282514378278136
.007830214132030862
.07038847597915548
.07659840092240681
.20756866621250808
.122909703869396
30.0365228430497
23.902277051384136
8.123781583008608
.0024946304876995082
.0004223228706259692
.0014372268651816778
.005573358018915162
2.890048633372952
6.904691439937107
.019900610224619714
20.89063510359539
3.1817930556257386
9.689146740044485
19.48454737350388
.001441466071723341
.007709837297981231
.0006468174324704023
1.8333424174327222
.00033435511942870336
.0029838399674613396
.011286559355462458
.00045086758201175295
1.0133131505049784
.692743525000274
37026690620380695e-21
.007920881156104028
.8359564739575549
.7526252671598335
3.4831732471421732
.0001647412807404284
5280715070290781e-20
.7016955517324588
.7436991146304016
.08252036881031198
.01037218027558307
.23239166441167727
1.6023527951588448
1.5108246927524966
2.0784693497461215
1.6851640271854937
2.0768173616875245
.036389017721875624
.037931494787649844
.009714915269432328
.00023249227028129737
6.491039129294649
6.171628178045894
.5200550433397407
.021289670948697978
.0034886784747257473
56742245334678706e-21
.0005602462153507484
.09218653875318317
.024754202523424054
.0009112458540947852
.42680244860625266
5908166061172313e-20
.00023058273003641303
.035766545427552913
19139308977714227e-21
0
0
0
0
0
0
0
0
0
0
0
0
0
0
0
0
0
0
0
.7460815555172129
0
0
0
0
.571417509354637
1323.1226332850772
.004023123680681264
.09780201239291691
.01800262185116584
.23433809692425273
.10032033854993548
.6171162950107438
.12330422065680628
.3919486228900215
.00634395396742118
3.039306504889807
3.3710958288922583
.014334763128009863
.04170747049722443
.8332832390236424
.6014693578480161
.25094397508975613
.35604994253085837
.019409974002997973
.019409974002997973
.22374219379489316
5023402418808488e-20
.019409974002997973
.019409974002997973
.019409974002997973
.019409974002997973
.019409974002997973
.019409974002997973
.019409974002997973
.019409974002997973
.019409974002997973
.019409974002997973
.019409974002997973
.019409974002997973
.019409974002997973
.019409974002997973
.019409974002997973
.019409974002997973
.019409974002997973
.019409974002997973
.019409974002997973
.019409974002997973
.019409974002997973
.019409974002997973
.019409974002997973
.019409974002997973
.019409974002997973
.019409974002997973
.019409974002997973
.019409974002997973
.019409974002997973
.019409974002997973
.019409974002997973
.019409974002997973
.019409974002997973
.019409974002997973
.019409974002997973
.019409974002997973
.019409974002997973
.019409974002997973
.019409974002997973
.019409974002997973
.019409974002997973
.019409974002997973
.019409974002997973
.019409974002997973
.23650697601148085
.010024052571705378
.019409974002997973
.010024052571705378
.17194002448908807
.08609437749901822
.019409974002997973
.019409974002997973
.03360181750020347
.019409974002997973
.019409974002997973
.019409974002997973
.019409974002997973
.019409974002997973
.019409974002997973
.019409974002997973
.019409974002997973
.019409974002997973
.019409974002997973
.1587497447511127
.019409974002997973
.019409974002997973
.019409974002997973
.019409974002997973
.019409974002997973
.019409974002997973
.019409974002997973
.019409974002997973
.019409974002997973
.019409974002997973
.019409974002997973
.019409974002997973
.019409974002997973
.019409974002997973
.019409974002997973
.019409974002997973
.019409974002997973
.019409974002997973
.23650697601148085
.23650697601148085
.17194002448908807
.019409974002997973
.019409974002997973
.019409974002997973
.019409974002997973
.17194002448908807
.05919824650496953
.20724297124033356
.019409974002997973
.23650697601148085
.019409974002997973
.019409974002997973
.019409974002997973
.019409974002997973
.019409974002997973
.03360181750020347
.019409974002997973
.019409974002997973
.14824483673913455
.019409974002997973
.22374219379489316
.019409974002997973
.019409974002997973
.010024052571705378
.019409974002997973
.019409974002997973
.019409974002997973
.11982665731628128
.019409974002997973
.019409974002997973
.019409974002997973
.019409974002997973
.019409974002997973
.019409974002997973
.019409974002997973
.019409974002997973
.019409974002997973
.019409974002997973
.019409974002997973
.019409974002997973
.019409974002997973
.019409974002997973
.019409974002997973
.019409974002997973
.019409974002997973
.019409974002997973
.019409974002997973
.019409974002997973
.019409974002997973
.019409974002997973
.019409974002997973
.11982665731628128
.019409974002997973
.019409974002997973
.019409974002997973
.019409974002997973
.019409974002997973
.019409974002997973
.019409974002997973
.019409974002997973
.019409974002997973
.019409974002997973
.22374219379489316
.1914457040409049
.1587497447511127
.019409974002997973
9999999999985044e-28
.20134031680420209
.20134031680420209
.1587497447511127
.1587497447511127
.22374219379489316
.22374219379489316
.22374219379489316
.22374219379489316
