2.9959344766829266
.007727947711605901
.00035376614486427047
12158852091976204e-21
1016973432178618e-27
.0014794048388903705
5.799396408840269
.7062022569034259
.04888351928785655
.016286409323313326
.07411097996656087
.7722031750759402
.7169290025951386
.05218873888217356
.0007713210596038273
.01133744378415693
.001493787672275279
.0023373942389261996
.070772526538257
.004929963910204067
.002454200170608269
.0023632457672549817
4605254869620855e-20
.0020821131992219757
.07834926770699505
3.759915365750602
4741641768171616e-21
.004919935589925148
.006069647379910416
.005193202189827292
17539036502394028e-22
.0001788607597249539
.012896947711185066
.0011713148459810993
.008671261336569687
34730898744531763e-22
.0025028339105348505
.0027341088182436723
484451616441448e-19
.004662274115084784
595873487945458e-20
.005190853922991856
.005190474059347248
.019624208056368296
.0006460575210369186
.09854876783319019
.00875825792554146
.0005382480929113678
.029758693263503295
.08457746370757172
33123967855130884e-22
.17386088959311216
2673067646556556e-20
8.256075009745379
7.924828881711143
1.0809076077482065
.007539436195490733
.000798519149761758
.0008662699404026451
.17000102463742195
.10478268508665504
10.05420697756098
8.100930523386195
2.692292413617513
.001857869228716003
.00028870512987481717
.0013949970959687094
.005343505323275979
.007194469192197919
3.485865642498658
.0007970462764718123
10.05420697756098
3.0852611847343785
9.810428552946197
9.301333488705948
.0013966914235305416
.007542132778382745
.00017468354352531636
1.8106875748902105
.00022964232623034193
.0020708742559083578
.010985018224387896
9067804950365747e-20
.7146061155504825
.02920776721582008
24609091474790092e-21
.00032588453312160245
.3846646169458825
.3604103466079703
2.5485383505104213
.0001381017396110777
.00039655801763896736
.7095455140087854
.7105106448006023
.13588489979011306
.00027614214158891415
.13045656395499114
1.1614544768746577
1.0313685271337891
.06571824880290934
1.3937863856884884
1.98894877536727
.027295317492438336
.024112151419907968
9895319181349675e-20
.00017728130726603325
3.829169204789644
4.445359484326494
.44194680157702537
.004240944865909561
975622783196362e-19
13907098854898574e-22
6423785210158699e-23
.052221600599139835
.017558960150748433
.0005058614232008791
.337975820376555
3703092588281357e-20
.00018011842800682288
.024718355455564407
620441785596738e-21
0
0
0
0
0
0
0
0
0
0
0
0
0
0
0
0
0
0
0
.06714424565144275
0
0
0
0
.2792658138406037
1284.0525103939276
.003904325972399113
.09491404377453888
.017471027401495205
.2274183919667637
.01797684296919934
.3964231525852202
.012024933664919328
.33675478242407414
.004639267640618519
2.2805620374845033
2.4087673816362503
.0018489606871025426
.005301949605694395
.5007975823543315
.3728471119749788
.183607341599461
.26035700599537465
.018836822240240882
.018836822240240882
.04999020983865369
32288740710607714e-26
.018836822240240882
.018836822240240882
.018836822240240882
.018836822240240882
.018836822240240882
.018836822240240882
.018836822240240882
.018836822240240882
.018836822240240882
.018836822240240882
.018836822240240882
.018836822240240882
.018836822240240882
.018836822240240882
.018836822240240882
.018836822240240882
.018836822240240882
.018836822240240882
.018836822240240882
.018836822240240882
.018836822240240882
.018836822240240882
.018836822240240882
.018836822240240882
.018836822240240882
.018836822240240882
.018836822240240882
.018836822240240882
.018836822240240882
.018836822240240882
.018836822240240882
.018836822240240882
.018836822240240882
.018836822240240882
.018836822240240882
.018836822240240882
.018836822240240882
.018836822240240882
.018836822240240882
.018836822240240882
.018836822240240882
.018836822240240882
.018836822240240882
.018836822240240882
.11179213970756877
25025785949145133e-21
.018836822240240882
25025785949145133e-21
.11821172814716148
.07411194637488126
.018836822240240882
.018836822240240882
.00037498215617928906
.018836822240240882
.018836822240240882
.018836822240240882
.018836822240240882
.018836822240240882
.018836822240240882
.018836822240240882
.018836822240240882
.018836822240240882
.018836822240240882
.016765976077686512
.018836822240240882
.018836822240240882
.018836822240240882
.018836822240240882
.018836822240240882
.018836822240240882
.018836822240240882
.018836822240240882
.018836822240240882
.018836822240240882
.018836822240240882
.018836822240240882
.018836822240240882
.018836822240240882
.018836822240240882
.018836822240240882
.018836822240240882
.018836822240240882
.11179213970756877
.11179213970756877
.11821172814716148
.018836822240240882
.018836822240240882
.018836822240240882
.018836822240240882
.11821172814716148
.0013972053584031053
.12265262601750174
.018836822240240882
.11179213970756877
.018836822240240882
.018836822240240882
.018836822240240882
.018836822240240882
.018836822240240882
.00037498215617928906
.018836822240240882
.018836822240240882
.10985161286326489
.018836822240240882
.04999020983865369
.018836822240240882
.018836822240240882
25025785949145133e-21
.018836822240240882
.018836822240240882
.018836822240240882
.09570256740462121
.018836822240240882
.018836822240240882
.018836822240240882
.018836822240240882
.018836822240240882
.018836822240240882
.018836822240240882
.018836822240240882
.018836822240240882
.018836822240240882
.018836822240240882
.018836822240240882
.018836822240240882
.018836822240240882
.018836822240240882
.018836822240240882
.018836822240240882
.018836822240240882
.018836822240240882
.018836822240240882
.018836822240240882
.018836822240240882
.018836822240240882
.09570256740462121
.018836822240240882
.018836822240240882
.018836822240240882
.018836822240240882
.018836822240240882
.018836822240240882
.018836822240240882
.018836822240240882
.018836822240240882
.018836822240240882
.04999020983865369
.12211975749032004
.016765976077686512
.018836822240240882
9999999999970065e-28
.12278493769595472
.12278493769595472
.016765976077686512
.016765976077686512
.04999020983865369
.04999020983865369
.04999020983865369
.04999020983865369
