6105655458495465e-27
39.51414224201168
.16540229296383446
.28979496457987214
10.838537542685614
.3781241905026156
5.878877851056133
.21683319686202235
.002511493212919185
.3406778942293316
.027200547537364266
7.93084038007803
.7728464745578432
.671071132838076
.009386228282570146
8.226670460684456
1.1239097807274068
.0036875623631959127
.07479122975274162
.0041193363826483005
.0017707274654814907
.04043767014790152
.00014161270954507718
12116055469735807e-21
.2881286987455015
4170303500105733e-23
11031259271085676e-30
.0047884184066155
.0069315281440342595
.006162736784144352
.0023716114286102194
.000166710166825928
.014473293014379192
.0012416613138991105
.01074741409639578
3582868930209819e-20
.0004614311930676589
.00291798849707826
.0005090802952551721
.005540570984796629
14605896328303007e-21
9.762742923474296
15.021161885063668
.0058589139740833325
5723760973682571e-20
.11839805006674196
.007748798886867486
.006732780714381917
.3957716824386245
8313127498373756e-26
.4425163604449932
270391322410614e-25
3.9686429362296316
17.96352433786111
1540166243494559e-24
20064907848191783e-26
.006977721295034149
3.1328880700233044
14.492603213778414
27338081745136377e-27
2206085036824363e-26
40.94795333889934
28.172451011664894
9.646687530911215
.0024707695797442446
.000608395709604928
.0014720937701327315
.006610158192441009
5317284657617562e-24
0
7317159456246088e-27
24.294467974673577
3.225299834973901
9.101626209960475
18.095820359569775
.0013783028547664268
.008332301648953766
.0004056371698235062
2.245697901401473
.00037700177274400265
.0033215636180228855
.011236064356400295
.0016353281851361966
.8793221760515743
1.475814300739107
.00013229100802542598
.02457842409136299
1.2772272963303308
1.5817963864017515
3.3642830051492507
.003510593715914015
.00043530132149037227
.5810730716794028
.7085098865929716
9592231401625335e-27
.4755857335593563
.7886735601990922
1.8843326355100158
2.7225779309875695
3431027416649783e-25
6.174843745864654
1.9406629258007342
.5118005801630633
1.1224188775302428
.9147675818002747
.000830806759766998
47.26450696340406
8.123918581592536
.4501323465035812
.06386424379473636
6614694606938234e-28
7247207273518861e-30
31715189716408066e-25
5.027183174922765
.010227126941061516
.000477362869673258
.5483452402023494
.0013426092417958787
.00024420561837910427
.01555154390655176
34048770662944864e-31
0
0
0
0
0
0
0
0
0
0
0
0
0
0
0
0
0
0
0
1.8345678586461747
0
0
0
0
.5794320971415267
1306.296971852749
.004605559204522459
.10458520730887753
.02065759730971687
.21532946100168554
.5625540099974972
.9988198035113299
1.4213552931524203
1.3975778935951828
.007682825568708727
5.721524818567748
6.346551505701011
.15235092590704472
.3719141443757085
5.3093720541870555
3.6699653920301056
864037964068552e-25
16287585032362752e-26
.019999999999997558
.019999999999997558
.9999999999938943
7.999999999609238
.019999999999997558
.019999999999997558
.019999999999997558
.019999999999997558
.019999999999997558
.019999999999997558
.019999999999997558
.019999999999997558
.019999999999997558
.019999999999997558
.019999999999997558
.019999999999997558
.019999999999997558
.019999999999997558
.019999999999997558
.019999999999997558
.019999999999997558
.019999999999997558
.019999999999997558
.019999999999997558
.019999999999997558
.019999999999997558
.019999999999997558
.019999999999997558
.019999999999997558
.019999999999997558
.019999999999997558
.019999999999997558
.019999999999997558
.019999999999997558
.019999999999997558
.019999999999997558
.019999999999997558
.019999999999997558
.019999999999997558
.019999999999997558
.019999999999997558
.019999999999997558
.019999999999997558
.019999999999997558
.019999999999997558
.019999999999997558
.019999999999997558
.019999999999997558
.4999999999984736
3.9999999999023097
.019999999999997558
3.9999999999023097
.2499999999996184
.09999999999993896
.019999999999997558
.019999999999997558
2.999999999945049
.019999999999997558
.019999999999997558
.019999999999997558
.019999999999997558
.019999999999997558
.019999999999997558
.019999999999997558
.019999999999997558
.019999999999997558
.019999999999997558
1.4999999999862623
.019999999999997558
.019999999999997558
.019999999999997558
.019999999999997558
.019999999999997558
.019999999999997558
.019999999999997558
.019999999999997558
.019999999999997558
.019999999999997558
.019999999999997558
.019999999999997558
.019999999999997558
.019999999999997558
.019999999999997558
.019999999999997558
.019999999999997558
.019999999999997558
.4999999999984736
.4999999999984736
.2499999999996184
.019999999999997558
.019999999999997558
.019999999999997558
.019999999999997558
.2499999999996184
2.49999999996184
.349999999999252
.019999999999997558
.4999999999984736
.019999999999997558
.019999999999997558
.019999999999997558
.019999999999997558
.019999999999997558
2.999999999945049
.019999999999997558
.019999999999997558
.1999999999997558
.019999999999997558
.9999999999938943
.019999999999997558
.019999999999997558
3.9999999999023097
.019999999999997558
.019999999999997558
.019999999999997558
.14999999999986263
.019999999999997558
.019999999999997558
.019999999999997558
.019999999999997558
.019999999999997558
.019999999999997558
.019999999999997558
.019999999999997558
.019999999999997558
.019999999999997558
.019999999999997558
.019999999999997558
.019999999999997558
.019999999999997558
.019999999999997558
.019999999999997558
.019999999999997558
.019999999999997558
.019999999999997558
.019999999999997558
.019999999999997558
.019999999999997558
.019999999999997558
.14999999999986263
.019999999999997558
.019999999999997558
.019999999999997558
.019999999999997558
.019999999999997558
.019999999999997558
.019999999999997558
.019999999999997558
.019999999999997558
.019999999999997558
.9999999999938943
.2999999999994505
1.4999999999862623
.019999999999997558
1e-12
.3299999999993351
.3299999999993351
1.4999999999862623
1.4999999999862623
.9999999999938943
.9999999999938943
.9999999999938943
.9999999999938943
