40.69834240031883
.1567147766594735
.30191879382435366
11.696420644413749
.37012744137701575
5.69573602641946
.20711048606670582
.002979964840503022
.33769429201601076
.026699124214714834
7.942887600456924
.7517320751838157
.6420657090176762
.008934424090008589
7.976409814262204
1.0273540445829497
.003990483522222769
.07268857916542505
.004362679734859647
.0018183688191078925
.0426610193371661
.00013407111757008814
17442558690326868e-21
.27361852037424433
0
0
.005671737735910703
.006362356421171127
.005655056055023121
.002255800935584851
.0001913751795160897
.014884742183996996
.001354813338970233
.010296829244325467
3593905546730178e-20
.0004896724455418669
.0029172185568003208
.0004887662550152673
.0052932393333741815
1621775526323743e-20
9.788307445333611
14.309883423239336
.0051381049184274575
5641771775916836e-20
.12557452513669945
.007202582933117514
.007548718459323758
.3834535944471938
0
.4601913493551714
0
3.7113207835182385
18.235705714570315
0
0
.007212137698534858
2.899596148883139
14.702286194387794
0
0
39.95535275961375
28.139882819060126
9.34010900806042
.002506826284318238
.0006026119818023825
.0013773792674530135
.00662046133149385
0
0
0
23.66817511140366
3.4901883656467168
8.978817347472816
17.52124907455204
.0015717933696086561
.008367693501572125
.00042407108745883703
2.2212952583703376
.00040880803009546343
.003721656374378915
.011897170573195604
.001587305594987161
.8597878807264759
1.6910674697466093
.00013541900406619423
.026843406421711992
1.2971865258204474
1.5599369728961687
3.1831838830709698
.00354216227190185
.0004501504344183291
.5591159713457486
.8084243330789661
0
.44206738080484614
.7374351465179471
2.017865037271943
2.7667391083546797
0
5.409135789344965
1.972307734768977
.5133724232952329
1.0933429701817277
.8961163572672332
.0007591264820295811
49.298902662289294
8.234517115429849
.4570606833563983
.0654346499592785
0
0
0
5.345487197514189
.009490480639821264
.0005158601054550657
.5339727686996346
.0013196098723143514
.00026930708360985926
.015037377295528566
0
0
0
0
0
0
0
0
0
0
0
0
0
0
0
0
0
0
0
0
1.881658196144117
0
0
0
0
.6178298408155017
1244.1402105427774
.0043454811116076485
.10444458927990163
.019780858679392593
.22011343738814637
.5471186247750577
1.0125722715380152
1.3347376461373623
1.4170487584055802
.007935470597641506
5.853279898042214
6.0521954499464234
.14408603398841346
.3322580614161038
5.348542411895305
3.9817739183256546
0
0
.02
.02
1
8
.02
.02
.02
.02
.02
.02
.02
.02
.02
.02
.02
.02
.02
.02
.02
.02
.02
.02
.02
.02
.02
.02
.02
.02
.02
.02
.02
.02
.02
.02
.02
.02
.02
.02
.02
.02
.02
.02
.02
.02
.02
.02
.02
.02
.5
4
.02
4
.25
.1
.02
.02
3
.02
.02
.02
.02
.02
.02
.02
.02
.02
.02
1.5
.02
.02
.02
.02
.02
.02
.02
.02
.02
.02
.02
.02
.02
.02
.02
.02
.02
.02
.5
.5
.25
.02
.02
.02
.02
.25
2.5
.35
.02
.5
.02
.02
.02
.02
.02
3
.02
.02
.2
.02
1
.02
.02
4
.02
.02
.02
.15
.02
.02
.02
.02
.02
.02
.02
.02
.02
.02
.02
.02
.02
.02
.02
.02
.02
.02
.02
.02
.02
.02
.02
.15
.02
.02
.02
.02
.02
.02
.02
.02
.02
.02
1
.3
1.5
.02
1e-12
.33
.33
1.5
1.5
1
1
1
1
