-.03586311053941416
.01663353775244104
12584275475540794e-21
-.00019602834514645777
-2361232222063902e-21
-11676320268573026e-22
-5036708346974837e-22
-3786908171856922e-22
.10151803885062535
.09974837660852111
.004804632079509855
.010793262805264185
27712250751678415e-22
33997771499073193e-22
-.00044459118050256937
-.0004451070795943074
-16765613432704678e-22
-5318269297927858e-22
.09809610995589704
.09187383938226329
.0033256185589917186
.011912798838963507
.003133981388498697
.0977586562389442
.0034237802522420866
.003547950849647136
.004242180019818929
.003363438968893696
.00010316669206093672
.00449985377111788
-.00016664803729371806
-29832194743646293e-22
-.0006548743317153771
.00017847334664236787
