6171518432776531e-27
39.717677068081215
.14948739623715113
.28171088317156273
12.917810137683954
.3593701483824856
5.48655912518589
.20828172935134193
.0034361090381486376
.32441833563105443
.0266641521428504
8.903525059104293
.7358640604854394
.5798724066265389
.008099457507405962
7.645195327125843
1.0045177880009402
.0038515370207291713
.07720638668507385
.004206956702046396
.001841295432604556
.04059925031111684
.0001407230939893351
10599004957668219e-21
.2860478377458829
3886025181771149e-23
10325611764340674e-30
.005255809890548432
.006299857357532152
.005982402733439271
.002345724586062294
.00018929245194235832
.01360609265663602
.0013428761504972878
.010382809161927166
3347809599860711e-20
.0004511235862323479
.002918376877377724
.0005064466491942081
.005285338689364866
16818202075299223e-21
9.013274193094546
13.633704698359832
.005512615707938139
56625329434485666e-21
.12266290140489695
.00781219903368227
.0072158488647273535
.39385304152737916
8227352308160193e-26
.4318507454242993
27388023797697738e-27
3.71546364495011
17.88809743229312
14811175432177056e-25
20667806509779342e-26
.007388593709138138
2.9387698031811427
13.922681843111413
28116925564816297e-27
25000462275589573e-27
43.406319041646746
27.565634991254292
9.296976633118392
.0026480937656959635
.0006265192525395358
.0013820741646170909
.006535447874992525
5372359406133343e-24
0
8136906702130454e-27
24.661698830404053
3.529013859819396
9.249949968335152
17.04729966074678
.0014484262572292857
.008108105369094353
.00047652967483356983
2.150593387986234
.0004043912106065891
.0034588751236676873
.012075005268311035
.0015710912562608588
.8264010312440605
1.3737982789502365
.00014214195491491296
.025807768509224536
1.2975242841249213
1.6860426063862604
3.0619612279251527
.003548852655085679
.0004268156042790988
.5862868609082819
.7946627987236001
1270988337218057e-26
.49652064747798086
.7641118880567681
2.189886121436197
2.6451087350077227
3167878913718328e-25
5.559710913591509
1.9766674397359054
.4821429863700283
1.158193290182566
.9235684912648827
.0008136199926135205
48.174157310054014
8.234795051475253
.47691139124581977
.06527264051736055
6039052861085149e-28
7442668077262243e-30
31938192224342448e-25
4.946584212033618
.009895169321797782
.0005396988787931903
.5343279448548204
.0012574710743900024
.00023005200523444936
.014782956820991334
3283700275797663e-30
0
0
0
0
0
0
0
0
0
0
0
0
0
0
0
0
0
0
0
1.7897156499346227
0
0
0
0
.6115476907340639
1319.3880043189122
.004521328483765573
.10381708311927466
.018717619447105455
.23324322509452308
.5521927199988634
1.012696576312587
1.4971153593771496
1.3343880715260101
.007877890880957153
5.895470612252565
5.988733428547256
.13870466250557412
.35391864511433957
5.546154286065206
3.868193506294551
9816937506085453e-26
16554234668287536e-26
.01999999999999753
.01999999999999753
.9999999999938285
7.999999999605023
.01999999999999753
.01999999999999753
.01999999999999753
.01999999999999753
.01999999999999753
.01999999999999753
.01999999999999753
.01999999999999753
.01999999999999753
.01999999999999753
.01999999999999753
.01999999999999753
.01999999999999753
.01999999999999753
.01999999999999753
.01999999999999753
.01999999999999753
.01999999999999753
.01999999999999753
.01999999999999753
.01999999999999753
.01999999999999753
.01999999999999753
.01999999999999753
.01999999999999753
.01999999999999753
.01999999999999753
.01999999999999753
.01999999999999753
.01999999999999753
.01999999999999753
.01999999999999753
.01999999999999753
.01999999999999753
.01999999999999753
.01999999999999753
.01999999999999753
.01999999999999753
.01999999999999753
.01999999999999753
.01999999999999753
.01999999999999753
.01999999999999753
.01999999999999753
.4999999999984571
3.999999999901256
.01999999999999753
3.999999999901256
.24999999999961428
.09999999999993829
.01999999999999753
.01999999999999753
2.9999999999444564
.01999999999999753
.01999999999999753
.01999999999999753
.01999999999999753
.01999999999999753
.01999999999999753
.01999999999999753
.01999999999999753
.01999999999999753
.01999999999999753
1.4999999999861142
.01999999999999753
.01999999999999753
.01999999999999753
.01999999999999753
.01999999999999753
.01999999999999753
.01999999999999753
.01999999999999753
.01999999999999753
.01999999999999753
.01999999999999753
.01999999999999753
.01999999999999753
.01999999999999753
.01999999999999753
.01999999999999753
.01999999999999753
.01999999999999753
.4999999999984571
.4999999999984571
.24999999999961428
.01999999999999753
.01999999999999753
.01999999999999753
.01999999999999753
.24999999999961428
2.499999999961428
.34999999999924397
.01999999999999753
.4999999999984571
.01999999999999753
.01999999999999753
.01999999999999753
.01999999999999753
.01999999999999753
2.9999999999444564
.01999999999999753
.01999999999999753
.19999999999975315
.01999999999999753
.9999999999938285
.01999999999999753
.01999999999999753
3.999999999901256
.01999999999999753
.01999999999999753
.01999999999999753
.14999999999986113
.01999999999999753
.01999999999999753
.01999999999999753
.01999999999999753
.01999999999999753
.01999999999999753
.01999999999999753
.01999999999999753
.01999999999999753
.01999999999999753
.01999999999999753
.01999999999999753
.01999999999999753
.01999999999999753
.01999999999999753
.01999999999999753
.01999999999999753
.01999999999999753
.01999999999999753
.01999999999999753
.01999999999999753
.01999999999999753
.01999999999999753
.14999999999986113
.01999999999999753
.01999999999999753
.01999999999999753
.01999999999999753
.01999999999999753
.01999999999999753
.01999999999999753
.01999999999999753
.01999999999999753
.01999999999999753
.9999999999938285
.29999999999944454
1.4999999999861142
.01999999999999753
1e-12
.32999999999932794
.32999999999932794
1.4999999999861142
1.4999999999861142
.9999999999938285
.9999999999938285
.9999999999938285
.9999999999938285
