2.9804039571433067
.004450391981079188
.00014434047261461868
8426204810712708e-21
4315556847690033e-28
.0005194559367929362
6.254909321141806
.7030157069742112
.0473094126527007
.01957815096997206
.06761598400425066
.7337962021702624
.6956268213701223
.05571563202263411
.0009094201067715927
.007070576138210309
.0008352542496434411
.0024833281122904416
.0701801097692878
.004894447184530111
.0019352140483045708
.0034548929689674516
7387297878464434e-20
.0018386351314944346
.09923406441062915
3.960172093215049
40477459688690415e-22
.005483890501238888
.006551533795069383
.0059233112499473516
14076314315121859e-22
.00016800745850639463
.013431156392527507
.001264704496534017
.00971777515041134
3364898698657874e-21
.0021782489261161944
.0027261730491670087
5506567178841573e-20
.004953320227767251
5463107157942822e-21
.005921418274149193
.0059210075803652435
.020544744647940566
.0005709683591243951
.1069303707589719
.007589280243046477
.0005064896617439936
.028052961101384447
.08132495585931605
31542244352866013e-22
.1334664451775727
26249700425992456e-21
8.57419391653692
8.146067419541936
1.1614721512670327
.006825034510218381
.0007427419589299272
.0008206117908862277
.17439947990177343
.10949403055525497
10.261280571422574
7.997044042432432
2.9372696913830345
.001865946241911796
.00034904475891932003
.001341165313321946
.006481143364482269
.007082121552152503
3.665350054795212
.0007253077050635962
10.261280571422574
3.237948154107415
9.552997843072305
9.329859754424751
.001402683689053094
.008956378014135354
.00016017836416582076
2.1029339714185467
.00021954185520452066
.0019482026813075002
.010655538359984918
9877102353027704e-20
.6762728067130729
.03570075858962911
18390035116502315e-21
.0004255718333683403
.3895724543157259
.36175382425079516
2.5058270041814423
.00013389763483139623
.00041762739516681583
.7097426144682445
.7802218747688471
.128957284730876
.0002756881753826698
.169654627510921
1.252579951414222
1.0875093974140067
.05911845671414065
1.3413210010580574
2.056413158602441
.01725332822448368
.02432557068277014
.00010107046260677261
.00013528286939515436
3.853096745908355
4.431013853429132
.4560334553756854
.0034638569119683194
9987523895761566e-20
1612459693083976e-21
5368793504842193e-23
.053765829738704536
.0158718771789902
.0005202231001524675
.35438797905363784
29562083092795403e-21
.0001841937610364817
.025149043413700542
6075877948968744e-22
0
0
0
0
0
0
0
0
0
0
0
0
0
0
0
0
0
0
0
.1049460396287827
0
0
0
0
.22388140247486232
1241.4052891154543
.004440110498166391
.09759613640119107
.016916019379351423
.21068240258626203
.02019437590769232
.42801355950768216
.013773434417154775
.37234760118482424
.004607221331191585
2.2384723402764655
2.409119227711062
.0022496111918027272
.005433646674151727
.538916479219735
.3807953070929543
.19459777959534766
.32069850962912394
.018842674061711105
.018842674061711105
.05077231769480804
34788844244437806e-26
.018842674061711105
.018842674061711105
.018842674061711105
.018842674061711105
.018842674061711105
.018842674061711105
.018842674061711105
.018842674061711105
.018842674061711105
.018842674061711105
.018842674061711105
.018842674061711105
.018842674061711105
.018842674061711105
.018842674061711105
.018842674061711105
.018842674061711105
.018842674061711105
.018842674061711105
.018842674061711105
.018842674061711105
.018842674061711105
.018842674061711105
.018842674061711105
.018842674061711105
.018842674061711105
.018842674061711105
.018842674061711105
.018842674061711105
.018842674061711105
.018842674061711105
.018842674061711105
.018842674061711105
.018842674061711105
.018842674061711105
.018842674061711105
.018842674061711105
.018842674061711105
.018842674061711105
.018842674061711105
.018842674061711105
.018842674061711105
.018842674061711105
.018842674061711105
.11266357071841727
26572159510304788e-21
.018842674061711105
26572159510304788e-21
.11867158991728026
.07422713545820317
.018842674061711105
.018842674061711105
.0003926211393718071
.018842674061711105
.018842674061711105
.018842674061711105
.018842674061711105
.018842674061711105
.018842674061711105
.018842674061711105
.018842674061711105
.018842674061711105
.018842674061711105
.01716055337445345
.018842674061711105
.018842674061711105
.018842674061711105
.018842674061711105
.018842674061711105
.018842674061711105
.018842674061711105
.018842674061711105
.018842674061711105
.018842674061711105
.018842674061711105
.018842674061711105
.018842674061711105
.018842674061711105
.018842674061711105
.018842674061711105
.018842674061711105
.018842674061711105
.11266357071841727
.11266357071841727
.11867158991728026
.018842674061711105
.018842674061711105
.018842674061711105
.018842674061711105
.11867158991728026
.0014521025521299236
.12332113073511407
.018842674061711105
.11266357071841727
.018842674061711105
.018842674061711105
.018842674061711105
.018842674061711105
.018842674061711105
.0003926211393718071
.018842674061711105
.018842674061711105
.11019335280036302
.018842674061711105
.05077231769480804
.018842674061711105
.018842674061711105
26572159510304788e-21
.018842674061711105
.018842674061711105
.018842674061711105
.09592577359209235
.018842674061711105
.018842674061711105
.018842674061711105
.018842674061711105
.018842674061711105
.018842674061711105
.018842674061711105
.018842674061711105
.018842674061711105
.018842674061711105
.018842674061711105
.018842674061711105
.018842674061711105
.018842674061711105
.018842674061711105
.018842674061711105
.018842674061711105
.018842674061711105
.018842674061711105
.018842674061711105
.018842674061711105
.018842674061711105
.018842674061711105
.09592577359209235
.018842674061711105
.018842674061711105
.018842674061711105
.018842674061711105
.018842674061711105
.018842674061711105
.018842674061711105
.018842674061711105
.018842674061711105
.018842674061711105
.05077231769480804
.12269005401483928
.01716055337445345
.018842674061711105
9999999999970202e-28
.12341582574084148
.12341582574084148
.01716055337445345
.01716055337445345
.05077231769480804
.05077231769480804
.05077231769480804
.05077231769480804
