3.0101480437560912
.004169525913085934
.00013634449507900315
7778534503671986e-21
32114022715537525e-29
.0004965685755558932
6.247323943820344
.7031004533175244
.04681800107127868
.019179846668276004
.0675824426739567
.7322643214227095
.6951667623695366
.0556025310632765
.0009075848018289105
.006501531646298255
.0007679890547643962
.0024528792064560513
.07013627125534189
.004897064380085283
.0019362125907876938
.0033912197066689126
7253211468963132e-20
.00181523863738279
.09738118778810355
3.926910812489374
3980952649501034e-21
.005478749308854282
.006546734823473999
.005919911079203886
14068482507550595e-22
.00016790754419459714
.01342316842518556
.0012639482272452885
.009711995980271096
33583441913590577e-22
.002179371705964381
.0027245384203709237
54958386083756665e-21
.004950241694754079
5455835091647373e-21
.005918029346187234
.00591762736695637
.02053743406090061
.0005749116383694835
.10685912862409334
.007585899801804857
.0005048354585735005
.027953764034047535
.0789818515498376
28000996359065397e-22
.13502652038799529
2331577713156828e-20
8.51424083268557
8.084620901220926
1.156519431063061
.006820227251481455
.0006793935305441708
.000750656912900245
.17351044919529732
.10907399324148094
9.864692749918781
7.69812954993589
2.827161561977486
.0018458550164390155
.0003445227187007105
.001340401615214446
.0064760028873125965
.006711354427445351
3.6340767416110746
.0007181454967869821
9.864692749918781
3.235973850509338
9.546116397624983
9.424379821901912
.0014017765570683426
.008951072533223624
.00016240014220583526
2.1022234971252876
.00021674739473139787
.0019233997332620113
.010649565098165413
9580392476209245e-20
.6686532710853521
.0334232408921324
1824115724893419e-20
.00040139348088022225
.3811220457353684
.35377223475068076
2.4795811199925333
.00013451580318192666
.000422215521864596
.7092349520340219
.7824342879923635
.12873829261332503
.0002548384800795131
.16667848175208927
1.2378250891278952
1.0752201844117686
.05818465882944706
1.3364571978197457
2.054328206622908
.01717180963376377
.024181258353858707
9227788301380134e-20
.00013533485980709334
3.8396525051758514
4.399315116846073
.4543084595598852
.0033336081593275664
9821982704331246e-20
15832077616995652e-22
469831329236375e-22
.053295464017918306
.015715430921201118
.0005102958907448817
.35265708345406355
29344924488761626e-21
.00018217708939960876
.02487645499660266
59711663334139e-20
0
0
0
0
0
0
0
0
0
0
0
0
0
0
0
0
0
0
0
.09961733278555183
0
0
0
0
.2098731770653695
1240.6670193999892
.004437469943028713
.09753809550795246
.01690595934100336
.2105571087448594
.01944399068889151
.42434043025734597
.013131008383459977
.3704931949074587
.00452022321944583
2.2177386717597782
2.3864246576584622
.00215606103044553
.005206707702615785
.5308799258225496
.37540316503834037
.19219688610229096
.3167141466022158
.018831468232526946
.018831468232526946
.04928437985545656
27419126698619074e-26
.018831468232526946
.018831468232526946
.018831468232526946
.018831468232526946
.018831468232526946
.018831468232526946
.018831468232526946
.018831468232526946
.018831468232526946
.018831468232526946
.018831468232526946
.018831468232526946
.018831468232526946
.018831468232526946
.018831468232526946
.018831468232526946
.018831468232526946
.018831468232526946
.018831468232526946
.018831468232526946
.018831468232526946
.018831468232526946
.018831468232526946
.018831468232526946
.018831468232526946
.018831468232526946
.018831468232526946
.018831468232526946
.018831468232526946
.018831468232526946
.018831468232526946
.018831468232526946
.018831468232526946
.018831468232526946
.018831468232526946
.018831468232526946
.018831468232526946
.018831468232526946
.018831468232526946
.018831468232526946
.018831468232526946
.018831468232526946
.018831468232526946
.018831468232526946
.11100043101258114
23591523841337466e-21
.018831468232526946
23591523841337466e-21
.1177924182260076
.07400668164599014
.018831468232526946
.018831468232526946
.00035910429348201274
.018831468232526946
.018831468232526946
.018831468232526946
.018831468232526946
.018831468232526946
.018831468232526946
.018831468232526946
.018831468232526946
.018831468232526946
.018831468232526946
.01641174458657108
.018831468232526946
.018831468232526946
.018831468232526946
.018831468232526946
.018831468232526946
.018831468232526946
.018831468232526946
.018831468232526946
.018831468232526946
.018831468232526946
.018831468232526946
.018831468232526946
.018831468232526946
.018831468232526946
.018831468232526946
.018831468232526946
.018831468232526946
.018831468232526946
.11100043101258114
.11100043101258114
.1177924182260076
.018831468232526946
.018831468232526946
.018831468232526946
.018831468232526946
.1177924182260076
.0013480408640023159
.12204396415873474
.018831468232526946
.11100043101258114
.018831468232526946
.018831468232526946
.018831468232526946
.018831468232526946
.018831468232526946
.00035910429348201274
.018831468232526946
.018831468232526946
.109539778598573
.018831468232526946
.04928437985545656
.018831468232526946
.018831468232526946
23591523841337466e-21
.018831468232526946
.018831468232526946
.018831468232526946
.09549874324481845
.018831468232526946
.018831468232526946
.018831468232526946
.018831468232526946
.018831468232526946
.018831468232526946
.018831468232526946
.018831468232526946
.018831468232526946
.018831468232526946
.018831468232526946
.018831468232526946
.018831468232526946
.018831468232526946
.018831468232526946
.018831468232526946
.018831468232526946
.018831468232526946
.018831468232526946
.018831468232526946
.018831468232526946
.018831468232526946
.018831468232526946
.09549874324481845
.018831468232526946
.018831468232526946
.018831468232526946
.018831468232526946
.018831468232526946
.018831468232526946
.018831468232526946
.018831468232526946
.018831468232526946
.018831468232526946
.04928437985545656
.12160013297474893
.01641174458657108
.018831468232526946
9999999999969905e-28
.12221035755164897
.12221035755164897
.01641174458657108
.01641174458657108
.04928437985545656
.04928437985545656
.04928437985545656
.04928437985545656
