3.0101480437560912
.004169528775182007
.00013630182435626006
7778843384748652e-21
3212996787239571e-28
.0004965725402697358
6.24732394377009
.7031004533367761
.04680208850870009
.019179846693105875
.06758244266327401
.7322644326777968
.6951667623990428
.055602539504950144
.0009075853769625939
.006501333209184269
.000768413674122092
.0024520012163196173
.07013627126520007
.004897064380074243
.001936212590783401
.003391219716704603
7257442354780367e-20
.0018145593938783875
.09738119004011593
3.9268059839094698
39793578755445636e-22
.005478749296142114
.006546730214304076
.005919911096381269
14068482471096751e-22
.00016790754419459714
.01342316842518556
.0012639482132098198
.009711995980271096
33583447024847284e-22
.002179371706170694
.0027245383753226058
5495839433911377e-20
.004950241695009502
5455835929623193e-21
.005918029347887097
.005917627367233783
.02053748293136172
.0005749116385773595
.1068591286239842
.007585899774942084
.0005047754497928825
.027950448552450668
.07895127787230168
28017278479599692e-22
.1282876935265728
23315872942618255e-21
8.514237913944845
8.08462085825613
1.156519869031352
.006820214558737804
.0006793943254985148
.0007506443873669285
.17351051409619714
.1090739924938249
9.864692749918781
7.698013965066333
2.827410542191356
.0018452687940979857
.0003443935861001905
.0013403986347305032
.006476003417515918
.006711126719384193
3.6340633180446726
.0007181225117151343
9.864692749918781
3.235973693803414
9.551735688656887
9.053084133677897
.0014017773095103558
.008951054041342691
.00015385309282373033
2.1022172428422516
.00021666627291225366
.00192268192404309
.010649565166516677
9576785726805475e-20
.6684097221306385
.033411561050006165
18196222933417057e-21
.0004014049877100469
.3809797844283201
.3536427422663442
2.479519384068549
.0001342383479102999
.0004221908676290281
.7096354299052186
.7760669830681731
.12876883446701856
.0002547494573689405
.16664441314920833
1.2378249779388888
1.0752201887885522
.05818370787420111
1.3336065676765536
2.0543302232336016
.01712946628495071
.02412314617862034
9227798181994565e-20
.00013531692988679752
3.8391991397067486
4.399158919654937
.4543083916424511
.0033323569288016457
9821821466659814e-20
15831904921334964e-22
46869254124455626e-24
.05316587995265961
.01571571582638291
.0005101180693211596
.35265753392763827
292736148996263e-19
.00018211265993844708
.024876995148284838
5971083194048444e-22
0
0
0
0
0
0
0
0
0
0
0
0
0
0
0
0
0
0
0
.09961760430153231
0
0
0
0
.20997526057238391
1240.6670193999892
.004437469943028713
.09753809550795246
.01690595934100336
.2105571087448594
.01943915204519063
.4243409928173318
.013131008159200992
.3705087008993523
.00451848577399138
2.2177534548080655
2.386436153442625
.002156058327317386
.005206702409788173
.53087957150993
.3754029877507629
.19231098769174051
.31690134284203186
.018831468232526946
.018831468232526946
.049284379894969955
2743272448819283e-25
.018831468232526946
.018831468232526946
.018831468232526946
.018831468232526946
.018831468232526946
.018831468232526946
.018831468232526946
.018831468232526946
.018831468232526946
.018831468232526946
.018831468232526946
.018831468232526946
.018831468232526946
.018831468232526946
.018831468232526946
.018831468232526946
.018831468232526946
.018831468232526946
.018831468232526946
.018831468232526946
.018831468232526946
.018831468232526946
.018831468232526946
.018831468232526946
.018831468232526946
.018831468232526946
.018831468232526946
.018831468232526946
.018831468232526946
.018831468232526946
.018831468232526946
.018831468232526946
.018831468232526946
.018831468232526946
.018831468232526946
.018831468232526946
.018831468232526946
.018831468232526946
.018831468232526946
.018831468232526946
.018831468232526946
.018831468232526946
.018831468232526946
.018831468232526946
.11100043101390202
23591631654625955e-21
.018831468232526946
23591631654625955e-21
.11779241822602896
.0740066816459902
.018831468232526946
.018831468232526946
.00035910455383767533
.018831468232526946
.018831468232526946
.018831468232526946
.018831468232526946
.018831468232526946
.018831468232526946
.018831468232526946
.018831468232526946
.018831468232526946
.018831468232526946
.01641174474449555
.018831468232526946
.018831468232526946
.018831468232526946
.018831468232526946
.018831468232526946
.018831468232526946
.018831468232526946
.018831468232526946
.018831468232526946
.018831468232526946
.018831468232526946
.018831468232526946
.018831468232526946
.018831468232526946
.018831468232526946
.018831468232526946
.018831468232526946
.018831468232526946
.11100043101390202
.11100043101390202
.11779241822602896
.018831468232526946
.018831468232526946
.018831468232526946
.018831468232526946
.11779241822602896
.0013480411736321606
.122043964158903
.018831468232526946
.11100043101390202
.018831468232526946
.018831468232526946
.018831468232526946
.018831468232526946
.018831468232526946
.00035910455383767533
.018831468232526946
.018831468232526946
.10953977859857818
.018831468232526946
.049284379894969955
.018831468232526946
.018831468232526946
23591631654625955e-21
.018831468232526946
.018831468232526946
.018831468232526946
.09549874324481925
.018831468232526946
.018831468232526946
.018831468232526946
.018831468232526946
.018831468232526946
.018831468232526946
.018831468232526946
.018831468232526946
.018831468232526946
.018831468232526946
.018831468232526946
.018831468232526946
.018831468232526946
.018831468232526946
.018831468232526946
.018831468232526946
.018831468232526946
.018831468232526946
.018831468232526946
.018831468232526946
.018831468232526946
.018831468232526946
.018831468232526946
.09549874324481925
.018831468232526946
.018831468232526946
.018831468232526946
.018831468232526946
.018831468232526946
.018831468232526946
.018831468232526946
.018831468232526946
.018831468232526946
.018831468232526946
.049284379894969955
.12160013297481509
.01641174474449555
.018831468232526946
9999999999969905e-28
.12221035755176711
.12221035755176711
.01641174474449555
.01641174474449555
.049284379894969955
.049284379894969955
.049284379894969955
.049284379894969955
