3.000488676971936
.004258375494832865
.00013887824488239723
798271492899745e-20
35355517897709337e-29
.000503826233966844
6.249790359458997
.7030739402034754
.04697655947187832
.019308245827820796
.06759333651415811
.7327448921451959
.6953161366425324
.055637978607942534
.0009081602728895823
.00667748855848202
.0007887929712098523
.0024626918183844526
.07015050403168292
.004896216602740891
.001935889160350193
.003411767514015701
7296524554368912e-20
.0018227764849216626
.09797902298214138
3.937263927505097
40019372631537466e-22
.005480420544525372
.0065482906353378865
.0059210153661652465
14071026319755896e-22
.00016793998476561146
.013425761989725709
.0012641937710870608
.009713872383921919
33603952791237087e-22
.002179011873461806
.002725069143161181
5499197541057876e-20
.004951241227635352
5458078761555761e-21
.0059191300012567906
.0059187252085085035
.020539729349428867
.0005736332153788033
.10688225874933685
.007586998430896055
.0005053673049708714
.02798585504321071
.07973444547636123
29105334598311022e-22
.13445569351568745
24230802060103954e-21
8.533672862688729
8.104556000572185
1.1581296429207215
.006821784211790591
.0006993504683106848
.0007726849441571591
.17379934925085047
.1092105769512995
9.993484307040852
7.795179668092802
2.8628956999426074
.0018523366106913102
.0003459814706526865
.001340645174627447
.00647769582609205
.0068286587392656405
3.644224374422312
.0007203739455424768
9.993484307040852
3.2366148048042667
9.548401442161568
9.390276236145006
.0014020712851520625
.008952792818536339
.0001615972868783622
2.1024528243332887
.00021764764410288974
.0019313901600150913
.010651505421479388
9675616450941627e-20
.6711074243820327
.034144542873892424
1828804584056562e-20
.00040907144907901085
.3838420821843672
.3563418720820944
2.48819007336692
.00013430405126290098
.0004207803256885566
.7094033973187266
.7816586667446288
.1288133394569837
.00026142936046972095
.16764203926517304
1.2426308110770294
1.0792104925214734
.058480002779859715
1.3379571096311003
2.0550089876766227
.017197037468174033
.024226370031147342
9504578482780376e-20
.00013531712543164682
3.8439765048991585
4.4095853908188865
.4548683458084689
.0033753224657656214
98743676994228e-18
15924825990383309e-22
4905379397919912e-23
.053443864075030593
.015766515633630854
.0005135044551872341
.3532189773944411
2941316702789822e-20
.00018282761120439758
.024965441110909422
6004350644681468e-22
0
0
0
0
0
0
0
0
0
0
0
0
0
0
0
0
0
0
0
.10132368619410213
0
0
0
0
.2144078717410249
1240.9067237091099
.00443832728883569
.097556940452995
.016909225673742517
.2105977896410974
.01968444077342304
.42552676869326045
.013336417605261169
.3711029384940234
.004549047504629164
2.224461745991695
2.393779709932287
.0021860143150418325
.00527936410618799
.533487217126453
.3771533009952356
.1929818277393398
.3180166331908311
.018835106585132298
.018835106585132298
.04976274239888728
2963034292247667e-25
.018835106585132298
.018835106585132298
.018835106585132298
.018835106585132298
.018835106585132298
.018835106585132298
.018835106585132298
.018835106585132298
.018835106585132298
.018835106585132298
.018835106585132298
.018835106585132298
.018835106585132298
.018835106585132298
.018835106585132298
.018835106585132298
.018835106585132298
.018835106585132298
.018835106585132298
.018835106585132298
.018835106585132298
.018835106585132298
.018835106585132298
.018835106585132298
.018835106585132298
.018835106585132298
.018835106585132298
.018835106585132298
.018835106585132298
.018835106585132298
.018835106585132298
.018835106585132298
.018835106585132298
.018835106585132298
.018835106585132298
.018835106585132298
.018835106585132298
.018835106585132298
.018835106585132298
.018835106585132298
.018835106585132298
.018835106585132298
.018835106585132298
.018835106585132298
.11153782462738014
24520940962690428e-21
.018835106585132298
24520940962690428e-21
.11807721199656748
.07407820195072175
.018835106585132298
.018835106585132298
.0003696628433093365
.018835106585132298
.018835106585132298
.018835106585132298
.018835106585132298
.018835106585132298
.018835106585132298
.018835106585132298
.018835106585132298
.018835106585132298
.018835106585132298
.016651266294392692
.018835106585132298
.018835106585132298
.018835106585132298
.018835106585132298
.018835106585132298
.018835106585132298
.018835106585132298
.018835106585132298
.018835106585132298
.018835106585132298
.018835106585132298
.018835106585132298
.018835106585132298
.018835106585132298
.018835106585132298
.018835106585132298
.018835106585132298
.018835106585132298
.11153782462738014
.11153782462738014
.11807721199656748
.018835106585132298
.018835106585132298
.018835106585132298
.018835106585132298
.11807721199656748
.0013809903257551786
.12245726600089252
.018835106585132298
.11153782462738014
.018835106585132298
.018835106585132298
.018835106585132298
.018835106585132298
.018835106585132298
.0003696628433093365
.018835106585132298
.018835106585132298
.1097516001186602
.018835106585132298
.04976274239888728
.018835106585132298
.018835106585132298
24520940962690428e-21
.018835106585132298
.018835106585132298
.018835106585132298
.09563721214299942
.018835106585132298
.018835106585132298
.018835106585132298
.018835106585132298
.018835106585132298
.018835106585132298
.018835106585132298
.018835106585132298
.018835106585132298
.018835106585132298
.018835106585132298
.018835106585132298
.018835106585132298
.018835106585132298
.018835106585132298
.018835106585132298
.018835106585132298
.018835106585132298
.018835106585132298
.018835106585132298
.018835106585132298
.018835106585132298
.018835106585132298
.09563721214299942
.018835106585132298
.018835106585132298
.018835106585132298
.018835106585132298
.018835106585132298
.018835106585132298
.018835106585132298
.018835106585132298
.018835106585132298
.018835106585132298
.04976274239888728
.12195301811050963
.016651266294392692
.018835106585132298
9999999999970002e-28
.1226005357261407
.1226005357261407
.016651266294392692
.016651266294392692
.04976274239888728
.04976274239888728
.04976274239888728
.04976274239888728
