44.51392833524136
.3451305197839453
1.1606581341516933
48.60898820838026
1.4047300095054178
7.85305365951671
.8209487384368618
.19241160846425426
1.3903926575121357
.07925107782528276
22.218917062100882
.7788628775409462
1.4467735786616105
.01957104054371823
9.601763093946857
11.272124147089151
.011083591450765404
.08030662258884429
.01647179680394448
.006810935822834345
.042713483734248055
.014512830247321576
.01001789999628694
1.7224449758767353
28.094721793619414
.005140591887837938
.006396309954924289
.006830399719723671
.006494916449501953
.00529137569590463
.00018579898699840291
.014048222726543243
.0013338412331630049
.0107846867659475
.0002792352642375449
.0047247226031533465
.0029209155020554958
.0023160048726418234
.008718800417154587
.0002139621712115781
18.057185639624628
17.901131372337552
.02812159949485891
.0036680171285387022
.1480712111738556
.010295805978065937
.010017035619820269
.5748700759671771
5.372100645171735
4.7784702647748825
3.4944630406716435
5.207694580581885
21.75864201723903
20.672240577369283
2.0000043175733206
.00789500778438742
9.000132010060724
157.9232341627816
.3374103190480253
.1806859182580431
52.86752539966115
50.25936550872634
19.237908879643623
.005952459838327117
.002253531685675722
.0016735500441279825
.011154966882396523
87.57581536556424
80.41250062312467
.04234971540006673
28.38349594535983
3.4606822049714876
103.3989311040605
33.24206730610639
.0016212274552970367
.009987898075920522
.00541469411740644
2.6820716485073612
.0011054918947562852
.009720897261950046
.011718372035337097
.00873639503584575
10.410082780398627
25.4830556393087
.009830202727485636
.05561530014928136
27.26111720344083
134.35786617616256
7.5113278546322
.015567307169222335
.009839623771202524
5.403678640702876
1.56786165723131
12.91311148716241
10.977185716794088
6.293957667362621
7.84474167532577
6.594025929491618
3.625148328836364
61.821665814718514
2.1351006550601843
7.656665933555821
5.356548825631004
2.6934163895847782
.0031051367662529553
59.99914782792883
8.482304389993883
2.2106818169669937
.4908027848024444
.016532326044311957
.00018119131318687843
53.80419443401685
108.4749075035861
.09492155347296563
.0037334735925394777
.6053731013469688
.006651043473175997
.006961499187778982
.1820141705873127
42272315208970305e-21
0
0
0
0
0
0
0
0
0
0
0
0
0
0
0
0
0
0
0
3.445865806640638
0
0
0
0
4.434697630380566
1421.787962062219
.0045706438117301615
.10350104190508047
.01854785415134203
.21977348650973838
.8619705975264256
1.1809083387074453
1.5494487346896102
17.736375560773663
.015375573034583315
6.409812571434753
6.5614974465310745
.36912140486496575
.8510914211573934
79.38078799324767
92.11154252300636
47.660520658726625
77.61498348718929
3.340626771373125
1.9301609312943988
1.6093780833806668
1.7501493168619093
2.8061543073482293
1.7767094148677367
2.4915166941175957
1.9546974004850828
1.8626008787161246
2.2868044224227493
1.94536899006223
1.8610372889739004
1.3905512918013028
2.073340948416756
1.5360001310316742
2.6608637671657305
1.8841721829294071
2.4015176271322365
2.235641567469125
1.842132107876224
2.4281623062277724
2.5716170795568982
2.6522650904935667
2.0460346819603283
1.7466154763923494
2.452212936491213
.023030693047576583
1.7337697628027833
2.3849407153908846
5.820384676963948
2.065164970536496
2.074158695791124
1.2347254614117076
3.0627673493401155
1.4670269855165319
1.5800819215298278
2.8454537434582425
1.3446639529351863
2.0777934258319117
1.4646901148864566
2.191919441887643
1.5193930463893577
1.875646152054315
2.5538272670339057
2.100372291366254
2.12893726024866
1.903566941693799
2.169270737082863
1.8112198426425472
2.2789087121717095
2.8607804044705785
2.952900039053602
2.3692332723818685
2.0405116632006988
2.0745759609953534
3.0319934341509294
2.496147961917628
1.0642257653531249
2.854871251035065
2.9150164956658884
2.167204688198405
1.1226097481732993
1.692626371097131
1.8592194863607603
1.9664615078751968
1.4978172860262131
2.4660174128718175
2.223680072229407
1.8920818576142684
1.7145720072929167
2.592015782800009
2.5948360184387793
2.08892426660234
2.278507277440822
2.2502118674463114
2.281945412346431
2.5138195158193812
2.5174442985107395
1.86906842098538
2.966240986194776
2.1458758453302553
1.7916350120657205
1.2529447620667167
1.579651892493873
1.5352502517067195
.7514625345216186
.1912198353585489
2.094035017320907
.011281591665604674
2.6714063151786154
2.19797877311018
2.5326053510623314
1.8290441236625654
.18881280208457302
1.495460193379006
.199565669972933
1.15394618665984
2.986709294390547
1.697391425282537
1.9138908631683174
1.8787802093272363
2.208047456436089
1.7248892274835097
2.066282748078136
2.151923095644796
2.2877082359167837
.010272669742801175
1.998656130711622
2.0440458506501287
1.4338347703959682
2.3543194384538806
1.8283770957378642
1.4110087343478668
2.2316739541843567
1.8987871330085975
2.1072938657220845
1.9606846622411456
.7496636707834219
1.7386897704311277
4.651193156070153
6.435438669307129
1.5556617759050246
2.1384195936008004
2.500133650127157
2.5069690763264503
2.731794274714163
1.909257013687891
.008348522974163953
1.5776230794116994
1.395328317398657
2.749187517078621
2.378616002238662
1.8265354928020385
2.1147437104055675
2.3638554835339805
1.9188505597394063
2.8100074854258326
2.1917647040250303
2.473193428735167
1.8424959049882388
1.6033771318728451
2.171564340634391
1.1961657592925794
.21845897737386408
2.4266379286953947
5.551408580747577
1.5586265445164775
1.6813467643228093
2.187816471611508
2.3299093932021324
1.0086474956000744
1.6502022181161924
2.134019652183319
1.9881029128000343
2.3415440343042837
1.3920210924832561
2.034724584501906
2.4761016586104336
1.7720871089285597
2.509396762268785
1.4500526834127012
1.3102367991014532
1.623650054325299
1.9361495456865758
2.304232327439064
2.344041280525707
2.839816425556898
1.2878609945751671
2.277161788769062
2.264128023031783
2.2182577585365078
2.416720656855239
1.646576570060017
1.8941637558024789
2.917596729638354
1.915740495395093
2.025850071430158
.024546292735323244
2.064239495806522
.058901733398004974
1.8678122633700158
1.7883474950319622
.5270537380572312
1.454730357499366
2.2032895371587666
1.2522973051840847
.048504131644025915
1.998364023324542
1.1786425200394202
1.5511635698001176
2.1412376701273583
1.8586370007034458
1.5452494578543443
2.4118882856094537
3.47574381412461
3.074309157069841
.7377295077154525
.011372585913388031
2.041105612038108
2.11420525662727
1.94898080951273
.04792827451320035
2.461395227279331
1.7046578951508784
2.088171296943489
1.2643940212841334
1.3788263735143624
.00604018923047998
.004216414516438509
2.413807830405516
.5989034097057993
.14156509900269804
.8401571006831463
.19048969903549906
2.213496604415545
.11066568461375834
.09438549416654034
1.8035092109328275
.6248246008277709
8.207932090963318
2.1097969653379454
2.0747376598937803
2.3947594330741357
2.379034104626918
2.184994227395053
2.066357554925909
.11845578817000355
.1607100270518378
2.059682113115391
3.0605852087269927
.9973130706754514
1.9647206582803822
2.4247818245731536
1.9278312082733282
.010373314446847436
.3003764516030132
2.7799598592637653
3.5917613287275705
4.462321606843038
4.258166450280196
2.3488321142208775
.011476768149273774
3.0517999013909787
1.3398205913317998
.014581499587648877
.009829125768393888
.1653541529482877
.012599158966356893
1.8993137411173857
2.729742031766582
.01
1.8210576697063943
.013973504677235751
.006930709870293846
1.9618011960007846
.009255826349829101
.007886086246995922
2.228424546305223
.0069225620430279095
2.3420166097798023
2.1985564364595
1.6445884018435908
1.6252564564165057
.009621614911378622
2.0337959763642073
2.3965279597394216
2.47274892153284
2.461713976819556
2.210818912219797
2.8124992267893667
.01052696931789789
1.468649687023454
.01126228618761027
.009014323151332215
.0105245307200658
.012651478933566659
.010494129955159992
1.4199737442417244
.08864112503421487
.06788333500048585
.009461697176917782
1.3130260604345037
2.19768923403892
.09213939639930888
1.9804472189410172
1.5378736360442367
.06304556631854073
2.1546336557766677
1.743704826365685
1.735550952757944
2.9682344564730117
.00919418812721802
1.6474643882649886
2.6395740492757254
3.404885968328166
.7641003246216607
1.5680032843467924
2.1849795243239707
1.5463368300320774
2.2347946770745106
1.6857982615827856
1.8482440886415683
2.008528555852899
.00910747286520045
.2189775421762318
.19300913665709143
1.8270747992699123
1.508269901058833
1.9156022897104483
1.6605379785721155
1.4325462231263693
2.2370615808106535
2.05701349291445
1.84040367351221
2.008020145838379
2.1826240639738193
1.778668734585329
.006121353326952131
1.4871009378015148
1.976170537825364
1.909366074137777
2.117426548877462
3.1794538020911047
1.7591171115594186
2.0034448580258313
1.7691604624267372
2.1229584080319466
.1121936633988089
1.8669945209650987
2.326854459459141
2.4321066232589668
1.5905350461785377
2.494570073960957
1.6640564397940905
.23705231073037086
.1452070227955389
.13045367656096207
1.7844304979259034
2.0791215492935358
1.9406757029362927
2.3549510200046173
1.4204408606229342
1.7763970822263786
1.5132756491823518
2.026273566743803
2.463320987440297
1.7546585882199373
2.1951736487228226
2.3316192826744992
2.014773050189671
2.3063927514070457
3.250958864893572
2.0922188345463812
1.9483757884611612
1.7785714600863147
1.4642417372101588
2.142098070935322
1.5692769423487851
2.147534704395465
1.7952337415323165
1.5791234456771057
2.2314076663910756
1.7128036563255238
2.244258831443753
1.350601915125368
2.3497953466827988
1.4484131136480631
2.305121063349864
1.6698526681412897
2.174264135084568
1.7153827912667654
2.090235948475979
15.356960578006394
17.52967726728635
2.429683240512162
2.1477392817894305
1.7274681686042617
1.2791350237867922
1.549134767002886
1.5300276714195957
2.6822628874407544
1.8457140141676058
1.7213857082678623
2.299993664391086
1.932709718858827
2.7468129500040384
1.635738250041312
1.71774434777806
1.4525052627657404
1.897477066742976
1.52377679123991
1.8929177766185754
1.3249629054508276
1.8400703565283303
2.1878730418071926
1.2016002836612782
1.90015594486382
1.5361653907608182
2.345701921023747
1.8771685143480124
3.0062075780254593
1.8238347005180027
1.993875457703497
2.468253085254297
1.27086248112989
2.565857365381714
10.852033992465211
1.8975562618319033
1.7620354504023736
1.6953298920549096
3.369950590080862
1.8628055768471186
1.9985557299963563
2.9844320220583316
1.5415978264251298
1.8098193744583155
2.7642157778922547
1.3908084706840769
3.0284586012688757
2.6662376747309877
2.515493777407701
2.0040289538190112
1.4248614252288385
1.7313068931289255
1.7042901746967456
.28681433788037203
2.734073621815658
1.7736687383324028
2.4484859184860346
1.7290320487500073
2.022058402016704
2.463553960281761
1.998770627894904
2.050779165994517
1.9911622604358574
1.5919818153589709
1.4467714443293256
1.9699246417676566
2.3041623200446053
1.8360088838912798
1.786541389945319
1.4846185695531122
1.6133856664821447
2.6403584234681623
2.939110801230463
2.0085074792582165
2.100365588007041
1.798757454372104
2.26142727238074
1.616092329261928
1.2457714771883877
2.0641851557418183
1.7396930612321075
1.749571461715792
2.2848821329145226
.1627259875962411
.987311100468407
.12449331377340038
.9747200900443507
.10768079200970684
.918664121559113
.0931767463122058
2.118819951199347
.17033908598401673
2.4575454673772295
.08821135807001189
1.0693546573667294
6.0921900759278875
.33473163566974207
.11054496289992752
1.1994642360359131
.07008694144596955
.1988871042437288
.04267071741198713
.9358749773298586
.07415191251246578
1.123532144677714
.09886305615853481
1.234968498525944
.18257607159423797
.968709388354196
.04558503370892289
.692013764261638
.058850745815941526
1.4866992076364365
.00021256730665996317
.0003792427637710006
.11233311284922645
.1308925765064607
