.030282957503124666
.0029229155635069294
.0006862806115727321
.0010265338438362431
-.011478417666511125
-558699271067085e-21
-4343909147002105e-21
.01114507161566463
-48092110462929344e-21
.000299925550120167
.00012911485296293414
-811458419540153e-20
-12966525707518037e-22
1330046633474154e-21
.053846410700354445
-.003025835567207765
.002372009432684977
5387080791197557e-22
-42723844219821176e-23
-4515516794319219e-21
.04447180368991222
.0002853069680250842
.00029891006236553385
-.0004925367088938632
-.02815105115530133
-.0001714067828875048
-2038793307479359e-21
8650235048649282e-23
.00024102373600575784
.0002988929744384434
2478227719705816e-22
2770082178279072e-22
-6464480191775557e-21
36374592036051714e-22
16339186628041471e-22
-4893699509895487e-21
35066547164788323e-22
-6189004368994757e-21
3382326832781391e-22
22479320652044756e-23
-.0017934580446455077
.04671513858126352
.003037209423585407
153541340451474e-20
.04497259053235065
-3730989763878649e-21
2288062009618555e-21
.013726830842315635
.01225234879022235
.03971236414977993
-.0003957663830543798
.07410714955128625
-.00657688397662472
.0008228651831937256
-.00012725491068558758
4626433661156181e-21
.07591582927276541
-.08295235232150058
.0007620181843017856
.0007864332388757594
-.057228519028009045
.026141611600881905
.026995607787335712
.0017461643534307848
.0001884706998565719
-4015005128044003e-21
-28405625751434745e-22
-.003270445826690355
8050045937299195e-20
.00017946841135968553
-.08303127511162908
-.0033853158158698342
.021892765291314894
-.07624366598008606
-30514367981888765e-22
-5779086715558427e-21
-1909782239252699e-22
-.0014983836131664536
.39294701651376374
.012648439722631147
2001919120677137e-22
.05359470935482603
-.007841581651128032
-.09698185689257097
-.08142668155373153
.0005964639090308083
.2337671246087392
.012427782772229593
.2469104381206448
.392988033480652
.0017843173095859826
.024543870531467244
-.2226478811897068
.3929043187572662
.022456081749770648
.015161434630985628
-.08258616893270807
-.08170818256449926
.0006234704652029654
.028362796189878064
.07267203463322583
-.07282557738341558
.14460898044974016
.04676067711516009
-6239119459118586e-20
-.0010659498965087425
.131341908621799
.0034458510937463607
-.15892169406728324
-.003008183754931862
-49609793097838416e-22
.005888301130017401
.04116597637594144
8697115840277801e-20
.0017840111816728441
.040775557641853366
.012847969016048367
.00029611368927830563
.00047555403213682266
-15322382931489076e-22
0
0
0
0
0
0
0
0
0
0
0
0
0
0
0
0
0
0
0
-.034330641103341504
0
0
0
0
-.03231707230541904
66718434519889995e-22
-1846479009166495e-21
-7164922979011213e-21
2006401678758815e-21
0
.12658821838955225
-.315585951660347
.00016573282838712767
.3958066963355241
.7760032836776453
.002736519378706292
.044318059339235855
.3955786393443556
.40032859440475455
-.0010254927414141263
-.08846479097045035
-.003194115782881892
-.002295600579340015
