.012261176957714998
.0011615550695720674
6384302650698742e-20
12671009623618708e-28
.004131004378338913
6.721333061176044
.7579356947436142
.04947416816906805
.007651898540887277
.06590854729876151
.7300923337809001
.6862937650581828
.048878550076791545
.0007967300985252561
.007549128516729296
.0009798149535364517
.0023362441904065537
.0742008146963943
.004905764252862534
.0021120372674895546
.0011622843663169546
2960303189362168e-20
.0020656217945244585
.044545642333362674
4.019628720986823
6356166192945781e-21
.0054838916799594345
.006021408997087319
.005826674595698217
13085521004936543e-22
.0001680800001231764
.013315714690971099
.0012157205887290041
.0098348532579307
273847354042502e-20
.002409271646672656
.002696829494337253
4878085153266192e-20
.005187371981749594
5011538584138631e-21
.00582491636535408
.005824543704149452
.02053734749692284
.0005558211570863221
.10709390935046098
.007643207313411799
.0004980792506478615
.02669868766672079
.07509752913867368
3148713052425644e-21
.1435497951077369
23991291919390585e-21
8.851242641863255
8.32899568795808
1.2723481736293418
.00680602724011584
.0006823042720601153
.0007541786184157329
.18348452543681795
.11020043376755347
9.985596513236146
7.838135444042678
2.8056378647926565
.001687145268757824
.00035813888560151164
.0013412258038472931
.006384536763932735
.007914905415719275
3.72231829428984
.0008378482601531665
9.985596513236146
3.1724743057076776
9.543095689575232
9.11113179796425
.0013998012928185192
.009014848915021675
.00017699028038679866
2.1182623856660316
.00021978994944030913
.002197235917716559
.01071767949503999
40470695913936744e-21
.7081311459586305
.03705489428907806
16977566227736116e-21
.00039467300011319196
.39346823576678824
.3648683149953488
2.3203512178838177
.0001251912568993637
.00037406737252676075
.6934367713817181
.8094923227522288
.1464174722623138
.0002790297783831908
.18072239937999898
1.2431611539096212
1.0675000318006886
.07295076794163335
1.2853042154287497
2.1144765028249237
.01599870138617298
.02133538883638744
9765863687034287e-20
.00012120680898658454
3.8524883435727904
4.383581700487603
.45950608398305476
.0036801437140618004
.00011956889859737174
1802309355152901e-21
5154793621553475e-23
.05067188776376246
.0152338405512312
.0004940589596393291
.34145999266229954
3067594909347486e-20
.00018393159297125296
.02379178079663394
7531855136989724e-22
0
0
0
0
0
0
0
0
0
0
0
0
0
0
0
0
0
0
0
.08673973052412344
0
0
0
0
.10957515111282805
1307.8432729394656
.004473198329817691
.10121603212713924
.018112345799180824
.2116797850243221
.020035992628400574
.4221262388485941
.01378768100961928
.3745116145144022
.0036170618600029104
2.1772037953193535
2.390739418917876
.00212351834329312
.005010730467689553
.5240913047391335
.37884577174930445
.2051238335215261
.3158975785225067
.0188348837353072
.0188348837353072
.04973333452616928
14969648372824857e-26
.0188348837353072
.0188348837353072
.0188348837353072
.0188348837353072
.0188348837353072
.0188348837353072
.0188348837353072
.0188348837353072
.0188348837353072
.0188348837353072
.0188348837353072
.0188348837353072
.0188348837353072
.0188348837353072
.0188348837353072
.0188348837353072
.0188348837353072
.0188348837353072
.0188348837353072
.0188348837353072
.0188348837353072
.0188348837353072
.0188348837353072
.0188348837353072
.0188348837353072
.0188348837353072
.0188348837353072
.0188348837353072
.0188348837353072
.0188348837353072
.0188348837353072
.0188348837353072
.0188348837353072
.0188348837353072
.0188348837353072
.0188348837353072
.0188348837353072
.0188348837353072
.0188348837353072
.0188348837353072
.0188348837353072
.0188348837353072
.0188348837353072
.0188348837353072
.1115048536891935
2433289725702087e-20
.0188348837353072
2433289725702087e-20
.1180597515789074
.07407381975530886
.0188348837353072
.0188348837353072
.00036867242083439273
.0188348837353072
.0188348837353072
.0188348837353072
.0188348837353072
.0188348837353072
.0188348837353072
.0188348837353072
.0188348837353072
.0188348837353072
.0188348837353072
.016636347525677057
.0188348837353072
.0188348837353072
.0188348837353072
.0188348837353072
.0188348837353072
.0188348837353072
.0188348837353072
.0188348837353072
.0188348837353072
.0188348837353072
.0188348837353072
.0188348837353072
.0188348837353072
.0188348837353072
.0188348837353072
.0188348837353072
.0188348837353072
.0188348837353072
.1115048536891935
.1115048536891935
.1180597515789074
.0188348837353072
.0188348837353072
.0188348837353072
.0188348837353072
.1180597515789074
.0013785445027618172
.12243191848718152
.0188348837353072
.1115048536891935
.0188348837353072
.0188348837353072
.0188348837353072
.0188348837353072
.0188348837353072
.00036867242083439273
.0188348837353072
.0188348837353072
.10973861599830069
.0188348837353072
.04973333452616928
.0188348837353072
.0188348837353072
2433289725702087e-20
.0188348837353072
.0188348837353072
.0188348837353072
.0956287260630038
.0188348837353072
.0188348837353072
.0188348837353072
.0188348837353072
.0188348837353072
.0188348837353072
.0188348837353072
.0188348837353072
.0188348837353072
.0188348837353072
.0188348837353072
.0188348837353072
.0188348837353072
.0188348837353072
.0188348837353072
.0188348837353072
.0188348837353072
.0188348837353072
.0188348837353072
.0188348837353072
.0188348837353072
.0188348837353072
.0188348837353072
.0956287260630038
.0188348837353072
.0188348837353072
.0188348837353072
.0188348837353072
.0188348837353072
.0188348837353072
.0188348837353072
.0188348837353072
.0188348837353072
.0188348837353072
.04973333452616928
.12193137933128721
.016636347525677057
.0188348837353072
9999999999969968e-28
.12257660784009897
.12257660784009897
.016636347525677057
.016636347525677057
.04973333452616928
.04973333452616928
.04973333452616928
.04973333452616928
