.024052969131543565
-.022899625154127773
.0005705730911759774
.0013356995579556189
-.014887085170868727
-9567079661537685e-21
35988008781272855e-23
-.001423164361213407
-20660898991338137e-21
.00013634751785196304
-.0002373478425082398
-35805408181125075e-22
36033221083332833e-22
-.0002980091230447269
.00021710899453865158
.0009709925899001317
-.0013808556315783936
-6854385322736763e-22
8014179836213802e-22
3973231553902256e-21
-727635859948014e-19
.002809669204197019
14094664661118896e-22
-.002220570496768733
-.016979233190131393
-7424460989580986e-22
8490300524701866e-22
896633124442754e-21
-4539899803818875e-21
-6876106181144829e-22
-12079853813638905e-23
-29023406926273725e-23
29480304888989434e-21
1206570832502412e-21
1184220672591012e-21
-19518663021445929e-23
-4656172553331972e-22
8503737059469015e-22
16786661986027754e-22
11364458202614537e-23
.0008503786857778789
.002254193042770651
.006941362118993051
-19989001717471033e-22
.0015939442798416127
.0015964567760502171
-10616265978740081e-22
.005539783715825798
-.0029456188715446903
.0286752021075485
.0016692885262180731
24325461036855392e-21
.00142354644907057
.0005296647609552023
-.00039186773250065416
.0001290906462345042
.00040149698429571253
-.0013501855052814168
.0002936671252483298
-.0009336580014981162
.02813785102564282
-.02603571627942228
.02308276434711339
-.0013827289407559694
-.0018254153109684974
-.00029579908298181827
-.0013200514378220996
.0022784056294780446
.0002714256918665286
9231144483930984e-20
.00023966313306764356
.0049549467241882285
.03437487244217132
.004101659559568918
9163067796501288e-20
-7710085419333882e-22
3952974307320759e-22
.00016412080066765289
-2698086410747449e-22
-.0013946875268743655
7878348597507107e-22
-74704219517024006e-22
-.00821631099997108
-.03564933616803766
-19130750106772517e-22
8401362252519944e-20
.19703635882424742
-.015852675980734216
.2838104811676235
940888594319706e-19
-14253184822116977e-22
.007071284274163445
-.04437820993270357
-5503569852702296e-21
.0018930601736499308
-.003072982685544083
-.0027391192389019108
-.0012625646210957166
.00019917960631295575
-.1391859690353913
.10024605701833679
.000964055775557168
.009013365650843666
.004913135497097814
-.0014000891570810287
.0010919502688620211
.07293614308882532
.0001101785553681371
.03519432400192382
.004993163940337424
-8583113499567413e-22
.007783805036429849
.04137934471823854
-.00175421741775724
-.0013793538805539475
.005644712038141414
-.001371802835315058
.002811088491413317
-.001151393044989404
7204708088899924e-22
0
0
0
0
0
0
0
0
0
0
0
0
0
0
0
0
0
0
0
-.0329944299604652
0
0
0
0
-.02513593831380429
176582805556505e-20
29488364410682724e-21
5291969801310712e-22
29653146517501537e-21
0
-.00841814537945336
-.239130107518651
-4611692573006184e-20
.0016799176095065782
.7590035304311201
.007525828798005038
.0026574057685522386
.0030032784638025344
.008474891652740171
.0031061257952087226
.0032525155489455788
.00021558684615627111
-.000639559539492091
