279124906420282e-20
-96717091336556e-20
10797127182814975e-23
-.0018144126629835446
-4367671522349575e-23
693562831475889e-21
7123024129983731e-21
-3668482284390484e-23
9228741574233389e-21
29593888652132203e-21
.00037293499332348505
-12650343336790124e-22
-2607284537617204e-21
1270179947096e-18
-2784795904772424e-22
35912938845934217e-23
-.0009028001623359958
-.018224609443875217
.0024698902004661977
-5622051995103003e-23
-.0014843825818574709
13233761970888608e-22
-2863899679541605e-21
8355107464416395e-22
-5210521680510332e-22
.00021801607399607467
-7311969171309432e-20
.0030079410529279997
.0018156772534713291
.00190105204063328
.003904456780371586
-.001393070633827812
-.0013118974203782108
-.0013614440511773203
0
0
.00613345788087205
.005958643930640027
-.00556862263964554
-.001314299140568809
.028885937132321703
.0026561021736069995
-108264402051853e-20
0
0
-8193293247131322e-22
6753625107193388e-22
30110282477583355e-21
6373039752354128e-20
-5217535645226297e-22
-1424676585081629e-21
4917312284296167e-22
11531241094750562e-22
2991046857398163e-20
8513458484141183e-22
1834494254313434e-22
.0017343960843444852
.04418227345615954
-.0011732688062144282
29549924396744105e-21
-15302422121618064e-22
5286688035166639e-22
8912821423308161e-23
29521860620629162e-21
.0024724505376241823
.020972364730897527
19291066044267912e-23
.0015946217308272029
-9165963531087589e-22
-.00018454605095741245
11099734116156705e-22
.0015999071764537403
18373000801165192e-22
.0029155961073203266
0
0
0
0
0
0
0
0
.0010943420659779613
-.00281677672982816
.0051021537966278955
.0015434224832649949
-.0020366556237031634
.00021923638065942712
.003274643588698222
0
0
-.0021944571147071035
.0048524629275209395
-.002280924752425812
-.0016397591547652427
2810542013593181e-20
29291077189803973e-22
-.0017814914166468352
.01242760957355962
-.0073360709019866
4321672293514556e-22
-.0018460019811724461
14850659935734654e-21
.00015675399166101172
545270733242667e-19
-.0018227382368221853
.00014756752520864215
36913943292125997e-23
-4872981952011821e-20
.002639279648152949
-.00014564862298120404
-.0004435030074319537
.010759384355875444
-15359740380428606e-21
.00211186267047602
.00018049710481199944
-7199741813215966e-22
.0031698901954063633
29275462091445125e-21
-.058258698505843816
-.002145274630914311
0
0
0
0
0
0
.0010477914034834985
.0026590149340018536
-.4238188913123405
0
0
0
.015347047967098732
-.00195804123437688
-37427606865534475e-21
7977776327696139e-20
.003557060244246552
.000791167916416573
13955560718711484e-21
-7039455865308034e-23
.0006840686149958862
.0015955837633246526
.007111286023593658
5717516049500324e-22
.00267359385036833
391710245420965e-19
15254310546200464e-21
-41616762849382205e-22
9578000069916642e-22
-.003583892430655676
-13125212859689212e-22
0
0
.0024698562732459
-.0018251428837566038
-7871180138432367e-20
-.00018805627806879968
.000260626909018569
.0001268877722434991
-8554101452696872e-21
.002423645072368646
.0024929004154831255
.0024736483236668084
.00013540948038331808
15011735449501328e-22
.0022078275893706533
.002472308862254588
-.0013863399946597843
.0024697436388331382
.0024732083325139627
.002474879699486894
.016860211340119897
.013511953523733975
.002470664189373333
-.11942084840791309
-.0036817681981340133
-.006009256375183212
.002469549239609532
.0037823382503030744
.00014083057251270323
-.016853322341894936
.012670299355959303
.08150473013904944
-.0030038997672028503
.003958670395690058
-.02549966251456156
.0022173267537727126
-.0044391152889123615
.005127681733119189
.0024696973287922186
.0025332559753485644
.0026391045967716744
0
0
0
.0007910776422402237
.0009426841222633196
-.02827630869352002
.0002073516268660741
.0019024737806379573
-.02413341983417258
-.02410952956787391
-.003957783857060755
0
.021712384683865788
.002469602249324291
.010661235092476275
-.010414430686014884
.009944859267946995
.0002404635533576692
.030210602487008523
-.37791198645061064
-.10277376128226764
-.0112368401199785
-.0018176863732547756
-.0053871409177775635
-.00016858061315819212
.0034335015556483683
-.0012801887551472063
.002665087561914718
-.0013321605228465141
.00047290729087597343
.00013718494613262713
-.0017698998842455313
-.0012942092158523138
.0002460987329947885
-.0019295753367605533
-.0011455191146477373
.0028195269105514985
.0018500274932142984
-27656564300948666e-22
.0020981324302848815
-.0021302783264271017
.0028735422962562957
.0778714817241612
-.0002752801584162412
-.006889426591430984
-.005312010523790473
.01314427282129411
.002472472331777142
-.07410843070243478
.0025384319732559037
0
-.0017370246707259945
-.001672519779990415
.001922533442501868
-.010029609781419927
.002974436730198364
0
-.003739749662756144
.01879509078478735
-.010896980607880594
-.0009320429633675262
0
.0002006480988849051
-.00180171074463386
0
-.0009628030169213044
.005161327477386552
.00011449704396704654
.002605762554897304
0
-.0016105924075674365
.0002369161590709133
0
0
0
0
0
-.001638151402305031
0
-.0020473184470769404
.0018171809630557537
-.0016783264622809452
-.0018546376478252929
-.0011390431837637045
7029361778026207e-20
-.024281562285923815
.0011097938794301535
.0025399249072216774
.005550412594105483
1544683997900731e-21
-12866138571592803e-21
-16813178299429582e-21
.002469343063954762
-.001404820466626417
-5539505787563897e-20
24066787889480897e-23
0
0
.006858838257535272
.03795070094686289
.015501851536756133
-.14378790883177084
.018337676835384828
.0015443416929107553
.08851893228665603
-.002830805707096274
-.0013618541241179204
.011783007564438498
.0026396321667567064
0
.002718840976817103
.00022186823890492862
-12884246524419965e-24
0
0
0
0
0
7758392190978364e-20
8125681122403106e-22
.006067831019570327
29544198544788876e-21
.00021739014032341267
-.0027854509311039674
-29168725670870374e-22
.0015947281980612407
0
-.0016521839160652573
-.01849131564629236
-.0002386467145732873
.00018144485638785723
6467478726664441e-20
.0019891767393320323
-.001732535478996076
-.0009896161822546417
30022090298354184e-21
-26463891602943638e-24
29740606830838247e-21
.0002479901219349791
-.0013137016444624804
.0002190412059050893
.000136109570988318
12943060903769889e-22
-2812589534683499e-21
9159880659091522e-20
-14949282733400332e-22
-8139160842176201e-22
.00209597795385
3299892260711555e-22
41892802606981764e-23
-.002175140315197625
-2827572212621915e-21
8257299423862927e-22
1095657342227393e-21
10620180219695817e-22
0
0
0
0
.0021169130172900546
-.002979368125952808
-11705472680662425e-21
-2666894264818329e-20
.0001690078780496601
.00022839122609077521
.0001902916744478671
9798444206597069e-20
.0001360288111885291
20424688044973806e-22
6142898278638181e-20
-20265211815927386e-23
-9916539327373643e-22
-.003112206486242031
.0016025592618362774
-.001922435211128298
-7154722644099255e-22
1075245469332934e-22
.00262513041311894
-.0030577419669986713
-.012980473276644741
.015254026192369553
.0001349570074442118
.00012728848963239429
.0069780139465730785
.0024545581029280345
.002545925229279501
-11095433009522687e-21
.002469268372607976
0
0
0
0
0
0
0
0
0
0
0
0
0
0
0
0
-.0018565879540690976
.00021875714297317646
.006105323343725691
-.0012535780090928712
.00021979280290680768
14253914168884092e-22
-.000393096854783179
.00012461143563908508
6580501216684078e-22
-.01652881165216824
-.0013566145322107398
-13312394669217913e-22
1571992948095056e-20
-8488050345975304e-21
0
0
0
0
0
0
0
0
0
0
32115463428612115e-21
-8697960424134145e-22
-.00038361435607470645
.00028408801088530134
-.0021702981342673422
9920819441296435e-23
4114762133768864e-22
6960772124700866e-20
-15921100113489136e-22
-11571479923625592e-22
21539661320611388e-23
1614161714885877e-21
-152037887676176e-20
0
0
0
0
0
29636199281667562e-21
.00013580134676532764
9149555100177818e-20
.0015945352024702862
.007261896331692686
7275875779117813e-22
.004437316390259075
2940427576668536e-20
9023130323499917e-22
-.0011533823664869151
46377363224845986e-21
6507988793364324e-22
.0015946444890854207
12578556661486987e-22
0
0
