3.0178043221356012
.010871587967706436
.0006608715007358195
39171435935472645e-21
118700292610299e-26
.0022140911152773025
6.421948934581911
.7263491669716037
.04776011242017108
.013209160468361885
.06898570782549211
.756778949926859
.7099612395682022
.054835583116137364
.0009262879699370849
.011029812183321245
.0013575890106106389
.0023710863653817454
.07338549531162676
.004755867944254028
.0020141503857202016
.001876770161514849
45914586702924593e-21
.0017499482380205578
.06404742848021734
4.076480109831639
52570120374440885e-22
.00572122130711159
.006222278251161134
.005759378307515232
1329699724154826e-21
.00017611485626545172
.013794869044401045
.0013190526116294969
.010066714897532053
30988981916366075e-22
.0023326243174236062
.002693467809628305
55351545352484084e-21
.004956841916278272
52857161831873146e-22
.005757623335977602
.005757213648350807
.02032028806634868
.0005468345271639646
.11061686313207456
.007251055337752391
.00048372145370679045
.023136328820972604
.07672953138068826
26964551795225114e-22
.13223886434230558
2164138077462149e-20
8.64356485690061
8.258053772338435
1.1600918034916567
.00692202492577306
.0006504674721120446
.0007219099615398832
.18575877561591012
.1151009012401788
9.762609038191982
7.649537892364246
2.8298879144017834
.0016811370364604036
.00034896362494147263
.0013815025817937828
.006634874430632714
.007732456436393809
3.770807803671345
.0009130291834851188
9.762609038191982
3.12493369635923
9.51097892115543
9.004032318058636
.001508730619761188
.00909439769318665
.00016713755536082927
2.1707415017721226
.00023219991289993828
.0019468950779601172
.010994400662299475
53868444333034694e-21
.6979562577993351
.03688327743593725
2162015733009139e-20
.0004477217581328135
.35250431476358896
.32842229713935994
2.397941463736245
.00015746176769271817
.000381094303486384
.6693461184379422
.7594556225690213
.1356827885796442
.00025750117462534103
.155453373855707
1.1728313379796815
1.0208022390652407
.07610011134470335
1.4290591706552653
2.0316846215314595
.02205216856259987
.026485974223333788
8311187759623646e-20
.00011338766202482724
3.920223318032815
4.238697519341628
.4695108730608007
.0032582767383659444
.00013307781267686566
19160291565350104e-22
6726238044261773e-23
.05993198774298186
.01539000761044243
.0005351869284023234
.344415926807043
379417019870239e-19
.00016731542469752687
.028228995532349706
747352927605985e-21
0
0
0
0
0
0
0
0
0
0
0
0
0
0
0
0
0
0
0
.08714194618208204
0
0
0
0
.3417629080076532
1288.6980303739165
.004331911418245411
.10053017842549977
.017129105425510004
.2242153197782792
.019476972358852197
.41615904699985795
.012689409796499102
.3515358660625479
.004601873227143515
2.286482004677657
2.2923356568142017
.0019483217614012572
.0051070353217244815
.47310430965277245
.38852978174675096
.18729707560527137
.29438431991433855
.01882858487402842
.01882858487402842
.048908450138270415
249840232969784e-24
.01882858487402842
.01882858487402842
.01882858487402842
.01882858487402842
.01882858487402842
.01882858487402842
.01882858487402842
.01882858487402842
.01882858487402842
.01882858487402842
.01882858487402842
.01882858487402842
.01882858487402842
.01882858487402842
.01882858487402842
.01882858487402842
.01882858487402842
.01882858487402842
.01882858487402842
.01882858487402842
.01882858487402842
.01882858487402842
.01882858487402842
.01882858487402842
.01882858487402842
.01882858487402842
.01882858487402842
.01882858487402842
.01882858487402842
.01882858487402842
.01882858487402842
.01882858487402842
.01882858487402842
.01882858487402842
.01882858487402842
.01882858487402842
.01882858487402842
.01882858487402842
.01882858487402842
.01882858487402842
.01882858487402842
.01882858487402842
.01882858487402842
.01882858487402842
.11057631480732501
22864155102899877e-21
.01882858487402842
22864155102899877e-21
.11756717080233667
.07395004175330694
.01882858487402842
.01882858487402842
.0003508954951041385
.01882858487402842
.01882858487402842
.01882858487402842
.01882858487402842
.01882858487402842
.01882858487402842
.01882858487402842
.01882858487402842
.01882858487402842
.01882858487402842
.016224262432456952
.01882858487402842
.01882858487402842
.01882858487402842
.01882858487402842
.01882858487402842
.01882858487402842
.01882858487402842
.01882858487402842
.01882858487402842
.01882858487402842
.01882858487402842
.01882858487402842
.01882858487402842
.01882858487402842
.01882858487402842
.01882858487402842
.01882858487402842
.01882858487402842
.11057631480732501
.11057631480732501
.11756717080233667
.01882858487402842
.01882858487402842
.01882858487402842
.01882858487402842
.11756717080233667
.0013224021731014501
.12171736027719128
.01882858487402842
.11057631480732501
.01882858487402842
.01882858487402842
.01882858487402842
.01882858487402842
.01882858487402842
.0003508954951041385
.01882858487402842
.01882858487402842
.10937217348357611
.01882858487402842
.048908450138270415
.01882858487402842
.01882858487402842
22864155102899877e-21
.01882858487402842
.01882858487402842
.01882858487402842
.09538913143741994
.01882858487402842
.01882858487402842
.01882858487402842
.01882858487402842
.01882858487402842
.01882858487402842
.01882858487402842
.01882858487402842
.01882858487402842
.01882858487402842
.01882858487402842
.01882858487402842
.01882858487402842
.01882858487402842
.01882858487402842
.01882858487402842
.01882858487402842
.01882858487402842
.01882858487402842
.01882858487402842
.01882858487402842
.01882858487402842
.01882858487402842
.09538913143741994
.01882858487402842
.01882858487402842
.01882858487402842
.01882858487402842
.01882858487402842
.01882858487402842
.01882858487402842
.01882858487402842
.01882858487402842
.01882858487402842
.048908450138270415
.12132115175265772
.016224262432456952
.01882858487402842
9999999999969817e-28
.12190197343787723
.12190197343787723
.016224262432456952
.016224262432456952
.048908450138270415
.048908450138270415
.048908450138270415
.048908450138270415
