1.4907748224401518
.7419243296301747
.012789237994994802
.002741912462517281
4921661847644125e-21
.033603211996024424
6.7982479773489795
.7019454251323046
.05868590955879963
.0634938878588504
.07001886227919017
5.251693387321155
.7361736429651994
.37993962707166923
.005851954336712449
3.5648874261858343
.4274877201407188
.0034166595465293177
.07576468349331272
.004589944088596738
.0019467792368108644
.008747980453863475
.00018330699923739562
.002548337230076873
.30581663695565653
17.00940485399276
.00013897623196019028
.005985656817562403
.006471051354649904
.005927607943209731
13709081962063668e-22
.00018157645304683857
.014222693756690902
.0013602230542153477
.010378899053721772
21733475526599648e-21
.0021725770975139828
.0027778233795116383
.00036060320218006997
.005117950197220561
359950092859434e-19
.005942092161847792
.006455068555091174
.020251121497288756
.00032655401785012736
.11447225976592386
.007362810043844019
.0007858895779335706
.03860920898876609
.28877029083185096
.0011152270899349537
.5835066345598398
.009327923852290362
12.191265522648814
11.300533532316038
1.354519916223998
.007201335129676494
.06269228680837549
.06987654916072804
.22276319838788822
.13255082747261607
30.123002367464643
23.683860701129188
8.358899341427207
.0022929828954392014
.0005223663929971279
.0014189807000345798
.006953998151294886
3.2617402062042062
7.427397682559398
.021081823128307045
23.073698188310047
3.2241979140475236
9.023542278635494
21.691196059432137
.0015579253044816692
.009341910095255515
.0007244297702905317
2.214219581186041
.0003401616857609462
.0028620495105317113
.011302051466988849
.0003449049107580769
.9453862989911939
.7114588166327708
3024618813402859e-20
.008898338197599217
.8021265122170325
.7139785583490517
3.281207272000211
.00018113039133198442
4434022094935866e-20
.6364584573594304
.7974866193979179
.08249592385791021
.010844662115118737
.27707577882226536
1.6545842430608342
1.5415749040796984
2.0884948947177726
1.6118007760709723
2.1123671284992724
.02741260027859717
.038340944792335754
.009037919202178673
.0001433106646893934
6.412504856071865
5.920787879471474
.5618439180365917
.017160562819959906
.0042184839150953175
6558846459709147e-20
.0006546841306891079
.10125017275620242
.02041616713673116
.0009081566801025339
.4358451796482221
57250550935260455e-21
.00022615495711839198
.037946349839037545
21118036021410017e-21
0
0
0
0
0
0
0
0
0
0
0
0
0
0
0
0
0
0
0
.7609555980943694
0
0
0
0
.5109254855035588
1328.6627960009741
.004466251520012402
.10364779397586706
.01766030875444894
.23116862652177966
.11174396214766631
.6645893699496085
.13651464643862324
.39924539696122846
.005975450795330879
2.946800031940262
3.152994299920492
.016030614299704097
.0428012333582069
.813540419587834
.6488773295304688
.25627982923224557
.40271348752486236
.0194124920142926
.0194124920142926
.22519807580415552
526654837685979e-19
.0194124920142926
.0194124920142926
.0194124920142926
.0194124920142926
.0194124920142926
.0194124920142926
.0194124920142926
.0194124920142926
.0194124920142926
.0194124920142926
.0194124920142926
.0194124920142926
.0194124920142926
.0194124920142926
.0194124920142926
.0194124920142926
.0194124920142926
.0194124920142926
.0194124920142926
.0194124920142926
.0194124920142926
.0194124920142926
.0194124920142926
.0194124920142926
.0194124920142926
.0194124920142926
.0194124920142926
.0194124920142926
.0194124920142926
.0194124920142926
.0194124920142926
.0194124920142926
.0194124920142926
.0194124920142926
.0194124920142926
.0194124920142926
.0194124920142926
.0194124920142926
.0194124920142926
.0194124920142926
.0194124920142926
.0194124920142926
.0194124920142926
.0194124920142926
.23727520834814925
.010286440018874212
.0194124920142926
.010286440018874212
.1722190498500033
.08615023611798589
.0194124920142926
.0194124920142926
.03426125291303671
.0194124920142926
.0194124920142926
.0194124920142926
.0194124920142926
.0194124920142926
.0194124920142926
.0194124920142926
.0194124920142926
.0194124920142926
.0194124920142926
.16030164751990603
.0194124920142926
.0194124920142926
.0194124920142926
.0194124920142926
.0194124920142926
.0194124920142926
.0194124920142926
.0194124920142926
.0194124920142926
.0194124920142926
.0194124920142926
.0194124920142926
.0194124920142926
.0194124920142926
.0194124920142926
.0194124920142926
.0194124920142926
.0194124920142926
.23727520834814925
.23727520834814925
.1722190498500033
.0194124920142926
.0194124920142926
.0194124920142926
.0194124920142926
.1722190498500033
.06016543081446016
.2077139652344165
.0194124920142926
.23727520834814925
.0194124920142926
.0194124920142926
.0194124920142926
.0194124920142926
.0194124920142926
.03426125291303671
.0194124920142926
.0194124920142926
.1484372636605294
.0194124920142926
.22519807580415552
.0194124920142926
.0194124920142926
.010286440018874212
.0194124920142926
.0194124920142926
.0194124920142926
.11994329275713231
.0194124920142926
.0194124920142926
.0194124920142926
.0194124920142926
.0194124920142926
.0194124920142926
.0194124920142926
.0194124920142926
.0194124920142926
.0194124920142926
.0194124920142926
.0194124920142926
.0194124920142926
.0194124920142926
.0194124920142926
.0194124920142926
.0194124920142926
.0194124920142926
.0194124920142926
.0194124920142926
.0194124920142926
.0194124920142926
.0194124920142926
.11994329275713231
.0194124920142926
.0194124920142926
.0194124920142926
.0194124920142926
.0194124920142926
.0194124920142926
.0194124920142926
.0194124920142926
.0194124920142926
.0194124920142926
.22519807580415552
.1918185796583303
.16030164751990603
.0194124920142926
9999999999985096e-28
.2017717206775182
.2017717206775182
.16030164751990603
.16030164751990603
.22519807580415552
.22519807580415552
.22519807580415552
.22519807580415552
