1.4845601227534722
.7649527957416752
.01304828132741924
.0028138032964600225
5278641614153692e-21
.03426647604607079
6.799610176581815
.7016810356402501
.05861401804982114
.06423343478795203
.0700129215161788
5.299044408499842
.7363011910986633
.38336265524323204
.005899269288881785
3.6014442052986877
.4321654007744454
.0034180427981424944
.07577419266812718
.004589091619950277
.001946430848925241
.00883982711860381
.00018504824319125814
.002548073932434428
.3091265580172498
16.95363513404765
.0001399927427576563
.005986636469108327
.006472077607322007
.005928280436849464
13712982619557317e-22
.00018159902318390345
.014224461751236565
.0013603932385870892
.010380189159748587
21932722028556443e-21
.002171159659400351
.0027781721267573856
.00036363264028948155
.005118616910230446
36319932676948405e-21
.00594381859916402
.006491343897206113
.020227483453771764
.00032554233425642534
.11448885026332672
.007362639885517045
.0007879663361402061
.038752778895878984
.2905392863219688
.0011432820250226645
.5840830615553629
.009560770571453736
12.208042697963432
11.31131991875874
1.355030095459595
.007202394565757078
.06385788520877875
.07118044591850674
.2228601305501804
.13259632664016854
30.205865029953703
23.761682493844827
8.37793826852422
.002293518438412764
.0005230320742264881
.0014181944528470895
.00695927651510995
3.3457813686677347
7.4516344799409495
.021281922599693328
23.07661325865133
3.224606746168059
9.024794654401498
21.693821017138696
.0015581368408528618
.00934222708547852
.000724525400529032
2.2143176524604615
.0003403010293798601
.0028632615802683
.011303251125568455
.0003484026132034951
.9451656509712345
.7162420473381372
30287156752678806e-21
.008976958568634844
.8036039187301159
.7149197423340082
3.2846862261276435
.00018159070295471527
45159810206214794e-21
.6365468736977534
.79719680982595
.08217285991425306
.011001859194422597
.2774200247338029
1.6555520679265394
1.5431576812683765
2.107546447692913
1.6118682622652996
2.1126683047150197
.027454650364979696
.03844362454870164
.009205947089954031
.00014348496480940184
6.429540560236921
5.928292384120882
.5620476199064632
.017251573602651175
.004262185752357518
6624967881175978e-20
.0006766727228896373
.10158161723560134
.020433919370411887
.000908864639260711
.43625310643395665
5740398165160526e-20
.00022611125349837946
.03798067950170213
21310509324189538e-21
0
0
0
0
0
0
0
0
0
0
0
0
0
0
0
0
0
0
0
.7657230215413114
0
0
0
0
.5112711206016956
1328.8279510698933
.004466806682751826
.10366067757478238
.01766250396117728
.23119736117933165
.11246010402854653
.6658129982429198
.1378089518496121
.39941101750781716
.005978386308896186
2.965729897874182
3.1700815952747132
.01616073385075103
.043153358290263476
.8146643790394433
.6497184204300023
.25639785785161195
.4028975465625283
.019414905020411353
.019414905020411353
.22660197140791208
55340517792205626e-21
.019414905020411353
.019414905020411353
.019414905020411353
.019414905020411353
.019414905020411353
.019414905020411353
.019414905020411353
.019414905020411353
.019414905020411353
.019414905020411353
.019414905020411353
.019414905020411353
.019414905020411353
.019414905020411353
.019414905020411353
.019414905020411353
.019414905020411353
.019414905020411353
.019414905020411353
.019414905020411353
.019414905020411353
.019414905020411353
.019414905020411353
.019414905020411353
.019414905020411353
.019414905020411353
.019414905020411353
.019414905020411353
.019414905020411353
.019414905020411353
.019414905020411353
.019414905020411353
.019414905020411353
.019414905020411353
.019414905020411353
.019414905020411353
.019414905020411353
.019414905020411353
.019414905020411353
.019414905020411353
.019414905020411353
.019414905020411353
.019414905020411353
.019414905020411353
.23801365211528813
.01054531282877208
.019414905020411353
.01054531282877208
.1724868302362735
.08620379254265546
.019414905020411353
.019414905020411353
.03490598538595053
.019414905020411353
.019414905020411353
.019414905020411353
.019414905020411353
.019414905020411353
.019414905020411353
.019414905020411353
.019414905020411353
.019414905020411353
.019414905020411353
.16180297041904046
.019414905020411353
.019414905020411353
.019414905020411353
.019414905020411353
.019414905020411353
.019414905020411353
.019414905020411353
.019414905020411353
.019414905020411353
.019414905020411353
.019414905020411353
.019414905020411353
.019414905020411353
.019414905020411353
.019414905020411353
.019414905020411353
.019414905020411353
.019414905020411353
.23801365211528813
.23801365211528813
.1724868302362735
.019414905020411353
.019414905020411353
.019414905020411353
.019414905020411353
.1724868302362735
.061107485414359175
.20816626493174226
.019414905020411353
.23801365211528813
.019414905020411353
.019414905020411353
.019414905020411353
.019414905020411353
.019414905020411353
.03490598538595053
.019414905020411353
.019414905020411353
.1486218769714467
.019414905020411353
.22660197140791208
.019414905020411353
.019414905020411353
.01054531282877208
.019414905020411353
.019414905020411353
.019414905020411353
.12005515662061673
.019414905020411353
.019414905020411353
.019414905020411353
.019414905020411353
.019414905020411353
.019414905020411353
.019414905020411353
.019414905020411353
.019414905020411353
.019414905020411353
.019414905020411353
.019414905020411353
.019414905020411353
.019414905020411353
.019414905020411353
.019414905020411353
.019414905020411353
.019414905020411353
.019414905020411353
.019414905020411353
.019414905020411353
.019414905020411353
.019414905020411353
.12005515662061673
.019414905020411353
.019414905020411353
.019414905020411353
.019414905020411353
.019414905020411353
.019414905020411353
.019414905020411353
.019414905020411353
.019414905020411353
.019414905020411353
.22660197140791208
.19217654170735815
.16180297041904046
.019414905020411353
9999999999985159e-28
.20218594900457296
.20218594900457296
.16180297041904046
.16180297041904046
.22660197140791208
.22660197140791208
.22660197140791208
.22660197140791208
