2.9805621807566864
.01582821326731179
.0017437742732805948
7413220799650874e-20
4876608254254443e-27
.0062145904008745895
6.104876610898161
.7237650005872116
.052523908986742925
.010581831704070796
.06858964080419763
.775556566180851
.736150125444068
.05090420177460614
.0007416283988539254
.005435109713184492
.0005951208564469486
.0023493135146982974
.0701313480627013
.004772845684551825
.0023545425838270907
.001215103976244802
25935991834584127e-21
.0020879399394449355
.039041206938143405
3.791362903326143
6439359088322412e-21
.005505499307464388
.005520461762461691
.004845048833004226
16131374484705488e-22
.00018311593898811962
.013179278099126637
.0010711047804457133
.00949413646285724
32486432907622892e-22
.002255166836552461
.0028150478685881465
4467614994746306e-20
.004723064677910439
4879983456718721e-21
.004842908351214025
.0048425131852488385
.02030190462852061
.0006213604780656064
.10795206100615974
.007631477954126431
.0004731725281158384
.02550977253036848
.08238544125759274
3956070828940868e-21
.1527397025017164
26425501382261655e-21
8.618377253002608
8.131911607043412
1.2008771910259497
.007306263296305993
.0007959659103680742
.0008643055017070495
.1644484718858408
.1075639530944424
10.259170923244177
8.212068737178607
2.7410778107245544
.0019220114124709298
.0002901466495989442
.001400088033865904
.005518228794638319
.006640034650208813
3.5053759615632747
.0008002257620412962
10.259170923244177
3.2352507814872733
9.503050163743447
9.524757122141551
.0013015508384864195
.007623039734437124
.00015889161885831906
1.9683238967521617
.0002659205851206689
.0020755172010159546
.011838399589523343
4332866714660036e-20
.718852103205581
.05359679463010744
24441219172601985e-21
.000622252538068307
.41483696559643674
.3847185735238527
2.4955612312212843
.0001356535866508548
.00043430508529217974
.7491346401053084
.7214094889381011
.13069542842782847
.0002867296999181182
.14684775890243826
1.1514541590125749
.994471648249646
.06265990505304823
1.2812142246810392
1.9943403176417573
.027075292692826547
.020016960304054567
.00010203078945759238
.0001530921600197144
3.690498661692541
4.416376452721421
.4271758495505167
.00357721830586955
.00011168137062343022
1525517296137762e-21
56279894452830124e-24
.05143523153509008
.015429698933563624
.000519599287696273
.30587370703505573
3711263317141724e-20
.00018462935201223299
.026987909833241928
6546378835445068e-22
0
0
0
0
0
0
0
0
0
0
0
0
0
0
0
0
0
0
0
.10260775698908468
0
0
0
0
.15082562552337644
1216.2645381992882
.004344177141389191
.09746097619521643
.01685208681201817
.2164302453926751
.01753955965718443
.42961365138306157
.013009864937415138
.35081686106368076
.004157042224867951
2.340550315957705
2.2923480355880814
.0020791521867607188
.005482358587862495
.4821795916501176
.36872080854087186
.19517062576647984
.2740827924831219
.01884261443600957
.01884261443600957
.05076523013943226
3711217698671155e-25
.01884261443600957
.01884261443600957
.01884261443600957
.01884261443600957
.01884261443600957
.01884261443600957
.01884261443600957
.01884261443600957
.01884261443600957
.01884261443600957
.01884261443600957
.01884261443600957
.01884261443600957
.01884261443600957
.01884261443600957
.01884261443600957
.01884261443600957
.01884261443600957
.01884261443600957
.01884261443600957
.01884261443600957
.01884261443600957
.01884261443600957
.01884261443600957
.01884261443600957
.01884261443600957
.01884261443600957
.01884261443600957
.01884261443600957
.01884261443600957
.01884261443600957
.01884261443600957
.01884261443600957
.01884261443600957
.01884261443600957
.01884261443600957
.01884261443600957
.01884261443600957
.01884261443600957
.01884261443600957
.01884261443600957
.01884261443600957
.01884261443600957
.01884261443600957
.11265484774879775
2665075270847635e-20
.01884261443600957
2665075270847635e-20
.11866691624011157
.0742259617274431
.01884261443600957
.01884261443600957
.00039288223646788173
.01884261443600957
.01884261443600957
.01884261443600957
.01884261443600957
.01884261443600957
.01884261443600957
.01884261443600957
.01884261443600957
.01884261443600957
.01884261443600957
.017157873634283116
.01884261443600957
.01884261443600957
.01884261443600957
.01884261443600957
.01884261443600957
.01884261443600957
.01884261443600957
.01884261443600957
.01884261443600957
.01884261443600957
.01884261443600957
.01884261443600957
.01884261443600957
.01884261443600957
.01884261443600957
.01884261443600957
.01884261443600957
.01884261443600957
.11265484774879775
.11265484774879775
.11866691624011157
.01884261443600957
.01884261443600957
.01884261443600957
.01884261443600957
.11866691624011157
.0014523409802265081
.12331436494950644
.01884261443600957
.11265484774879775
.01884261443600957
.01884261443600957
.01884261443600957
.01884261443600957
.01884261443600957
.00039288223646788173
.01884261443600957
.01884261443600957
.1101898750831639
.01884261443600957
.05076523013943226
.01884261443600957
.01884261443600957
2665075270847635e-20
.01884261443600957
.01884261443600957
.01884261443600957
.09592350020685107
.01884261443600957
.01884261443600957
.01884261443600957
.01884261443600957
.01884261443600957
.01884261443600957
.01884261443600957
.01884261443600957
.01884261443600957
.01884261443600957
.01884261443600957
.01884261443600957
.01884261443600957
.01884261443600957
.01884261443600957
.01884261443600957
.01884261443600957
.01884261443600957
.01884261443600957
.01884261443600957
.01884261443600957
.01884261443600957
.01884261443600957
.09592350020685107
.01884261443600957
.01884261443600957
.01884261443600957
.01884261443600957
.01884261443600957
.01884261443600957
.01884261443600957
.01884261443600957
.01884261443600957
.01884261443600957
.05076523013943226
.12268426846520925
.017157873634283116
.01884261443600957
999999999997021e-27
.12340943415413161
.12340943415413161
.017157873634283116
.017157873634283116
.05076523013943226
.05076523013943226
.05076523013943226
.05076523013943226
