1.5014351221827638
.5788950551813472
.010064466823198157
.0021432478278177076
3431586140543836e-21
.027327431956954768
6.991766717234427
.6694690819545568
.059715405398805765
.05636660122105289
.06841625595057668
5.082712684353271
.7628759869329964
.3948651163878402
.005859174584486603
3.3035848953090126
.4192043439373792
.0032901887829520134
.0733859805601795
.004697200866149172
.0018849342495426673
.008461910155466093
.00016921953900862435
.002977129389103793
.26817612476867764
16.419426171252006
.0001726042120267971
.005871770820286935
.006106581791009126
.005915857315612748
14004503326334208e-22
.0001832948164109309
.013698707485990346
.0013159740627012501
.010185406913110394
21788347657674376e-21
.0021792490179925544
.002772703877040548
.0003219028104240653
.005309692583957118
3660655886008211e-20
.005929235053341049
.0064861284752745696
.02079075033309564
.00035566513126368955
.11666992755774018
.007941385035150567
.0009062490639261442
.0444653136340122
.30132992784904233
.0011050594281293755
.6073345856580724
.009235237442273773
11.860800816609853
11.06186230077702
1.3476105598575892
.007117666021860089
.06328788415518158
.07006410901829417
.21943904412195628
.12890045216969276
29.98086503756315
23.650847460154388
8.095992842212954
.0023616123625282708
.0005088654676814831
.0013669951990866328
.00650145771216174
3.7720030331475844
8.454559752978879
.02318834826180562
23.377504067621157
3.3633742923217698
9.39309022663148
21.932633922820887
.001445024982759936
.008946613507953024
.0007246645375919204
2.1832983664397676
.00032999643437297806
.0028408160517584286
.010982743871640317
.0003624437987946649
.901405743377755
.6597771942103537
3022652236036282e-20
.007572736908349457
.876974511858809
.7795457092974688
3.456134206631149
.0001748278274176003
5877388903985486e-20
.6678342093507785
.8357295969241356
.0903675273477461
.010567933869428614
.2927157174317202
1.6768424284764543
1.5637972629410812
2.048034112502962
1.580999671490881
2.0349231155983447
.028574958787778302
.04170727136209225
.009310353389108605
.00015322922367669759
6.237435133495578
6.050983423774451
.5408935892707901
.01786229318353632
.00433627578180586
6855142938176813e-20
.0006819323268827535
.10299897816217245
.020220930203274017
.0008753812847672266
.4450781110839309
5276697931338354e-20
.00022181172950780373
.03593983852192826
24467870306224658e-21
0
0
0
0
0
0
0
0
0
0
0
0
0
0
0
0
0
0
0
.755358228050198
0
0
0
0
.6042495108246962
1293.9007744847772
.004441862620476181
.10450996836384187
.01928359207317438
.20946512561864725
.10493435094747708
.6699185792831143
.1400722747596652
.41437693655890845
.006338779685452248
2.9390338597003853
3.3434032276127157
.01810666657436775
.04438141836429812
.8876511973380401
.5911915812685453
.25541845606291236
.4317546637699306
.019408353595803517
.019408353595803517
.22281014531016075
4836100763079644e-20
.019408353595803517
.019408353595803517
.019408353595803517
.019408353595803517
.019408353595803517
.019408353595803517
.019408353595803517
.019408353595803517
.019408353595803517
.019408353595803517
.019408353595803517
.019408353595803517
.019408353595803517
.019408353595803517
.019408353595803517
.019408353595803517
.019408353595803517
.019408353595803517
.019408353595803517
.019408353595803517
.019408353595803517
.019408353595803517
.019408353595803517
.019408353595803517
.019408353595803517
.019408353595803517
.019408353595803517
.019408353595803517
.019408353595803517
.019408353595803517
.019408353595803517
.019408353595803517
.019408353595803517
.019408353595803517
.019408353595803517
.019408353595803517
.019408353595803517
.019408353595803517
.019408353595803517
.019408353595803517
.019408353595803517
.019408353595803517
.019408353595803517
.019408353595803517
.23601386042280645
.009856988569847815
.019408353595803517
.009856988569847815
.17176068423551205
.08605844631800363
.019408353595803517
.019408353595803517
.03318283235504357
.019408353595803517
.019408353595803517
.019408353595803517
.019408353595803517
.019408353595803517
.019408353595803517
.019408353595803517
.019408353595803517
.019408353595803517
.019408353595803517
.1577587269052455
.019408353595803517
.019408353595803517
.019408353595803517
.019408353595803517
.019408353595803517
.019408353595803517
.019408353595803517
.019408353595803517
.019408353595803517
.019408353595803517
.019408353595803517
.019408353595803517
.019408353595803517
.019408353595803517
.019408353595803517
.019408353595803517
.019408353595803517
.019408353595803517
.23601386042280645
.23601386042280645
.17176068423551205
.019408353595803517
.019408353595803517
.019408353595803517
.019408353595803517
.17176068423551205
.05858311437140516
.2069404066385788
.019408353595803517
.23601386042280645
.019408353595803517
.019408353595803517
.019408353595803517
.019408353595803517
.019408353595803517
.03318283235504357
.019408353595803517
.019408353595803517
.148121123649697
.019408353595803517
.22281014531016075
.019408353595803517
.019408353595803517
.009856988569847815
.019408353595803517
.019408353595803517
.019408353595803517
.11975165130154411
.019408353595803517
.019408353595803517
.019408353595803517
.019408353595803517
.019408353595803517
.019408353595803517
.019408353595803517
.019408353595803517
.019408353595803517
.019408353595803517
.019408353595803517
.019408353595803517
.019408353595803517
.019408353595803517
.019408353595803517
.019408353595803517
.019408353595803517
.019408353595803517
.019408353595803517
.019408353595803517
.019408353595803517
.019408353595803517
.019408353595803517
.11975165130154411
.019408353595803517
.019408353595803517
.019408353595803517
.019408353595803517
.019408353595803517
.019408353595803517
.019408353595803517
.019408353595803517
.019408353595803517
.019408353595803517
.22281014531016075
.1912061064807081
.1577587269052455
.019408353595803517
9999999999984985e-28
.20106315521320037
.20106315521320037
.1577587269052455
.1577587269052455
.22281014531016075
.22281014531016075
.22281014531016075
.22281014531016075
