.5012910110189478
.011823048028628812
.0018544795905926273
4045146911102277e-21
.026755362692774877
7.067865564265446
.6424433179060848
.06294871731804291
.04732001992990613
.07353429847775983
4.48415552533828
.7293461537381548
.29586134690183724
.004103909229780057
2.5110396302994396
.29915670175126796
.003571734154294296
.07520616767789502
.004693751835174428
.0020566175240389777
.0073895228017202205
.0001380313352220773
.0026493842512202554
.2516443714960104
17.35969991241735
.00016213535889183635
.005657584899837692
.006268283178768388
.005317783774207839
1570519439930543e-21
.000183902486068612
.01365682192242655
.0010590786948670593
.009709556686744948
1722290201313096e-20
.00225364890442383
.0026946197954055284
.0002637900508481103
.0052606304853752665
27810108202021127e-21
.005367393651790047
.005579543524963927
.02098420712446291
.00037424760009494257
.1057868911031808
.007918503635943033
.0008690414103767602
.049928322875013406
.270596013999229
.001283010000053727
.6355224762622267
.008936472882742413
12.795308680894406
12.074912783543473
1.2993902167626252
.007060964265537036
.06362207659003193
.06967293704197142
.20835906458072553
.12951070659666178
29.96984731706471
23.735255418606858
8.319062231771328
.002346018144686423
.00042879686665003446
.0014899412937010414
.006246621919532537
2.931557413278841
7.500480966937824
.020529357407760126
21.46034722354521
3.4890607167403718
9.669117419408822
19.958939131545566
.0014547821898570146
.008490389842293576
.0006011232510136237
2.1471031548291206
.0003594441764242411
.002791717629133128
.01133063523707832
.0003541529385358581
.9457405219677191
.7189883088930754
3080150742847324e-20
.008632904430425102
.9227723957868106
.8410700307121982
3.4683148261502237
.00017906928315735294
5012380518686074e-20
.7398305800190413
.8639631733539064
.08247058932827395
.01077325400171269
.27759553770306694
1.5991379888860966
1.4927357380257462
2.026768786061745
1.633712441725033
2.110454747055836
.028448399480197898
.032597720405942034
.009743757653038726
.0002035992694161873
6.376429434382032
6.189489536510998
.5408531855370788
.017509060886083137
.0035958229885149208
6135011411145812e-20
.0005545321248320668
.09212402942145759
.023116357723797113
.0008542075647184589
.39644753611746225
4983697435231836e-20
.0002468117963197774
.034576162083430395
19901948310674844e-21
0
0
0
0
0
0
0
0
0
0
0
0
0
0
0
0
0
0
0
.7523831975380877
0
0
0
0
.5933378811380738
1268.5813413234957
.004167990277236024
.10176054778263433
.017694369357442608
.22762168660464763
.09516358772721732
.6395921037192671
.13625788225420993
.4677106466127744
.006264448379921866
3.0419696683774835
3.4334291055496724
.013687846250680345
.04085618940329961
.8397326141536917
.5781054761042794
.31162528698309855
.4123742864033401
.01940803284473332
.01940803284473332
.22262630121604582
4833537546069452e-20
.01940803284473332
.01940803284473332
.01940803284473332
.01940803284473332
.01940803284473332
.01940803284473332
.01940803284473332
.01940803284473332
.01940803284473332
.01940803284473332
.01940803284473332
.01940803284473332
.01940803284473332
.01940803284473332
.01940803284473332
.01940803284473332
.01940803284473332
.01940803284473332
.01940803284473332
.01940803284473332
.01940803284473332
.01940803284473332
.01940803284473332
.01940803284473332
.01940803284473332
.01940803284473332
.01940803284473332
.01940803284473332
.01940803284473332
.01940803284473332
.01940803284473332
.01940803284473332
.01940803284473332
.01940803284473332
.01940803284473332
.01940803284473332
.01940803284473332
.01940803284473332
.01940803284473332
.01940803284473332
.01940803284473332
.01940803284473332
.01940803284473332
.01940803284473332
.23591638039502394
.00982724230836798
.01940803284473332
.00982724230836798
.17172520574245756
.08605133535947351
.01940803284473332
.01940803284473332
.03310341188634752
.01940803284473332
.01940803284473332
.01940803284473332
.01940803284473332
.01940803284473332
.01940803284473332
.01940803284473332
.01940803284473332
.01940803284473332
.01940803284473332
.15756403101818092
.01940803284473332
.01940803284473332
.01940803284473332
.01940803284473332
.01940803284473332
.01940803284473332
.01940803284473332
.01940803284473332
.01940803284473332
.01940803284473332
.01940803284473332
.01940803284473332
.01940803284473332
.01940803284473332
.01940803284473332
.01940803284473332
.01940803284473332
.01940803284473332
.23591638039502394
.23591638039502394
.17172520574245756
.01940803284473332
.01940803284473332
.01940803284473332
.01940803284473332
.17172520574245756
.05846445829720463
.20688056756610673
.01940803284473332
.23591638039502394
.01940803284473332
.01940803284473332
.01940803284473332
.01940803284473332
.01940803284473332
.03310341188634752
.01940803284473332
.01940803284473332
.14809664650956944
.01940803284473332
.22262630121604582
.01940803284473332
.01940803284473332
.00982724230836798
.01940803284473332
.01940803284473332
.01940803284473332
.11973680913085874
.01940803284473332
.01940803284473332
.01940803284473332
.01940803284473332
.01940803284473332
.01940803284473332
.01940803284473332
.01940803284473332
.01940803284473332
.01940803284473332
.01940803284473332
.01940803284473332
.01940803284473332
.01940803284473332
.01940803284473332
.01940803284473332
.01940803284473332
.01940803284473332
.01940803284473332
.01940803284473332
.01940803284473332
.01940803284473332
.01940803284473332
.11973680913085874
.01940803284473332
.01940803284473332
.01940803284473332
.01940803284473332
.01940803284473332
.01940803284473332
.01940803284473332
.01940803284473332
.01940803284473332
.01940803284473332
.22262630121604582
.191158713888215
.15756403101818092
.01940803284473332
9999999999984959e-28
.20100833703683407
.20100833703683407
.15756403101818092
.15756403101818092
.22262630121604582
.22262630121604582
.22262630121604582
.22262630121604582
