.0058009455159475885
.00020324799603903515
12241935844627556e-21
5229528234872211e-28
.0007988590657016762
6.634687927872293
.7439864159603294
.04368746088594386
.02291999441385841
.06415038604650246
.7542684649231975
.7299973464933432
.06433327053377697
.0010838258595561423
.0056819733567960405
.0009494207070224799
.002012535966265638
.07420189019639456
.0049202578616166694
.0019248892370628855
.003363984578491995
7201194746019504e-20
.0017358486369307984
.09421278576495606
4.252567571433557
615819830987247e-20
.005072336277573467
.006544172320768123
.005660819346139607
11658738862734481e-22
.00016888763254993878
.013465731635874051
.0012775684720702448
.0104824741366753
37788252931119183e-22
.002456953901352923
.0026662880914518215
58465609603720717e-21
.005202622782715693
575702932248323e-20
.005659243697311548
.005658814456801036
.02002356414371153
.0005871332674017264
.11440438363535795
.008098085515767838
.0004717914372476701
.02778857244779996
.07200266298558043
3290601760526635e-21
.15967543149652139
2452724521264014e-20
8.52980555117468
8.120466757759297
1.22304922678134
.006480993561490327
.0007240940815091213
.0008016159836845856
.19100927619094699
.10755422066175649
10.145245995930878
8.008931436835764
2.7609355097550425
.001584246018266615
.00030763080303538253
.0015225174878098272
.006051245085900888
.009773778729093812
3.964406836924621
.0009350692164333593
10.145245995930878
3.081513149077081
9.75368999905403
9.34944373409603
.0013547094862415181
.009068568473632079
.00015746199328261476
2.135081937529904
.00019401784544651314
.0018350809937105416
.010285662861621348
919037767834361e-19
.6533460005180164
.04757578331509977
1794633962025492e-20
.0006091917758383684
.3832181093616862
.3559795076130559
2.651999782351353
.00014520638505023366
.00040090714257073597
.62841462647091
.7906400180454047
.11772538927490303
.00024685074040078583
.1672513061269806
1.2002223435044959
1.0339790463457006
.08288458173597965
1.3028897440972407
1.975467144080906
.020652649253062594
.024276378965830993
9629531464547298e-20
.00013406149958307176
3.730689184093553
4.350415479132351
.45496731062592993
.0033161821169957998
.000149763373746327
22342366224138842e-22
7532121318137587e-23
.05338007431863154
.01595747757845175
.00046759706548581126
.33146361948338476
3182205928676522e-20
.00016380690471098848
.025402382009923768
8633222943085262e-22
0
0
0
0
0
0
0
0
0
0
0
0
0
0
0
0
0
0
0
.09815047060127326
0
0
0
0
.29076230312043294
1257.1930308745953
.004375969048471311
.09936941843805433
.020006474015728658
.21031887517311698
.019719792068085055
.3938125977594151
.014365676550886506
.38419990007422933
.0051492568701542495
2.200790356586671
2.3823755424197226
.002195682066168931
.005318386406796446
.5132903980880085
.3618483762821853
.1962897064595799
.3327954874769717
.018839394744575827
.018839394744575827
.05033236960012942
3249368464035572e-25
.018839394744575827
.018839394744575827
.018839394744575827
.018839394744575827
.018839394744575827
.018839394744575827
.018839394744575827
.018839394744575827
.018839394744575827
.018839394744575827
.018839394744575827
.018839394744575827
.018839394744575827
.018839394744575827
.018839394744575827
.018839394744575827
.018839394744575827
.018839394744575827
.018839394744575827
.018839394744575827
.018839394744575827
.018839394744575827
.018839394744575827
.018839394744575827
.018839394744575827
.018839394744575827
.018839394744575827
.018839394744575827
.018839394744575827
.018839394744575827
.018839394744575827
.018839394744575827
.018839394744575827
.018839394744575827
.018839394744575827
.018839394744575827
.018839394744575827
.018839394744575827
.018839394744575827
.018839394744575827
.018839394744575827
.018839394744575827
.018839394744575827
.018839394744575827
.11217440115116666
25661753066914045e-21
.018839394744575827
25661753066914045e-21
.1184136828048955
.0741625666998807
.018839394744575827
.018839394744575827
.00038249555689889305
.018839394744575827
.018839394744575827
.018839394744575827
.018839394744575827
.018839394744575827
.018839394744575827
.018839394744575827
.018839394744575827
.018839394744575827
.018839394744575827
.016937972948023138
.018839394744575827
.018839394744575827
.018839394744575827
.018839394744575827
.018839394744575827
.018839394744575827
.018839394744575827
.018839394744575827
.018839394744575827
.018839394744575827
.018839394744575827
.018839394744575827
.018839394744575827
.018839394744575827
.018839394744575827
.018839394744575827
.018839394744575827
.018839394744575827
.11217440115116666
.11217440115116666
.1184136828048955
.018839394744575827
.018839394744575827
.018839394744575827
.018839394744575827
.1184136828048955
.0014208363355894611
.12294607692352635
.018839394744575827
.11217440115116666
.018839394744575827
.018839394744575827
.018839394744575827
.018839394744575827
.018839394744575827
.00038249555689889305
.018839394744575827
.018839394744575827
.11000172598078449
.018839394744575827
.05033236960012942
.018839394744575827
.018839394744575827
25661753066914045e-21
.018839394744575827
.018839394744575827
.018839394744575827
.09580063482655711
.018839394744575827
.018839394744575827
.018839394744575827
.018839394744575827
.018839394744575827
.018839394744575827
.018839394744575827
.018839394744575827
.018839394744575827
.018839394744575827
.018839394744575827
.018839394744575827
.018839394744575827
.018839394744575827
.018839394744575827
.018839394744575827
.018839394744575827
.018839394744575827
.018839394744575827
.018839394744575827
.018839394744575827
.018839394744575827
.018839394744575827
.09580063482655711
.018839394744575827
.018839394744575827
.018839394744575827
.018839394744575827
.018839394744575827
.018839394744575827
.018839394744575827
.018839394744575827
.018839394744575827
.018839394744575827
.05033236960012942
.12237015502234841
.016937972948023138
.018839394744575827
9999999999970136e-28
.12306190133424237
.12306190133424237
.016937972948023138
.016937972948023138
.05033236960012942
.05033236960012942
.05033236960012942
.05033236960012942
