.5940113822264959
.0106635060941866
.0022782236240757375
3599334450549921e-21
.02988456784451529
7.120757386584549
.6999477138574444
.06126496844248916
.060411389145773986
.07006674839281885
5.020227987793716
.7214184862576092
.3641106788941418
.00595376384677245
3.095564002518582
.414985939036838
.0032730890342738345
.07531653681883838
.004593630733346534
.0019179657329684017
.008147179670203302
.00018487453701700478
.00264779494592512
.28081211360630726
17.138418068524018
.00014940372378056735
.005534479421264979
.006404068698640787
.005638423255247741
13197592298795146e-22
.0001689363098997844
.01421210494277046
.0013254284973827893
.009812731635405915
2284645067271997e-20
.0021177683823889208
.00286924958124912
.0003273255620035082
.004990872215298231
35936946362801346e-21
.00564624418496947
.006036316891524362
.021256159359071422
.00033005607971866126
.11161204765276528
.007982653579678924
.0008161779905345045
.04085490952736859
.283305841451963
.00108125510149447
.5876311678793784
.00892978863823222
12.151479476338393
11.231699733135363
1.3940106504655754
.007108873302535117
.061132421122227026
.06778044212477864
.233418506478399
.13412981580476577
29.90916746672973
23.51428167176996
8.131753412675181
.0023041677421872693
.0005130313180598554
.0013543433442510134
.006306830293015079
3.1268708102500016
7.474824848056801
.020096724641440234
22.813162629844
3.5637858190093863
9.428159779559568
21.394434089470465
.001497844422078335
.010093167175707657
.0007465673560468752
2.19310412111279
.00033191572637003607
.002949020064950999
.010686546193749976
.0003462769615495777
.9179723212172474
.6462790919998933
32952726492701764e-21
.006960208557335433
.8790373729232147
.7867825529665049
3.4618803228671533
.00017818014692292823
5394513907076978e-20
.6388520604803726
.8298029584410155
.08571781143854529
.010931196719414489
.29370570095121296
1.6305387522114405
1.5082342513404758
2.0851304449369334
1.5778291895637502
2.069498277271577
.027358919065330004
.037751765673050976
.009289191712720538
.0001906507035429227
6.3346228354505
6.053529357085316
.5293355758353079
.017717732385859903
.003959751486116622
6343673128175925e-20
.0005709044347163459
.10269352208171864
.020741285226629186
.0008972582712361982
.42639832960539853
52931075050752985e-21
.00023355192366416206
.03483451178516949
2192598060921867e-20
0
0
0
0
0
0
0
0
0
0
0
0
0
0
0
0
0
0
0
.7474844470548706
0
0
0
0
.558024232859461
1279.0036856086024
.004441699478905628
.10330851997732156
.018143864976936437
.22119940637816746
.10565635591196718
.631836074148936
.13577331679346424
.41156387301402236
.0063420670207614506
3.107025370544647
3.1633766778136096
.016639404888912232
.042648476295723006
.8708402530518565
.5589309002564559
.26011886040100574
.4250001457948531
.019406266410329838
.019406266410329838
.22161524608240743
4643699977033621e-20
.019406266410329838
.019406266410329838
.019406266410329838
.019406266410329838
.019406266410329838
.019406266410329838
.019406266410329838
.019406266410329838
.019406266410329838
.019406266410329838
.019406266410329838
.019406266410329838
.019406266410329838
.019406266410329838
.019406266410329838
.019406266410329838
.019406266410329838
.019406266410329838
.019406266410329838
.019406266410329838
.019406266410329838
.019406266410329838
.019406266410329838
.019406266410329838
.019406266410329838
.019406266410329838
.019406266410329838
.019406266410329838
.019406266410329838
.019406266410329838
.019406266410329838
.019406266410329838
.019406266410329838
.019406266410329838
.019406266410329838
.019406266410329838
.019406266410329838
.019406266410329838
.019406266410329838
.019406266410329838
.019406266410329838
.019406266410329838
.019406266410329838
.019406266410329838
.23538015214051933
.009647642440807012
.019406266410329838
.009647642440807012
.1715299364280255
.08601218239627334
.019406266410329838
.019406266410329838
.032652108559958426
.019406266410329838
.019406266410329838
.019406266410329838
.019406266410329838
.019406266410329838
.019406266410329838
.019406266410329838
.019406266410329838
.019406266410329838
.019406266410329838
.15649140201743353
.019406266410329838
.019406266410329838
.019406266410329838
.019406266410329838
.019406266410329838
.019406266410329838
.019406266410329838
.019406266410329838
.019406266410329838
.019406266410329838
.019406266410329838
.019406266410329838
.019406266410329838
.019406266410329838
.019406266410329838
.019406266410329838
.019406266410329838
.019406266410329838
.23538015214051933
.23538015214051933
.1715299364280255
.019406266410329838
.019406266410329838
.019406266410329838
.019406266410329838
.1715299364280255
.057801024489688116
.20655129842617279
.019406266410329838
.23538015214051933
.019406266410329838
.019406266410329838
.019406266410329838
.019406266410329838
.019406266410329838
.032652108559958426
.019406266410329838
.019406266410329838
.14796191040875542
.019406266410329838
.22161524608240743
.019406266410329838
.019406266410329838
.009647642440807012
.019406266410329838
.019406266410329838
.019406266410329838
.11965509884327477
.019406266410329838
.019406266410329838
.019406266410329838
.019406266410329838
.019406266410329838
.019406266410329838
.019406266410329838
.019406266410329838
.019406266410329838
.019406266410329838
.019406266410329838
.019406266410329838
.019406266410329838
.019406266410329838
.019406266410329838
.019406266410329838
.019406266410329838
.019406266410329838
.019406266410329838
.019406266410329838
.019406266410329838
.019406266410329838
.019406266410329838
.11965509884327477
.019406266410329838
.019406266410329838
.019406266410329838
.019406266410329838
.019406266410329838
.019406266410329838
.019406266410329838
.019406266410329838
.019406266410329838
.019406266410329838
.22161524608240743
.19089790235495127
.15649140201743353
.019406266410329838
999999999998492e-27
.20070668204934503
.20070668204934503
.15649140201743353
.15649140201743353
.22161524608240743
.22161524608240743
.22161524608240743
.22161524608240743
