60642501803667024e-28
40.712105624228926
.15624520807168735
.32676853591201543
10.923327055568112
.34921196289650147
6.242797199180864
.1963435752942255
.002723774759892269
.34991297416163203
.02849809501265584
7.819400605299497
.7614623566528405
.6900447709241238
.009203620422723857
7.8301942420687265
1.1488448489299292
.0038637341943276943
.07442419732989367
.004304062998669003
.0018470852114818375
.04350154167447201
.00013412381229018272
11355749659024902e-21
.2810145144837536
4228828410148597e-23
13596231161692407e-30
.0052255907291234175
.006622182776465208
.006299347972351453
.002602960045710028
.00017277032767822626
.01399338660426952
.0012655831868865163
.010894218151759269
3470073911937157e-20
.0005000544638558576
.002726395909766804
.0005403702927412729
.005519476389706239
15267727953718082e-21
8.296599273736884
15.14096737290415
.005682249207411232
589960968382588e-19
.12575632554460991
.007465952006746552
.006923101720093279
.4105976568205564
8431979262986589e-26
.49411987926202616
27080907834665623e-27
4.287405567145718
18.308101807079865
14580202163977472e-25
20043795549520697e-26
.006894357977897758
2.995847576156097
12.676159075286005
26311296914225138e-27
20800368540279568e-27
45.69709597164018
28.449660205316725
9.274723609603601
.002691297076852888
.0006327071912235431
.0014164912423074334
.006676291263988184
5409919188206578e-24
0
7955372929435938e-27
24.85740438228037
3.0068035525100694
9.701283155988133
16.138406674677583
.001477022429350936
.00780787048705381
.00038959577411966877
2.061979576012587
.0003692556012320148
.003462389771214335
.011173860792213951
.001631732069811726
.957734704513521
1.366992925846331
.0001271799857425335
.02509290451973374
1.2961223199254064
1.6657634033031927
3.353132608738559
.0035415635205563183
.0004256022279176919
.6108595677909308
.787063903236531
11725720165970695e-27
.5262193467252206
.8208498745566082
1.9014269088960745
2.425229132815849
3230525156155602e-25
5.739871040064946
1.9905255712937726
.5613859598057305
1.1970942917157281
.9622026082059417
.000868595408193325
48.25214807245667
8.249341126733984
.438019119179735
.06611961045462673
6456364786919531e-28
7494001769245936e-30
34086309548165126e-25
4.525563917643291
.00945703626919539
.0005115099088397764
.5747752348973902
.0013173491415477024
.00024146620093436186
.017537006686051276
3182180650950467e-30
0
0
0
0
0
0
0
0
0
0
0
0
0
0
0
0
0
0
0
1.8859047419780572
0
0
0
0
.6445255897046692
1209.6218821767197
.0047894847836968905
.10749166947387732
.01939935793650624
.22664246939297833
.5620220169830668
.9907957740904695
1.4423678342342274
1.3800230453861708
.007601936770237185
6.1984477169581425
6.128022879432172
.15441948304989975
.3621747546394391
5.231818524051167
4.160007048537112
9885988024905313e-26
16247313282287535e-26
.019999999999997575
.019999999999997575
.9999999999939357
7.999999999611888
.019999999999997575
.019999999999997575
.019999999999997575
.019999999999997575
.019999999999997575
.019999999999997575
.019999999999997575
.019999999999997575
.019999999999997575
.019999999999997575
.019999999999997575
.019999999999997575
.019999999999997575
.019999999999997575
.019999999999997575
.019999999999997575
.019999999999997575
.019999999999997575
.019999999999997575
.019999999999997575
.019999999999997575
.019999999999997575
.019999999999997575
.019999999999997575
.019999999999997575
.019999999999997575
.019999999999997575
.019999999999997575
.019999999999997575
.019999999999997575
.019999999999997575
.019999999999997575
.019999999999997575
.019999999999997575
.019999999999997575
.019999999999997575
.019999999999997575
.019999999999997575
.019999999999997575
.019999999999997575
.019999999999997575
.019999999999997575
.019999999999997575
.019999999999997575
.49999999999848393
3.999999999902972
.019999999999997575
3.999999999902972
.249999999999621
.09999999999993936
.019999999999997575
.019999999999997575
2.9999999999454214
.019999999999997575
.019999999999997575
.019999999999997575
.019999999999997575
.019999999999997575
.019999999999997575
.019999999999997575
.019999999999997575
.019999999999997575
.019999999999997575
1.4999999999863554
.019999999999997575
.019999999999997575
.019999999999997575
.019999999999997575
.019999999999997575
.019999999999997575
.019999999999997575
.019999999999997575
.019999999999997575
.019999999999997575
.019999999999997575
.019999999999997575
.019999999999997575
.019999999999997575
.019999999999997575
.019999999999997575
.019999999999997575
.019999999999997575
.49999999999848393
.49999999999848393
.249999999999621
.019999999999997575
.019999999999997575
.019999999999997575
.019999999999997575
.249999999999621
2.4999999999620983
.34999999999925707
.019999999999997575
.49999999999848393
.019999999999997575
.019999999999997575
.019999999999997575
.019999999999997575
.019999999999997575
2.9999999999454214
.019999999999997575
.019999999999997575
.19999999999975746
.019999999999997575
.9999999999939357
.019999999999997575
.019999999999997575
3.999999999902972
.019999999999997575
.019999999999997575
.019999999999997575
.14999999999986355
.019999999999997575
.019999999999997575
.019999999999997575
.019999999999997575
.019999999999997575
.019999999999997575
.019999999999997575
.019999999999997575
.019999999999997575
.019999999999997575
.019999999999997575
.019999999999997575
.019999999999997575
.019999999999997575
.019999999999997575
.019999999999997575
.019999999999997575
.019999999999997575
.019999999999997575
.019999999999997575
.019999999999997575
.019999999999997575
.019999999999997575
.14999999999986355
.019999999999997575
.019999999999997575
.019999999999997575
.019999999999997575
.019999999999997575
.019999999999997575
.019999999999997575
.019999999999997575
.019999999999997575
.019999999999997575
.9999999999939357
.2999999999994542
1.4999999999863554
.019999999999997575
1e-12
.3299999999993396
.3299999999993396
1.4999999999863554
1.4999999999863554
.9999999999939357
.9999999999939357
.9999999999939357
.9999999999939357
