3.020653310049318
.007580330326855715
.00033985250811715634
2173179665011479e-20
6084994416121814e-28
.0010755400347454128
6.947311169831813
.7077709242456695
.04461016337465836
.016047352332430858
.06760009878174529
.7302965519665158
.7012516351487905
.06708117395234688
.0009901435027998898
.008315198553994537
.0012896663290936738
.00221970233458116
.07009721876616525
.00480825911087893
.0020536692592981556
.0028031239398245817
573676851521199e-19
.001967757926522129
.07572039490876667
4.078657719742401
6406945509584762e-21
.0055634649557708025
.006121684125341068
.005971142773383954
1661023309003032e-21
.00016264181918764867
.013172997180724157
.0011909010574819865
.010255554569047674
31858977780512485e-22
.002487662002301577
.002564959779367362
56039948437757296e-21
.005180092391505801
5074800874672079e-21
.0059690149235813025
.005968667619135306
.01958501434520371
.0005756887336283575
.11499973027971809
.007543516616070313
.0005364398807676418
.03104993154665828
.07613941242123572
29801120225825874e-22
.14231823080960704
24414171839782387e-21
8.767721033700747
8.35685633661208
1.1737452456143649
.006395376969595567
.0006814135234540586
.0007643766668650736
.17948197881282837
.10900880056118284
9.72462253267576
7.740952184209017
2.630335670894222
.0018527088032584634
.00035231931885715755
.0013883386492009506
.0059678686351854965
.007566613907622685
3.7916910918241573
.000857694542264301
9.72462253267576
2.831934723778054
9.72462253267576
8.955142593506835
.0013869119408832576
.008596315854745925
.0001623539145013494
2.043555929214635
.00020975399412716782
.0019425967452364457
.010644715108336537
7783061130918987e-20
.733943191492715
.04730452631792913
17138600246475934e-21
.000569553390446206
.37804914777053
.352665872534379
2.5146594004408556
.00013542934456945886
.00035545086263366734
.6184059741241833
.7881068516368542
.13639888156674693
.0002840425824296085
.17939230894731234
1.1441944778644286
.9538610008659308
.06961426417601224
1.2533896198941417
1.961798431947366
.019498327068803497
.025280168047752676
9876308937292828e-20
.00015779707199519805
3.7128571139299043
4.363712885846661
.4724342573859282
.0034527599031142636
.00012362233057375968
19103047417057363e-22
52383409137514695e-24
.048967334486392906
.014691838466333302
.0005083135319546886
.3867039936873573
3049706680709118e-20
.0001968890114949245
.02837215197085342
7040742978740962e-22
0
0
0
0
0
0
0
0
0
0
0
0
0
0
0
0
0
0
0
.08341181663428404
0
0
0
0
.2299216007893183
1138.7085285183196
.004508704125449667
.10119003514909475
.018262082271798662
.21335569124941844
.02052536798636852
.39988266840713443
.01418617962892003
.3633011551203629
.004625976424591045
2.304941277734467
2.2680749971646255
.002122457657975936
.004907921091017075
.44504144043326904
.3618387367456026
.19444327884341497
.3193884621399173
.01882751205639684
.01882751205639684
.0487695934366244
2445610009162156e-25
.01882751205639684
.01882751205639684
.01882751205639684
.01882751205639684
.01882751205639684
.01882751205639684
.01882751205639684
.01882751205639684
.01882751205639684
.01882751205639684
.01882751205639684
.01882751205639684
.01882751205639684
.01882751205639684
.01882751205639684
.01882751205639684
.01882751205639684
.01882751205639684
.01882751205639684
.01882751205639684
.01882751205639684
.01882751205639684
.01882751205639684
.01882751205639684
.01882751205639684
.01882751205639684
.01882751205639684
.01882751205639684
.01882751205639684
.01882751205639684
.01882751205639684
.01882751205639684
.01882751205639684
.01882751205639684
.01882751205639684
.01882751205639684
.01882751205639684
.01882751205639684
.01882751205639684
.01882751205639684
.01882751205639684
.01882751205639684
.01882751205639684
.01882751205639684
.11041895311403124
22629430187519003e-21
.01882751205639684
22629430187519003e-21
.11748346654610765
.07392897652196116
.01882751205639684
.01882751205639684
.000348046329606461
.01882751205639684
.01882751205639684
.01882751205639684
.01882751205639684
.01882751205639684
.01882751205639684
.01882751205639684
.01882751205639684
.01882751205639684
.01882751205639684
.016155537194962655
.01882751205639684
.01882751205639684
.01882751205639684
.01882751205639684
.01882751205639684
.01882751205639684
.01882751205639684
.01882751205639684
.01882751205639684
.01882751205639684
.01882751205639684
.01882751205639684
.01882751205639684
.01882751205639684
.01882751205639684
.01882751205639684
.01882751205639684
.01882751205639684
.11041895311403124
.11041895311403124
.11748346654610765
.01882751205639684
.01882751205639684
.01882751205639684
.01882751205639684
.11748346654610765
.0013132811116276628
.12159606186608109
.01882751205639684
.11041895311403124
.01882751205639684
.01882751205639684
.01882751205639684
.01882751205639684
.01882751205639684
.000348046329606461
.01882751205639684
.01882751205639684
.1093098723017343
.01882751205639684
.0487695934366244
.01882751205639684
.01882751205639684
22629430187519003e-21
.01882751205639684
.01882751205639684
.01882751205639684
.09534837606916997
.01882751205639684
.01882751205639684
.01882751205639684
.01882751205639684
.01882751205639684
.01882751205639684
.01882751205639684
.01882751205639684
.01882751205639684
.01882751205639684
.01882751205639684
.01882751205639684
.01882751205639684
.01882751205639684
.01882751205639684
.01882751205639684
.01882751205639684
.01882751205639684
.01882751205639684
.01882751205639684
.01882751205639684
.01882751205639684
.01882751205639684
.09534837606916997
.01882751205639684
.01882751205639684
.01882751205639684
.01882751205639684
.01882751205639684
.01882751205639684
.01882751205639684
.01882751205639684
.01882751205639684
.01882751205639684
.0487695934366244
.12121750926417414
.016155537194962655
.01882751205639684
9999999999969792e-28
.12178742795781755
.12178742795781755
.016155537194962655
.016155537194962655
.0487695934366244
.0487695934366244
.0487695934366244
.0487695934366244
