3.044682251943266
.007247154924051774
.0003281882616982639
2054025139687851e-20
5361224145322578e-28
.0010462954651618034
6.939357416375318
.7078012274662471
.04435502279941067
.015783481535283278
.06757310605054005
.7289270838136456
.7008766145622112
.06695850168384997
.0009883395897096452
.007733572647935756
.0011946237010646357
.0022040133645178346
.07006166648311864
.004810374634324085
.0020545157672412343
.002758925869487107
5625462895369011e-20
.0019538149923474394
.0745127430032415
4.051363922628942
6345946119298133e-21
.005558297344596448
.006118137342361531
.005968363875551579
16602729556460848e-22
.00016256367610309252
.013166667758526684
.001190325354394203
.010250627175695883
3180262501928124e-21
.002488387228481201
.0025637158532635916
5594100213378056e-20
.005177482437072826
50681017919114516e-22
.00596624484331969
.005965903574422898
.019583000696009663
.0005788706310125674
.11493758389163879
.007540701578291714
.0005350102383237413
.03094468967121422
.07451789116823357
269926427499554e-20
.13579171955606475
22211939399365938e-21
8.7182013154373
8.30628883684154
1.1697559304806795
.00639185681159011
.0006342024537517103
.0007114297143205615
.17878594118120666
.10867274542187493
9.404236640756451
7.495397903229008
2.5449081911085902
.0018413133964428313
.00034953461350370273
.001387842218216552
.005962045529507008
.007248811939630061
3.7649549152713955
.0008507460476623541
9.404236640756451
2.830552204160081
9.404236640756451
8.635723680149022
.0013861833681191895
.008592234818228944
.00015468038675059238
2.0429646372756713
.0002082404333113346
.0019284691323572648
.010639882069176649
7609311736626095e-20
.7290781050414695
.04506781796729215
16993142627237482e-21
.0005441712707734585
.372486049547725
.34741558008045126
2.4935638730658343
.00013526645567789937
.00035951253827515636
.6156224557308277
.7831649245557664
.13663335250431763
.0002673871533761355
.17713182005049524
1.1340914174472492
.9453053851958472
.0688142357137409
1.247906301946889
1.9603304960469494
.019383808100110252
.025096989554086204
9181866552256068e-20
.00015785539860334273
3.7022469607918
4.33981074065811
.4710215100197434
.003357268604016967
.00012219454914863426
1886401735383005e-21
4699555137295142e-23
.04851683577180899
.014591426517550512
.0005024469839424521
.3852078310098499
3025038526256197e-20
.0001957579590889875
.0281706888515135
6956174593991801e-22
0
0
0
0
0
0
0
0
0
0
0
0
0
0
0
0
0
0
0
.07955480588100056
0
0
0
0
.21780336785572968
1138.1614207717312
.004506537858233493
.10114141704294984
.01825330801005432
.21325318165320672
.01995329800124223
.3971261165773314
.01365697409089623
.36171643473383236
.004551123402011841
2.287880929266314
2.250859513415406
.002050901052483057
.004741830665517882
.4397471532047937
.35774597699636673
.19256501461647357
.3162932903421276
.018818466126347962
.018818466126347962
.0476117120971202
22366081262882866e-26
.018818466126347962
.018818466126347962
.018818466126347962
.018818466126347962
.018818466126347962
.018818466126347962
.018818466126347962
.018818466126347962
.018818466126347962
.018818466126347962
.018818466126347962
.018818466126347962
.018818466126347962
.018818466126347962
.018818466126347962
.018818466126347962
.018818466126347962
.018818466126347962
.018818466126347962
.018818466126347962
.018818466126347962
.018818466126347962
.018818466126347962
.018818466126347962
.018818466126347962
.018818466126347962
.018818466126347962
.018818466126347962
.018818466126347962
.018818466126347962
.018818466126347962
.018818466126347962
.018818466126347962
.018818466126347962
.018818466126347962
.018818466126347962
.018818466126347962
.018818466126347962
.018818466126347962
.018818466126347962
.018818466126347962
.018818466126347962
.018818466126347962
.018818466126347962
.10910026742633074
20580531571886602e-21
.018818466126347962
20580531571886602e-21
.11677983132679808
.07375154627255037
.018818466126347962
.018818466126347962
.00032391742369902997
.018818466126347962
.018818466126347962
.018818466126347962
.018818466126347962
.018818466126347962
.018818466126347962
.018818466126347962
.018818466126347962
.018818466126347962
.018818466126347962
.015583695561613983
.018818466126347962
.018818466126347962
.018818466126347962
.018818466126347962
.018818466126347962
.018818466126347962
.018818466126347962
.018818466126347962
.018818466126347962
.018818466126347962
.018818466126347962
.018818466126347962
.018818466126347962
.018818466126347962
.018818466126347962
.018818466126347962
.018818466126347962
.018818466126347962
.10910026742633074
.10910026742633074
.11677983132679808
.018818466126347962
.018818466126347962
.018818466126347962
.018818466126347962
.11677983132679808
.0012368213814919853
.1205777118150449
.018818466126347962
.10910026742633074
.018818466126347962
.018818466126347962
.018818466126347962
.018818466126347962
.018818466126347962
.00032391742369902997
.018818466126347962
.018818466126347962
.10878581247430241
.018818466126347962
.0476117120971202
.018818466126347962
.018818466126347962
20580531571886602e-21
.018818466126347962
.018818466126347962
.018818466126347962
.09500532658933075
.018818466126347962
.018818466126347962
.018818466126347962
.018818466126347962
.018818466126347962
.018818466126347962
.018818466126347962
.018818466126347962
.018818466126347962
.018818466126347962
.018818466126347962
.018818466126347962
.018818466126347962
.018818466126347962
.018818466126347962
.018818466126347962
.018818466126347962
.018818466126347962
.018818466126347962
.018818466126347962
.018818466126347962
.018818466126347962
.018818466126347962
.09500532658933075
.018818466126347962
.018818466126347962
.018818466126347962
.018818466126347962
.018818466126347962
.018818466126347962
.018818466126347962
.018818466126347962
.018818466126347962
.018818466126347962
.0476117120971202
.12034683286706768
.015583695561613983
.018818466126347962
999999999996955e-27
.1208255273876135
.1208255273876135
.015583695561613983
.015583695561613983
.0476117120971202
.0476117120971202
.0476117120971202
.0476117120971202
