1.495013380130418
.6411089706471643
.010413707133637307
.0024511523308537813
3707656765733306e-21
.025319087000257756
7.393744072768146
.684812410223871
.0542089107320002
.06491313252351248
.06874597332633385
4.887285035920917
.7267878586275889
.4408492022271388
.006125358827658257
3.1121251231460367
.4660189407390819
.003145361318545955
.0723776615304245
.004642865249572971
.0019868273182475416
.010013477581718423
.00018270509836041532
.0027442789879990083
.27884417333614137
17.91193207268004
.00016984533819268765
.005857587267598205
.00636258085910358
.006145647496858841
17204693750022439e-22
.0001676809410077271
.013581155799154553
.0012280595969774504
.010573301623149768
21688967273467834e-21
.002335894080928753
.002645286261113678
.00035380153569524456
.005348629197579636
3360126447299202e-20
.006188624562679642
.006314108748542137
.0194207371997552
.0003445405582414082
.11906330148604638
.007684977013904824
.0008974357093304976
.0540384499263736
.2915013640724784
.0012737803341290794
.6591105173254667
.01046492808709006
12.371630549926806
11.541603694990183
1.3812655613390437
.006644768562968023
.0653972628436249
.07371692656974935
.21629224363865845
.12641118557314687
30.06648826492776
23.56657323030496
7.967454178978048
.0024686711890680624
.0005208355121016817
.0014245807322257392
.0063268707142692645
3.058975226753844
7.4195580642457095
.02012839892545648
23.172953524200164
2.921338009315945
9.734406339325968
21.666515824818756
.0014322419160515455
.008818552898165272
.0007366980345104578
2.0881386721864317
.0002994136164464427
.0027853389715432027
.01094199453766187
.00037244290482968525
.9870045603672586
.7095540911901173
27374025894830828e-21
.008934936996230665
.82693634683088
.7402767905742835
3.4388075056107446
.00017851073665216288
5196830309936816e-20
.611734415850941
.8444676724798248
.08172000545702293
.011570338531812009
.31226031694869494
1.4974264396161656
1.3829994654905482
2.00048234961369
1.572043762972451
2.040284736161471
.027841985588764415
.04163405796889045
.01019933616461189
.00020445992088128186
6.291804393240343
6.090914925691861
.5414051505708447
.017590977622238935
.003935269110573761
6341521757767582e-20
.0005810712025874501
.09266412482944747
.019773189035788136
.0008478042261497246
.4897835016747079
52561233385269776e-21
.00024522800414778455
.03844595220415044
2048728159085202e-20
0
0
0
0
0
0
0
0
0
0
0
0
0
0
0
0
0
0
0
.7490919692250585
0
0
0
0
.5923878495382972
1173.9892317635195
.004648397689067198
.10432521461957073
.018827897920961414
.21996610878834716
.11431841064808486
.631727184427193
.14729744468872125
.41137974559852947
.006344490713264052
3.0484894477985507
3.2170161269731317
.017511676692521645
.04096902165100666
.7336742683191159
.5781721228812715
.26729443141658027
.4395571623704077
.019410846464694875
.019410846464694875
.2242455556899422
5054085260171681e-20
.019410846464694875
.019410846464694875
.019410846464694875
.019410846464694875
.019410846464694875
.019410846464694875
.019410846464694875
.019410846464694875
.019410846464694875
.019410846464694875
.019410846464694875
.019410846464694875
.019410846464694875
.019410846464694875
.019410846464694875
.019410846464694875
.019410846464694875
.019410846464694875
.019410846464694875
.019410846464694875
.019410846464694875
.019410846464694875
.019410846464694875
.019410846464694875
.019410846464694875
.019410846464694875
.019410846464694875
.019410846464694875
.019410846464694875
.019410846464694875
.019410846464694875
.019410846464694875
.019410846464694875
.019410846464694875
.019410846464694875
.019410846464694875
.019410846464694875
.019410846464694875
.019410846464694875
.019410846464694875
.019410846464694875
.019410846464694875
.019410846464694875
.019410846464694875
.23677288794065626
.010111784672336437
.019410846464694875
.010111784672336437
.17203665640754
.08611372858107955
.019410846464694875
.019410846464694875
.033827094166704326
.019410846464694875
.019410846464694875
.019410846464694875
.019410846464694875
.019410846464694875
.019410846464694875
.019410846464694875
.019410846464694875
.019410846464694875
.019410846464694875
.15928555424505086
.019410846464694875
.019410846464694875
.019410846464694875
.019410846464694875
.019410846464694875
.019410846464694875
.019410846464694875
.019410846464694875
.019410846464694875
.019410846464694875
.019410846464694875
.019410846464694875
.019410846464694875
.019410846464694875
.019410846464694875
.019410846464694875
.019410846464694875
.019410846464694875
.23677288794065626
.23677288794065626
.17203665640754
.019410846464694875
.019410846464694875
.019410846464694875
.019410846464694875
.17203665640754
.059530409464685345
.20740605096988537
.019410846464694875
.23677288794065626
.019410846464694875
.019410846464694875
.019410846464694875
.019410846464694875
.019410846464694875
.033827094166704326
.019410846464694875
.019410846464694875
.14831148500041488
.019410846464694875
.2242455556899422
.019410846464694875
.019410846464694875
.010111784672336437
.019410846464694875
.019410846464694875
.019410846464694875
.1198670590096735
.019410846464694875
.019410846464694875
.019410846464694875
.019410846464694875
.019410846464694875
.019410846464694875
.019410846464694875
.019410846464694875
.019410846464694875
.019410846464694875
.019410846464694875
.019410846464694875
.019410846464694875
.019410846464694875
.019410846464694875
.019410846464694875
.019410846464694875
.019410846464694875
.019410846464694875
.019410846464694875
.019410846464694875
.019410846464694875
.019410846464694875
.1198670590096735
.019410846464694875
.019410846464694875
.019410846464694875
.019410846464694875
.019410846464694875
.019410846464694875
.019410846464694875
.019410846464694875
.019410846464694875
.019410846464694875
.2242455556899422
.19157482441959087
.15928555424505086
.019410846464694875
9999999999985058e-28
.20148969497643096
.20148969497643096
.15928555424505086
.15928555424505086
.2242455556899422
.2242455556899422
.2242455556899422
.2242455556899422
