1.517360823234427
.5747019679248035
.009625525367417204
.0022217663476647486
2869158617806127e-21
.023467066529531653
7.388006665049205
.6857000392343016
.05431942306172533
.06251467979658039
.06876096669000112
4.702102598095387
.7263431518381315
.4244608232634683
.005912617234632321
2.9686915697597525
.4442273662870121
.003135775882607184
.07234492199720452
.0046459112635798775
.00198806872216117
.009699938177160765
.00017759594579384419
.0027403351366775217
.269757094581125
18.130031632462092
.00016319197497417952
.005853755278122853
.0063589837564290265
.006143134457507703
17174674296812328e-22
.00016760601329706673
.01357508680111482
.0012275068687819335
.01056857697870285
20847210995728717e-21
.002340799702336707
.0026440911800704003
.00034120162763256237
.00534611969053272
3230477161731828e-20
.0061776983493510695
.006273222660058341
.019506144220330975
.0003483648808145494
.11900023074251848
.007684723146084252
.0008874926651698177
.05313460728859818
.2836425731530239
.0011648886573285497
.6564755837075769
.009577441137696556
12.311159448443767
11.499843070070137
1.3791780431390221
.0066414060013343535
.06119686354174884
.06896595111678193
.21592092161247253
.12623831476861286
29.768522356874307
23.27636694084215
7.9034146421146465
.0024632408402655223
.000516676551241666
.0014271481213697164
.006301257351628032
2.7543310019141076
7.3210069500733965
.019238893584778337
23.162232361553603
2.920012340636684
9.729336796252547
21.65761414094359
.0014315300656520757
.008817788703726894
.0007364094385428506
2.0877400054229382
.00029848551238261016
.002776514779215429
.010937823535147896
.0003604904814997314
.9859215566320005
.6925688502429446
27198724053018127e-21
.00867574643329525
.8201582519594544
.7354973298995158
3.4269422971639734
.00017695823328671604
53915160203483205e-21
.6114162225258505
.8451998652200587
.08274046685782385
.01097135858273185
.31063807613130007
1.495891910263425
1.3790189037834513
1.9153642560084094
1.5694185273450765
2.0392377476479506
.027644031957948748
.04119483270901957
.009551424785582137
.00020322800807386518
6.220828082874515
6.0625078811945015
.5410634384266115
.017230724445034387
.003752375202313762
6055567398692066e-20
.0005122560553218075
.09149868556295077
.019709625943753428
.000844045315541781
.4881319545877505
5198945309259781e-20
.00024520373712376496
.03831972667225836
1962011700915188e-20
0
0
0
0
0
0
0
0
0
0
0
0
0
0
0
0
0
0
0
.7320920033468707
0
0
0
0
.5903782875549766
1173.4646358547934
.004646320557230006
.1042785970022318
.01881948469369151
.2198678171536314
.11162695100127602
.6276060138061734
.1424234363292517
.41085500147049914
.0063352551596476975
3.053040787334036
3.213760438953519
.01700547652846378
.03977555620459172
.7306246359846373
.5759541026591045
.2668156521797887
.43876912072622465
.019402172747453882
.019402172747453882
.21928982197162059
4227377413499232e-20
.019402172747453882
.019402172747453882
.019402172747453882
.019402172747453882
.019402172747453882
.019402172747453882
.019402172747453882
.019402172747453882
.019402172747453882
.019402172747453882
.019402172747453882
.019402172747453882
.019402172747453882
.019402172747453882
.019402172747453882
.019402172747453882
.019402172747453882
.019402172747453882
.019402172747453882
.019402172747453882
.019402172747453882
.019402172747453882
.019402172747453882
.019402172747453882
.019402172747453882
.019402172747453882
.019402172747453882
.019402172747453882
.019402172747453882
.019402172747453882
.019402172747453882
.019402172747453882
.019402172747453882
.019402172747453882
.019402172747453882
.019402172747453882
.019402172747453882
.019402172747453882
.019402172747453882
.019402172747453882
.019402172747453882
.019402172747453882
.019402172747453882
.019402172747453882
.2341419795390394
.00924715723116069
.019402172747453882
.00924715723116069
.17107819145860384
.08592150128551618
.019402172747453882
.019402172747453882
.03163362891010402
.019402172747453882
.019402172747453882
.019402172747453882
.019402172747453882
.019402172747453882
.019402172747453882
.019402172747453882
.019402172747453882
.019402172747453882
.019402172747453882
.15403462195862358
.019402172747453882
.019402172747453882
.019402172747453882
.019402172747453882
.019402172747453882
.019402172747453882
.019402172747453882
.019402172747453882
.019402172747453882
.019402172747453882
.019402172747453882
.019402172747453882
.019402172747453882
.019402172747453882
.019402172747453882
.019402172747453882
.019402172747453882
.019402172747453882
.2341419795390394
.2341419795390394
.17107819145860384
.019402172747453882
.019402172747453882
.019402172747453882
.019402172747453882
.17107819145860384
.05629575057880183
.20579013053460904
.019402172747453882
.2341419795390394
.019402172747453882
.019402172747453882
.019402172747453882
.019402172747453882
.019402172747453882
.03163362891010402
.019402172747453882
.019402172747453882
.14765008766101131
.019402172747453882
.21928982197162059
.019402172747453882
.019402172747453882
.00924715723116069
.019402172747453882
.019402172747453882
.019402172747453882
.11946592336982859
.019402172747453882
.019402172747453882
.019402172747453882
.019402172747453882
.019402172747453882
.019402172747453882
.019402172747453882
.019402172747453882
.019402172747453882
.019402172747453882
.019402172747453882
.019402172747453882
.019402172747453882
.019402172747453882
.019402172747453882
.019402172747453882
.019402172747453882
.019402172747453882
.019402172747453882
.019402172747453882
.019402172747453882
.019402172747453882
.019402172747453882
.11946592336982859
.019402172747453882
.019402172747453882
.019402172747453882
.019402172747453882
.019402172747453882
.019402172747453882
.019402172747453882
.019402172747453882
.019402172747453882
.019402172747453882
.21928982197162059
.1902947579012673
.15403462195862358
.019402172747453882
9999999999984835e-28
.2000092433665878
.2000092433665878
.15403462195862358
.15403462195862358
.21928982197162059
.21928982197162059
.21928982197162059
.21928982197162059
