2.985080266401801
.008109199627269793
.00035934905101586576
23637013707736234e-21
9042216782791506e-28
.0011217387037087737
6.9590217531640235
.7077157762372904
.04514784849176714
.016447528381293573
.06764003703591122
.7326124915175218
.7018071803039837
.06728919531332303
.0009931975449952756
.009347017041368292
.001442657638935681
.002251655965889417
.07014989238921289
.0048051049093127615
.002052406657505777
.0028700265879605456
5841601022906672e-20
.001996192861970819
.07754928244998971
4.118378474919057
6522027769558663e-21
.005571077691738833
.006126966522076939
.0059752565563875905
1662133699757793e-21
.00016275757312675423
.013182373001991135
.0011917538928467519
.01026285355388875
3195502445478858e-21
.002486534865764284
.0025668025541299585
56208317944697217e-21
.005183958772451643
5086651265340948e-21
.005973115040344971
.005972758662188078
.019588630904021773
.0005709547274315997
.11509180035716643
.007547672558984671
.000538680017160059
.03121028159792174
.0789170420046369
34231526775516445e-22
.1520226415141453
28163329692693337e-21
8.841450385899323
8.431913083214068
1.1796287384326711
.006400632564448591
.0007582814221397956
.000850551120619892
.18050951116024685
.1095042186615134
10.198929781309317
8.105763907488694
2.7521353385524145
.0018759306836041512
.0003578629181263971
.0013891136850730079
.005976153506430675
.008061389199872517
3.8304772374166762
.000867814400614319
10.198929781309317
2.833983440461723
9.814136452304368
9.417160865608805
.00138798924084016
.008602365967220034
.00017378586139764717
2.0444485433714705
.0002128464461839443
.001971435063934105
.010651866223030859
8080127088816493e-20
.7438642950290831
.05102329717930021
17406225536288588e-21
.0006094618881328903
.38785019113707914
.3619278471759041
2.545441114390503
.0001355284351787806
.0003502483359589115
.6159209167903169
.7948691282491533
.13649528758379015
.00031182199448214994
.18315277508963498
1.1590010660942223
.9665269015208523
.07078814858590844
1.2643453390981114
1.9639472052908498
.01971908922933884
.02560324572182927
.00011008749524848295
.0001577376112755231
3.7294406827852367
4.400902008643791
.47452610355455754
.003612824040728252
.00012572122987423008
19454662869696614e-22
6179793370747312e-23
.049758239528645797
.014838713713155373
.0005190193208216215
.38892412151409683
30942589173064566e-21
.00019926385410931895
.028666729761545648
7164956200245564e-22
0
0
0
0
0
0
0
0
0
0
0
0
0
0
0
0
0
0
0
.08938051139813001
0
0
0
0
.24575077451466967
1139.5189633441853
.004511913033393427
.10126205351592134
.01827507965180876
.21350753948639456
.021454262262052465
.4040269151719453
.015006432260804869
.3655506362933
.004730256700061759
2.330273271266793
2.293699676601579
.002232968217101495
.005164472898455657
.45289885334649377
.3679051622511778
.19716838669214598
.3238793299742651
.01884091186071267
.01884091186071267
.05053573746074973
34369748495946673e-26
.01884091186071267
.01884091186071267
.01884091186071267
.01884091186071267
.01884091186071267
.01884091186071267
.01884091186071267
.01884091186071267
.01884091186071267
.01884091186071267
.01884091186071267
.01884091186071267
.01884091186071267
.01884091186071267
.01884091186071267
.01884091186071267
.01884091186071267
.01884091186071267
.01884091186071267
.01884091186071267
.01884091186071267
.01884091186071267
.01884091186071267
.01884091186071267
.01884091186071267
.01884091186071267
.01884091186071267
.01884091186071267
.01884091186071267
.01884091186071267
.01884091186071267
.01884091186071267
.01884091186071267
.01884091186071267
.01884091186071267
.01884091186071267
.01884091186071267
.01884091186071267
.01884091186071267
.01884091186071267
.01884091186071267
.01884091186071267
.01884091186071267
.01884091186071267
.11240049414618039
26119237334768705e-21
.01884091186071267
26119237334768705e-21
.11853293738848153
.07419243271158314
.01884091186071267
.01884091186071267
.00038733575196122125
.01884091186071267
.01884091186071267
.01884091186071267
.01884091186071267
.01884091186071267
.01884091186071267
.01884091186071267
.01884091186071267
.01884091186071267
.01884091186071267
.017041103519017706
.01884091186071267
.01884091186071267
.01884091186071267
.01884091186071267
.01884091186071267
.01884091186071267
.01884091186071267
.01884091186071267
.01884091186071267
.01884091186071267
.01884091186071267
.01884091186071267
.01884091186071267
.01884091186071267
.01884091186071267
.01884091186071267
.01884091186071267
.01884091186071267
.11240049414618039
.11240049414618039
.11853293738848153
.01884091186071267
.01884091186071267
.01884091186071267
.01884091186071267
.11853293738848153
.0014355532476208951
.12311946576883
.01884091186071267
.11240049414618039
.01884091186071267
.01884091186071267
.01884091186071267
.01884091186071267
.01884091186071267
.00038733575196122125
.01884091186071267
.01884091186071267
.11009034235550062
.01884091186071267
.05053573746074973
.01884091186071267
.01884091186071267
26119237334768705e-21
.01884091186071267
.01884091186071267
.01884091186071267
.09585851067787679
.01884091186071267
.01884091186071267
.01884091186071267
.01884091186071267
.01884091186071267
.01884091186071267
.01884091186071267
.01884091186071267
.01884091186071267
.01884091186071267
.01884091186071267
.01884091186071267
.01884091186071267
.01884091186071267
.01884091186071267
.01884091186071267
.01884091186071267
.01884091186071267
.01884091186071267
.01884091186071267
.01884091186071267
.01884091186071267
.01884091186071267
.09585851067787679
.01884091186071267
.01884091186071267
.01884091186071267
.01884091186071267
.01884091186071267
.01884091186071267
.01884091186071267
.01884091186071267
.01884091186071267
.01884091186071267
.05053573746074973
.12251805942467574
.017041103519017706
.01884091186071267
9999999999970148e-28
.12322552795850875
.12322552795850875
.017041103519017706
.017041103519017706
.05053573746074973
.05053573746074973
.05053573746074973
.05053573746074973
