46.60406996999023
.3127404931710383
1.2241613831942404
50.9492418016968
1.3524821965305256
7.7996642336856645
.8273938224014539
.19195957256424534
1.3309405312156977
.07828067442647364
23.569177265390017
.7800809941386119
1.5659970285146572
.020227654242467908
9.685140409256109
11.479487280173382
.010820457492324718
.08048954874700932
.016643031783947337
.006708376491105118
.04358408124283068
.01523718774979807
.010236886099480537
1.7608023662996528
30.325737837568497
.004962377167199515
.00625791894655609
.00680324483846772
.006255938712456718
.005400383516927776
.0001780784210014308
.014501198595684356
.0013407998139816804
.010150140321073453
.00028823303657715904
.004380147546824198
.002979119049013112
.0024358488206842476
.007832329666644627
.0002158237078132057
18.840336489707788
18.075431672751943
.027359827473964714
.003811208332645601
.14444318275173676
.010160091217846593
.009082594868736728
.6042434460151314
5.430433837921743
5.083230421717342
3.623446470780502
4.855008071962749
21.258515624480108
19.832372189319546
2.0911123291683524
.00813970781640259
9.549444696376314
168.26887099362327
.3565119506447271
.1750364726097123
51.88455464815754
54.08681410416214
18.734031628017004
.005802260653725516
.002247366877964525
.001626184594076708
.011240864487263432
82.31892964401204
75.60711467420128
.04066743501943698
28.32026710190161
3.720455611452645
103.04328751917214
33.361450941720314
.0015092293962301233
.010626333523171168
.005356318018855482
2.8045294492626254
.0010902095377724554
.00994980416680526
.01092067625304337
.008440203218261706
11.12036090993543
24.086654970372887
.009505047368380341
.05499988942719372
29.042824278794342
135.86283816786283
7.6371570963377735
.01615369874966289
.009627070734449515
5.276315661926416
1.5720793811611773
12.716510442346062
10.701597497281892
6.463384197611207
8.093248922612169
6.575053604975836
3.9510203737153433
61.773810028614726
2.136487763816293
7.996194204494819
5.048171134253631
2.624364308221035
.0029812523391061635
62.9628090417104
8.461446903916157
2.205267208897981
.4927901006174095
.01617113663215899
.00018477441439361268
59.207857841749444
107.73271122722277
.09776023343796082
.003524951497194704
.6294763891054296
.006409169889845234
.00714996259593253
.184351827486648
4191830490204737e-20
0
0
0
0
0
0
0
0
0
0
0
0
0
0
0
0
0
0
0
3.434080097685825
0
0
0
0
4.4813063908062505
1342.9878308810949
.004601861238468249
.10272130169094007
.018947544912212944
.227820294461614
.7997337246204906
1.2405394486749057
1.6854099463422125
18.518582405795957
.015856775313042602
6.130875957815999
6.4330161526256875
.36367246704668843
.8025119252344773
75.8605025888416
88.50564578236832
49.46945878679202
84.07288636118648
3.3657276142251633
1.980598351817247
1.6201826482596624
1.7146414650387105
2.6422436540240755
1.6517885191698298
2.6031810500061074
2.0254246199984083
1.8891239589593114
2.2060276667254355
2.033867169469105
1.9403400147414422
1.3598119399772663
2.024174671749229
1.4153816325462674
2.610942715642747
1.9253041863647467
2.2870677666489647
2.2662914287088674
1.72430960041832
2.507176365801152
2.6498119768466606
2.660834137214474
2.149858384625776
1.7778036315657204
2.7439032981459994
.025613707260683894
1.7870794026251
2.265315215909813
6.068367459744675
1.9943825389215848
1.9731352943516374
1.2709352006156829
3.034524144367125
1.4085558951015735
1.6573295060013251
3.1346594834078303
1.2918098584113111
2.0235542636005146
1.5334671544044765
2.028653313414551
1.4478837901931068
2.0297662667145624
2.6397134331934313
1.9926094696144268
2.0885608748500464
1.8848936919878738
2.251407431494912
1.9225900206744302
2.1853236569264842
2.634211542444109
3.0127928390759102
2.2695080259467684
2.2034744016246854
2.0105992181132173
3.1568628067324553
2.3912690837866184
1.0486617979515032
2.8575585545333504
2.9285508532951954
2.1221343758534386
1.1637613776703075
1.7737756915445777
1.8375276054088443
1.9863784967256128
1.5168051613958935
2.273314069337767
2.1311362803600296
1.8512374645303067
1.7229930970221825
2.7872301299448607
2.5120497083654616
2.036523412630546
2.177924754939778
2.4990150562616984
2.268414589245577
2.5384283599951685
2.2670388332192317
1.935554426307182
3.0664659026496666
2.1310963819508317
1.8139098813773493
1.3765480218702597
1.5818186774521166
1.5324643612485507
.7409547447780419
.1805318413259624
2.0780377099379272
.012085625515615333
2.5181877330023363
2.236365838496412
2.424816146170775
1.7543591904161264
.18957347265266383
1.5138089332477198
.1976700110856963
1.1469150197604336
3.011968216689739
1.6654915207368266
1.750658553086853
1.891589687562248
2.189370818489521
1.6479936607718264
1.9690707728943082
2.0892469111142935
2.3411748696278774
.01036424461934096
2.003277695792327
2.123014155694691
1.328459482074156
2.2495487932922744
1.7978631849132882
1.4323926553964117
2.1480249626588335
1.982305657921656
2.0355421505887916
1.8475743532190747
.7148176045017575
1.7147614811965195
4.605394141100877
6.587199171450708
1.593383813990098
2.1160441031655495
2.711320961816425
2.603131868628579
2.8033118163635877
1.8323643430782244
.008938700908093915
1.5053711231016185
1.4165141720376755
2.660035873871525
2.3942583218062503
1.8441292835003675
1.902963002559764
2.287594767981801
1.9506895967256213
2.661459798623676
2.0823566167566816
2.480483864840135
1.7409698115740229
1.6928133211860126
2.1510339326632084
1.2050477237361754
.2114571359089034
2.3701030148041236
5.7600445519276375
1.5439672574273695
1.6849942578202557
2.0761331977099737
2.3174516162787695
.982378366363725
1.644982783857776
2.08812359178664
2.002264235648071
2.2160141207737096
1.3506287270351978
2.0705990297573416
2.6429522226976805
1.7636516464572274
2.4003598531042094
1.4836001677040096
1.2287322720964342
1.5572742076547028
1.9157871495615053
2.333926283489193
2.248038337951051
2.6561496838386236
1.344507408305838
2.3393344477553266
2.300556131543291
2.232179375972877
2.5445811487021452
1.675255970760309
1.8883193808300214
2.9849080768761933
1.9601599624506545
2.0611712264557034
.024938499498032854
2.130872628501417
.061304937048707556
1.8521895527576746
1.7416453411341164
.5338460309879484
1.4701839069624265
2.2818129438907127
1.2702698790443272
.04902555681192342
1.9759817683678533
1.208771003282922
1.535383834445773
2.184691590220023
1.9409020914085753
1.5455698953317456
2.4411621436523663
3.375394306785845
2.7387120847737108
.6463221960134932
.010939647748032882
2.051165707221153
2.4307816843199697
1.9546845815307596
.049702722380180184
2.2909867927078853
1.7473354299026658
2.2733438230037
1.1884513511860944
1.3560557499294892
.0065391542774302655
.004553085382452482
2.4490958547958877
.5611430398443333
.141103622066054
.8355037216894201
.205121894109887
2.229321402708415
.11144178427164328
.09675030329373252
1.7774303862495482
.6221000482502796
8.683477258485006
2.147871680883263
2.163076664215673
2.2983113910142134
2.317081952090558
2.1667048580466104
2.1254269894215936
.1246295860883292
.16986710689745915
1.9298621469775525
3.064489439671344
.9916161712917582
1.9471608444609168
2.4587476698036337
1.8916202985102557
.010899943511134859
.2892107971611818
2.9241727223289797
3.492578481913723
4.330387678292641
4.27575572224111
2.2286341463198447
.011284760271143545
3.1083208858239857
1.3248552837489744
.01436192049693369
.010726194205389426
.16321566410091373
.01202225107227602
1.8186271487695538
2.9441492244287377
.01
1.8282922507293888
.013873523516980497
.007052751827644893
1.9496930650543196
.009081889462892909
.008207885490316407
2.2546615635414855
.00731245864662687
2.3633230585296516
2.229753834374517
1.6241351001918907
1.6829696622741526
.009296430288282156
2.0664594009278394
2.389864514748983
2.4076561683357935
2.325856111724273
2.2763219737061653
2.8490063279216087
.010039800454537213
1.3838818049593222
.010538031661538124
.00980644075409373
.010608772418043384
.01217966686385897
.010501875268211789
1.4617365851226074
.08947127875897933
.068611328134555
.009170992460626283
1.3530879242097364
2.364420867862204
.09585093584642067
1.8541560444268765
1.5277801600896188
.06543734437284383
2.1323038426373366
1.7723096295150715
1.7618534003482833
2.921934977916769
.008950087088840417
1.6424928650794695
2.478856493188771
3.4797508708045575
.7816875120760476
1.6281938493474206
2.1477864391240447
1.5303714650384206
2.1566513103476654
1.6295284168550452
1.8213458961909714
1.9755491413349735
.009161778992543902
.21593489796689438
.20144964914981972
1.901517587953048
1.430032349669576
1.9372558225596297
1.6685507864900504
1.4465083773494156
2.3559617298463413
2.0749079121127116
1.7533469219952598
1.9936736329836393
2.1702545596902514
1.8257744923344779
.006097731177932339
1.5898206908952992
2.0902525772439953
1.9146656514181486
2.133190603949147
3.148163620745949
1.7441930666670213
2.065844688622427
1.8747973371092537
2.1840465031717247
.11186368272850024
1.8137989104815566
2.2735744408036154
2.385406306840132
1.5918090977939232
2.5344764605888743
1.5780267875633724
.23627714573341177
.1486562834472703
.12777449216218217
1.792817455001898
1.9893163398031182
1.971872528324079
2.516849501394512
1.4668509023569618
1.8676843598711705
1.4741236418729338
2.09027469508447
2.3281414981466493
1.6883377332683474
2.1971210285914737
2.4110824294698774
2.0053851027945604
2.2123564119301355
3.253896115024673
2.167172887699541
1.928501330185407
1.8390848974827707
1.4444606404169025
2.0512647325526503
1.5850471688579502
2.1889989584976295
1.8559670958306476
1.6639860767893535
2.259942626614828
1.6985751996196965
2.198572565216805
1.3289474727808048
2.434755309298682
1.6297655169255423
2.2756458738156593
1.7946628204839297
2.163973630872003
1.6318707431639428
2.1413516917142053
15.963328065862838
17.80375689268265
2.406301927239247
2.0780518538865906
1.751458648962191
1.3719090900544495
1.4852230357963279
1.5516689651754405
2.6322565769335853
1.7423810652554448
1.7676421278726957
2.0927329895008673
1.921404853872759
2.894941200411537
1.638019703323446
1.7893998667037185
1.4377041380131705
1.9033222701021781
1.4880166813527569
1.7996780100267573
1.2593874959600833
1.9694408615628405
2.2380841959165614
1.1229698109227337
1.8628788391702313
1.5522089175556297
2.3496161460216167
1.9786148771891987
2.894926977538076
1.9758235971816542
1.9391024438795776
2.4976281001793676
1.2950619761995714
2.629986942072802
10.474397538942005
1.8186598779868244
1.744828653183066
1.7097888311140428
3.184007321688784
2.0043904737404428
2.1257142912472617
2.721956469099212
1.5347463476377692
1.9146467240077192
2.7917285718030507
1.4200905790289293
3.0097603259508237
2.5299002379003563
2.366982823970705
1.9532622626339684
1.4038449061076892
1.6924464323615251
1.6941509685271379
.2899000803622406
2.7635086867619885
1.8646474854277135
2.463305530048067
1.6533331317403333
1.8668230843487634
2.388997461127919
1.9018526267582727
2.0672448775419126
1.8104573482955524
1.6266580444925136
1.4032918570076132
1.897766662670774
2.4536904502762544
1.729841945768033
1.77907518740285
1.569127944652803
1.6641502225571072
2.7342452514916076
3.0049422576049065
1.9850362512872022
2.0918823311089416
1.8408842630616475
2.2806466627843154
1.6125096772049348
1.2469925751371944
2.1196627384151308
1.9274837980035977
1.7134812724504778
2.31858260137123
.15698892272859516
1.030457328275995
.11555061956525522
.9638908814233239
.10150458321770843
.8958349314925104
.09672132230558621
2.061293227581301
.16641583030368406
2.5004233170163217
.08599238305221617
1.0126411228048167
5.843305326237657
.3433353005746487
.11071499168346877
1.3309792260049955
.06425635117346641
.20777769484549602
.04254687404807151
.8965883641774615
.07117155588884351
1.160225381572182
.1047067718407763
1.288516578363178
.18843523094629883
.9016559663810162
.04597086688229552
.7215143691388978
.05704846076390945
1.382805659828782
.0002016189371894194
.0003937352272955928
.11493351246536113
.1346487816307957
