60485180364770715e-28
41.97407497695707
.1594149041945303
.2980108180061554
10.52005786711347
.3578647980705643
5.984736679041431
.19209924082020563
.0024305946511412584
.3618695662365297
.02695603930613029
7.660756358459407
.7622741737518076
.5951045464200104
.008854617426962356
8.464367782953186
1.103140704867949
.0038438844700485362
.07299538468358559
.003962385963440759
.0018924654969123707
.0419501007702845
.00013162932925818427
2098547187083279e-20
.2936649411440214
42237069122059845e-24
132965456702404e-28
.005097173052842929
.006537550534093324
.005961829381724823
.0024100475213234955
.00016417905998870278
.014641883635674952
.0013046200879720448
.010807963831696027
3529561173192712e-20
.0004890362076873405
.0027198507319306457
.000499031054628495
.0055066829997560745
14835688228196408e-21
8.213827544908542
14.16528310198133
.005459853040933115
5796811404363047e-20
.11809013885322353
.007673507311482225
.0071266142872853265
.3854292464592348
7821482858575248e-26
.4507552521938641
23926442780156936e-27
3.883510485049081
18.025024309924937
14765849489697102e-25
19866561354867448e-26
.00722968739234746
3.0674520113594475
13.947122831297406
2719444834301214e-26
2014123152985099e-26
45.23401170116964
27.391068407563026
9.148295073888699
.002624455376641898
.0006319692931158336
.0013633446551693912
.006764711082164717
5478001081454123e-24
0
6911940405007736e-27
23.284154170136794
3.408512116462735
9.562630482972072
16.49379078403263
.001500549835315506
.007723558209841206
.000399299590099277
2.0296871617326766
.0003477446509097179
.003274249756366733
.010613730563807327
.001437913959345452
.9009575632080752
1.3919155077022909
.00011821075186179901
.02301026185604794
1.3426010682817202
1.761857703344675
3.2025495097828487
.0032614085287878815
.00047279067811939777
.6257590822155751
.7471626479660974
9909869286764235e-27
.5271848981587897
.8065494957075846
1.8824259206899108
2.5174550165141882
35228782297101256e-26
5.725406332073677
1.8188864953704988
.5417446075193534
1.1308940633062345
.90416149556921
.0008580470673441559
49.99999999991935
8.084315096091885
.4136616916025998
.06592153354907582
6050344165343149e-28
69884938970217e-28
32450289054630556e-25
4.5537832604919695
.009795803930969401
.0004623384678592816
.5585485067768376
.0012289873773306894
.0002386038994481563
.01634631953351981
33959499553934238e-31
0
0
0
0
0
0
0
0
0
0
0
0
0
0
0
0
0
0
0
1.7798911874810033
0
0
0
0
.6531975874755865
1287.2519407223424
.004960195973898852
.10830846046329133
.018880068476678835
.22893518337870708
.5327847480904135
1.004560728851132
1.430311569800932
1.460980146825586
.00794249773485694
5.839359588172895
5.592561029494212
.1440978200456191
.3599656799413546
5.581608937360726
3.8750274607009803
10111014913905329e-26
15484114801373996e-26
.01999999999999758
.01999999999999758
.9999999999939515
7.9999999996128945
.01999999999999758
.01999999999999758
.01999999999999758
.01999999999999758
.01999999999999758
.01999999999999758
.01999999999999758
.01999999999999758
.01999999999999758
.01999999999999758
.01999999999999758
.01999999999999758
.01999999999999758
.01999999999999758
.01999999999999758
.01999999999999758
.01999999999999758
.01999999999999758
.01999999999999758
.01999999999999758
.01999999999999758
.01999999999999758
.01999999999999758
.01999999999999758
.01999999999999758
.01999999999999758
.01999999999999758
.01999999999999758
.01999999999999758
.01999999999999758
.01999999999999758
.01999999999999758
.01999999999999758
.01999999999999758
.01999999999999758
.01999999999999758
.01999999999999758
.01999999999999758
.01999999999999758
.01999999999999758
.01999999999999758
.01999999999999758
.01999999999999758
.01999999999999758
.4999999999984879
3.9999999999032236
.01999999999999758
3.9999999999032236
.24999999999962197
.09999999999993953
.01999999999999758
.01999999999999758
2.999999999945563
.01999999999999758
.01999999999999758
.01999999999999758
.01999999999999758
.01999999999999758
.01999999999999758
.01999999999999758
.01999999999999758
.01999999999999758
.01999999999999758
1.4999999999863909
.01999999999999758
.01999999999999758
.01999999999999758
.01999999999999758
.01999999999999758
.01999999999999758
.01999999999999758
.01999999999999758
.01999999999999758
.01999999999999758
.01999999999999758
.01999999999999758
.01999999999999758
.01999999999999758
.01999999999999758
.01999999999999758
.01999999999999758
.01999999999999758
.4999999999984879
.4999999999984879
.24999999999962197
.01999999999999758
.01999999999999758
.01999999999999758
.01999999999999758
.24999999999962197
2.4999999999621965
.349999999999259
.01999999999999758
.4999999999984879
.01999999999999758
.01999999999999758
.01999999999999758
.01999999999999758
.01999999999999758
2.999999999945563
.01999999999999758
.01999999999999758
.19999999999975807
.01999999999999758
.9999999999939515
.01999999999999758
.01999999999999758
3.9999999999032236
.01999999999999758
.01999999999999758
.01999999999999758
.1499999999998639
.01999999999999758
.01999999999999758
.01999999999999758
.01999999999999758
.01999999999999758
.01999999999999758
.01999999999999758
.01999999999999758
.01999999999999758
.01999999999999758
.01999999999999758
.01999999999999758
.01999999999999758
.01999999999999758
.01999999999999758
.01999999999999758
.01999999999999758
.01999999999999758
.01999999999999758
.01999999999999758
.01999999999999758
.01999999999999758
.01999999999999758
.1499999999998639
.01999999999999758
.01999999999999758
.01999999999999758
.01999999999999758
.01999999999999758
.01999999999999758
.01999999999999758
.01999999999999758
.01999999999999758
.01999999999999758
.9999999999939515
.29999999999945565
1.4999999999863909
.01999999999999758
1e-12
.3299999999993414
.3299999999993414
1.4999999999863909
1.4999999999863909
.9999999999939515
.9999999999939515
.9999999999939515
.9999999999939515
