1.5199541865888173
.441690057121531
.008047024993269796
.0015767879580832632
21724260610978333e-22
.02047926281355249
7.053006732477935
.6630344242005867
.06061364392530542
.05674211570410791
.06550301012354426
4.84590924997797
.7264334412210327
.383006459702599
.005984733361675576
2.558244581057446
.3305107026667067
.003190351296217969
.07093287530530638
.004261990668267322
.002031381787866408
.008313357952260807
.00014341015138536498
.0029423332288216536
.2315883184133404
18.224516549779263
.00015388339319920017
.005644875159168714
.006279798699090488
.005815210669222218
15301733045270933e-22
.00015926329175965475
.014203459849690455
.0012653238717872015
.010484357303534354
225466748134809e-19
.002295313554864145
.002637657230243494
.00033003424351800236
.005333801596317899
34847742021009903e-21
.005849926777790824
.006144137820030599
.019200447636552292
.0003274506755711383
.1117462956212159
.007909385309994821
.0007426894932436926
.03927426580944795
.26634017067935256
.0009967567466252125
.559144041241243
.008584015649403075
12.10632371045444
11.388723363997004
1.2882972428538713
.0069698298533380455
.05970519063635693
.06621449685290333
.2202950793691127
.11458524868934691
29.73394417881577
23.09691683079467
8.137721158938977
.0024396163217361446
.0005205837691121733
.0013863201133286164
.00631108755444605
2.256569995706982
7.58437366417197
.015146652529788796
22.00972057872229
3.309498745358757
9.068284354061966
20.662292015266623
.0014542287590892657
.008682913699920358
.0006494941744138865
2.074111030878141
.0002864596270136754
.0026755271551942043
.010391620380096528
.00028772468804485
.9562058456858479
.7011559464933351
22207329182421514e-21
.0074642826189317835
.8658357086003103
.7831136969473136
3.445509957440742
.00013125177688437346
8069606582226374e-20
.5932343567218722
.7867025818318294
.06873513952599866
.010253637024822343
.28420210039272903
1.4506631052572763
1.3516521347362853
1.8780115665515105
1.449908671257249
1.8600040628967391
.02277586404912617
.03235521863462615
.009011405552460857
.00016162917217686754
5.925090542324425
5.948136966554601
.5198749382406372
.017539273491363125
.00318166457985624
510183966217398e-19
.00037879278538896906
.07844878947788256
.020122157656174682
.0007890134854378667
.4738156598519728
41635900223219e-18
.00024944387397122765
.03554227397738977
1777675838448275e-20
0
0
0
0
0
0
0
0
0
0
0
0
0
0
0
0
0
0
0
.7323580869632853
0
0
0
0
.5655046182625496
1248.7094573431325
.004811679382209473
.10506552339310778
.018314767541842105
.2220804797879409
.10646676375792061
.6340770957837928
.1395764183519159
.399372985888207
.00633236317072946
3.004636582973205
3.0402537574051016
.01572019354762364
.03911428660401299
.7584683283892513
.5223753157103245
.2629417334367393
.4027424489091568
.01940116643587684
.01940116643587684
.21872199918538027
418103201550969e-19
.01940116643587684
.01940116643587684
.01940116643587684
.01940116643587684
.01940116643587684
.01940116643587684
.01940116643587684
.01940116643587684
.01940116643587684
.01940116643587684
.01940116643587684
.01940116643587684
.01940116643587684
.01940116643587684
.01940116643587684
.01940116643587684
.01940116643587684
.01940116643587684
.01940116643587684
.01940116643587684
.01940116643587684
.01940116643587684
.01940116643587684
.01940116643587684
.01940116643587684
.01940116643587684
.01940116643587684
.01940116643587684
.01940116643587684
.01940116643587684
.01940116643587684
.01940116643587684
.01940116643587684
.01940116643587684
.01940116643587684
.01940116643587684
.01940116643587684
.01940116643587684
.01940116643587684
.01940116643587684
.01940116643587684
.01940116643587684
.01940116643587684
.01940116643587684
.23383857680932157
.009154556516825823
.01940116643587684
.009154556516825823
.17096731077531035
.08589922161158926
.01940116643587684
.01940116643587684
.031390996893898584
.01940116643587684
.01940116643587684
.01940116643587684
.01940116643587684
.01940116643587684
.01940116643587684
.01940116643587684
.01940116643587684
.01940116643587684
.01940116643587684
.15343714043730847
.01940116643587684
.01940116643587684
.01940116643587684
.01940116643587684
.01940116643587684
.01940116643587684
.01940116643587684
.01940116643587684
.01940116643587684
.01940116643587684
.01940116643587684
.01940116643587684
.01940116643587684
.01940116643587684
.01940116643587684
.01940116643587684
.01940116643587684
.01940116643587684
.23383857680932157
.23383857680932157
.17096731077531035
.01940116643587684
.01940116643587684
.01940116643587684
.01940116643587684
.17096731077531035
.055933899281016816
.20560342592465794
.01940116643587684
.23383857680932157
.01940116643587684
.01940116643587684
.01940116643587684
.01940116643587684
.01940116643587684
.031390996893898584
.01940116643587684
.01940116643587684
.14757352557355857
.01940116643587684
.21872199918538027
.01940116643587684
.01940116643587684
.009154556516825823
.01940116643587684
.01940116643587684
.01940116643587684
.119419459656027
.01940116643587684
.01940116643587684
.01940116643587684
.01940116643587684
.01940116643587684
.01940116643587684
.01940116643587684
.01940116643587684
.01940116643587684
.01940116643587684
.01940116643587684
.01940116643587684
.01940116643587684
.01940116643587684
.01940116643587684
.01940116643587684
.01940116643587684
.01940116643587684
.01940116643587684
.01940116643587684
.01940116643587684
.01940116643587684
.01940116643587684
.119419459656027
.01940116643587684
.01940116643587684
.01940116643587684
.01940116643587684
.01940116643587684
.01940116643587684
.01940116643587684
.01940116643587684
.01940116643587684
.01940116643587684
.21872199918538027
.1901467652540437
.15343714043730847
.01940116643587684
999999999998481e-27
.19983814795614563
.19983814795614563
.15343714043730847
.15343714043730847
.21872199918538027
.21872199918538027
.21872199918538027
.21872199918538027
