626775540453483e-26
38.76246352879985
.1619248592562173
.2756479458353052
11.008983013370079
.3752942805793161
6.163434111085964
.20790721218298872
.0028794141620311683
.32464034899218974
.0273148393241762
8.421764412949493
.7221942335265533
.6183459139946783
.00907772018143888
7.730481405484688
1.0264194159172344
.004000632321653794
.07470056246141425
.0042666574864666795
.001841700865576973
.04241746303555996
.00013522079145712753
23586882119076214e-21
.26578230186017693
3936744628858097e-23
12781819831286844e-30
.005153026477660207
.006824961999899058
.006046584717978779
.0021798213141490516
.00015889733493846704
.014773735851178006
.0012973195717617732
.01062767062766999
34967343608347164e-21
.00046815617795445614
.0028819518080830313
.0005169512048562138
.005516859951902114
14284044015530237e-21
9.785799935127894
12.9989569164221
.005480855266841618
55572986208545874e-21
.11831942743952772
.00780634142319446
.007166007305254303
.39582532563894257
8525297771778524e-26
.46877178957045534
31836284870705316e-27
4.113588975553225
18.044825903400564
16432206299371303e-25
20283825262873817e-26
.006965598387743486
3.151628888206086
13.98202528908544
2829392125137863e-26
22653822064436097e-27
40.60473014346277
28.59903494847981
9.52773023665745
.002326175172884819
.0006240912518097146
.001429250980805736
.0066432913793015
4979836951889119e-24
0
6789085653745593e-27
23.440410954597187
3.4951973620277057
9.39080199298947
16.550706127365707
.0013819908921449266
.007677849576227044
.00041418116331623365
2.094876130648856
.0003708263441989713
.003561433073566809
.011010227862387747
.0015503889286272031
.9072182607311974
1.4360660966808967
.00012092292995914671
.024870762711826054
1.406390462882343
1.6682880148611574
3.300036266119747
.0031926228836441557
.00047358858937778425
.5900632701373018
.769159113287995
11233448497501945e-27
.48014475005091956
.7702632685164696
1.8644683809034293
2.500987639774112
3234378678358967e-25
6.101535587007052
1.9817076854838294
.5414022153175492
1.1241145946196043
.9687549311509438
.0008472441982980529
48.48031035440782
8.011078806305122
.47950335694238716
.06390319780814291
6512338167917295e-28
6305176851780012e-30
31297770894989424e-25
4.759986996345694
.010637004387927284
.0004382662436962856
.5303109743657499
.001240657125696085
.0002783428912559829
.01658324882027359
34569373317553514e-31
0
0
0
0
0
0
0
0
0
0
0
0
0
0
0
0
0
0
0
1.9211028248226594
0
0
0
0
.6194906698976632
1390.0313643733275
.004635288906350502
.10232202824710507
.020288498436063587
.2150990350016232
.5517536685022847
.9699540646089436
1.381206359047865
1.4396812156847343
.008157424743450672
5.875922536844229
6.457705530250606
.15140287234059194
.3291781457256539
4.94509402980728
4.074088939494089
9459708235640998e-26
16464251224619494e-26
.019999999999997492
.019999999999997492
.9999999999937322
7.999999999598864
.019999999999997492
.019999999999997492
.019999999999997492
.019999999999997492
.019999999999997492
.019999999999997492
.019999999999997492
.019999999999997492
.019999999999997492
.019999999999997492
.019999999999997492
.019999999999997492
.019999999999997492
.019999999999997492
.019999999999997492
.019999999999997492
.019999999999997492
.019999999999997492
.019999999999997492
.019999999999997492
.019999999999997492
.019999999999997492
.019999999999997492
.019999999999997492
.019999999999997492
.019999999999997492
.019999999999997492
.019999999999997492
.019999999999997492
.019999999999997492
.019999999999997492
.019999999999997492
.019999999999997492
.019999999999997492
.019999999999997492
.019999999999997492
.019999999999997492
.019999999999997492
.019999999999997492
.019999999999997492
.019999999999997492
.019999999999997492
.019999999999997492
.019999999999997492
.4999999999984331
3.9999999998997158
.019999999999997492
3.9999999998997158
.24999999999960826
.09999999999993733
.019999999999997492
.019999999999997492
2.99999999994359
.019999999999997492
.019999999999997492
.019999999999997492
.019999999999997492
.019999999999997492
.019999999999997492
.019999999999997492
.019999999999997492
.019999999999997492
.019999999999997492
1.4999999999858975
.019999999999997492
.019999999999997492
.019999999999997492
.019999999999997492
.019999999999997492
.019999999999997492
.019999999999997492
.019999999999997492
.019999999999997492
.019999999999997492
.019999999999997492
.019999999999997492
.019999999999997492
.019999999999997492
.019999999999997492
.019999999999997492
.019999999999997492
.019999999999997492
.4999999999984331
.4999999999984331
.24999999999960826
.019999999999997492
.019999999999997492
.019999999999997492
.019999999999997492
.24999999999960826
2.4999999999608264
.3499999999992322
.019999999999997492
.4999999999984331
.019999999999997492
.019999999999997492
.019999999999997492
.019999999999997492
.019999999999997492
2.99999999994359
.019999999999997492
.019999999999997492
.1999999999997493
.019999999999997492
.9999999999937322
.019999999999997492
.019999999999997492
3.9999999998997158
.019999999999997492
.019999999999997492
.019999999999997492
.14999999999985897
.019999999999997492
.019999999999997492
.019999999999997492
.019999999999997492
.019999999999997492
.019999999999997492
.019999999999997492
.019999999999997492
.019999999999997492
.019999999999997492
.019999999999997492
.019999999999997492
.019999999999997492
.019999999999997492
.019999999999997492
.019999999999997492
.019999999999997492
.019999999999997492
.019999999999997492
.019999999999997492
.019999999999997492
.019999999999997492
.019999999999997492
.14999999999985897
.019999999999997492
.019999999999997492
.019999999999997492
.019999999999997492
.019999999999997492
.019999999999997492
.019999999999997492
.019999999999997492
.019999999999997492
.019999999999997492
.9999999999937322
.2999999999994359
1.4999999999858975
.019999999999997492
1e-12
.32999999999931745
.32999999999931745
1.4999999999858975
1.4999999999858975
.9999999999937322
.9999999999937322
.9999999999937322
.9999999999937322
