1.4983367834929966
.9240055040700003
.014785041057157918
.002653280141033342
4852075950995959e-21
.0393784531045882
7.29527929741527
.695895190642674
.061344020390625184
.0750100769205919
.06820750353540268
4.80113525548864
.688841773292213
.3589552130365304
.005574667107215709
3.272485866070772
.433439122368205
.003266306940735117
.07262991941897536
.004594005209537814
.0019819743271579297
.010755674866293703
.0001910411752424572
.0025828791246241493
.29676108649181404
16.392634902770805
.00016955633623305232
.0057602002667858695
.006561794816327363
.005901899017615949
11245705024441395e-22
.0001542063679982749
.014337560640828364
.0012587923097946779
.01031392070684442
20237479827854475e-21
.0023050551201244953
.0027961083307195796
.0003099923814980481
.005345554837066611
3038231421732071e-20
.005902619292154083
.0065341251157759695
.019925807850698175
.0003140809124547857
.11190462104809946
.00801247948482274
.0009432305596028825
.05028549974350718
.27211964158915763
.0012035694802400873
.6632069505671357
.009994230159711166
12.2632371490608
11.515746002715405
1.267858307523736
.006717039174332067
.06472226110523242
.07213020848951704
.22067843016482414
.12715189954501976
30.022176220093378
23.270612541558673
8.131557942379969
.0021465051295434063
.0005157922707582732
.0014412415024637468
.006280745536617657
3.6258633712497246
8.03979968200743
.020055203714734876
22.159006949071372
3.3949188737594507
9.519694905560842
20.693118627639766
.0013395811999281
.008681723475379228
.0006734190606453416
2.1390363128751053
.00030411037639426977
.0028984845767767602
.01078630143986709
.0003947011213899134
.9244237007144932
.7225559035277764
25522285362795975e-21
.008910610148407213
.8423954404990779
.7593059169105896
3.578787828508908
.00014888787234086943
5497155998501601e-20
.5966437137732351
.8004150696085038
.07554800398407825
.01026203651491708
.27046677492560395
1.4237022988138186
1.3323300047574536
2.2680618848365355
1.5925299395789172
2.0374759066154313
.025896667790430938
.03744009868650528
.009709012583186167
.00019886560968922876
6.484899960150379
5.914595636683181
.5611022854569261
.016330235417786377
.004646809535118293
6816884696511264e-20
.0006011385831344364
.09256721598033116
.02173322844797564
.0007243751204150949
.4534861293168162
47162839355187934e-21
.0002589315942665641
.03684832562030254
2443581468919647e-20
0
0
0
0
0
0
0
0
0
0
0
0
0
0
0
0
0
0
0
.7323958718131427
0
0
0
0
.5702646198079647
1348.994601704339
.00449844505114882
.09930125843096568
.019689537638077393
.2087488415628805
.11204526230234423
.6158092502982772
.1388594244365759
.4159499570793833
.0066358720025153145
2.863595667350108
3.384925089411051
.017342047491202734
.037514048605040144
.6937925000395998
.567575207248127
.24469430085135924
.42559670952817713
.019409556306124672
.019409556306124672
.22350158554681482
49825543952911744e-21
.019409556306124672
.019409556306124672
.019409556306124672
.019409556306124672
.019409556306124672
.019409556306124672
.019409556306124672
.019409556306124672
.019409556306124672
.019409556306124672
.019409556306124672
.019409556306124672
.019409556306124672
.019409556306124672
.019409556306124672
.019409556306124672
.019409556306124672
.019409556306124672
.019409556306124672
.019409556306124672
.019409556306124672
.019409556306124672
.019409556306124672
.019409556306124672
.019409556306124672
.019409556306124672
.019409556306124672
.019409556306124672
.019409556306124672
.019409556306124672
.019409556306124672
.019409556306124672
.019409556306124672
.019409556306124672
.019409556306124672
.019409556306124672
.019409556306124672
.019409556306124672
.019409556306124672
.019409556306124672
.019409556306124672
.019409556306124672
.019409556306124672
.019409556306124672
.2363797706429071
.009980975968237443
.019409556306124672
.009980975968237443
.1718937790247347
.0860851142711642
.019409556306124672
.019409556306124672
.03349350914987199
.019409556306124672
.019409556306124672
.019409556306124672
.019409556306124672
.019409556306124672
.019409556306124672
.019409556306124672
.019409556306124672
.019409556306124672
.019409556306124672
.1584937479429132
.019409556306124672
.019409556306124672
.019409556306124672
.019409556306124672
.019409556306124672
.019409556306124672
.019409556306124672
.019409556306124672
.019409556306124672
.019409556306124672
.019409556306124672
.019409556306124672
.019409556306124672
.019409556306124672
.019409556306124672
.019409556306124672
.019409556306124672
.019409556306124672
.2363797706429071
.2363797706429071
.1718937790247347
.019409556306124672
.019409556306124672
.019409556306124672
.019409556306124672
.1718937790247347
.05903921902222342
.20716493864872923
.019409556306124672
.2363797706429071
.019409556306124672
.019409556306124672
.019409556306124672
.019409556306124672
.019409556306124672
.03349350914987199
.019409556306124672
.019409556306124672
.14821293799479715
.019409556306124672
.22350158554681482
.019409556306124672
.019409556306124672
.009980975968237443
.019409556306124672
.019409556306124672
.019409556306124672
.11980731891728207
.019409556306124672
.019409556306124672
.019409556306124672
.019409556306124672
.019409556306124672
.019409556306124672
.019409556306124672
.019409556306124672
.019409556306124672
.019409556306124672
.019409556306124672
.019409556306124672
.019409556306124672
.019409556306124672
.019409556306124672
.019409556306124672
.019409556306124672
.019409556306124672
.019409556306124672
.019409556306124672
.019409556306124672
.019409556306124672
.019409556306124672
.11980731891728207
.019409556306124672
.019409556306124672
.019409556306124672
.019409556306124672
.019409556306124672
.019409556306124672
.019409556306124672
.019409556306124672
.019409556306124672
.019409556306124672
.22350158554681482
.19138391562111798
.1584937479429132
.019409556306124672
9999999999985015e-28
.2012688379326134
.2012688379326134
.1584937479429132
.1584937479429132
.22350158554681482
.22350158554681482
.22350158554681482
.22350158554681482
