39.36930113456893
.15500416950273346
.28242640279771275
11.799133340568877
.39118771548742864
5.806424252750879
.20717526788846286
.003993116849456385
.32730340569478533
.02817538300886149
7.988883540039696
.781646413240787
.5712037495067598
.00815911504658577
8.16747632713805
.9813494144804924
.003929928257882829
.07929086043199746
.004104268352295297
.001827766620106605
.0422298105213594
.00014116299299341177
1542986074119938e-20
.2824628180294142
0
0
.005489168216748046
.006464395822109883
.0061288456752772984
.002368422896368795
.00017560538645095274
.01425004687846216
.0013200136402884105
.010406963315301785
3468736377994397e-20
.0004308507711020321
.0028320018420911583
.0005230781083929035
.005455801517313685
1456454932095752e-20
9.383023946658925
14.050425137427865
.005836142712877424
5973042996027394e-20
.12151368698001996
.0071176429881753605
.007598876220026459
.367027160104187
0
.4619767073761863
0
3.882913005193875
18.0546090289254
0
0
.007376320305573222
2.74571766844751
14.757960131523816
0
0
46.04468593809337
26.21269651772201
8.7260377440608
.0022879325902955927
.0005984523587356764
.0013769127769130832
.006623532711656535
0
0
0
24.430605255874767
3.529651996538368
9.927235542326528
18.512860003668326
.001472427790299022
.00789103533927106
.00042116009014313033
2.199813213406352
.00040308913810973196
.0037178040197678895
.011106359530794946
.0016166976381047965
.8655776757188172
1.5055673065823165
.00012687933163634988
.02401118337351972
1.3319310540631804
1.6832936886216583
3.160529978631419
.0037893046904095076
.0004097672451577235
.6237559569508762
.8047663780417107
0
.45847855271204324
.7785472291842712
2.08738103200602
2.7465919609992158
0
5.7546551139636835
2.0398354020395786
.5096816208054532
1.1101703988402596
.9670736608751644
.0008105580951178045
50
8.209614346764674
.47260317067192437
.06650959114538815
0
0
0
4.978265419222192
.01028148373646691
.00048505358436947554
.4966880416545396
.0013180615018394551
.00022487186047907723
.015198964713287468
0
0
0
0
0
0
0
0
0
0
0
0
0
0
0
0
0
0
0
0
1.9084997141267293
0
0
0
0
.6028125749493245
1303.6887092494128
.0047383479071654855
.10382294184019315
.020124531670796454
.23283890780793637
.5418885029163442
.9953242493385602
1.3541468575646938
1.372005450121402
.007212354109238185
6.188186492834169
6.302180180303791
.14353494507722522
.34423115588733477
5.192745925715579
3.858794038333001
0
0
.02
.02
1
8
.02
.02
.02
.02
.02
.02
.02
.02
.02
.02
.02
.02
.02
.02
.02
.02
.02
.02
.02
.02
.02
.02
.02
.02
.02
.02
.02
.02
.02
.02
.02
.02
.02
.02
.02
.02
.02
.02
.02
.02
.02
.02
.02
.02
.5
4
.02
4
.25
.1
.02
.02
3
.02
.02
.02
.02
.02
.02
.02
.02
.02
.02
1.5
.02
.02
.02
.02
.02
.02
.02
.02
.02
.02
.02
.02
.02
.02
.02
.02
.02
.02
.5
.5
.25
.02
.02
.02
.02
.25
2.5
.35
.02
.5
.02
.02
.02
.02
.02
3
.02
.02
.2
.02
1
.02
.02
4
.02
.02
.02
.15
.02
.02
.02
.02
.02
.02
.02
.02
.02
.02
.02
.02
.02
.02
.02
.02
.02
.02
.02
.02
.02
.02
.02
.15
.02
.02
.02
.02
.02
.02
.02
.02
.02
.02
1
.3
1.5
.02
1e-12
.33
.33
1.5
1.5
1
1
1
1
