.6811844159337151
.011042820845737397
.002186782175640036
3872613064674466e-21
.03475027583674182
6.897428217057584
.7074984263905814
.05979706414024015
.06624516978245315
.06986564016911762
5.013928030125455
.7449917925057434
.36471279797326733
.005448916355541043
2.96953657112607
.3207705849463534
.0032372590609360892
.0770478285517678
.0044432237948237325
.001973264346337582
.009606112117733078
.0001856494672568017
.0027774087944730523
.2974397864885297
15.685859146373135
.00016975376169422142
.006030661317293467
.006209572573231227
.005981127034548173
13560304921748194e-22
.00017036139257694673
.013824482862545444
.001280356438500147
.010096187049213102
22255889628946173e-21
.002086144476644329
.002746683858835692
.0003455474194215365
.005284776929629516
3295309032837363e-20
.005985082376751729
.006362140532945447
.02034906072908648
.00034596355399494515
.11524985277553443
.007401850346508575
.0008384867702735338
.04160521159765557
.3051041553269599
.0010641465081711549
.5159356561909718
.00867096106536797
12.098027254451273
11.285588254824994
1.2929705077628582
.0070986922801150555
.057230888637579476
.06323981399932893
.21670001717803322
.13252490593450755
29.788321382299674
23.908742260816368
8.019150617398035
.002131770966758937
.0005168846584086768
.0013512203124635051
.006434565403578717
3.7850932834155135
8.037239689621828
.024128488392857753
23.289704380732168
3.427604305280294
9.6679950446125
21.92247824622844
.0014273027410172993
.008793261362302646
.0006067599853454815
2.238391622711712
.0003313774799159835
.003041345690279183
.010878392148226347
.0003807701213741076
.925155953810968
.658213438903048
30543765493169865e-21
.006784708357604111
.8502662107683793
.7667126155219364
3.3536826153468784
.00019790551604684052
4471711880029032e-20
.6069060041386624
.850184564006392
.09033790656395549
.01010748927848812
.29809449172733554
1.670783833971937
1.55588694753322
2.2793906749159256
1.5769949074723493
2.098738980885753
.02667955132791796
.03942208402900332
.008914739375821908
.00016035032552738076
6.495485833169132
6.045481614121176
.5551839971873187
.017687881046669476
.004590345691067183
6790635319709489e-20
.0006095421106267421
.10115071362011159
.021415153410051672
.0008157584781173731
.4229146530875122
5576420298700166e-20
.0002219718222656031
.034014872630413764
2363706251636725e-20
0
0
0
0
0
0
0
0
0
0
0
0
0
0
0
0
0
0
0
.732811632187467
0
0
0
0
.5437877298559685
1264.7572381715083
.004596848749279038
.10072252390391942
.019523561809556295
.22588574395768374
.10823005959322009
.6311271141677121
.13335162190433558
.42205277063146374
.0060651277126411276
2.9600304775280626
3.222934817991706
.01605655118767792
.0383368218013494
.8460368499955356
.6251077660938675
.2631074176321342
.4382041229552923
.019402748972178814
.019402748972178814
.21961576151025908
4289148862676724e-20
.019402748972178814
.019402748972178814
.019402748972178814
.019402748972178814
.019402748972178814
.019402748972178814
.019402748972178814
.019402748972178814
.019402748972178814
.019402748972178814
.019402748972178814
.019402748972178814
.019402748972178814
.019402748972178814
.019402748972178814
.019402748972178814
.019402748972178814
.019402748972178814
.019402748972178814
.019402748972178814
.019402748972178814
.019402748972178814
.019402748972178814
.019402748972178814
.019402748972178814
.019402748972178814
.019402748972178814
.019402748972178814
.019402748972178814
.019402748972178814
.019402748972178814
.019402748972178814
.019402748972178814
.019402748972178814
.019402748972178814
.019402748972178814
.019402748972178814
.019402748972178814
.019402748972178814
.019402748972178814
.019402748972178814
.019402748972178814
.019402748972178814
.019402748972178814
.23431589032058472
.009303226934713037
.019402748972178814
.009303226934713037
.17114171309643839
.08593426095027328
.019402748972178814
.019402748972178814
.03177582415334348
.019402748972178814
.019402748972178814
.019402748972178814
.019402748972178814
.019402748972178814
.019402748972178814
.019402748972178814
.019402748972178814
.019402748972178814
.019402748972178814
.1543783534030758
.019402748972178814
.019402748972178814
.019402748972178814
.019402748972178814
.019402748972178814
.019402748972178814
.019402748972178814
.019402748972178814
.019402748972178814
.019402748972178814
.019402748972178814
.019402748972178814
.019402748972178814
.019402748972178814
.019402748972178814
.019402748972178814
.019402748972178814
.019402748972178814
.23431589032058472
.23431589032058472
.17114171309643839
.019402748972178814
.019402748972178814
.019402748972178814
.019402748972178814
.17114171309643839
.05650591175308205
.20589711339891842
.019402748972178814
.23431589032058472
.019402748972178814
.019402748972178814
.019402748972178814
.019402748972178814
.019402748972178814
.03177582415334348
.019402748972178814
.019402748972178814
.14769394415955922
.019402748972178814
.21961576151025908
.019402748972178814
.019402748972178814
.009303226934713037
.019402748972178814
.019402748972178814
.019402748972178814
.11949253607578153
.019402748972178814
.019402748972178814
.019402748972178814
.019402748972178814
.019402748972178814
.019402748972178814
.019402748972178814
.019402748972178814
.019402748972178814
.019402748972178814
.019402748972178814
.019402748972178814
.019402748972178814
.019402748972178814
.019402748972178814
.019402748972178814
.019402748972178814
.019402748972178814
.019402748972178814
.019402748972178814
.019402748972178814
.019402748972178814
.019402748972178814
.11949253607578153
.019402748972178814
.019402748972178814
.019402748972178814
.019402748972178814
.019402748972178814
.019402748972178814
.019402748972178814
.019402748972178814
.019402748972178814
.019402748972178814
.21961576151025908
.19037954938069837
.1543783534030758
.019402748972178814
9999999999984846e-28
.20010727778771187
.20010727778771187
.1543783534030758
.1543783534030758
.21961576151025908
.21961576151025908
.21961576151025908
.21961576151025908
