45.628300022664945
.3467347796326736
1.0743223757458193
49.08743930527728
1.3806732456306732
7.306530742996895
.760383544801022
.20075772273784395
1.297576490702061
.08468275586002448
23.743949142619062
.8065646088424913
1.4080773375042894
.017709805546430465
10.676542037003767
12.279014385003986
.010966338276563469
.0852177549646428
.017733590512877952
.007148340916034714
.04489756582706982
.012853923734653556
.010444896888474962
1.7850730982275536
30.008426058042414
.004681077713930093
.00670970736799615
.006673431788535655
.005586409441368898
.005570272828068629
.00020097887553832607
.0139955943481351
.0012459785735025196
.00985660590569404
.0002769593801903135
.004733112491537151
.002985284687798099
.002423779451181208
.008799576968221506
.00019679267761175303
18.139942845647315
19.047571737389855
.030419377029651883
.004160700433024196
.1285274340838722
.010434206931774886
.0087990145864279
.5988181819410523
5.100411904500823
4.903682671258803
3.55993671711296
5.404488867969903
21.75520854263284
20.477481325957175
1.9952512077516784
.008013097896834784
9.743009949819536
172.98683457723965
.3312211217845311
.18108410972599776
54.50788631785092
49.617971828030875
17.741678756498967
.00566039601539909
.001751104012840271
.0018884627092869571
.010165615997170264
81.66750603614194
89.02761021713626
.04332572980248475
27.613035092654016
3.482471195407408
106.31969562034365
34.48959932124381
.0014516423769305583
.009483321885598934
.005263334051180149
2.535496775548547
.0011855802175883227
.00937205342460039
.012203871023508485
.008845447907240206
11.209611785221673
23.917345193117054
.010902583708366624
.051985041984706534
28.236512829076393
137.7290167039226
7.97088719511307
.017652241650019378
.010137012518625579
6.066873681712221
1.6316262578367795
13.248675091499893
10.259180310742028
6.088638169608489
8.046607842289816
6.418701712693437
4.230082577943608
59.67571907702061
2.0433231231150435
7.283781461143239
5.274851010523591
2.6396383098903713
.0033610610113465325
54.91791944443343
8.778644504175324
2.119198143264043
.4549477551529843
.016409250455307004
.0001883873057683047
52.577933312159644
110.77930244900313
.1020118959849765
.003302363892091305
.5707238319494605
.006709610203592385
.007803197867377336
.19305809849677935
4429613694959012e-20
0
0
0
0
0
0
0
0
0
0
0
0
0
0
0
0
0
0
0
3.3234363613731306
0
0
0
0
4.334360488214842
1301.4585794823233
.0043791351040809
.10619045258812086
.019139718967017657
.22389027525699023
.7765246376521844
1.1055005283601596
1.5955216163413493
19.097283992300977
.016368869397362925
6.283002566154254
6.367687077630865
.31017017164628996
.9087398823180095
80.15711603028767
94.47455494705507
48.74671621293573
68.40975438810055
2.8761529216040636
2.0994897130992345
1.7101126853278972
1.8330308308756664
2.4137066512484315
1.5532441856436106
2.6790957663026806
1.9692181452602562
1.8848184527936975
2.3263736665981156
1.9019699788251543
1.8318421074527325
1.5445334032236
1.9903703477314971
1.656701401541257
2.6290276873655065
1.9852493116221197
2.4605700162661877
2.1313173385751507
1.8634009810398113
2.316450746637158
2.8651838357693595
2.438404837599665
2.2747130309510832
1.655909493956066
2.3158174566556453
.02326398717807341
1.9278403504980406
2.366900870791864
5.878418047298906
1.9924644527727255
1.9164856819554714
1.4482556022813757
2.903082130522643
1.4332178685507906
1.6744512758189825
2.8865205341586107
1.379893311927369
1.8063712956393627
1.5178515267944592
2.010963534311376
1.3958245272065568
1.6598677102084656
2.622329629286712
2.0745746593136407
2.101817776176039
2.088696433843654
2.15726089815304
1.9194148213212143
2.2527320429867355
2.6762538978919985
3.001624392198733
2.1896367578078655
2.0621554229735244
2.086129176683175
2.9773664771147077
2.301668564119841
1.0230111631238215
2.450668541634846
2.543651294541858
2.169397550008474
1.2441572455948713
1.787641479838098
1.6835099577802815
2.0821104171729665
1.5391873727887833
2.2694468337294698
2.2195743979222264
2.1443279354004776
1.8102304440520693
2.6754860398787637
2.558968222364311
1.8517319929442269
2.2883260235560767
2.5280087477782063
2.2652242243463836
2.429527994775762
2.2702956006479744
2.1710153312531073
2.78295655158053
2.0898592295310103
1.870305492312782
1.379945738499614
1.6418950427727048
1.6465442880088217
.6283552789609258
.1632224370058381
1.9631619196810122
.011683666898650519
2.5062336297353522
2.3668427786992416
2.213951137560608
1.913368396142671
.18855100612916043
1.4472645075096595
.19977910157272633
1.2423309542503138
2.8409786985175796
1.7763680067847332
1.7082250025524897
1.9872247438025195
2.2540608334922627
1.818951328743954
1.9102646967455226
2.219865494882305
2.5700215492914142
.011653769265558257
1.9516043743757503
1.8856233303520638
1.496382406569676
2.26728136808184
1.691190465744424
1.3967716018729954
2.2794191696184254
2.0351972151734095
2.048169124904035
1.7749446858634403
.6655938679754755
1.720384193377786
4.187808009561994
6.27606161202977
1.5981516611346125
2.0873546796623383
2.7208792257725594
2.7460516351035618
2.7916973336525586
1.892822025201298
.008325511362307525
1.685449804225335
1.5775667405814595
2.8461615667455105
2.428647010887804
1.8991407906900275
1.95058799538896
2.163771219665524
1.90986356878394
2.4183637696703637
2.253837553450871
2.493467163679735
1.790431713066055
1.5475751460167466
2.470965642755555
1.3019379767291404
.2104062518652063
2.3208733537241373
5.846355388642687
1.6581505933677574
1.7733784692832262
1.9571390396509267
2.6731056382740883
.9208784307185445
1.8293716006901295
2.1671639113224406
2.0755319228118783
2.3236353369789753
1.3790949854677623
1.9876836958024697
2.660698694868914
1.8396943879369874
2.6313771135805952
1.478490299069
1.3136020357771938
1.6171326648932622
1.9147748123239292
2.2092563537668566
2.253227252461661
2.4999934450127435
1.1919527836874462
2.5163080579006225
2.1690676257351735
2.3135807863502755
2.443671684869319
1.9655433985331145
1.8742314143815748
2.6033185698315755
1.8794378489618162
2.059715897069429
.025429039358044397
2.00770123618686
.058598700084308245
1.6843937226961558
1.884784642420917
.5564374426857149
1.3828681522755788
2.0101569686415224
1.5029394830434446
.04837686330037135
2.1207588190985467
1.025128810929418
1.4679324236638989
2.1004923962252793
1.7335822063316741
1.5741513899422606
2.645725558403561
3.106380988579924
3.2112566496513444
.757747952587797
.010831780584090638
2.2929737949787503
2.2915489655734698
2.045384304314574
.04733184521552018
2.635132660629735
1.833737156691113
2.173495391409515
1.2141933210057048
1.328453195460054
.006288965798071566
.003941061911383803
2.5671484902099255
.5849532119433964
.14220051187983881
.8261094210854246
.22247287022982642
2.363194295611888
.11791423450483497
.09240085481232667
1.9161516214551004
.5798410729425156
7.935583284303504
2.069719095677527
2.380073798819351
2.216120864611574
2.1282288456702076
2.0846117061399747
1.967298866129503
.12064721917721573
.16197033919305065
1.9641130832973055
3.058517948690278
1.020906776191534
1.8379734231655518
2.4510789370070736
1.9498636360679003
.010259900482185015
.30545401440122255
2.845436277869968
3.4401096377137015
4.758906597776072
4.518500245065116
2.6113665758890567
.01111388145052404
2.666492389032532
1.3571213933532036
.01421600186278466
.009200604138807727
.15131644200169556
.011253890533898912
1.8953308768638557
3.139282746455418
.01
1.780441029797986
.014049930703738708
.007536595576093669
1.8692490523364442
.008666036433200498
.0077289486637429836
2.3871565313617737
.006764214158776969
2.3717311436407065
2.455236033444298
1.7146701169691472
1.8550163084624232
.008302042563574395
2.110161624030974
2.5910991058753106
2.412634810827302
2.5024538949225805
2.345914974533631
2.5664203360196076
.010738170339825236
1.4770851117910324
.010455322240693211
.009903805028237503
.01092194269064894
.013056483630614013
.009533866385234869
1.3413781018218716
.0853804042636097
.07054293818298903
.008850251338401524
1.496277976118282
2.335641864699688
.0963011376951353
1.8625528401285956
1.5475885838852308
.05405972549262514
2.091235380470144
1.6147601779048026
1.7096594227989488
2.9647255077426733
.009539295559042184
1.5854932354239029
2.6666992306840824
3.4833222165065774
.8548221421809795
1.626873681624291
2.1538219439236146
1.3460279486597777
2.1890528532610403
1.6383705697369275
1.9628585463294117
1.9990895876793493
.009783229560140232
.2149394735578559
.20999791462510917
1.78484845116539
1.5186765642874345
1.8494913427352575
1.6974697871137314
1.4157295506705934
2.160640279051113
1.9164918803950455
1.866327688213138
1.9604132987693939
2.0256948691231034
1.8113422767294878
.007321980068487457
1.8286060741650594
2.0072773456608863
1.9401388576218865
2.1568500933691035
3.1119799905598
1.759344184720104
2.091963362607059
1.8353953157011402
1.974098622786413
.11330790537039277
1.992467452811912
2.5670954692791157
2.6014145724033906
1.5094904029120364
2.2407941093908907
1.5301968469261387
.2273224234269857
.16831949369602123
.14554689955092465
1.6557487540254623
2.003112685218633
1.9811660690679147
2.3157395367243847
1.4970007582103158
2.0558648731995617
1.44640662407126
1.9413431148231988
2.158788758543628
1.6728545629861986
2.315471662354711
2.374947242423655
2.2795328555705745
2.4737443722478747
3.2383244652698013
2.2425725365107327
1.9577286455928262
1.8730578419727384
1.2279090621763797
2.2575366996014457
1.644235834925049
2.3134974572760356
1.8420115990708954
1.5837799461532018
2.0412008220639044
1.9871177444377284
2.44866004568667
1.4935031703608794
2.215950190492356
1.5546381583123003
2.4548681221949837
1.7493344470436547
2.2523737073141055
1.6088627373749238
1.863075133804269
16.85799180207816
16.02928341566947
2.6786437291516676
2.1841794261779848
1.8747897422758815
1.4989768030298953
1.432392249718084
1.5485923687983043
2.865694861451689
1.553648736031524
1.844252914002907
2.0300655009534094
1.7648552341334875
3.0218515164583977
1.662198533200972
1.7344869774550171
1.5459844216241199
1.9640138013116435
1.6750184378135662
1.6654346226126293
1.2623595907204725
1.8508814728007585
2.2538877546561626
1.191444028153153
1.8338446966722293
1.3703360674454397
2.211054890871406
1.9438011414113077
2.6718018810971698
1.9343576282530608
2.0848347812984778
2.1080651973536924
1.1955304349835094
2.2800796764247395
10.635562082558193
2.0551627793666722
1.6569962493554473
1.4845686774627873
3.308946750743798
1.9258025254218738
1.7193756692309536
2.7289425555943505
1.5396315253878747
1.9870385392263692
3.0174531329351613
1.6048274174485428
3.4135282187719045
2.413691089345861
2.4621003385777573
1.9463717965995686
1.5049801458070189
1.7536308363717494
1.6406920876330577
.2594023128409836
2.679975952216402
1.6378442784580272
2.1854317082907273
1.6474969763719032
1.8388047262570657
2.3563981523325825
1.9588554087625498
2.1508419366764486
1.983329495218057
1.7907044834143575
1.3267605791286585
1.9369000533526297
2.333208619772283
1.7555497588066273
1.8138821736271913
1.4319410460092579
1.8682727230682652
2.5313076025620718
2.7382436989544443
1.9981495134044265
2.0522308203548203
1.9419731107269818
1.9909815547234617
1.6729699160712996
1.3560920195603685
2.1494956297292114
1.831262365867687
1.5865604589178237
2.329652713525181
.18764940220658588
.8534906560083825
.1206542199003928
.9389980440067014
.09331927549850351
.8335006009248459
.09474246055232487
2.0809006254134723
.1551268326376253
2.4534270420095687
.08699627016109068
.9585325474127429
5.687914334034765
.31982598271600804
.10674784593562886
1.1446134655488145
.06393695527951915
.19908312541584336
.042209701732364734
.8926940676275741
.08455310364731568
1.1107555845052761
.10204116164605927
1.2446548181404125
.17000299238450306
.9394054742502272
.04690860009516525
.6761754792211928
.05550956640102371
1.5957718168106025
.0002123253058538007
.0004119384828951672
.09479635893699931
.13680330373509392
