-.06604309871407535
-.06600707326417299
-.06667324492815561
-.06668519802727682
-16631623536219155e-21
-753242637093873e-20
-19990908198944997e-23
-3246473651805606e-22
-.06699336912757904
-.06716093493959137
.010233586515252973
.018253002825128747
-28022228069262532e-21
-2680902504670441e-20
16931210357929285e-21
-10506365690030844e-21
23098295608335143e-23
18846173349279863e-24
.09634808973110855
.07391265508366285
-.21010111406117896
-.01845968507479566
-.0634310082048318
-.0005098654996840218
.0538795526180544
.03197650474469157
-.03548567621867589
.03252860670969384
-.03548504887569705
.02463092840085028
-.02479557029309896
7091457004865638e-22
.0006937084549866646
.0004558023244560246
