.08491270097252399
.03429821017905481
-.06718571246777472
.0003552835635519298
-.07973893558133907
5733533039607328e-21
7864137852228586e-22
-.00700179024142192
-.06668835153521807
13313717539459666e-22
-.0015004559727675687
-.0012827379507814223
30931726432965897e-22
5069988786768208e-22
-.06949798614398346
.05626715971723205
-.0069482159556869885
34116878871972646e-23
1180103398783288e-21
36443178435940945e-22
-3537484799866445e-20
-17402597630854276e-21
10093865849792718e-22
-.06838265676733114
.057639797208890155
225897662584557e-19
-31814827837588925e-24
.0004974862520570471
.00022405780266466656
15691176834925846e-22
31033773320206955e-23
3398293586028244e-22
5508075158363251e-22
7338521335333069e-22
6647891741572292e-22
6827658427518685e-22
7434508470752256e-22
-6225249345598686e-23
5978524246965714e-22
21352834742763786e-23
.021772028461129994
.02747891181585898
.0002574570392094722
8433381963609849e-22
8634338141194997e-22
4041732460754315e-21
-9119650821410187e-21
-.02254145761745552
-.000976029056690941
.04901651705398617
.09483679145886409
-.018679319896743297
.053474423218486646
-.016808478423929036
-.0014817863215005247
-.024097829524036583
.09711492645180687
.04786451627586062
-.024474838777158763
-.02385822184959366
.027719550239684327
.05223645167631435
.05937046610230688
61426599631812195e-22
.0004371248764511374
-.0012810220524823652
-.0012811023025934695
-.005013279429092419
.000788948355635964
.0003557851386492028
-.2852472147630046
-.007874426766979924
.027243305686926327
-.06093235129429019
-.0012810476100897448
-.0012802745259730991
-.0012811464986690925
.0954264484622544
.038868333485584786
-.006947937763681448
-10200377504090112e-21
-.0676105681687591
.04537461771066905
.013924080005771248
-.06761668087681284
.0005551213332963982
.315557013055432
.1180161873394638
.3071058838803545
-.07384391276562156
.03885462714742864
.03196775529292899
-.2506376396519918
-.06735842279899813
-.0003294847687657284
-.004404235520141507
-.0730927702894852
-.07233923192805139
.1672382436264467
-.09940835129104178
.3602125432600179
-.050766507867332715
.039423849299797635
.027024461538206437
.0007626194867075336
.041296280801378864
.19850653644555555
-.0015746782230561783
.031641280614407206
1072429833792819e-20
.0003097814842885798
.007933861667951087
.047422257247242285
7826293672502645e-20
.03883635839736785
.05924255985109023
-.06754348967669221
-.06731960945808398
.00022388879998337064
1601935209215607e-21
0
0
0
0
0
0
0
0
0
0
0
0
0
0
0
0
0
0
0
-.035704472166122964
0
0
0
0
.019914542180934417
22067765833886803e-21
-4273047506949295e-23
-.06666362875107788
8465855377321145e-22
8332009969176297e-28
-.005660736475616597
-.2936587177442486
-8919993247093093e-20
-.06544291955357458
.789954227542152
-.04413408668144589
.06761821107436845
.0033168897178168354
-.0627216470790372
.021042879615697556
.03842127780571816
-.0007756844574456557
-.0025954109583195897
