44.5357564795296
.2969809970769745
1.1629149707692985
47.294602468559845
1.3333337713740088
7.501618119599727
.8292790750630464
.19041993262094833
1.2469381599959806
.0764745393962269
21.99735465882674
.7788770136858139
1.5600539437458911
.01924924884603348
9.396131328743936
12.121731508470763
.010869070021748558
.08183519501736519
.016513481208374623
.006643742542083171
.04360689406486866
.01521357937224144
.010347952464960914
1.7643702513329917
29.3199466878036
.004821628054818152
.006353540991761265
.0070161778014598145
.006052928062093776
.005419197071505393
.0001813825532942318
.015152326659195548
.0014031640282194985
.011126894645665521
.0002753225794807095
.0046610128335681685
.0031056345887906156
.0025655765180073215
.008411929695899744
.00022086881037436347
18.4920433151311
18.160073637407017
.028959596641433077
.003823711954973786
.14537755422557033
.010571134470388306
.009041462678025821
.5695195418555682
5.467396322078278
5.00216957326801
3.63607086773856
5.223172552562375
22.080806553945013
19.72904705142421
1.973514585849324
.007467254603928558
9.216565259309007
157.467713761425
.3671764438699542
.1761189225525138
54.12591589940433
51.27220655009626
18.871206874436524
.0062483644595739095
.00214703273191924
.001581593569579781
.010648514735508399
82.57721819387591
79.33958749880856
.040062461861116117
28.815175376864516
3.520039029956906
107.94195947511365
33.940241311713315
.0016048665226638113
.010909782458748497
.0055536159222872
2.5546630870786315
.001100377990070484
.009927921589642119
.0118101088655382
.008269455915203795
11.40711025225009
24.078469011527304
.01038113230084076
.056475132791965234
27.89516175199583
133.9824921498046
7.910462703100101
.01612831908478158
.009830661365089586
5.27289466528843
1.507662783138276
12.63480789293869
10.912396750643948
6.549645250526577
8.446232689455178
6.542178307041364
3.718964392799975
63.17288708177239
2.1142479760430803
7.3951720337737115
5.088604886797828
2.6545565999193315
.0030656189713400075
61.714918306422724
8.88145803220058
2.1692359779373755
.48441176584146123
.015636988281681505
.00018017155082809258
56.873494943464515
110.89548555658277
.09438427835637875
.003492114556668075
.6341323595645202
.006343905085966258
.006722609254865061
.1831138343986295
4199959454073901e-20
0
0
0
0
0
0
0
0
0
0
0
0
0
0
0
0
0
0
0
3.4208736390880135
0
0
0
0
4.626022607894023
1316.2754089107184
.004690709665610811
.1013883108221498
.019868335166979407
.22720919958547012
.8191911626308925
1.2407593298028128
1.6197954187049692
16.902483598102677
.015862202540230245
5.951601093147593
6.407472134031261
.345723684035846
.8596269329282773
82.9985567531058
88.89805773309702
48.55295966179327
77.33710991032791
3.304492008354707
1.9905007783035191
1.5793249101871003
1.7813585672182828
2.6520687727976036
1.7017536193910845
2.4824750871054175
1.9690337915166498
1.977919214760782
2.249700136725798
1.9471826461012678
1.9656651065171276
1.4323544460396007
1.9535152939375418
1.563481157379135
2.7514231736498354
1.9594663343384138
2.280515748763886
2.145088354629849
1.8369024782786252
2.406458331888916
2.6769982284716667
2.4950192778187503
2.105063633739832
1.8845656106455708
2.5357569191432408
.024185430456957563
1.6744872933491013
2.4853502066539828
5.861859842666038
2.0754173116483075
2.0799455485994534
1.28711784002222
2.977822926447391
1.4072496987646768
1.6524373081644486
3.1437152481037933
1.270255660602337
2.1012642241316506
1.6169168243804177
2.015325222335996
1.5373303427997225
1.9413164925686723
2.7631852183337213
1.9589785972779754
2.1667959666066747
1.8036096153953427
2.2217477278878426
1.7420894338530701
2.45311503028106
2.714066314346298
3.0354988539503656
2.3289796512759726
2.0088255391040826
1.9589238895711711
3.0007454428705156
2.517939514125425
1.0546075257229737
2.6720758159810765
2.7932320058037723
2.233029553408201
1.1193819158081482
1.832860829525349
1.811314056302404
1.9458092016868467
1.5481916258770736
2.3882214787893496
2.0733898488332763
1.8581261729083653
1.821402982938964
2.567723058664628
2.5516979156648802
2.017812045549254
2.1491143925035527
2.4272264647373443
2.1449365754840426
2.5233431101054746
2.434345440427375
1.945804539846222
3.0174493674167104
2.1416920008311613
1.8744802894827908
1.2851149298301623
1.528257728645632
1.4717212622744262
.7726351490110137
.18542615685688854
2.148224031931958
.011794109762657169
2.5019566833848295
2.162416770823725
2.5336103927327813
1.860013434916986
.18761962560232617
1.5337172988962382
.2125196265202021
1.1751975263759562
3.1016845480737922
1.7804992409977305
1.851150257061703
1.8849564332770707
2.1006788112760457
1.7336572623487403
1.924975478815125
2.261765075430195
2.2801707865987026
.010195257381473323
2.001259464907082
1.987788726527655
1.5105515241074692
2.3605068896543258
1.7703094639914518
1.414388737310805
2.3504735833595745
1.9683888343775733
1.9876207770830625
1.911141998672057
.6970809850020533
1.719684669575553
4.797329497824203
6.349237452930946
1.5039463745253363
2.13048688199134
2.548611585810082
2.6197332305619714
2.8333116429400125
1.988468620554389
.008967557069210036
1.5439942207242443
1.3658858381846335
2.7421444608716037
2.2590697876812595
1.8537292690775946
1.9402420927547122
2.38783391356361
2.024775100688047
2.669305845315253
2.109984347876944
2.435494880658635
1.9051877800299846
1.6364888703872513
2.289128318235268
1.3619189966276604
.21605595739993427
2.2364828378195694
5.53980670190244
1.600966954875224
1.6704592788697252
2.165538709003118
2.3970207347097374
1.0085817419202658
1.694298584580756
2.079744188788806
2.101555085590976
2.252306518360796
1.374198853336012
2.1536414945728377
2.642435907308404
1.7779423703614112
2.358167183822229
1.5066881423328784
1.2182690433908843
1.6143735298765691
1.9182785070156043
2.368550463669815
2.302402438886395
2.8674269410912263
1.308571902045158
2.5264193562693524
2.230198718109609
2.42789691510247
2.390492112113502
1.6874461393523925
1.891980248052146
2.9127579158477204
1.8165398079077681
2.097046242802703
.02458677871218095
2.0717528679933492
.06133335320289837
1.8018941297149322
1.8336355933557564
.5445774582971464
1.3708101381018976
2.166350022394355
1.2263426927572072
.04809245336928787
1.9960608483714468
1.1578673911804467
1.623057730539552
2.192789651582515
1.9926634090212056
1.5003935700608622
2.4450784804933323
3.3635179425943447
2.9055866610562977
.6828910864409662
.011076832861823361
1.9870086645290512
2.254914217083218
1.9777354485608103
.0478204789124883
2.2999352236349804
1.7394473628359486
2.180929210839056
1.226264293440642
1.33098196387436
.006330638726383494
.004312189867870558
2.530898793873962
.6009915357185157
.1409630624678414
.8086077890344007
.18638987018561273
2.3363203981066025
.10962324596560304
.09103620971496984
1.847487338318666
.6187398296725038
8.582543740403455
2.009427657426534
2.1701739655028516
2.3401483806782313
2.2603613128406357
2.1144200368130304
2.056268030522636
.13054955098564291
.16074456681443303
1.9577998452479595
3.120376665270879
1.0421499866409392
1.9653882698621679
2.5796257365723627
1.8797251900094012
.010319802983325924
.2820442461588807
2.8495169094192407
3.7037848852111295
4.418693993489932
4.11989670940876
2.379792490518923
.011080301751288544
2.973751565250538
1.3893199829184795
.014708353359167717
.011077469923839792
.16608052963412778
.012289653449789006
1.7313111917423165
2.8919973181625083
.01
1.821695239981135
.0141661988916124
.007406328524714345
1.9366268425454325
.009151782383535425
.007813456234651782
2.2614824410186487
.006928689451076663
2.2883687891586195
2.1526664758235357
1.5980645217938139
1.5934459797700053
.009678796136990611
1.895095717181066
2.4903079351540285
2.3941077842512986
2.435839416072814
2.230900607857914
2.6273711277472054
.01066801449195027
1.464485571115382
.010464127776659851
.00921766451784271
.010691781333455424
.012803155250410219
.010556044743729929
1.4043018310556559
.09501381231903858
.06998814721704982
.009119304645543426
1.303519257901443
2.2324843334006825
.0983776099064883
2.0088958314665946
1.533612181344575
.06528486484225846
2.1781993131959303
1.8129735479486553
1.7237973250305851
2.8611891426140303
.009773963194701476
1.669022167356019
2.6016350226658114
3.4689655307090583
.8129468095935972
1.5993046679167204
2.211466485599149
1.494878363694177
2.3397721788178942
1.6084518569010213
1.8273390093611994
2.120215221782787
.009213796103502073
.209867351094279
.18756148853466767
1.9982551585088464
1.5042040065654065
1.9679332957603053
1.6821225748525956
1.492478783081656
2.067108500733018
2.1370373926604813
1.8102372659043469
1.9266366022717933
2.1717714678564213
1.8637725563935363
.005932472600950017
1.5854676811435227
2.0048941870771904
1.9308317740451992
2.097083830498298
3.126565720661902
1.6240491141170381
2.0233400632677334
1.846769069695867
2.1834065835638055
.11418031205319572
1.774225908071815
2.2665054953573347
2.2896018936523728
1.535844961918886
2.4714968836460325
1.6402950495099458
.2277404383015727
.14460960285730587
.1279903038504326
1.79217451864591
2.1009068454660884
2.07612029805863
2.4520059852760725
1.462403256978187
1.895964307896512
1.4847855168127304
2.0733766736189985
2.3463110392773197
1.7590191174488001
2.250804172309944
2.243791487859138
1.9025296872905562
2.308179495562088
3.321887094807368
2.050633332894738
2.008094957322808
1.8901561506453124
1.3526802639086695
2.0952408833519036
1.597012387052553
2.274348184440445
1.8870093393288687
1.5557207881978417
2.2379636932052582
1.7015352284231584
2.33432788935709
1.4404318789815385
2.4809419084781874
1.5698186756311712
2.2752167566972257
1.814193976583756
2.1301693616573005
1.6505539672352514
1.9840042212030884
15.707414837177485
17.11748386508418
2.372601144158889
2.1933513293872258
1.7202554399307584
1.3034763429335465
1.543240229354232
1.5494777835248987
2.6972834902030542
1.786614254484172
1.7400767094503091
2.2235067949044516
1.9314136292131485
2.9308722361172936
1.6878827103656349
1.8062177579617114
1.524814719622194
1.7772175745232202
1.4030336549605766
1.8602588848955017
1.2982029991105526
2.0185424802188967
2.2153108246966546
1.2127091423021512
1.8623116476159922
1.5800242402625113
2.386313844087487
1.9257519626793023
2.9465160275009663
1.9733367039307081
1.996345675090133
2.5878340983471024
1.2868590362370314
2.6020011291038894
10.73702208715932
1.8044014191465658
1.653178811411682
1.6181985508969479
3.5884456388900015
1.9484999657806177
2.0183846883324197
2.977961587097215
1.5125450402390448
1.8740421393770608
2.800084858724216
1.3822964787721828
3.0628352789899536
2.595753639393949
2.522193975967839
2.0619199148092258
1.3551271026704306
1.8754125702740647
1.740648266242421
.2815880731183139
2.651521418771468
1.8653460570211642
2.4012539662636008
1.6532177244896449
1.988261535282036
2.466717382187192
2.0073749268876804
2.1889556004116386
1.8140006891784937
1.6111022276813267
1.4988310279646686
1.920485628143296
2.371116777063711
1.9162790930039648
1.7407999707088884
1.5392586091705829
1.6970970771884728
2.6045180877213148
2.938449607764542
1.9239556752743048
2.095345054987994
1.8887400422076863
2.1975238223257425
1.6567924486335956
1.304574981134952
2.097550258182453
1.8380044866442358
1.72075141311312
2.2555988297016336
.16446914162973084
.9820176552716026
.12162662426604907
.9472753248551246
.09982559408645106
.8710790876185892
.08453246279302573
2.3269807278110846
.159773870234833
2.4999321154062875
.08606773764170464
.979078381308182
5.808695194077871
.3573334918370889
.10707964898106083
1.2212962825941163
.07255027431599946
.20573502076269629
.04154285152725668
.8889387045790266
.07472252295066623
1.0905322336115735
.09830625277069205
1.298737590922684
.180251528087674
1.0117186826622475
.046929411082565826
.6958808646621445
.06020651706337877
1.3541372414887405
.0002083619731227139
.0004192910173437754
.11480369867616398
.12783507244444173
