21043407390924945e-21
-.04798086376959836
-13375744244099629e-21
-2905940823024154e-20
5675532271278354e-20
31878925999213774e-22
-3968662594437247e-21
-.001015177295301063
-.006848015175907642
.002116809564545052
.011197441158932774
.03415041343620774
-9988539224876578e-21
40236288126737074e-21
-12520186547580543e-21
.013932367451936843
-27170905006952112e-22
-.0007117639745594013
6283158287922164e-20
.02027800390303568
-.052731009605713676
-.09453455851479219
.00040004788389015177
-.09411757713280186
-.0007204261597139862
.05401340645055536
.014970711586978176
.014726936952834835
-.00485341851207784
-.02286963274884411
-13055997883177093e-22
1631807749974788e-21
-.0005327903812649954
.002260130532513111
