39.747755173632015
.15287620859374576
.3013320914893981
11.85115331729731
.35668757412766866
5.8173704566322275
.20813482101840644
.003086186761660369
.30280484014463005
.030225322792257325
8.05424491659564
.754572368135804
.5998959310856644
.008337688851396722
7.9678424029297
1.0472483399074404
.004293250226046635
.07861034163348209
.004487766083389478
.0016686317882217648
.04520038083515396
.0001404599400701376
148615545933458e-19
.26996202198716385
0
0
.00511252231202356
.006408785882411154
.005973830571468657
.0023268237526206494
.00018142293472708898
.014415941883547154
.0013373547284101575
.01021603958968432
3644020739132673e-20
.0004591755660327507
.002892660365500483
.0005133301784072951
.005599217495476298
16416531382918035e-21
9.222195189187687
14.241226984382179
.0063095261091395145
6027348628484062e-20
.11735931159325923
.007303072980742263
.007625684624689248
.3958451083757786
0
.4558826923593934
0
3.856937144937876
18.579568699723982
0
0
.007140962965456608
2.864896350441425
13.887982409621772
0
0
42.69105209585631
27.177296188492832
9.386971043937686
.002607270499046374
.0005686272493691837
.0013775716732912305
.006649755188051263
0
0
0
23.43052468005386
3.646606134664188
10.065661153856533
18.25243272630113
.0014522877654748801
.00818322194808041
.00045319583216525005
2.1849961894646266
.0004041905843821393
.003533267500463923
.011126504545974055
.0016392279370295389
.9629307769336065
1.5700780183907024
.00012750398241405972
.027723239962175274
1.2909821455407857
1.5873859727166837
3.116992104174167
.0036959576718382345
.00044287198631691135
.6156276353431346
.7650495734625079
0
.47752972497940854
.7766434191362631
2.2677844823379605
2.638463446291994
0
5.759745698247132
1.9467051554009422
.5222429293319139
1.1204490536071314
.9570528394561774
.0007829093703269956
50
8.241129315047196
.46746052654402753
.06518413749381023
0
0
0
5.006935439658553
.01004264942334852
.0004952016176311765
.5274443334759173
.0012246756536123877
.00024280377774634287
.015920395033293816
0
0
0
0
0
0
0
0
0
0
0
0
0
0
0
0
0
0
0
0
1.8084579641389098
0
0
0
0
.5888506097425342
1267.1035757660716
.004679594763968009
.09941712702557981
.018536437008944497
.2181480776422513
.5392768797684109
1.0305483407139335
1.3936952873589707
1.374205350183148
.007286845605270483
6.297924666505217
5.815266928365125
.14565834221122276
.37877189444142
5.43190871047727
3.5250098210002987
0
0
.02
.02
1
8
.02
.02
.02
.02
.02
.02
.02
.02
.02
.02
.02
.02
.02
.02
.02
.02
.02
.02
.02
.02
.02
.02
.02
.02
.02
.02
.02
.02
.02
.02
.02
.02
.02
.02
.02
.02
.02
.02
.02
.02
.02
.02
.02
.02
.5
4
.02
4
.25
.1
.02
.02
3
.02
.02
.02
.02
.02
.02
.02
.02
.02
.02
1.5
.02
.02
.02
.02
.02
.02
.02
.02
.02
.02
.02
.02
.02
.02
.02
.02
.02
.02
.5
.5
.25
.02
.02
.02
.02
.25
2.5
.35
.02
.5
.02
.02
.02
.02
.02
3
.02
.02
.2
.02
1
.02
.02
4
.02
.02
.02
.15
.02
.02
.02
.02
.02
.02
.02
.02
.02
.02
.02
.02
.02
.02
.02
.02
.02
.02
.02
.02
.02
.02
.02
.15
.02
.02
.02
.02
.02
.02
.02
.02
.02
.02
1
.3
1.5
.02
1e-12
.33
.33
1.5
1.5
1
1
1
1
