1.5143950900722385
.6321705822898056
.010607864702513044
.0021736752521880546
3258711537103968e-21
.02957813124011422
7.02715180173579
.673193213693032
.053831040216660304
.06102574387526859
.06693668480290485
4.685989762992445
.7342271339816351
.37044315645415377
.005751530135634775
2.8933062874111557
.39773349863574126
.0031147344244398622
.07902658718271631
.004780834384711694
.001992617822108002
.009127619429625144
.00017735454911125604
.0030787362432012433
.27070743698892574
16.618373787889265
.00017271911430886844
.005662120421080455
.006402925548926893
.006322079944576194
16116641324517731e-22
.00016428726089262157
.014253256089746816
.0011842289445650716
.010948134375408996
2126281839790615e-20
.002340057303497622
.002688791651396726
.00031530137248243534
.005165111267944571
3117638511976075e-20
.006348337198995945
.006548644444628915
.019281538612188533
.0003725268318493876
.12038830458335728
.0076199230760426164
.0008816145294742617
.04265063167847788
.28870414615845474
.001074936990374309
.5979706818088256
.009405046317277914
11.713044583619077
10.939839860278948
1.3865134240636605
.007240771198804087
.06000730048826994
.0670380701534256
.20999765042889387
.1199330251364176
29.808065465703486
23.417228724584714
8.115043258234449
.0024842961061267675
.00053037719672163
.0013571776570835913
.00679782247073841
3.421422124919519
7.727686704245762
.020012984895160783
21.902617876499637
3.2102905849815344
9.087490676741703
20.493304088426328
.001451020925777824
.009314773069055149
.0005793494981789344
2.202933947759664
.00029870105507576297
.0025332911714399764
.011465342555291563
.0003242687543826093
.9381089784715763
.7045900282895269
23639350529853924e-21
.008097098453624028
.8573751356738775
.766894402131774
3.5098659753112647
.00013470282299327997
5376735042559828e-20
.5837453828389585
.8090715930970543
.07332735992672351
.010360614295430145
.3061886563898919
1.5616214933258077
1.453609968859438
2.2799869563922632
1.3964148887302736
1.854518974824446
.022920549375768658
.032146687010712084
.009350806017750613
.0001858128047240893
6.173739033890467
6.012173338071331
.5446687997134947
.018693044630350673
.0042154601648775325
6160418415954848e-20
.00042224734790600977
.0757316312880805
.021405679933954393
.0008276517611047894
.47570802763735864
38541426183127955e-21
.0002530241623914265
.03542783444732893
2144887567540678e-20
0
0
0
0
0
0
0
0
0
0
0
0
0
0
0
0
0
0
0
.7118578069746275
0
0
0
0
.5402703573646614
1264.3646193443526
.004753698366498174
.10061831750806073
.01852228696323073
.21371532774191357
.11351103155443686
.6377359001773611
.13975618769918932
.39398503460467743
.006400949736076213
2.8372471637402357
3.160799108811192
.018274778297891668
.03995774376077586
.7928967850009437
.5839235583513812
.25886750636589845
.4244167583626571
.019403323614928306
.019403323614928306
.21994111440037678
42962921272899046e-21
.019403323614928306
.019403323614928306
.019403323614928306
.019403323614928306
.019403323614928306
.019403323614928306
.019403323614928306
.019403323614928306
.019403323614928306
.019403323614928306
.019403323614928306
.019403323614928306
.019403323614928306
.019403323614928306
.019403323614928306
.019403323614928306
.019403323614928306
.019403323614928306
.019403323614928306
.019403323614928306
.019403323614928306
.019403323614928306
.019403323614928306
.019403323614928306
.019403323614928306
.019403323614928306
.019403323614928306
.019403323614928306
.019403323614928306
.019403323614928306
.019403323614928306
.019403323614928306
.019403323614928306
.019403323614928306
.019403323614928306
.019403323614928306
.019403323614928306
.019403323614928306
.019403323614928306
.019403323614928306
.019403323614928306
.019403323614928306
.019403323614928306
.019403323614928306
.2344894374638442
.009355986966665328
.019403323614928306
.009355986966665328
.17120508153639427
.08594698708899313
.019403323614928306
.019403323614928306
.03191520338875181
.019403323614928306
.019403323614928306
.019403323614928306
.019403323614928306
.019403323614928306
.019403323614928306
.019403323614928306
.019403323614928306
.019403323614928306
.019403323614928306
.15472123353767275
.019403323614928306
.019403323614928306
.019403323614928306
.019403323614928306
.019403323614928306
.019403323614928306
.019403323614928306
.019403323614928306
.019403323614928306
.019403323614928306
.019403323614928306
.019403323614928306
.019403323614928306
.019403323614928306
.019403323614928306
.019403323614928306
.019403323614928306
.019403323614928306
.2344894374638442
.2344894374638442
.17120508153639427
.019403323614928306
.019403323614928306
.019403323614928306
.019403323614928306
.17120508153639427
.056713920811865964
.20600385280926517
.019403323614928306
.2344894374638442
.019403323614928306
.019403323614928306
.019403323614928306
.019403323614928306
.019403323614928306
.03191520338875181
.019403323614928306
.019403323614928306
.14773769178506516
.019403323614928306
.21994111440037678
.019403323614928306
.019403323614928306
.009355986966665328
.019403323614928306
.019403323614928306
.019403323614928306
.11951908079905296
.019403323614928306
.019403323614928306
.019403323614928306
.019403323614928306
.019403323614928306
.019403323614928306
.019403323614928306
.019403323614928306
.019403323614928306
.019403323614928306
.019403323614928306
.019403323614928306
.019403323614928306
.019403323614928306
.019403323614928306
.019403323614928306
.019403323614928306
.019403323614928306
.019403323614928306
.019403323614928306
.019403323614928306
.019403323614928306
.019403323614928306
.11951908079905296
.019403323614928306
.019403323614928306
.019403323614928306
.019403323614928306
.019403323614928306
.019403323614928306
.019403323614928306
.019403323614928306
.019403323614928306
.019403323614928306
.21994111440037678
.19046414222206012
.15472123353767275
.019403323614928306
9999999999984878e-28
.200205086516326
.200205086516326
.15472123353767275
.15472123353767275
.21994111440037678
.21994111440037678
.21994111440037678
.21994111440037678
