1.4962004751469071
.6926495498657342
.011307722704244712
.002354177173553754
40185962226659034e-22
.031424093799484146
7.031407037541486
.6724843323815348
.0537210364305053
.06320226664346741
.06692737619840212
4.846632335277653
.734597020450393
.38287118109539897
.005930188255662697
3.0167518033588743
.41465219434094386
.003121885680958363
.07905585105496228
.004777994140376887
.001991499782634536
.009393231424145687
.00018198995299227222
.0030814918505122912
.279014534806965
16.41892565579257
.0001753902719392541
.005665023624258954
.0064058311503227125
.006324178985408045
16135432035981455e-22
.0001643470543368908
.014258443943635728
.001184662688655734
.01095211901989558
2199805995678143e-20
.0023358437815531857
.0026897802823145746
.00032557154158256734
.005167084329058062
32264181016487134e-21
.006355846082219749
.006599800672240573
.01920266565808092
.00036921582230264036
.12044018221957663
.0076198912958600476
.0008880319191373075
.043091297422752195
.2943441772054803
.001155685361378283
.5998206173247527
.010109705969979945
11.760780147800547
10.973402743591562
1.3884144077221368
.0072437178341739576
.06334222962574217
.07077974398528988
.21032998701601632
.12007500286156175
30.05066033137457
23.643642669527566
8.173170808468521
.0024885035988725587
.0005328964242840072
.0013546537963193257
.0068118113056128944
3.6488034227100785
7.786324628567872
.020465583763191127
21.910801308171276
3.2114804976186577
9.08807453723197
20.500150649076325
.001451600060777452
.00931529617893644
.0005795375025184602
2.203189343380834
.00029940430278904635
.002539450308414118
.011468923660285424
.000333856662855327
.938356228839879
.7192834008400574
2376504828206033e-20
.008306391146139335
.8626598838830823
.7705202600377982
3.5197309338446385
.00013566937767984486
5303868306172207e-20
.5837892627356897
.8086024389091114
.0725791523162934
.010821168122970739
.3074391797947717
1.5628131003266434
1.4566348395781312
2.3311353377887762
1.3977272233741134
1.8552950651033524
.023051299741132063
.0324306366383882
.009862902940453316
.000186357307783638
6.2196128383116704
6.034997385659774
.5450293721605438
.019003555848376232
.004319091441787378
6301311356068776e-20
.0004638658707658676
.07650202091712413
.021460675055824358
.0008305717007840516
.47701851945822005
3888999462596315e-20
.00025300229633068444
.03552305786151696
21925723127964054e-21
0
0
0
0
0
0
0
0
0
0
0
0
0
0
0
0
0
0
0
.7259966284077402
0
0
0
0
.5414061673809297
1264.8247956140588
.004755428515498023
.10065493840151707
.018529028307294585
.2137931112553041
.11572651092824192
.6410920428994996
.14363594558278983
.39446631566339224
.0064085215234196006
2.8441359158230872
3.1714246926960206
.018712940046976104
.04092585944366773
.79538412259786
.5856046037646717
.25924946076803
.4250454026510268
.019410385619783872
.019410385619783872
.22397948913592464
4974131648587733e-20
.019410385619783872
.019410385619783872
.019410385619783872
.019410385619783872
.019410385619783872
.019410385619783872
.019410385619783872
.019410385619783872
.019410385619783872
.019410385619783872
.019410385619783872
.019410385619783872
.019410385619783872
.019410385619783872
.019410385619783872
.019410385619783872
.019410385619783872
.019410385619783872
.019410385619783872
.019410385619783872
.019410385619783872
.019410385619783872
.019410385619783872
.019410385619783872
.019410385619783872
.019410385619783872
.019410385619783872
.019410385619783872
.019410385619783872
.019410385619783872
.019410385619783872
.019410385619783872
.019410385619783872
.019410385619783872
.019410385619783872
.019410385619783872
.019410385619783872
.019410385619783872
.019410385619783872
.019410385619783872
.019410385619783872
.019410385619783872
.019410385619783872
.019410385619783872
.23663239288175703
.010062514678999268
.019410385619783872
.010062514678999268
.17198560799869353
.08610350666991122
.019410385619783872
.019410385619783872
.033705844583115006
.019410385619783872
.019410385619783872
.019410385619783872
.019410385619783872
.019410385619783872
.019410385619783872
.019410385619783872
.019410385619783872
.019410385619783872
.019410385619783872
.15900204528216808
.019410385619783872
.019410385619783872
.019410385619783872
.019410385619783872
.019410385619783872
.019410385619783872
.019410385619783872
.019410385619783872
.019410385619783872
.019410385619783872
.019410385619783872
.019410385619783872
.019410385619783872
.019410385619783872
.019410385619783872
.019410385619783872
.019410385619783872
.019410385619783872
.23663239288175703
.23663239288175703
.17198560799869353
.019410385619783872
.019410385619783872
.019410385619783872
.019410385619783872
.17198560799869353
.05935332507453843
.20731989500561357
.019410385619783872
.23663239288175703
.019410385619783872
.019410385619783872
.019410385619783872
.019410385619783872
.019410385619783872
.033705844583115006
.019410385619783872
.019410385619783872
.14827627720937772
.019410385619783872
.22397948913592464
.019410385619783872
.019410385619783872
.010062514678999268
.019410385619783872
.019410385619783872
.019410385619783872
.11984571687048003
.019410385619783872
.019410385619783872
.019410385619783872
.019410385619783872
.019410385619783872
.019410385619783872
.019410385619783872
.019410385619783872
.019410385619783872
.019410385619783872
.019410385619783872
.019410385619783872
.019410385619783872
.019410385619783872
.019410385619783872
.019410385619783872
.019410385619783872
.019410385619783872
.019410385619783872
.019410385619783872
.019410385619783872
.019410385619783872
.019410385619783872
.11984571687048003
.019410385619783872
.019410385619783872
.019410385619783872
.019410385619783872
.019410385619783872
.019410385619783872
.019410385619783872
.019410385619783872
.019410385619783872
.019410385619783872
.22397948913592464
.19150661125745924
.15900204528216808
.019410385619783872
999999999998506e-27
.20141077849939606
.20141077849939606
.15900204528216808
.15900204528216808
.22397948913592464
.22397948913592464
.22397948913592464
.22397948913592464
