1.483585931950577
.7387369948708264
.011825780088823734
.002489433095162812
46474097524549215e-22
.03278874422229794
7.034342825325334
.6719812242308028
.053632589254346684
.0648022997583235
.0669200576780689
4.959593914561678
.7348550661045827
.39159972982937663
.006055150661832434
3.1024382504517263
.4263815305309644
.003126519099948657
.0790761153703429
.004776011270897299
.0019907190549585283
.009586448120825711
.0001853441440303544
.0030827709838127915
.2850740681904543
16.27964089227703
.00017694533863261513
.0056670282155811885
.006407845700489837
.006325633554754827
16149810229683187e-22
.00016438852261765807
.01426204185285197
.0011849635013796626
.010954882472616775
22515322545742896e-21
.002332864759429504
.002690465923560978
.0003327732003303188
.005168452754276992
3302977486676742e-20
.006361584640939771
.006640397483227469
.01914821984772238
.0003669150529255835
.12047624637246783
.007619792904183002
.0008922231967300085
.04338154261516647
.2982283713693468
.0012151541902918474
.6011014603975655
.010628896999205419
11.79400365760602
10.996540660146554
1.3897131301513754
.007245769748710233
.06576108261845301
.07349393653092649
.21055695163122762
.12017209286362458
30.21885424065897
23.800108221753447
8.213709812778351
.0024911806317565086
.0005345458220268243
.0013529006398490064
.006821163125634677
3.8078265975908545
7.825146592994801
.02075930191892328
21.9164744827936
3.212305656903163
9.088237585286235
20.504911295475814
.0014520006744863625
.009315641742382901
.0005796693447872937
2.203369230800755
.0002998590958010299
.002543438249778327
.011471403877358856
.0003407727861908964
.9384054657473874
.7293901650055559
23848353076248773e-21
.008452888991847585
.8662245365489134
.7729187128906259
3.5265883411634125
.00013634472573602113
5296746624857145e-20
.5838046562305725
.8082552145599978
.07205489107258867
.011151528594720433
.3082897374175016
1.5636312782828081
1.4587234561137654
2.3642419596157205
1.3984757451067302
1.8558328788212761
.023139685482954808
.032626647906600775
.010234205649263289
.00018667241724856928
6.24962628772961
6.050825460577126
.5452668978229221
.019219323754249514
.004386447234398528
6391842530269366e-20
.0004946497846269549
.0770344566710812
.021498792928692667
.0008325062489667583
.4779285199510568
3913006833033572e-20
.00025295555201302526
.03558903080531812
2223450473867015e-20
0
0
0
0
0
0
0
0
0
0
0
0
0
0
0
0
0
0
0
.7358831379239836
0
0
0
0
.5421680599026969
1265.1439396113246
.004756628418022397
.10068033592653192
.018533703601596174
.21384705610865495
.11728043265569864
.6434266998190495
.1463887121697019
.3948112820498602
.006413602491785438
2.8542156747085445
3.1831940436068944
.019022164501145127
.041609314885308314
.7971034792468114
.5867668393126368
.25950602018115915
.4254675588015157
.019415283300535113
.019415283300535113
.22682278427394975
5502842845189893e-20
.019415283300535113
.019415283300535113
.019415283300535113
.019415283300535113
.019415283300535113
.019415283300535113
.019415283300535113
.019415283300535113
.019415283300535113
.019415283300535113
.019415283300535113
.019415283300535113
.019415283300535113
.019415283300535113
.019415283300535113
.019415283300535113
.019415283300535113
.019415283300535113
.019415283300535113
.019415283300535113
.019415283300535113
.019415283300535113
.019415283300535113
.019415283300535113
.019415283300535113
.019415283300535113
.019415283300535113
.019415283300535113
.019415283300535113
.019415283300535113
.019415283300535113
.019415283300535113
.019415283300535113
.019415283300535113
.019415283300535113
.019415283300535113
.019415283300535113
.019415283300535113
.019415283300535113
.019415283300535113
.019415283300535113
.019415283300535113
.019415283300535113
.019415283300535113
.2381296143953896
.010583304982754078
.019415283300535113
.010583304982754078
.17252884410352726
.08621219084598679
.019415283300535113
.019415283300535113
.03500585876454938
.019415283300535113
.019415283300535113
.019415283300535113
.019415283300535113
.019415283300535113
.019415283300535113
.019415283300535113
.019415283300535113
.019415283300535113
.019415283300535113
.16203929968708836
.019415283300535113
.019415283300535113
.019415283300535113
.019415283300535113
.019415283300535113
.019415283300535113
.019415283300535113
.019415283300535113
.019415283300535113
.019415283300535113
.019415283300535113
.019415283300535113
.019415283300535113
.019415283300535113
.019415283300535113
.019415283300535113
.019415283300535113
.019415283300535113
.2381296143953896
.2381296143953896
.17252884410352726
.019415283300535113
.019415283300535113
.019415283300535113
.019415283300535113
.17252884410352726
.0612549535920124
.20823725465022097
.019415283300535113
.2381296143953896
.019415283300535113
.019415283300535113
.019415283300535113
.019415283300535113
.019415283300535113
.03500585876454938
.019415283300535113
.019415283300535113
.14865083700163462
.019415283300535113
.22682278427394975
.019415283300535113
.019415283300535113
.010583304982754078
.019415283300535113
.019415283300535113
.019415283300535113
.12007270139658624
.019415283300535113
.019415283300535113
.019415283300535113
.019415283300535113
.019415283300535113
.019415283300535113
.019415283300535113
.019415283300535113
.019415283300535113
.019415283300535113
.019415283300535113
.019415283300535113
.019415283300535113
.019415283300535113
.019415283300535113
.019415283300535113
.019415283300535113
.019415283300535113
.019415283300535113
.019415283300535113
.019415283300535113
.019415283300535113
.019415283300535113
.12007270139658624
.019415283300535113
.019415283300535113
.019415283300535113
.019415283300535113
.019415283300535113
.019415283300535113
.019415283300535113
.019415283300535113
.019415283300535113
.019415283300535113
.22682278427394975
.192232714837593
.16203929968708836
.019415283300535113
9999999999985187e-28
.20225095867704151
.20225095867704151
.16203929968708836
.16203929968708836
.22682278427394975
.22682278427394975
.22682278427394975
.22682278427394975
