1.483585931950577
.7387236389453558
.011826118822033356
.0024894008236493255
4647380217296695e-21
.03278832289344785
7.034342873637148
.6719812250061591
.05363511732500082
.06480189485869929
.06692005750461041
4.9595966816643235
.7348550664624695
.39159994409529786
.00605515364084474
3.1024383586155833
.42637924148701456
.0031266798029407562
.07907611534705598
.004776011306478339
.0019907190692787843
.009586400407933633
.00018534222186572692
.003082932390343886
.285072563658553
16.27963868309756
.00017695517445952968
.005667028241616061
.006407845646200404
.006325633586163592
16149811509213326e-22
.00016438852261765807
.014262041852851952
.0011849635013861204
.010954882472616775
22515335276142682e-21
.0023328647635223526
.0026904659235845504
.00033277337716463743
.005168452754162947
33029794653127844e-21
.00636158514523423
.006640244692851343
.019148221514850242
.00036691505281287006
.12047624635590116
.007619793455143158
.0008922217252877385
.04338147000864437
.29824536610477587
.0012151477620470994
.6011015382109276
.010628898307680152
11.794003632231378
10.996540658986108
1.3897131301162347
.007245769713484522
.06576109131955496
.07349410686802361
.2105569516229035
.12017209284924475
30.21885424065897
23.80010705877746
8.21370065583422
.0024912938405288864
.0005345751051026652
.0013529006450491126
.00682116307129856
3.8078276314588244
7.825147027732222
.020759304322479282
21.916474194568092
3.2123056552249594
9.088187337568835
20.50491256025931
.0014520006747645627
.009315641740576735
.0005796694257338734
2.203369214793022
.00029987538702965367
.002543578762856433
.011471403961521319
.0003407901472631132
.9384509454776112
.7294277484552951
2384998429733359e-20
.00845289065274805
.8662673298132486
.7729585242148325
3.526594445962781
.00013634600698657514
52791608325721905e-21
.583801529618431
.808260103479645
.07205853880076141
.011152097486712661
.3082981712953035
1.5636313819957057
1.458723451292423
2.3642423358503293
1.3985515139305293
1.8558328794861847
.023141159897828764
.03262838364858361
.01023420607678079
.000186672150678447
6.249615981304492
6.050847618291952
.5452668902782828
.01922030994564092
.004386447969673765
639184373668004e-19
.0004946758107382694
.07703899340387896
.021498792942433006
.000832550928568799
.47792852278542397
3913245743454768e-20
.000252967395310489
.035589031131578304
22234508044308928e-21
0
0
0
0
0
0
0
0
0
0
0
0
0
0
0
0
0
0
0
.7358831449103175
0
0
0
0
.5421652879741078
1265.1439396113246
.004756628418022397
.10068033592653192
.018533703601596174
.21384705610865495
.11728399139850934
.6434267037051207
.14638871390206187
.3948111889026482
.0064136197157070455
2.8520133023846044
3.181369255109843
.019022158007290974
.04160930084942123
.797102985252235
.5867664640186419
.2595059200192983
.4254673896660123
.019415283300535113
.019415283300535113
.22682278429487052
5502880007040411e-20
.019415283300535113
.019415283300535113
.019415283300535113
.019415283300535113
.019415283300535113
.019415283300535113
.019415283300535113
.019415283300535113
.019415283300535113
.019415283300535113
.019415283300535113
.019415283300535113
.019415283300535113
.019415283300535113
.019415283300535113
.019415283300535113
.019415283300535113
.019415283300535113
.019415283300535113
.019415283300535113
.019415283300535113
.019415283300535113
.019415283300535113
.019415283300535113
.019415283300535113
.019415283300535113
.019415283300535113
.019415283300535113
.019415283300535113
.019415283300535113
.019415283300535113
.019415283300535113
.019415283300535113
.019415283300535113
.019415283300535113
.019415283300535113
.019415283300535113
.019415283300535113
.019415283300535113
.019415283300535113
.019415283300535113
.019415283300535113
.019415283300535113
.019415283300535113
.23812961439603675
.010583306400927264
.019415283300535113
.010583306400927264
.1725288441035415
.08621219084598686
.019415283300535113
.019415283300535113
.03500585975568367
.019415283300535113
.019415283300535113
.019415283300535113
.019415283300535113
.019415283300535113
.019415283300535113
.019415283300535113
.019415283300535113
.019415283300535113
.019415283300535113
.16203929980743595
.019415283300535113
.019415283300535113
.019415283300535113
.019415283300535113
.019415283300535113
.019415283300535113
.019415283300535113
.019415283300535113
.019415283300535113
.019415283300535113
.019415283300535113
.019415283300535113
.019415283300535113
.019415283300535113
.019415283300535113
.019415283300535113
.019415283300535113
.019415283300535113
.23812961439603675
.23812961439603675
.1725288441035415
.019415283300535113
.019415283300535113
.019415283300535113
.019415283300535113
.1725288441035415
.06125495424958441
.20823725465031442
.019415283300535113
.23812961439603675
.019415283300535113
.019415283300535113
.019415283300535113
.019415283300535113
.019415283300535113
.03500585975568367
.019415283300535113
.019415283300535113
.1486508370016386
.019415283300535113
.22682278429487052
.019415283300535113
.019415283300535113
.010583306400927264
.019415283300535113
.019415283300535113
.019415283300535113
.120072701396587
.019415283300535113
.019415283300535113
.019415283300535113
.019415283300535113
.019415283300535113
.019415283300535113
.019415283300535113
.019415283300535113
.019415283300535113
.019415283300535113
.019415283300535113
.019415283300535113
.019415283300535113
.019415283300535113
.019415283300535113
.019415283300535113
.019415283300535113
.019415283300535113
.019415283300535113
.019415283300535113
.019415283300535113
.019415283300535113
.019415283300535113
.120072701396587
.019415283300535113
.019415283300535113
.019415283300535113
.019415283300535113
.019415283300535113
.019415283300535113
.019415283300535113
.019415283300535113
.019415283300535113
.019415283300535113
.22682278429487052
.19223271483763268
.16203929980743595
.019415283300535113
9999999999985187e-28
.202250958677109
.202250958677109
.16203929980743595
.16203929980743595
.22682278429487052
.22682278429487052
.22682278429487052
.22682278429487052
