1.487790779682687
.7229707524196048
.011650046123183317
.0024433789065956514
4427478023367287e-21
.03232577239755414
7.033365593774338
.6721500016790788
.0536636462523571
.06426023505490419
.06692257731483353
4.921794058111456
.7347689049900265
.3886799113613485
.006013396083725952
3.073874742301707
.42246879324773623
.0031250324230841825
.07906936284608844
.004776673497155365
.0019909798146170742
.009521181805977422
.0001842109278633545
.003082432285660118
.2830256591192623
16.326118753664378
.00017645467951421626
.005666360795075859
.006407174174179379
.006325148768576812
16144882709521283e-22
.00016437469869494582
.014260842448917918
.001184863222055205
.010953961244243507
22342210028433126e-21
.0023338630954546176
.0026902373573153278
.0003303651892768976
.00516799656895586
32773526114137315e-21
.0063596186358800336
.006626337029910831
.01916634593016017
.00036768245087468414
.12046421598120283
.007619832939133297
.0008908470656245648
.04328606143488068
.29693904763507745
.0011949911116184333
.6006747309442667
.010452943939748436
11.782917338437752
10.98884022416762
1.3892819942536174
.007245084950328614
.06494484310569953
.07257803551268892
.21048161432597975
.12013985316351451
30.162789604230838
23.748000948401117
8.200160592256209
.002490330027533257
.0005340099560777154
.0013534852217506053
.006818076584394639
3.754685424917416
7.812364936008209
.020663118880607123
21.914583331479722
3.212030587347723
9.088114026390405
20.503323791229278
.0014518672210155424
.009315528168473312
.0005796253025141885
2.203309007740988
.00029971334561575575
.002542159335582433
.011470577387828968
.0003384452716721902
.9384084423272656
.7260361462027762
23821384770125484e-21
.008403935924494043
.8650532627554421
.772136785044659
3.5243009996711616
.00013612027575668744
5292616037230629e-20
.5837952173420494
.80837493255673
.07223077595549192
.011040482321298157
.3080093183896906
1.5633590731416924
1.4580279216831282
2.3534079045176752
1.3982627137604762
1.8556536312667833
.023110852594041206
.03256191614522766
.010108919158341162
.0001865725801481043
6.2397673349427905
6.045552969558934
.5451888440632678
.0191475374054516
.004364380653845386
6362279424326177e-20
.0004842131190497849
.07685845801470967
.021486088011420636
.0008318774494730808
.4776250578182076
3905087484549954e-20
.0002529761524894026
.03556704423965586
2213344339344996e-20
0
0
0
0
0
0
0
0
0
0
0
0
0
0
0
0
0
0
0
.7325800596886979
0
0
0
0
.5419113887254207
1265.0375493324314
.0047562284168777514
.10067186937289883
.01853214503910114
.21382907297865086
.11676144753306512
.6426477710127262
.14546532138004908
.3946953108274538
.00641193528982937
2.850041265338297
3.178594820693611
.018918589488327493
.041380370226515105
.7965307419398525
.5863796580727406
.2594212340566709
.425328056660746
.019413650602989434
.019413650602989434
.22587103140741205
5320835913902401e-20
.019413650602989434
.019413650602989434
.019413650602989434
.019413650602989434
.019413650602989434
.019413650602989434
.019413650602989434
.019413650602989434
.019413650602989434
.019413650602989434
.019413650602989434
.019413650602989434
.019413650602989434
.019413650602989434
.019413650602989434
.019413650602989434
.019413650602989434
.019413650602989434
.019413650602989434
.019413650602989434
.019413650602989434
.019413650602989434
.019413650602989434
.019413650602989434
.019413650602989434
.019413650602989434
.019413650602989434
.019413650602989434
.019413650602989434
.019413650602989434
.019413650602989434
.019413650602989434
.019413650602989434
.019413650602989434
.019413650602989434
.019413650602989434
.019413650602989434
.019413650602989434
.019413650602989434
.019413650602989434
.019413650602989434
.019413650602989434
.019413650602989434
.019413650602989434
.23762949093125382
.010406789738158569
.019413650602989434
.010406789738158569
.1723475750166294
.08617594755288138
.019413650602989434
.019413650602989434
.03456704998001736
.019413650602989434
.019413650602989434
.019413650602989434
.019413650602989434
.019413650602989434
.019413650602989434
.019413650602989434
.019413650602989434
.019413650602989434
.019413650602989434
.1610204902221412
.019413650602989434
.019413650602989434
.019413650602989434
.019413650602989434
.019413650602989434
.019413650602989434
.019413650602989434
.019413650602989434
.019413650602989434
.019413650602989434
.019413650602989434
.019413650602989434
.019413650602989434
.019413650602989434
.019413650602989434
.019413650602989434
.019413650602989434
.019413650602989434
.23762949093125382
.23762949093125382
.1723475750166294
.019413650602989434
.019413650602989434
.019413650602989434
.019413650602989434
.1723475750166294
.06061440727517582
.2079310179675269
.019413650602989434
.23762949093125382
.019413650602989434
.019413650602989434
.019413650602989434
.019413650602989434
.019413650602989434
.03456704998001736
.019413650602989434
.019413650602989434
.14852587872508574
.019413650602989434
.22587103140741205
.019413650602989434
.019413650602989434
.010406789738158569
.019413650602989434
.019413650602989434
.019413650602989434
.11999699216110876
.019413650602989434
.019413650602989434
.019413650602989434
.019413650602989434
.019413650602989434
.019413650602989434
.019413650602989434
.019413650602989434
.019413650602989434
.019413650602989434
.019413650602989434
.019413650602989434
.019413650602989434
.019413650602989434
.019413650602989434
.019413650602989434
.019413650602989434
.019413650602989434
.019413650602989434
.019413650602989434
.019413650602989434
.019413650602989434
.019413650602989434
.11999699216110876
.019413650602989434
.019413650602989434
.019413650602989434
.019413650602989434
.019413650602989434
.019413650602989434
.019413650602989434
.019413650602989434
.019413650602989434
.019413650602989434
.22587103140741205
.19199037493160773
.1610204902221412
.019413650602989434
9999999999985144e-28
.2019705099173773
.2019705099173773
.1610204902221412
.1610204902221412
.22587103140741205
.22587103140741205
.22587103140741205
.22587103140741205
