1.4961508100436196
.6928898548533377
.011309260331566408
.00235485540011289
4021595236392704e-21
.031431478602133495
7.031418374701267
.672482367602511
.053714035579686945
.06321042299514411
.06692734935603524
4.847062868796955
.7345980327066316
.3829044627052063
.005930665754326203
3.017089651270063
.41469297464343363
.0031214856737077426
.07905593094252995
.004777986226216912
.001991496665714218
.00939421606037292
.0001820049970842142
.003081075002924333
.27904540924657883
16.41839308819237
.00017537038899229294
.0056650313972958265
.006405839230503846
.006324184629939833
1613550800733252e-21
.00016434721758241245
.014258458107294201
.0011846638728842329
.010952129898602694
22000030776336906e-21
.002335832131421234
.0026897829815744436
.00032559901832110053
.005167089716646631
3226709370356685e-20
.006355876300237948
.006600709114442171
.019202450069603853
.0003692067725973119
.12044032413305933
.00761988825049721
.0008880503185857812
.04309253599201609
.2943157098439781
.0011559016529087522
.5998255764596697
.010111726932292394
11.760910603178996
10.973494033460597
1.3884195491159128
.007243725996951848
.0633515874114576
.07078973854465655
.2103308856571884
.12007538714895134
30.051322532751737
23.644260272877226
8.173308981970987
.002488219345267241
.0005328268655832358
.0013546469603839776
.0068118485701027034
3.64941939241685
7.786477189035435
.020466748699291805
21.91082401788467
3.211483750680539
9.087952789646423
20.500167878574878
.0014516016381079786
.009315297578883308
.0005795379284437835
2.203190094137054
.00029936369795133044
.0025391003754428607
.011468933205642198
.0003338429628889982
.9382385537423217
.7192276901154312
2376163207775648e-20
.008306969058690713
.8625635300573753
.770426316324386
3.519739512194867
.00013567152270210254
5351172870931727e-20
.5837817077595656
.808591640876706
.07256748881247507
.010821011067740721
.30742092211586314
1.5628157654408665
1.4566430939791848
2.331266398173538
1.3975589935069865
1.8552971796164452
.023048312492657454
.03242758604018427
.009864344450869224
.00018635898685821387
6.219744362409301
6.035001945523595
.5450303113589805
.01900187010881901
.004319357789692758
6301670187889582e-20
.0004639310931827812
.07649397368762406
.02146082470244461
.0008304631243855586
.4770220919053823
3888555691596258e-20
.0002529713920518664
.0355233160253936
2192694597466662e-20
0
0
0
0
0
0
0
0
0
0
0
0
0
0
0
0
0
0
0
.7260353987223337
0
0
0
0
.5414024508652082
1264.8260519677654
.004755433239077338
.10065503838232498
.018529046712225824
.21379332361654865
.11572343039563
.641101218379778
.1436466748790566
.3944681707329361
.0064085220447869925
2.8500038261643
3.1762949092906734
.018714165775826186
.040928567425733385
.7953924686235792
.5856103737955864
.2592506766050218
.42504741542984464
.019410404900169584
.019410404900169584
.22399061395838063
4976632962837673e-20
.019410404900169584
.019410404900169584
.019410404900169584
.019410404900169584
.019410404900169584
.019410404900169584
.019410404900169584
.019410404900169584
.019410404900169584
.019410404900169584
.019410404900169584
.019410404900169584
.019410404900169584
.019410404900169584
.019410404900169584
.019410404900169584
.019410404900169584
.019410404900169584
.019410404900169584
.019410404900169584
.019410404900169584
.019410404900169584
.019410404900169584
.019410404900169584
.019410404900169584
.019410404900169584
.019410404900169584
.019410404900169584
.019410404900169584
.019410404900169584
.019410404900169584
.019410404900169584
.019410404900169584
.019410404900169584
.019410404900169584
.019410404900169584
.019410404900169584
.019410404900169584
.019410404900169584
.019410404900169584
.019410404900169584
.019410404900169584
.019410404900169584
.019410404900169584
.23663826916289415
.010064541251842009
.019410404900169584
.010064541251842009
.17198774343334255
.08610393430493396
.019410404900169584
.019410404900169584
.03371088789199148
.019410404900169584
.019410404900169584
.019410404900169584
.019410404900169584
.019410404900169584
.019410404900169584
.019410404900169584
.019410404900169584
.019410404900169584
.019410404900169584
.1590138940335295
.019410404900169584
.019410404900169584
.019410404900169584
.019410404900169584
.019410404900169584
.019410404900169584
.019410404900169584
.019410404900169584
.019410404900169584
.019410404900169584
.019410404900169584
.019410404900169584
.019410404900169584
.019410404900169584
.019410404900169584
.019410404900169584
.019410404900169584
.019410404900169584
.23663826916289415
.23663826916289415
.17198774343334255
.019410404900169584
.019410404900169584
.019410404900169584
.019410404900169584
.17198774343334255
.05936070960048365
.20732349883798018
.019410404900169584
.23663826916289415
.019410404900169584
.019410404900169584
.019410404900169584
.019410404900169584
.019410404900169584
.03371088789199148
.019410404900169584
.019410404900169584
.14827775004822039
.019410404900169584
.22399061395838063
.019410404900169584
.019410404900169584
.010064541251842009
.019410404900169584
.019410404900169584
.019410404900169584
.11984660969633744
.019410404900169584
.019410404900169584
.019410404900169584
.019410404900169584
.019410404900169584
.019410404900169584
.019410404900169584
.019410404900169584
.019410404900169584
.019410404900169584
.019410404900169584
.019410404900169584
.019410404900169584
.019410404900169584
.019410404900169584
.019410404900169584
.019410404900169584
.019410404900169584
.019410404900169584
.019410404900169584
.019410404900169584
.019410404900169584
.019410404900169584
.11984660969633744
.019410404900169584
.019410404900169584
.019410404900169584
.019410404900169584
.019410404900169584
.019410404900169584
.019410404900169584
.019410404900169584
.019410404900169584
.019410404900169584
.22399061395838063
.19150946463905838
.1590138940335295
.019410404900169584
999999999998506e-27
.20141407954789334
.20141407954789334
.1590138940335295
.1590138940335295
.22399061395838063
.22399061395838063
.22399061395838063
.22399061395838063
