1.5045108404045522
.6642980720505881
.010981780937111846
.0022699472730684477
36536149979466505e-22
.030567228963274427
7.0294660170570085
.6728105386499006
.0537687443063843
.06219290749643181
.06693180851681438
4.772909953129525
.7344277373074826
.37716989816079516
.00584833713423046
2.960335735503434
.40690335885239104
.0031183780349083494
.07904249006937202
.004779294130973136
.0019920115513725745
.00927044798156555
.00017984247500661693
.0030800465511110933
.2751712119871717
16.510348279108683
.00017421336833893576
.0056636990641164295
.006404504119000475
.006323220339745903
16126657536589165e-22
.00016431974106430685
.01425607416431177
.0011844645571169802
.010950298859134958
2166058918122925e-20
.0023377803515549833
.0026893286820814316
.00032086252583911156
.0051661830361434905
3176482192896291e-20
.006352340692282355
.006576673124860644
.019238650886143276
.00037072922037653075
.12041646721727167
.007619916905110571
.0008851559983818519
.042893275336419984
.2917412399462941
.001118043499979234
.5989761189511068
.00978164727296396
11.738949759218881
10.958100291447995
1.387550160167082
.007242370169424601
.06179697467497479
.06904548676150828
.2101789130600281
.12001043622678267
29.939855461272636
23.540326916267286
8.146488791098744
.0024864140504015884
.0005317099954721608
.0013558077375085446
.006805495877009685
3.5446531990211163
7.759936736153185
.02026324165596975
21.9070632666172
3.2109369725227426
9.08740979700594
20.497022573169737
.0014513357264380152
.00931506080264548
.0005794514570290752
2.2030721482670965
.0002990586081356715
.002536425863802684
.01146728837482301
.00032939986310011327
.9381823156591235
.7125190956241426
2370639854874988e-20
.008210507198613546
.8601859399731653
.768811807166764
3.5152048804598395
.00013523061258405715
5365470682464754e-20
.5837444491166751
.8088191494063907
.07291489111165192
.0106074671463614
.3068558394983652
1.5622699647477223
1.4552552819644662
2.3082886291853093
1.3970738871253379
1.8549406366221612
.022990314695076775
.03229930499071609
.009625658575167563
.00018612213689149322
6.1990434966131485
6.024528981919068
.5448672636759213
.018859768905877993
.004272738448476362
6238520268582288e-20
.0004444415548487144
.07614539477352704
.021435557359776914
.0008291709163085356
.4764196460375232
3872834539616051e-20
.000252996317479725
.035479571793061
217127004273665e-19
0
0
0
0
0
0
0
0
0
0
0
0
0
0
0
0
0
0
0
.7195208920231939
0
0
0
0
.5408680976070239
1264.6145899626301
.004754638194220018
.10063821020566768
.018525948903349326
.2137575802312617
.11470408487746307
.6395574962217391
.14185071732872195
.394244832299168
.006405122153516715
2.844467877276103
3.1694471646845304
.018511679709428113
.04048112874751389
.7942508019148211
.5848387448686123
.25907673137018083
.4247611461774005
.019407159739987846
.019407159739987846
.22212585067932944
4654646485689046e-20
.019407159739987846
.019407159739987846
.019407159739987846
.019407159739987846
.019407159739987846
.019407159739987846
.019407159739987846
.019407159739987846
.019407159739987846
.019407159739987846
.019407159739987846
.019407159739987846
.019407159739987846
.019407159739987846
.019407159739987846
.019407159739987846
.019407159739987846
.019407159739987846
.019407159739987846
.019407159739987846
.019407159739987846
.019407159739987846
.019407159739987846
.019407159739987846
.019407159739987846
.019407159739987846
.019407159739987846
.019407159739987846
.019407159739987846
.019407159739987846
.019407159739987846
.019407159739987846
.019407159739987846
.019407159739987846
.019407159739987846
.019407159739987846
.019407159739987846
.019407159739987846
.019407159739987846
.019407159739987846
.019407159739987846
.019407159739987846
.019407159739987846
.019407159739987846
.23565118202621438
.009733541044482706
.019407159739987846
.009733541044482706
.17162866311350136
.08603198123509748
.019407159739987846
.019407159739987846
.03287592356594978
.019407159739987846
.019407159739987846
.019407159739987846
.019407159739987846
.019407159739987846
.019407159739987846
.019407159739987846
.019407159739987846
.019407159739987846
.019407159739987846
.15703230121082734
.019407159739987846
.019407159739987846
.019407159739987846
.019407159739987846
.019407159739987846
.019407159739987846
.019407159739987846
.019407159739987846
.019407159739987846
.019407159739987846
.019407159739987846
.019407159739987846
.019407159739987846
.019407159739987846
.019407159739987846
.019407159739987846
.019407159739987846
.019407159739987846
.23565118202621438
.23565118202621438
.17162866311350136
.019407159739987846
.019407159739987846
.019407159739987846
.019407159739987846
.17162866311350136
.058132935710073205
.20671775470873613
.019407159739987846
.23565118202621438
.019407159739987846
.019407159739987846
.019407159739987846
.019407159739987846
.019407159739987846
.03287592356594978
.019407159739987846
.019407159739987846
.1480300358966807
.019407159739987846
.22212585067932944
.019407159739987846
.019407159739987846
.009733541044482706
.019407159739987846
.019407159739987846
.019407159739987846
.1196964156934952
.019407159739987846
.019407159739987846
.019407159739987846
.019407159739987846
.019407159739987846
.019407159739987846
.019407159739987846
.019407159739987846
.019407159739987846
.019407159739987846
.019407159739987846
.019407159739987846
.019407159739987846
.019407159739987846
.019407159739987846
.019407159739987846
.019407159739987846
.019407159739987846
.019407159739987846
.019407159739987846
.019407159739987846
.019407159739987846
.019407159739987846
.1196964156934952
.019407159739987846
.019407159739987846
.019407159739987846
.019407159739987846
.019407159739987846
.019407159739987846
.019407159739987846
.019407159739987846
.019407159739987846
.019407159739987846
.22212585067932944
.19102975895818416
.15703230121082734
.019407159739987846
9999999999984977e-28
.20085918214160992
.20085918214160992
.15703230121082734
.15703230121082734
.22212585067932944
.22212585067932944
.22212585067932944
.22212585067932944
