1.5045108404045522
.6643263690606435
.010981189734102786
.0022700168232293945
36537679885058214e-22
.030568166152789115
7.029465910578851
.672810537011493
.05376358022066814
.06219379128660328
.06693180884308185
4.772905677592873
.7344277366505131
.37716956662385415
.005848332530353541
2.9603352155173455
.4069103918731369
.0031180517701190984
.07904249011357409
.004779294061056122
.0019920115232353068
.009270553687669112
.00017984767743276005
.0030797182659407503
.27517453232585615
16.510352520682726
.00017419358000460633
.005663699006707468
.0064045042289084695
.006323220277395798
16126659463586382e-22
.00016431974106430696
.014256074164311808
.0011844645570854445
.010950298859134963
21660569529880673e-21
.002337780342876221
.0026893286819663076
.00032086225163180973
.005166183036350439
3176479144093303e-20
.006352341450589468
.0065769989804153155
.01923864667759182
.000370729220530275
.12041646726165657
.0076199156657463405
.0008851595291253547
.04289344947450999
.29170741648661896
.001118064003036875
.5989759423607426
.009781655772604798
11.738949870375402
10.958100280907708
1.3875501590525383
.007242370239348318
.061796977372731855
.06904515894702418
.2101789128565385
.12001043616167731
29.939855461272636
23.54032915405677
8.14651759098095
.0024861839900490504
.0005316507221815256
.0013558077098182212
.006805496054207341
3.544651353637015
7.75993590618003
.02026323733280964
21.907063905504316
3.2109369759264528
9.087572068963215
20.497019750675648
.0014513357260330293
.009315060803406971
.0005794512757050375
2.203072179755392
.0002990255397972126
.002536140682247318
.011467288208026335
.00032936610941759216
.9380895666750914
.7124440492803047
23702972898838258e-21
.008210501697637377
.8600992422837325
.7687311987648726
3.5151930457963054
.0001352273035902528
5400558919486507e-20
.5837545461175558
.8088082953898278
.07290737480973984
.010606368028335434
.3068386324808038
1.5622698532373243
1.4552552874738338
2.308287900825007
1.396912988114935
1.8549406359130538
.022987206169082473
.03229563212851772
.009625660822532101
.00018612275860469083
6.199068203478293
6.0244839779934205
.5448672888159753
.018857796210156243
.004272737028706851
6238517859818147e-20
.0004443920313313812
.07613585330258237
.02143555750101041
.0008290803487933789
.4764196406069894
3872332445606264e-20
.00025297216018304675
.03547957144688197
21712694049321753e-21
0
0
0
0
0
0
0
0
0
0
0
0
0
0
0
0
0
0
0
.7195208772805392
0
0
0
0
.5408770264447277
1264.614589962631
.0047546381942200205
.10063821020566774
.01852594890334934
.21375758023126185
.11469699370388245
.639557490098335
.1418507183377573
.3942449305320951
.006405080565575441
2.8487093854553134
3.172953077871398
.018511692822272902
.04048115706860513
.794251702649905
.5848394304761423
.25907692707388646
.4247614768458158
.019407159739987856
.019407159739987856
.22212585144169583
4654695774125098e-20
.019407159739987856
.019407159739987856
.019407159739987856
.019407159739987856
.019407159739987856
.019407159739987856
.019407159739987856
.019407159739987856
.019407159739987856
.019407159739987856
.019407159739987856
.019407159739987856
.019407159739987856
.019407159739987856
.019407159739987856
.019407159739987856
.019407159739987856
.019407159739987856
.019407159739987856
.019407159739987856
.019407159739987856
.019407159739987856
.019407159739987856
.019407159739987856
.019407159739987856
.019407159739987856
.019407159739987856
.019407159739987856
.019407159739987856
.019407159739987856
.019407159739987856
.019407159739987856
.019407159739987856
.019407159739987856
.019407159739987856
.019407159739987856
.019407159739987856
.019407159739987856
.019407159739987856
.019407159739987856
.019407159739987856
.019407159739987856
.019407159739987856
.019407159739987856
.23565118207686983
.009733549224621574
.019407159739987856
.009733549224621574
.17162866311580866
.08603198123512709
.019407159739987856
.019407159739987856
.032875932504909194
.019407159739987856
.019407159739987856
.019407159739987856
.019407159739987856
.019407159739987856
.019407159739987856
.019407159739987856
.019407159739987856
.019407159739987856
.019407159739987856
.15703230393028006
.019407159739987856
.019407159739987856
.019407159739987856
.019407159739987856
.019407159739987856
.019407159739987856
.019407159739987856
.019407159739987856
.019407159739987856
.019407159739987856
.019407159739987856
.019407159739987856
.019407159739987856
.019407159739987856
.019407159739987856
.019407159739987856
.019407159739987856
.019407159739987856
.23565118207686983
.23565118207686983
.17162866311580866
.019407159739987856
.019407159739987856
.019407159739987856
.019407159739987856
.17162866311580866
.0581329433938478
.20671775471940965
.019407159739987856
.23565118207686983
.019407159739987856
.019407159739987856
.019407159739987856
.019407159739987856
.019407159739987856
.032875932504909194
.019407159739987856
.019407159739987856
.14803003589749592
.019407159739987856
.22212585144169583
.019407159739987856
.019407159739987856
.009733549224621574
.019407159739987856
.019407159739987856
.019407159739987856
.11969641569370379
.019407159739987856
.019407159739987856
.019407159739987856
.019407159739987856
.019407159739987856
.019407159739987856
.019407159739987856
.019407159739987856
.019407159739987856
.019407159739987856
.019407159739987856
.019407159739987856
.019407159739987856
.019407159739987856
.019407159739987856
.019407159739987856
.019407159739987856
.019407159739987856
.019407159739987856
.019407159739987856
.019407159739987856
.019407159739987856
.019407159739987856
.11969641569370379
.019407159739987856
.019407159739987856
.019407159739987856
.019407159739987856
.019407159739987856
.019407159739987856
.019407159739987856
.019407159739987856
.019407159739987856
.019407159739987856
.22212585144169583
.19102975896350885
.15703230393028006
.019407159739987856
9999999999984977e-28
.20085918214980636
.20085918214980636
.15703230393028006
.15703230393028006
.22212585144169583
.22212585144169583
.22212585144169583
.22212585144169583
