1.5143950900722385
.632941577817078
.010628414431515694
.002175563126378626
32838646012129897e-22
.029604901766295277
7.027148784065896
.6731931902767279
.05389148084707349
.06104908480461155
.06693668518940912
4.685891969127922
.7342271364031918
.37043556078312123
.0057514185218938835
2.8933553341075813
.3978465036997513
.0031186874707771132
.07902658578723482
.00478083431642368
.00199261779462729
.009130433363127466
.0001774558994674543
.0030826496441356994
.27079562170506
16.61866153351787
.00017292019406356556
.0056621187988745965
.0064029240187664415
.006322080768065413
1611784411820477e-21
.00016428726089262157
.014253256089746777
.001184228943170556
.010948134375408996
21262368689231367e-21
.002340057178808424
.002688791646305716
.0003152950841427599
.0051651112696527125
3117568897721734e-20
.006348810911692292
.006560003582203776
.019281569296299712
.00037252683003262854
.12038830525224796
.007619889896395007
.0008816583967005952
.0426526727915221
.28910899662336953
.0010753753207697779
.5979715711446754
.009406377708157276
11.713048417542566
10.93983908775
1.3865133199692763
.007240770439864581
.0600087811739499
.06703579618786126
.20999763191443166
.11993301991941797
29.808065465703486
23.417114388568177
8.11544943488592
.002487084452932983
.0005310936990642557
.0013571795960633799
.006797813956866305
3.421252527331573
7.727621853274572
.020012429276636788
21.902612373424958
3.210290540953272
9.089969750012743
20.49332768134736
.001451020880298628
.009314773654187774
.0005793510081160873
2.202933679232822
.00029910172049305554
.002536746278865433
.011465344778478284
.0003248079570606413
.939215442954704
.7054571152298176
23670820327679532e-21
.00809692183468647
.8584038132919694
.7678814494374467
3.510045351785736
.0001346858190865361
4920605576388904e-20
.5838996355935084
.8091327373988082
.07341882849574372
.010373828679948432
.3063871974272484
1.5616292305489863
1.4536105103832457
2.279923104748476
1.3978251598399636
1.854519027338114
.022947984386333695
.03217722510428909
.009351104698649944
.00018581953129698012
6.174042963075317
6.012717945035512
.544669618395862
.018716472567420466
.004215331767025155
6160235778984817e-20
.0004226918653477348
.07581405267051607
.021405689469889185
.0008287487555861409
.4757080975178324
38585568268791816e-21
.0002533130385291258
.03542785865238882
21448282909318343e-21
0
0
0
0
0
0
0
0
0
0
0
0
0
0
0
0
0
0
0
.7118580050669991
0
0
0
0
.5404063506778273
1264.364619344353
.004753698366498175
.10061831750806077
.018522286963230737
.21371532774191362
.11359615769506469
.6377365284075373
.13975643062455384
.3939756306253088
.006400959496770033
2.778436166501149
3.111926052015051
.0182747992853699
.03995776739412367
.7928905222725056
.5839187101531226
.2588643842143789
.4244115045661349
.019403323614928313
.019403323614928313
.21994113691483833
4325467772413554e-20
.019403323614928313
.019403323614928313
.019403323614928313
.019403323614928313
.019403323614928313
.019403323614928313
.019403323614928313
.019403323614928313
.019403323614928313
.019403323614928313
.019403323614928313
.019403323614928313
.019403323614928313
.019403323614928313
.019403323614928313
.019403323614928313
.019403323614928313
.019403323614928313
.019403323614928313
.019403323614928313
.019403323614928313
.019403323614928313
.019403323614928313
.019403323614928313
.019403323614928313
.019403323614928313
.019403323614928313
.019403323614928313
.019403323614928313
.019403323614928313
.019403323614928313
.019403323614928313
.019403323614928313
.019403323614928313
.019403323614928313
.019403323614928313
.019403323614928313
.019403323614928313
.019403323614928313
.019403323614928313
.019403323614928313
.019403323614928313
.019403323614928313
.019403323614928313
.2344894381779226
.009357309312758372
.019403323614928313
.009357309312758372
.17120508155229155
.08594698708907367
.019403323614928313
.019403323614928313
.031916171624369306
.019403323614928313
.019403323614928313
.019403323614928313
.019403323614928313
.019403323614928313
.019403323614928313
.019403323614928313
.019403323614928313
.019403323614928313
.019403323614928313
.1547213598979644
.019403323614928313
.019403323614928313
.019403323614928313
.019403323614928313
.019403323614928313
.019403323614928313
.019403323614928313
.019403323614928313
.019403323614928313
.019403323614928313
.019403323614928313
.019403323614928313
.019403323614928313
.019403323614928313
.019403323614928313
.019403323614928313
.019403323614928313
.019403323614928313
.2344894381779226
.2344894381779226
.17120508155229155
.019403323614928313
.019403323614928313
.019403323614928313
.019403323614928313
.17120508155229155
.0567145786233607
.20600385291315818
.019403323614928313
.2344894381779226
.019403323614928313
.019403323614928313
.019403323614928313
.019403323614928313
.019403323614928313
.031916171624369306
.019403323614928313
.019403323614928313
.14773769178953833
.019403323614928313
.21994113691483833
.019403323614928313
.019403323614928313
.009357309312758372
.019403323614928313
.019403323614928313
.019403323614928313
.11951908079990751
.019403323614928313
.019403323614928313
.019403323614928313
.019403323614928313
.019403323614928313
.019403323614928313
.019403323614928313
.019403323614928313
.019403323614928313
.019403323614928313
.019403323614928313
.019403323614928313
.019403323614928313
.019403323614928313
.019403323614928313
.019403323614928313
.019403323614928313
.019403323614928313
.019403323614928313
.019403323614928313
.019403323614928313
.019403323614928313
.019403323614928313
.11951908079990751
.019403323614928313
.019403323614928313
.019403323614928313
.019403323614928313
.019403323614928313
.019403323614928313
.019403323614928313
.019403323614928313
.019403323614928313
.019403323614928313
.21994113691483833
.19046414226628408
.1547213598979644
.019403323614928313
9999999999984878e-28
.20020508659141256
.20020508659141256
.1547213598979644
.1547213598979644
.21994113691483833
.21994113691483833
.21994113691483833
.21994113691483833
