1.5143950900722385
.6321756650634528
.010611649183396785
.0021736707231944756
32587382651826453e-22
.029578370781394116
7.0271517808007875
.6731932084267882
.053852144102359695
.061025877361535
.06693668514938947
4.685987732430192
.7342271337354965
.3704429988589105
.0057515271150566025
2.8933065067624186
.3977763614592721
.0031160805435277517
.07902658715766728
.004780834372450214
.0019926178171736923
.009127635788814604
.00017737425495447162
.003080084123623187
.2707079433251488
16.61837576120379
.0001727965449692495
.005662120414370475
.00640292503487281
.0063220802288983455
16116641398684724e-22
.00016428726089262157
.014253256089746827
.0011842289437922718
.010948134375408996
2126280906705685e-20
.0023400572757919192
.0026887916485754423
.0003153012420086333
.005165111269092806
31176370426985826e-21
.0063483372219933845
.006548724611468282
.019281527249691805
.0003725268315634462
.12038830458567877
.007619922900203315
.0008816277346863745
.04265127897227647
.2888424935023408
.001075052475354185
.5979703836229748
.009405047934636179
11.713046742283366
10.93983988315121
1.3865134251374576
.007240770862356953
.06000729355830249
.06703783572373923
.20999765065420303
.11993302541957228
29.808065465703486
23.417218655079715
8.115212772743657
.002485245717620542
.000530621559790894
.0013571774164657844
.006797822865113558
3.421421624491532
7.727686563726209
.020012986522386644
21.902618184797664
3.2102905698720616
9.088490184538399
20.49330176145513
.0014510209207578514
.009314772901639573
.0005793493211082479
2.202933816527403
.00029883748384311996
.0025344676267210755
.011465343325624806
.0003244208775206178
.9384831380384449
.7048822906347636
2364854314047001e-20
.008097024653033781
.857722753361036
.7672291386193124
3.5099375020669767
.0001346883275855751
5220712264138984e-20
.5838075744788085
.8090817925875435
.07335807972265895
.010365090253861469
.306255431611973
1.5616244644148665
1.4536103358482564
2.2799875690804923
1.3968120669766035
1.8545190077448868
.022928355283303226
.032154994653672254
.009350805220965668
.00018581426753647295
6.173830514206463
6.012358940147609
.5446691127025748
.01870098125849165
.004215461020299492
6160419676182729e-20
.0004223533435663108
.07575476098525952
.021405687080218845
.0008280254301877126
.4757080610773501
3855396045196713e-20
.0002531219513293714
.03542785007694053
2144888060985455e-20
0
0
0
0
0
0
0
0
0
0
0
0
0
0
0
0
0
0
0
.7118577295118969
0
0
0
0
.5403251083396242
1264.3646193443526
.004753698366498174
.10061831750806073
.01852228696323073
.21371532774191357
.11354002475495022
.6377360995538697
.13975623742444448
.393981502158138
.006400874165114801
2.8180179674067096
3.144876870025596
.01827476168500159
.039957702429066023
.7928963244095005
.5839231574715372
.2588649208758116
.42441247353766237
.019403323614928306
.019403323614928306
.21994111440037675
4296292127299009e-20
.019403323614928306
.019403323614928306
.019403323614928306
.019403323614928306
.019403323614928306
.019403323614928306
.019403323614928306
.019403323614928306
.019403323614928306
.019403323614928306
.019403323614928306
.019403323614928306
.019403323614928306
.019403323614928306
.019403323614928306
.019403323614928306
.019403323614928306
.019403323614928306
.019403323614928306
.019403323614928306
.019403323614928306
.019403323614928306
.019403323614928306
.019403323614928306
.019403323614928306
.019403323614928306
.019403323614928306
.019403323614928306
.019403323614928306
.019403323614928306
.019403323614928306
.019403323614928306
.019403323614928306
.019403323614928306
.019403323614928306
.019403323614928306
.019403323614928306
.019403323614928306
.019403323614928306
.019403323614928306
.019403323614928306
.019403323614928306
.019403323614928306
.019403323614928306
.2344894374638442
.009355986966665274
.019403323614928306
.009355986966665274
.17120508153639427
.08594698708899313
.019403323614928306
.019403323614928306
.03191520338875156
.019403323614928306
.019403323614928306
.019403323614928306
.019403323614928306
.019403323614928306
.019403323614928306
.019403323614928306
.019403323614928306
.019403323614928306
.019403323614928306
.15472123353767278
.019403323614928306
.019403323614928306
.019403323614928306
.019403323614928306
.019403323614928306
.019403323614928306
.019403323614928306
.019403323614928306
.019403323614928306
.019403323614928306
.019403323614928306
.019403323614928306
.019403323614928306
.019403323614928306
.019403323614928306
.019403323614928306
.019403323614928306
.019403323614928306
.2344894374638442
.2344894374638442
.17120508153639427
.019403323614928306
.019403323614928306
.019403323614928306
.019403323614928306
.17120508153639427
.05671392081186602
.20600385280926517
.019403323614928306
.2344894374638442
.019403323614928306
.019403323614928306
.019403323614928306
.019403323614928306
.019403323614928306
.03191520338875156
.019403323614928306
.019403323614928306
.14773769178506516
.019403323614928306
.21994111440037675
.019403323614928306
.019403323614928306
.009355986966665274
.019403323614928306
.019403323614928306
.019403323614928306
.11951908079905296
.019403323614928306
.019403323614928306
.019403323614928306
.019403323614928306
.019403323614928306
.019403323614928306
.019403323614928306
.019403323614928306
.019403323614928306
.019403323614928306
.019403323614928306
.019403323614928306
.019403323614928306
.019403323614928306
.019403323614928306
.019403323614928306
.019403323614928306
.019403323614928306
.019403323614928306
.019403323614928306
.019403323614928306
.019403323614928306
.019403323614928306
.11951908079905296
.019403323614928306
.019403323614928306
.019403323614928306
.019403323614928306
.019403323614928306
.019403323614928306
.019403323614928306
.019403323614928306
.019403323614928306
.019403323614928306
.21994111440037675
.19046414222206012
.15472123353767278
.019403323614928306
9999999999984878e-28
.200205086516326
.200205086516326
.15472123353767278
.15472123353767278
.21994111440037675
.21994111440037675
.21994111440037675
.21994111440037675
