0
40.573350018944396
.1687672321175017
.2779964481384151
10.952400065981683
.3878762243997805
6.2735598799124475
.19822963988538267
.0028663468292719992
.31945556813847403
.028004633037877896
7.980087300039661
.7840170891101066
.5627159316547148
.008879584061565676
7.637073452116388
1.0944011795983015
.003808791981651909
.07775571178593012
.004506811335744841
.001709430379348305
.03981440779612269
.00013650552788575866
2747134832027365e-20
.26415366564988
0
0
.004822744752429868
.00662146986762017
.006384266242445237
.0022727824407444367
.0001872090491564963
.014899432585651818
.0013325072233288462
.011035692434830066
35639687706820454e-21
.00047778709996571217
.0028215757397228487
.0004923691312314629
.005608831756883561
15160549791028627e-21
9.700706071734665
14.04062457404882
.005826243541784524
5671035236931484e-20
.11534765545259805
.007561933492781353
.006913625331918627
.4029216763026792
0
.42955755623227176
0
3.59738195104424
17.887337035225862
0
0
.007026795320224071
3.2092943761851958
13.965032256843218
0
0
43.107121646003904
29.498998953642147
9.852577721622934
.0026176276365732633
.0005865406173797355
.0013692258848971189
.006786247873004285
0
0
0
24.312774545410704
3.358068361783241
9.075388513032069
17.10390586028118
.0014359614772771017
.007963633433835757
.00045626465982567837
2.305584247118718
.0003886221696856393
.003418706458493927
.01079841983195328
.0016177197215136608
.8998964840169494
1.4242737247196045
.0001239818950756054
.02496722317087632
1.2259273055527555
1.6510058534818284
3.3305286520337827
.00335025753864815
.00043341804584140346
.617624855496047
.7972739008562503
0
.47456995266915747
.7213693058661353
1.9817818480137237
2.585621497643081
0
6.041251199011573
2.110348081224371
.5655294699304715
1.129766036425244
.935535590300777
.0008961736337649737
50
8.156945175474299
.4309292092486234
.062113554822582406
0
0
0
4.753181267739867
.009855369332391698
.0005116178369450286
.5393323523414357
.0012660139667338755
.00022565520017939368
.01569963342991317
0
0
0
0
0
0
0
0
0
0
0
0
0
0
0
0
0
0
0
0
1.8342188912988648
0
0
0
0
.6157618843303624
1261.035753031537
.004625088489887942
.10428475416773901
.020637599088353088
.23647441952192585
.5596327749793556
.9772206739911703
1.4117074109746242
1.41046569824563
.008255460819123548
5.986385254335592
6.487918146282945
.15395250008352077
.3604355412882294
5.441931463686826
3.645438132782353
0
0
.02
.02
1
8
.02
.02
.02
.02
.02
.02
.02
.02
.02
.02
.02
.02
.02
.02
.02
.02
.02
.02
.02
.02
.02
.02
.02
.02
.02
.02
.02
.02
.02
.02
.02
.02
.02
.02
.02
.02
.02
.02
.02
.02
.02
.02
.02
.02
.5
4
.02
4
.25
.1
.02
.02
3
.02
.02
.02
.02
.02
.02
.02
.02
.02
.02
1.5
.02
.02
.02
.02
.02
.02
.02
.02
.02
.02
.02
.02
.02
.02
.02
.02
.02
.02
.5
.5
.25
.02
.02
.02
.02
.25
2.5
.35
.02
.5
.02
.02
.02
.02
.02
3
.02
.02
.2
.02
1
.02
.02
4
.02
.02
.02
.15
.02
.02
.02
.02
.02
.02
.02
.02
.02
.02
.02
.02
.02
.02
.02
.02
.02
.02
.02
.02
.02
.02
.02
.15
.02
.02
.02
.02
.02
.02
.02
.02
.02
.02
1
.3
1.5
.02
1e-12
.33
.33
1.5
1.5
1
1
1
1
