3.013696695621959
.00857994801384435
.0004307957585987989
2589787481907763e-20
985473407787068e-27
.0015815123715777544
6.754905596761105
.6858471014384248
.04740985881765862
.019093276282917983
.06521187800407081
.7541208093758507
.7206025962354834
.05627438773645241
.0009933712446729486
.006121991647351621
.0008330004800679658
.0023783729158224657
.07255989549353477
.004734848319824784
.002010345727746695
.0024878293845555398
483568444737541e-19
.0021509328127853936
.07738919659676012
4.226596458360651
783719635569103e-20
.0052461502182472464
.005951939664545524
.005547026635522439
11361090131037113e-22
.0001704981594659081
.013184600290212806
.0012280642016234019
.009940030965201685
308710601847327e-20
.002593144013168548
.0027582149770050274
4665579815800515e-20
.005751041233725722
4855103505407457e-21
.005545463178998638
.005545040363097476
.020750174293707378
.0006048078583470563
.11362699799696349
.008385584631971102
.0005283854920490315
.027696005321933583
.07005250548390565
2933314376352345e-21
.14622261765605757
23186922013156888e-21
8.88241427805892
8.550830760660304
1.1467199473766374
.0063913465338673175
.0006517744161247988
.0007248856948083136
.18336302385764178
.10947312516139512
9.817377391707211
7.793906616476722
2.7040867963414326
.001745288860372151
.00036448040534808505
.0014072712425702366
.005596766386232378
.009003141641214808
3.94395100958744
.0008956858704446465
9.817377391707211
3.2069413163984533
9.817377391707211
9.017436438603184
.0014421540389328545
.008960658908390321
.00015189077631246853
2.142703742356826
.0002271831435901974
.002089466652282385
.010530768737782614
7171480652164794e-20
.7304600949936747
.03885769544541244
15878930447804114e-21
.00042376891110092565
.41812427768994087
.3912265198393817
2.6013057668859316
.00010836888221790767
.0003866668647196164
.6148555125271434
.795080070132666
.13841249714516815
.0002791516132434065
.1738800669124064
1.1927745659507436
1.026726452504682
.08189233238951706
1.2516068621786958
2.0085006069079707
.019688853621968698
.02231844976974754
9740860924078453e-20
.00013209135341558017
3.744497707861397
4.46557592522881
.4650520320996365
.0036068073404570376
.00012617471255714822
20534160507407745e-22
6149951645989996e-23
.04778271722543918
.014067688792964262
.0004992078691753981
.360981172074719
2692675132700967e-20
.00021578506392746968
.02630369409002611
805195452189975e-21
0
0
0
0
0
0
0
0
0
0
0
0
0
0
0
0
0
0
0
.09049213123641557
0
0
0
0
.1859199600074319
1299.6519038394817
.004362421103061423
.10141979132252166
.01968330634629772
.2190133975048215
.019844480542567343
.41871955211830003
.013696711400454885
.37839850601208347
.004620523986711641
2.2553216348805876
2.3781886653973143
.0020848986492275744
.004955978259522063
.510823412284051
.3494243217171943
.18880039006286126
.3277704053563445
.01883013175350772
.01883013175350772
.04911067252802155
2989986542215132e-25
.01883013175350772
.01883013175350772
.01883013175350772
.01883013175350772
.01883013175350772
.01883013175350772
.01883013175350772
.01883013175350772
.01883013175350772
.01883013175350772
.01883013175350772
.01883013175350772
.01883013175350772
.01883013175350772
.01883013175350772
.01883013175350772
.01883013175350772
.01883013175350772
.01883013175350772
.01883013175350772
.01883013175350772
.01883013175350772
.01883013175350772
.01883013175350772
.01883013175350772
.01883013175350772
.01883013175350772
.01883013175350772
.01883013175350772
.01883013175350772
.01883013175350772
.01883013175350772
.01883013175350772
.01883013175350772
.01883013175350772
.01883013175350772
.01883013175350772
.01883013175350772
.01883013175350772
.01883013175350772
.01883013175350772
.01883013175350772
.01883013175350772
.01883013175350772
.11080377420779702
23389097292676353e-21
.01883013175350772
23389097292676353e-21
.11768797130148739
.07398042403478113
.01883013175350772
.01883013175350772
.0003558884633632832
.01883013175350772
.01883013175350772
.01883013175350772
.01883013175350772
.01883013175350772
.01883013175350772
.01883013175350772
.01883013175350772
.01883013175350772
.01883013175350772
.016326140841232906
.01883013175350772
.01883013175350772
.01883013175350772
.01883013175350772
.01883013175350772
.01883013175350772
.01883013175350772
.01883013175350772
.01883013175350772
.01883013175350772
.01883013175350772
.01883013175350772
.01883013175350772
.01883013175350772
.01883013175350772
.01883013175350772
.01883013175350772
.01883013175350772
.11080377420779702
.11080377420779702
.11768797130148739
.01883013175350772
.01883013175350772
.01883013175350772
.01883013175350772
.11768797130148739
.001337163307299343
.12189250747462257
.01883013175350772
.11080377420779702
.01883013175350772
.01883013175350772
.01883013175350772
.01883013175350772
.01883013175350772
.0003558884633632832
.01883013175350772
.01883013175350772
.10946206543678152
.01883013175350772
.04911067252802155
.01883013175350772
.01883013175350772
23389097292676353e-21
.01883013175350772
.01883013175350772
.01883013175350772
.09544792381795669
.01883013175350772
.01883013175350772
.01883013175350772
.01883013175350772
.01883013175350772
.01883013175350772
.01883013175350772
.01883013175350772
.01883013175350772
.01883013175350772
.01883013175350772
.01883013175350772
.01883013175350772
.01883013175350772
.01883013175350772
.01883013175350772
.01883013175350772
.01883013175350772
.01883013175350772
.01883013175350772
.01883013175350772
.01883013175350772
.01883013175350772
.09544792381795669
.01883013175350772
.01883013175350772
.01883013175350772
.01883013175350772
.01883013175350772
.01883013175350772
.01883013175350772
.01883013175350772
.01883013175350772
.01883013175350772
.04911067252802155
.12147076365749315
.016326140841232906
.01883013175350772
9999999999969891e-28
.12206735095965413
.12206735095965413
.016326140841232906
.016326140841232906
.04911067252802155
.04911067252802155
.04911067252802155
.04911067252802155
