6138981374696014e-27
40.58619802612743
.15382165627450664
.3049635620589619
11.5138578678633
.3769554722977183
6.115597257112474
.19782508574563293
.0029887859535712145
.34606425808930746
.027488640832637603
8.558840646326985
.7828403307277367
.6215628239739026
.009721438859217151
8.046495888883207
1.0538169176644565
.00398075803672643
.07702640692636821
.004242553760506145
.001807619744401736
.04001940096363994
.00012929888872037048
2530677721524684e-20
.27821555185067554
4003133780929552e-23
14564116827790993e-30
.00492909885190862
.006433513625815596
.005845376368149091
.0022017872485475655
.00018109072195897667
.014003769797114993
.001304906457472305
.01055757602737454
3505432992968287e-20
.000512493033584456
.0029313212223129855
.0004855574009098493
.006129548492825489
15178121680636586e-21
9.237657119454267
13.813325737385657
.005982022628718859
6286148365868422e-20
.12413057782991438
.008266395217162019
.007251299398992533
.40440579791111936
7270750020659084e-26
.4627432302184646
28800732168820877e-27
3.9405722341380685
18.491243206246818
1576625105329978e-24
2040534248361719e-25
.0068853966552939365
3.031649661072168
13.366210750465257
2700235791457224e-26
22515629972882187e-27
41.45633389406055
28.34805883758728
8.977874658709737
.002448253586377069
.000638997813551375
.0014284339943233296
.006333046513755837
5506773135259009e-24
0
7328058404514541e-27
23.946832240338512
3.405483715115362
9.823347278453994
17.181510658532932
.0015367774727890757
.00820630639691505
.000401240301923302
2.144501044318275
.00038248638053859957
.0035848011661278687
.01104767259382643
.0014951680285357311
.9000043750567241
1.407334463500834
.00012301395468373747
.02480994380912705
1.3400965371429423
1.6767056694156766
3.3079267705155257
.003117999378795708
.00046010627029957493
.5965976379312254
.8110667244345587
11418219907791936e-27
.48175168750474173
.7433357836474365
1.9796063485923596
2.6495459576571694
33840930080656076e-26
5.734456862475358
2.0390930381476693
.5422333966618099
1.1090708002120373
.9770821488917665
.0007904045020405605
49.999999999918145
8.39745651692432
.4598923165348886
.06480507483509672
5704625131863013e-28
6977796185326494e-30
33849404263988557e-25
4.518024177928612
.009197912255409823
.0004968061597340609
.535607346119437
.0012110105674987004
.0002682049633537679
.01673149650409792
32775262045546495e-31
0
0
0
0
0
0
0
0
0
0
0
0
0
0
0
0
0
0
0
1.8343157948974755
0
0
0
0
.6271497760677689
1380.3959747623328
.00463344724313811
.10772074529283789
.02090618016268383
.23262014347190774
.5397170952939323
1.03649095658097
1.3854805741904899
1.3664667777230879
.007999693562069308
6.058521228468198
6.41595920506215
.14642156328981804
.35117477562240734
5.41320523380847
3.605677891519602
9505879006606125e-26
1654693748781451e-25
.019999999999997544
.019999999999997544
.999999999993861
7.999999999607105
.019999999999997544
.019999999999997544
.019999999999997544
.019999999999997544
.019999999999997544
.019999999999997544
.019999999999997544
.019999999999997544
.019999999999997544
.019999999999997544
.019999999999997544
.019999999999997544
.019999999999997544
.019999999999997544
.019999999999997544
.019999999999997544
.019999999999997544
.019999999999997544
.019999999999997544
.019999999999997544
.019999999999997544
.019999999999997544
.019999999999997544
.019999999999997544
.019999999999997544
.019999999999997544
.019999999999997544
.019999999999997544
.019999999999997544
.019999999999997544
.019999999999997544
.019999999999997544
.019999999999997544
.019999999999997544
.019999999999997544
.019999999999997544
.019999999999997544
.019999999999997544
.019999999999997544
.019999999999997544
.019999999999997544
.019999999999997544
.019999999999997544
.019999999999997544
.4999999999984652
3.9999999999017763
.019999999999997544
3.9999999999017763
.2499999999996163
.09999999999993861
.019999999999997544
.019999999999997544
2.999999999944749
.019999999999997544
.019999999999997544
.019999999999997544
.019999999999997544
.019999999999997544
.019999999999997544
.019999999999997544
.019999999999997544
.019999999999997544
.019999999999997544
1.4999999999861873
.019999999999997544
.019999999999997544
.019999999999997544
.019999999999997544
.019999999999997544
.019999999999997544
.019999999999997544
.019999999999997544
.019999999999997544
.019999999999997544
.019999999999997544
.019999999999997544
.019999999999997544
.019999999999997544
.019999999999997544
.019999999999997544
.019999999999997544
.019999999999997544
.4999999999984652
.4999999999984652
.2499999999996163
.019999999999997544
.019999999999997544
.019999999999997544
.019999999999997544
.2499999999996163
2.499999999961631
.34999999999924797
.019999999999997544
.4999999999984652
.019999999999997544
.019999999999997544
.019999999999997544
.019999999999997544
.019999999999997544
2.999999999944749
.019999999999997544
.019999999999997544
.19999999999975446
.019999999999997544
.999999999993861
.019999999999997544
.019999999999997544
3.9999999999017763
.019999999999997544
.019999999999997544
.019999999999997544
.14999999999986188
.019999999999997544
.019999999999997544
.019999999999997544
.019999999999997544
.019999999999997544
.019999999999997544
.019999999999997544
.019999999999997544
.019999999999997544
.019999999999997544
.019999999999997544
.019999999999997544
.019999999999997544
.019999999999997544
.019999999999997544
.019999999999997544
.019999999999997544
.019999999999997544
.019999999999997544
.019999999999997544
.019999999999997544
.019999999999997544
.019999999999997544
.14999999999986188
.019999999999997544
.019999999999997544
.019999999999997544
.019999999999997544
.019999999999997544
.019999999999997544
.019999999999997544
.019999999999997544
.019999999999997544
.019999999999997544
.999999999993861
.2999999999994475
1.4999999999861873
.019999999999997544
1e-12
.3299999999993315
.3299999999993315
1.4999999999861873
1.4999999999861873
.999999999993861
.999999999993861
.999999999993861
.999999999993861
