2.986078777206226
.0090327251340516
.0004494106775394449
27588273293731583e-21
12206541933420473e-28
.0016273552326883038
6.763071017852486
.6858148689004707
.04793862778058064
.019473552209874595
.06524182313659548
.7553380348433546
.7210482107658562
.056361977687714865
.000994914083101851
.006577067544521766
.0008822153586177931
.0024094002507968866
.07260215800718108
.00473239248556058
.0020093509210201577
.0025380397459005763
4860508478490714e-20
.0021792086580417164
.07896713889753175
4.264870529408979
7973333125770871e-21
.005251472761500762
.0059559057342430015
.005549980071463177
11366967095846597e-22
.0001705923611179608
.013191885298695761
.001228747054085318
.009945522910136163
3091654215721272e-21
.0025921078982658963
.0027597527818920688
4672496653396325e-20
.005754396788414149
48595001507459105e-22
.00554840675137924
.005547975276741886
.02075319664551574
.0006009818373121587
.11369745547709714
.008389050318745853
.0005301258950805698
.02781383336230741
.07219839575309736
32226673986005177e-22
.15379472014797257
2582877430966432e-20
8.939973334600284
8.60889805733377
1.1510768541048098
.006395454948147627
.000707604387535653
.0007869616767194069
.18418457919104342
.10983985069973826
10.185616303916987
8.079462692811063
2.7943289528194444
.001764961832236127
.0003697037889871898
.0014078734463878189
.005603638710096853
.009473422527827546
3.9820663319603034
.000905638738931623
10.185616303916987
3.2087546896550037
10.02130456875471
9.372604000566115
.0014430248047400305
.008965502573744717
.00015999680200737116
2.1433576779500796
.00023020638717573727
.0021177545894275496
.01053625064481653
7409166890272567e-20
.7395750020684927
.04146049484848085
16072176083533853e-21
.00044846684499347895
.42732137462203695
.39995296731284874
2.6268096046363514
.00010813938087453599
.00038357361126313685
.6065929868354984
.8006827052187194
.13882280625293772
.0003006179003584427
.17699890471171592
1.2047844773269436
1.0370403627844447
.08315811857240589
1.2603009903453852
2.0103183750365523
.019856191847342875
.022531127816853687
.00010593356328377431
.00013205048201746081
3.7576424705439835
4.495658098622705
.4668324338930821
.0037430162017670424
.00012817872266565226
20886519409681614e-22
6977281498851578e-23
.04835517450001641
.01418713837041654
.0005087202940309993
.3626092510076367
27226741442829313e-21
.00021830552598001125
.02653455733613232
8181009282366363e-22
0
0
0
0
0
0
0
0
0
0
0
0
0
0
0
0
0
0
0
.09539265455078409
0
0
0
0
.1960507220690033
1300.3699757415125
.004364831388469138
.10147582686730358
.019694181588494942
.2191344048041236
.020573862583219953
.42196592512259645
.014309178907649699
.38050403098695723
.0047153185511118415
2.274624142869249
2.3991342415591292
.0021687979208899104
.0051558909308863235
.5177540952908087
.35390102182624644
.19095642941594002
.3315332039282422
.018840535607404126
.018840535607404126
.05048559144107734
3556120929299285e-25
.018840535607404126
.018840535607404126
.018840535607404126
.018840535607404126
.018840535607404126
.018840535607404126
.018840535607404126
.018840535607404126
.018840535607404126
.018840535607404126
.018840535607404126
.018840535607404126
.018840535607404126
.018840535607404126
.018840535607404126
.018840535607404126
.018840535607404126
.018840535607404126
.018840535607404126
.018840535607404126
.018840535607404126
.018840535607404126
.018840535607404126
.018840535607404126
.018840535607404126
.018840535607404126
.018840535607404126
.018840535607404126
.018840535607404126
.018840535607404126
.018840535607404126
.018840535607404126
.018840535607404126
.018840535607404126
.018840535607404126
.018840535607404126
.018840535607404126
.018840535607404126
.018840535607404126
.018840535607404126
.018840535607404126
.018840535607404126
.018840535607404126
.018840535607404126
.1123444297942199
2606588469550902e-20
.018840535607404126
2606588469550902e-20
.11850335442878653
.07418502492553898
.018840535607404126
.018840535607404126
.0003863948419461545
.018840535607404126
.018840535607404126
.018840535607404126
.018840535607404126
.018840535607404126
.018840535607404126
.018840535607404126
.018840535607404126
.018840535607404126
.018840535607404126
.01701611814917143
.018840535607404126
.018840535607404126
.018840535607404126
.018840535607404126
.018840535607404126
.018840535607404126
.018840535607404126
.018840535607404126
.018840535607404126
.018840535607404126
.018840535607404126
.018840535607404126
.018840535607404126
.018840535607404126
.018840535607404126
.018840535607404126
.018840535607404126
.018840535607404126
.1123444297942199
.1123444297942199
.11850335442878653
.018840535607404126
.018840535607404126
.018840535607404126
.018840535607404126
.11850335442878653
.0014323455619551738
.12307645553426709
.018840535607404126
.1123444297942199
.018840535607404126
.018840535607404126
.018840535607404126
.018840535607404126
.018840535607404126
.0003863948419461545
.018840535607404126
.018840535607404126
.11006836019928382
.018840535607404126
.05048559144107734
.018840535607404126
.018840535607404126
2606588469550902e-20
.018840535607404126
.018840535607404126
.018840535607404126
.09584415464353295
.018840535607404126
.018840535607404126
.018840535607404126
.018840535607404126
.018840535607404126
.018840535607404126
.018840535607404126
.018840535607404126
.018840535607404126
.018840535607404126
.018840535607404126
.018840535607404126
.018840535607404126
.018840535607404126
.018840535607404126
.018840535607404126
.018840535607404126
.018840535607404126
.018840535607404126
.018840535607404126
.018840535607404126
.018840535607404126
.018840535607404126
.09584415464353295
.018840535607404126
.018840535607404126
.018840535607404126
.018840535607404126
.018840535607404126
.018840535607404126
.018840535607404126
.018840535607404126
.018840535607404126
.018840535607404126
.05048559144107734
.12248136952279433
.01701611814917143
.018840535607404126
9999999999970168e-28
.1231849385855332
.1231849385855332
.01701611814917143
.01701611814917143
.05048559144107734
.05048559144107734
.05048559144107734
.05048559144107734
