3.02004640479714
.008479200969136529
.0004268223176214919
25522439432602245e-21
910171121698387e-27
.0015712657277091732
6.753023026850431
.6858535095884095
.047311979198065825
.01900697723919216
.06520499453639222
.7538363891588349
.7205001715527461
.05625390866196288
.0009930102894027762
.006016454816613612
.0008201811551978108
.002372532545432347
.0725501831071897
.004735410687092032
.0020105734959093785
.002476429854197329
4823092074124947e-20
.0021456142743242024
.07703103825495256
4.217669176923377
7810111529232665e-21
.005244923421067829
.005951031635107136
.005546347656035979
11359738792110683e-22
.00017047650866880274
.013182925943413951
.0012279072576150823
.009938768726345238
3086041427989645e-21
.002593376218280206
.002757861533415686
4663961279499009e-20
.0057502700300449605
48540539790817275e-22
.005544786415348465
.005544365494881856
.020749558339821023
.0006056849335502112
.11361080538212863
.008384786656974716
.0005279837056472266
.027668524427586254
.06960578305990181
28625587578166458e-22
.14451290316941395
22587581132578754e-21
8.86922270054842
8.537494323539217
1.1457155282171156
.006390406931317472
.0006393178075968645
.0007110420051276679
.1831737561606276
.10938855754681649
9.732714602704796
7.729506976196844
2.6830172936685655
.0017415838034101942
.0003634826487214258
.0014071371851560818
.0055951425958262035
.008897847286979036
3.935073809765562
.0008933678043972467
9.732714602704796
3.2065246572378534
9.732714602704796
8.936071057452262
.0014419537183178106
.008959542725039045
.00015006375849040604
2.142555318057004
.00022661493375891742
.0020841487706957087
.010529508283765142
7121794087753131e-20
.7287268152363455
.03829023619182062
15822821904333504e-21
.0004181555154357891
.4162413801462507
.38945077495598324
2.595433308939704
.00010828082711294544
.0003874284127226613
.6159143913052066
.7935890966287834
.1383762050637358
.0002745298580265174
.17321136203427095
1.1900137582256567
1.0243533269013352
.08159971881973997
1.2487336324559053
2.0080802141842145
.019634487603969554
.022249893265852
9550966123039727e-20
.0001320983079659602
3.741466642495557
4.458893599188185
.4646436277252903
.0035780191013859443
.00012571197713094124
2045289053482912e-21
596010001841076e-22
.047611290930909766
.014040115451727573
.0004973031257006045
.36060737963960227
2683632540445874e-20
.00021531148873839772
.02625039641333828
8022143380475441e-22
0
0
0
0
0
0
0
0
0
0
0
0
0
0
0
0
0
0
0
.08939270931474391
0
0
0
0
.18351734924094576
1299.4868660862264
.004361867136129603
.10140691241668076
.0196808068395864
.21898558584313713
.01968735720679572
.4179813330542741
.013559266772229168
.3778873057397066
.004597847564847761
2.250876370619846
2.373378418479675
.0020660263570473516
.004911010920585415
.5092294104110822
.34839374454440963
.18828947008117158
.3268789183356932
.01882774058812804
.01882774058812804
.04879968845932606
27874367233967966e-26
.01882774058812804
.01882774058812804
.01882774058812804
.01882774058812804
.01882774058812804
.01882774058812804
.01882774058812804
.01882774058812804
.01882774058812804
.01882774058812804
.01882774058812804
.01882774058812804
.01882774058812804
.01882774058812804
.01882774058812804
.01882774058812804
.01882774058812804
.01882774058812804
.01882774058812804
.01882774058812804
.01882774058812804
.01882774058812804
.01882774058812804
.01882774058812804
.01882774058812804
.01882774058812804
.01882774058812804
.01882774058812804
.01882774058812804
.01882774058812804
.01882774058812804
.01882774058812804
.01882774058812804
.01882774058812804
.01882774058812804
.01882774058812804
.01882774058812804
.01882774058812804
.01882774058812804
.01882774058812804
.01882774058812804
.01882774058812804
.01882774058812804
.01882774058812804
.110452528011391
2278217037998514e-20
.01882774058812804
2278217037998514e-20
.11750129722258831
.07393346350903605
.01882774058812804
.01882774058812804
.0003490823864437529
.01882774058812804
.01882774058812804
.01882774058812804
.01882774058812804
.01882774058812804
.01882774058812804
.01882774058812804
.01882774058812804
.01882774058812804
.01882774058812804
.01617114662474797
.01882774058812804
.01882774058812804
.01882774058812804
.01882774058812804
.01882774058812804
.01882774058812804
.01882774058812804
.01882774058812804
.01882774058812804
.01882774058812804
.01882774058812804
.01882774058812804
.01882774058812804
.01882774058812804
.01882774058812804
.01882774058812804
.01882774058812804
.01882774058812804
.110452528011391
.110452528011391
.11750129722258831
.01882774058812804
.01882774058812804
.01882774058812804
.01882774058812804
.11750129722258831
.001315945807946502
.12162190982937936
.01882774058812804
.110452528011391
.01882774058812804
.01882774058812804
.01882774058812804
.01882774058812804
.01882774058812804
.0003490823864437529
.01882774058812804
.01882774058812804
.10932314276085431
.01882774058812804
.04879968845932606
.01882774058812804
.01882774058812804
2278217037998514e-20
.01882774058812804
.01882774058812804
.01882774058812804
.09535705699076807
.01882774058812804
.01882774058812804
.01882774058812804
.01882774058812804
.01882774058812804
.01882774058812804
.01882774058812804
.01882774058812804
.01882774058812804
.01882774058812804
.01882774058812804
.01882774058812804
.01882774058812804
.01882774058812804
.01882774058812804
.01882774058812804
.01882774058812804
.01882774058812804
.01882774058812804
.01882774058812804
.01882774058812804
.01882774058812804
.01882774058812804
.09535705699076807
.01882774058812804
.01882774058812804
.01882774058812804
.01882774058812804
.01882774058812804
.01882774058812804
.01882774058812804
.01882774058812804
.01882774058812804
.01882774058812804
.04879968845932606
.1212395901555271
.01617114662474797
.01882774058812804
9999999999969827e-28
.12181183458250355
.12181183458250355
.01617114662474797
.01617114662474797
.04879968845932606
.04879968845932606
.04879968845932606
.04879968845932606
