3.0056789211217168
.008708278395448748
.00043727621721451564
263746828121262e-19
10377298670007406e-28
.001594523115187991
6.757279924677961
.6858384605346404
.04770277407292025
.019202781765216097
.06522057399183279
.7544571482142719
.7207319374392636
.05629854677659467
.0009937964614573501
.006246197389563379
.000838146070191052
.0023948516250482175
.07257216146470938
.0047341370332303345
.0020100576262413977
.002502291755677533
4794883216503405e-20
.002165973240824858
.07784362961306561
4.237808524142885
790225268427453e-20
.005247697675762315
.005953093251574054
.005547884643327483
11362796907671726e-22
.00017052550184417216
.01318671479084939
.0012282623914591049
.009941625022551892
3088356607004207e-21
.002592847505419536
.002758661296743898
4667483339240369e-20
.00575201517172087
4856275544424339e-21
.005546317956700237
.0055458925428838275
.02075097740475291
.000603699004043375
.1136474476282123
.008386591930938245
.0005289536378645531
.027733630864137476
.07090586151054341
29836051247352323e-22
.14847119825071747
2391233853551151e-20
8.899099042552734
8.567680539161183
1.1479870246923924
.006392539700957797
.0006674094589251928
.000742272086633342
.18360185656047953
.10957979553263246
9.924281051710445
7.878400681207403
2.7259304358314966
.0017557857370885032
.00036718595989738826
.0014074449915054284
.005598781017297337
.009137427453888345
3.955100482209605
.0008985984810647485
9.924281051710445
3.207467749973359
9.924281051710445
9.123933935146132
.001442406871422401
.008962050592929502
.0001542991916419256
2.142894019785064
.00022879280380905912
.002104510802896452
.01053236216993346
726338366987172e-19
.7352932030071578
.03970852797426899
1595652307014578e-20
.0004306668597430131
.42205756660458105
.3949890100554326
2.609167283141348
.00010807352838173651
.00038699287599137564
.6065575101107736
.7967601030059123
.13895702675305388
.0002860916215620259
.1751015853170214
1.196297814675954
1.029722817113974
.08226229105128885
1.2554001950683598
2.009031435855015
.019758546111953785
.022393330784040898
9979472342013174e-20
.0001320933710508138
3.748758838820197
4.4755829686856154
.4655689432868581
.0036573457588799318
.00012676000860291914
2063707010470396e-21
6379257855854779e-23
.04798778764579687
.014102634104593574
.0005035776300008338
.36145370897773144
27041163891318805e-21
.00021714505082824257
.02637121998833015
8089666374224614e-22
0
0
0
0
0
0
0
0
0
0
0
0
0
0
0
0
0
0
0
.09189377089217748
0
0
0
0
.1873172640235971
1299.8603268671218
.004363120697323128
.10143605584682051
.01968646292560218
.21904852032137476
.020096818979085954
.41965754533980276
.013871808517846529
.3789948717446299
.004648064817921641
2.26090990148069
2.3842499369173042
.0021089122945262143
.00501318827182405
.5128341048662032
.3507234094299346
.1894181870711429
.3288484651695638
.018833151510612937
.018833151510612937
.04950584000115831
31117414357604505e-26
.018833151510612937
.018833151510612937
.018833151510612937
.018833151510612937
.018833151510612937
.018833151510612937
.018833151510612937
.018833151510612937
.018833151510612937
.018833151510612937
.018833151510612937
.018833151510612937
.018833151510612937
.018833151510612937
.018833151510612937
.018833151510612937
.018833151510612937
.018833151510612937
.018833151510612937
.018833151510612937
.018833151510612937
.018833151510612937
.018833151510612937
.018833151510612937
.018833151510612937
.018833151510612937
.018833151510612937
.018833151510612937
.018833151510612937
.018833151510612937
.018833151510612937
.018833151510612937
.018833151510612937
.018833151510612937
.018833151510612937
.018833151510612937
.018833151510612937
.018833151510612937
.018833151510612937
.018833151510612937
.018833151510612937
.018833151510612937
.018833151510612937
.018833151510612937
.11124884213197495
24123997636304963e-21
.018833151510612937
24123997636304963e-21
.11792410525966085
.07403976363165331
.018833151510612937
.018833151510612937
.00036443165840250696
.018833151510612937
.018833151510612937
.018833151510612937
.018833151510612937
.018833151510612937
.018833151510612937
.018833151510612937
.018833151510612937
.018833151510612937
.018833151510612937
.016523370543307544
.018833151510612937
.018833151510612937
.018833151510612937
.018833151510612937
.018833151510612937
.018833151510612937
.018833151510612937
.018833151510612937
.018833151510612937
.018833151510612937
.018833151510612937
.018833151510612937
.018833151510612937
.018833151510612937
.018833151510612937
.018833151510612937
.018833151510612937
.018833151510612937
.11124884213197495
.11124884213197495
.11792410525966085
.018833151510612937
.018833151510612937
.018833151510612937
.018833151510612937
.11792410525966085
.0013640266275960716
.12223503906667742
.018833151510612937
.11124884213197495
.018833151510612937
.018833151510612937
.018833151510612937
.018833151510612937
.018833151510612937
.00036443165840250696
.018833151510612937
.018833151510612937
.10963773409892466
.018833151510612937
.04950584000115831
.018833151510612937
.018833151510612937
24123997636304963e-21
.018833151510612937
.018833151510612937
.018833151510612937
.09556278470415255
.018833151510612937
.018833151510612937
.018833151510612937
.018833151510612937
.018833151510612937
.018833151510612937
.018833151510612937
.018833151510612937
.018833151510612937
.018833151510612937
.018833151510612937
.018833151510612937
.018833151510612937
.018833151510612937
.018833151510612937
.018833151510612937
.018833151510612937
.018833151510612937
.018833151510612937
.018833151510612937
.018833151510612937
.018833151510612937
.018833151510612937
.09556278470415255
.018833151510612937
.018833151510612937
.018833151510612937
.018833151510612937
.018833151510612937
.018833151510612937
.018833151510612937
.018833151510612937
.018833151510612937
.018833151510612937
.04950584000115831
.12176328960784571
.016523370543307544
.018833151510612937
999999999996997e-27
.12239074757304004
.12239074757304004
.016523370543307544
.016523370543307544
.04950584000115831
.04950584000115831
.04950584000115831
.04950584000115831
