3.03086584338766
.007896484775486918
.00029087045555679605
19243342855216848e-21
6094298324071942e-28
.0011189442473585687
6.304383678603135
.7150748403769999
.043071860347844715
.017926363286459586
.06768811031459158
.6907214702204615
.6489636725365003
.05222704196641043
.0009080184635788716
.006966510976591219
.0008232320946923972
.0021243487685919504
.07414377034560862
.004765936941930594
.0020103549242399894
.002706834744395744
6540019896963416e-20
.0017267086277113787
.08260763296488524
3.7903853122137985
4226737023565263e-21
.005575386319993263
.0059415010950087934
.005906668227612557
12670339143947098e-22
.00017898435293875527
.012976809057869082
.0012426553667340082
.00967713323107706
31691082545171568e-22
.0023223768621881765
.0026950545707680016
49463594720540525e-21
.004855027747723098
54535659217038955e-22
.005904926084099652
.005904476453173792
.02096559635844047
.0005438628956126556
.10810440312045984
.007384320420327307
.0005527152121046254
.026287621615920166
.06782155945208988
27350917794755834e-22
.12725154979704442
21210776690529876e-21
8.285930991384996
7.852390117922886
1.1694744800570316
.006603930088090768
.0006491589327161086
.0007180655651347292
.180234642255911
.11018387707567083
9.588455421497862
7.602992897226702
2.6652929576032447
.0016814401055019492
.00031813581687999885
.0014172725159492209
.006053007784333577
.006956116989284494
3.488214955449638
.0008238753545290916
9.588455421497862
3.384950035547224
9.588455421497862
8.790057050582407
.0014160782765777107
.008870019624689173
.00017554382057338936
2.1176453764596808
.00019853044167917545
.0016854435793492958
.010850207029782667
8026546557646942e-20
.6182483877415981
.030171053403445107
20691312376258146e-21
.00038438753011021677
.3134698882502055
.29044566205653144
2.4263420622912295
.00015430149820961194
.00040871492359382996
.6556942874727131
.8170684695144079
.12428784783981203
.0002225760678467004
.17397897561385708
1.3041107689826248
1.1241446660627301
.06475591040980055
1.3630775679260358
2.089420906230696
.02060566743342563
.02578637660042347
8539190322950646e-20
.00012934355167242372
3.8956932220075013
4.306311008555342
.4572871881616458
.002984520902611172
.00012116673418017413
18278955517705702e-22
4596632532636377e-23
.05740016378765402
.0143712085898025
.00042314473566114374
.3412816062083687
3518427456379393e-20
.00016033264229472303
.025194940291320217
7276279722022355e-22
0
0
0
0
0
0
0
0
0
0
0
0
0
0
0
0
0
0
0
.09341252659790916
0
0
0
0
.277735073250519
1260.7416570653356
.004267313526919599
.1030756022585599
.017250535822371533
.21113279656722075
.018250966367804787
.38469068873764156
.012698442544244076
.3819415948850179
.00472674308675668
2.2913922256843984
2.1656999066337006
.001947047146388648
.004692375964219789
.547741955712623
.4017724639747182
.20354391635674146
.33270863853844296
.018823666917206744
.018823666917206744
.04827415271414457
2446915606218971e-25
.018823666917206744
.018823666917206744
.018823666917206744
.018823666917206744
.018823666917206744
.018823666917206744
.018823666917206744
.018823666917206744
.018823666917206744
.018823666917206744
.018823666917206744
.018823666917206744
.018823666917206744
.018823666917206744
.018823666917206744
.018823666917206744
.018823666917206744
.018823666917206744
.018823666917206744
.018823666917206744
.018823666917206744
.018823666917206744
.018823666917206744
.018823666917206744
.018823666917206744
.018823666917206744
.018823666917206744
.018823666917206744
.018823666917206744
.018823666917206744
.018823666917206744
.018823666917206744
.018823666917206744
.018823666917206744
.018823666917206744
.018823666917206744
.018823666917206744
.018823666917206744
.018823666917206744
.018823666917206744
.018823666917206744
.018823666917206744
.018823666917206744
.018823666917206744
.10985656890568093
21765388397876113e-21
.018823666917206744
21765388397876113e-21
.11718389850994901
.07385351485155191
.018823666917206744
.018823666917206744
.00033768942213922176
.018823666917206744
.018823666917206744
.018823666917206744
.018823666917206744
.018823666917206744
.018823666917206744
.018823666917206744
.018823666917206744
.018823666917206744
.018823666917206744
.01591014512034796
.018823666917206744
.018823666917206744
.018823666917206744
.018823666917206744
.018823666917206744
.018823666917206744
.018823666917206744
.018823666917206744
.018823666917206744
.018823666917206744
.018823666917206744
.018823666917206744
.018823666917206744
.018823666917206744
.018823666917206744
.018823666917206744
.018823666917206744
.018823666917206744
.10985656890568093
.10985656890568093
.11718389850994901
.018823666917206744
.018823666917206744
.018823666917206744
.018823666917206744
.11718389850994901
.0012803909793094846
.12116220794484586
.018823666917206744
.10985656890568093
.018823666917206744
.018823666917206744
.018823666917206744
.018823666917206744
.018823666917206744
.00033768942213922176
.018823666917206744
.018823666917206744
.10908683413203552
.018823666917206744
.04827415271414457
.018823666917206744
.018823666917206744
21765388397876113e-21
.018823666917206744
.018823666917206744
.018823666917206744
.0952024256458895
.018823666917206744
.018823666917206744
.018823666917206744
.018823666917206744
.018823666917206744
.018823666917206744
.018823666917206744
.018823666917206744
.018823666917206744
.018823666917206744
.018823666917206744
.018823666917206744
.018823666917206744
.018823666917206744
.018823666917206744
.018823666917206744
.018823666917206744
.018823666917206744
.018823666917206744
.018823666917206744
.018823666917206744
.018823666917206744
.018823666917206744
.0952024256458895
.018823666917206744
.018823666917206744
.018823666917206744
.018823666917206744
.018823666917206744
.018823666917206744
.018823666917206744
.018823666917206744
.018823666917206744
.018823666917206744
.04827415271414457
.1208466970228834
.01591014512034796
.018823666917206744
999999999996968e-27
.12137767981514039
.12137767981514039
.01591014512034796
.01591014512034796
.04827415271414457
.04827415271414457
.04827415271414457
.04827415271414457
