.6299906442059557
.011261295376843616
.0021154046758733993
36185543390304216e-22
.030247269101274486
6.822764071468216
.7201220353736888
.059952513559730906
.06328096065361215
.06918782563208616
4.964175019138179
.7007353424939409
.3527714545814764
.005208612300692079
3.379048002935443
.4635620927849654
.0031616897265550003
.07679614250630125
.004398785262537687
.0020561229017236303
.008743239497258557
.0001849072333630235
.002728504407729307
.26851321079292617
17.58078529259118
.0001404196154477759
.005830022864792091
.00618614534941691
.005567588487790167
1224568379041225e-21
.00017677806647302708
.014002472739774119
.0013127315938352218
.010062072870582462
20055087257131022e-21
.0022354515747085423
.002967418762285575
.0003007714742521045
.004654694802001476
3435951196752185e-20
.005579039037073637
.006252485306524439
.021012484862904485
.00032408090091278743
.11243781539973188
.007712561919808989
.0008010614711274106
.040578478564817416
.25456260712027556
.001164514067629385
.5961745254776385
.008796603834772855
12.123052921620783
11.260688992415266
1.329022794726779
.0067863933820306276
.05898268509680734
.06543658878534336
.23167387713702767
.13191360663925725
30.011179443663078
23.38695426790631
8.045394320004517
.0024507493577017145
.0004914587639847412
.0015385737795905778
.00614441779818044
2.992202810445156
7.96774939581995
.01756277128055093
24.45704914013402
3.5254070853726525
9.598839730220005
23.051230829342078
.0014324073402310759
.009406946129062673
.0007680942614063161
2.175906231009615
.00033123785268426566
.0028568299356209136
.01117279282047761
.0003671874499000387
.8846991855236752
.6991150906940095
23620161650390235e-21
.007770090997794197
.9107525204584757
.8136115055654958
3.5059332480949204
.00015776448215127218
6438752927313032e-20
.6390163703830765
.8074410400872214
.07487597221843846
.01067154558311644
.26733163849154207
1.5989845789543682
1.492986733994609
1.927561345681599
1.6014243877284164
2.0369599639726275
.01997558980380989
.03039600930798466
.009639453879450904
.00015382835164319696
6.193625888839916
6.093922054135671
.5212025801237177
.01956406769009883
.003759987664022893
6281945383502461e-20
.0004988110455121409
.0859791011669681
.02077040044200307
.0008558532183562028
.43821706900610086
4308617119504862e-20
.0002195564752200084
.03494292892692237
20168273696190702e-21
0
0
0
0
0
0
0
0
0
0
0
0
0
0
0
0
0
0
0
.745594996315779
0
0
0
0
.5656452586010663
1331.9271950050588
.004257908303548
.09885925985335656
.018352906826329705
.22017824865003877
.1059653742657442
.6074859183362946
.13637657092878364
.4280794001957269
.00640297001867665
3.050911676000773
3.2059265395755387
.017484232533770815
.042939193577396714
.845309692214768
.5697639759459713
.2596187056712077
.41702032187525
.0194092361449386
.0194092361449386
.22331736659891022
4952591353568174e-20
.0194092361449386
.0194092361449386
.0194092361449386
.0194092361449386
.0194092361449386
.0194092361449386
.0194092361449386
.0194092361449386
.0194092361449386
.0194092361449386
.0194092361449386
.0194092361449386
.0194092361449386
.0194092361449386
.0194092361449386
.0194092361449386
.0194092361449386
.0194092361449386
.0194092361449386
.0194092361449386
.0194092361449386
.0194092361449386
.0194092361449386
.0194092361449386
.0194092361449386
.0194092361449386
.0194092361449386
.0194092361449386
.0194092361449386
.0194092361449386
.0194092361449386
.0194092361449386
.0194092361449386
.0194092361449386
.0194092361449386
.0194092361449386
.0194092361449386
.0194092361449386
.0194092361449386
.0194092361449386
.0194092361449386
.0194092361449386
.0194092361449386
.0194092361449386
.23628231534237618
.009948448481893971
.0194092361449386
.009948448481893971
.17185834009879425
.08607801462483188
.0194092361449386
.0194092361449386
.03341115584953542
.0194092361449386
.0194092361449386
.0194092361449386
.0194092361449386
.0194092361449386
.0194092361449386
.0194092361449386
.0194092361449386
.0194092361449386
.0194092361449386
.15829792996148423
.0194092361449386
.0194092361449386
.0194092361449386
.0194092361449386
.0194092361449386
.0194092361449386
.0194092361449386
.0194092361449386
.0194092361449386
.0194092361449386
.0194092361449386
.0194092361449386
.0194092361449386
.0194092361449386
.0194092361449386
.0194092361449386
.0194092361449386
.0194092361449386
.23628231534237618
.23628231534237618
.17185834009879425
.0194092361449386
.0194092361449386
.0194092361449386
.0194092361449386
.17185834009879425
.05891798361071936
.20710514650031112
.0194092361449386
.23628231534237618
.0194092361449386
.0194092361449386
.0194092361449386
.0194092361449386
.0194092361449386
.03341115584953542
.0194092361449386
.0194092361449386
.14818849208622492
.0194092361449386
.22331736659891022
.0194092361449386
.0194092361449386
.009948448481893971
.0194092361449386
.0194092361449386
.0194092361449386
.11979249803424764
.0194092361449386
.0194092361449386
.0194092361449386
.0194092361449386
.0194092361449386
.0194092361449386
.0194092361449386
.0194092361449386
.0194092361449386
.0194092361449386
.0194092361449386
.0194092361449386
.0194092361449386
.0194092361449386
.0194092361449386
.0194092361449386
.0194092361449386
.0194092361449386
.0194092361449386
.0194092361449386
.0194092361449386
.0194092361449386
.0194092361449386
.11979249803424764
.0194092361449386
.0194092361449386
.0194092361449386
.0194092361449386
.0194092361449386
.0194092361449386
.0194092361449386
.0194092361449386
.0194092361449386
.0194092361449386
.22331736659891022
.1913365681240299
.15829792996148423
.0194092361449386
9999999999985005e-28
.20121406643899375
.20121406643899375
.15829792996148423
.15829792996148423
.22331736659891022
.22331736659891022
.22331736659891022
.22331736659891022
