45.78404940164688
.32177246798893094
1.155187180465179
46.13445049997008
1.319233160113006
7.675667122138681
.8619233631352239
.19710142182945792
1.368747300088585
.07994805410732396
22.42637133238649
.7647867696173366
1.502494752045833
.019244319079789567
8.891142123144197
12.131917241297133
.010535363044201993
.08476540023193622
.01620364725389036
.007043017067248782
.04383697034335422
.015107345442429908
.009983392349390476
1.66431290020118
30.395548145299387
.004806941560885143
.006428061339671717
.006811363634651191
.005940083210660044
.005331244828227565
.00018336267248247125
.014606266741644263
.0013704803321912362
.010461313565236151
.00027864935574045555
.00455806656098832
.0031434766793079503
.002340461715313936
.007739004013113696
.00021866511920727444
18.484006912021773
16.992784075646966
.029413424799376052
.0038790595382568543
.14099611315836144
.010165471370661277
.009240610936535614
.5812755646810093
5.207504743582901
5.078265715002915
3.606947900996939
4.759205161193219
21.541625219570587
20.728477355566973
1.9353261159972606
.007693121083847109
9.041668420888112
166.47523578831513
.37202205219724366
.18155401381397632
53.50762585346137
54.789245312339354
18.210489467317327
.006129938708588041
.0022201777152796014
.0018331341785609659
.010603418577272712
86.08502921406168
82.01720080494094
.038718273577522666
30.719701167872106
3.6642774939856686
108.62346258018428
35.67628969648182
.0015413193319749902
.010440657483098905
.005631562639933145
2.6736830026453378
.001102338992325108
.009619663271969364
.011723549180187025
.008341462440210388
10.889558835166968
24.772052840799393
.009490679658613797
.053750707701717665
28.66492262472666
123.60268664778695
7.64010944445276
.01641152153722343
.009523895444379477
5.540290042848101
1.5740174446642339
11.69737793871529
11.704097760792797
6.321876423113382
8.346768018889092
6.294682992857114
3.810546223163154
67.31858490629891
2.120868543858581
7.569071982266165
5.137564891840592
2.6738080920344474
.003105829738853833
63.15238336793282
8.646873650601504
2.040851145954948
.5055704471503671
.016736415003763768
.00018778245304804477
56.34783821884512
101.19999668104344
.09602215859321425
.0033323488541794366
.616015537761524
.006383134197038057
.006576111328238585
.18607896530041193
4272868874200823e-20
0
0
0
0
0
0
0
0
0
0
0
0
0
0
0
0
0
0
0
3.3753238412553275
0
0
0
0
4.680622099984729
1372.4674016626761
.004387507341094767
.10186826427905186
.018911518917364138
.22687986998133902
.8070467687247992
1.0916684129763017
1.6031172774106295
19.533162109019546
.01638070883622411
6.156316724427134
6.241157062633146
.3585877578742054
.8447349660099223
79.28764699415606
89.14527006898405
49.16073928697851
78.35983396428796
3.361269220036006
2.046272041884526
1.660618155717944
1.8285836513810316
2.6800363969714738
1.7256927084952844
2.442926450086574
2.059047879612358
1.9270026661177444
2.2648321047364246
1.8883355122220928
1.864087277146267
1.4611463581041417
2.139131945344457
1.593452096664534
2.551171720853404
1.9278835748605687
2.2509139170861165
2.3240726511569822
1.901753971024265
2.3742732961528614
2.864390687791933
2.5855581817970155
2.1342790050047133
1.7849067754538572
2.631549335882386
.025353140332425184
1.7704270702908749
2.318416848150707
5.837969512993425
1.962564915226192
2.011605092041307
1.2902791206836932
3.048588492770506
1.5189139578953905
1.5308404859587175
3.1024861350313913
1.2765571396275508
2.0440605695371876
1.5033886013478084
2.086738311846473
1.4685990262681203
1.8376843547616493
2.6952262475733884
2.0428181520930164
2.229044394688885
1.870631871508594
2.3461715222657697
1.812674220165477
2.0711626776233145
2.810118152541104
3.0797681945225954
2.3344368006792573
2.157342114533466
2.1581768217740525
3.04141819064561
2.513877673525089
1.0397174481297704
2.630641410373319
2.7809835428458145
2.141384921285865
1.1658592912551797
1.6799181047324077
1.7689640263026283
1.9801837594455054
1.5434237995921292
2.497949094983333
2.138227941334826
1.8267517894071368
1.7856249679097014
2.6638653198121767
2.567883312699377
2.031232167838929
2.2632616627696485
2.370798813937287
2.2359214097817026
2.4200588356674135
2.322716670085451
1.9425873434306284
3.1059051236567567
2.112834637801957
1.9306675639777056
1.2680484896552764
1.5858278486522357
1.5123558011729055
.7237403780095808
.17692558143182596
2.110038110734304
.010931520331833876
2.535471646092065
2.210123879166258
2.443769199569825
1.8583218747902543
.18080135832322536
1.445868903938601
.21619216032806055
1.2247759232773197
3.2038059864745674
1.7997525219325723
1.8298214725780435
1.9265154933153428
2.1489858265553266
1.7649776146513252
1.9656694249188924
2.2412996362042676
2.3453483134441906
.010549341416191295
1.9186047928804908
1.959054606111435
1.5146512091738213
2.2719970325712273
1.8059314535872548
1.3595155743890266
2.1860141013809873
1.9384380915438706
1.9462060046557175
1.930784150687871
.6985436448987519
1.7337975362197393
4.705934423536162
6.159361553820705
1.518778228873526
1.9961106801775328
2.4698601469870383
2.480298779895517
2.844680453434805
1.9610525766806308
.008867235320243066
1.5014287484036992
1.3991587731020443
2.6937947025955147
2.4494552489589885
1.8344503070378253
1.9283593069276792
2.246464715580984
1.9729909390287037
2.686929623280501
2.093633807848376
2.459085030323282
1.7367321995171978
1.5792754595679277
2.197004397667722
1.2721358922234678
.21899793930257944
2.206721729844444
5.668463009739393
1.5119687318572463
1.712951946472162
2.2186868920908456
2.4020165158505065
.9321019076002001
1.7051602761410485
2.0640898759138633
2.0361246047955195
2.3250459873522584
1.3836018170908984
2.0721894078601713
2.7691453048292365
1.8590487907944722
2.5404847788450433
1.486989924635385
1.2089724326027038
1.5705030187213624
2.015990854860548
2.3435740458031367
2.3024077328937835
2.7343527871126625
1.2818295570297222
2.352342241017353
2.243910507008411
2.266625837579674
2.455204735501023
1.853972106845201
1.9100416623418788
2.899198795174653
1.7912252053077675
2.101010745041972
.023403420910804447
1.9923614501973164
.06012884752744982
1.874671767712776
1.8724731390442233
.5160635486683195
1.295744343001038
2.216177169563682
1.228180266134604
.04922409578231646
1.9470378745753594
1.1264712557300791
1.636959180202697
2.066532270038657
1.9102694772488837
1.5238517449087898
2.5888592842722806
3.534303553719159
2.888216638781682
.7153528644541552
.011766151520216669
1.9614449885973493
2.113223060263964
1.929426145295604
.04947091707721744
2.3404249233182792
1.7386278010719012
2.2198721239656893
1.2481560950974868
1.3889125093781962
.006243025582301418
.004550898452721018
2.6579742917050986
.5846759022012847
.15187753530371537
.8387760418071699
.20920813925364776
2.2375259354037174
.11355409592779868
.09988891679159788
1.8532334028080484
.6542484122491458
8.168052463647335
2.1591566548254635
2.1661602234931157
2.392822419795051
2.347831897170601
2.1130790623977456
1.980097429621684
.11913343371192961
.15641262418435992
1.8956242188653034
3.198645050626534
1.0149878795828646
2.0084101225458326
2.341053149046277
1.8435272252039263
.009116417249314036
.2868761420570821
3.087949306698204
3.6109322807759217
4.034199411619431
3.9141560803084494
2.357656835838457
.012019211018336152
3.184830870725655
1.4150051297861184
.014608991122922426
.010805997477313162
.1595427638744714
.012302496515557015
1.8751574778310411
2.9798427860089682
.01
1.8914882709572531
.013938935912118661
.007210800666364825
1.9029162985165338
.00897493405583446
.008124411204081852
2.096310472833319
.006820148601180001
2.3747336967375636
2.32778455708033
1.6204771359659909
1.5640751054160629
.009446035580309224
2.0259041525028865
2.541576193061401
2.428495940989221
2.5418102052855507
2.2690697694350104
2.716251944158033
.010668269813837443
1.4505861969110907
.011034700330514527
.009302757143289554
.011391652283264081
.012356652638715411
.010715409917379699
1.4591869080756474
.0885691589814517
.06819181298446415
.00936753029120553
1.3262619092439827
2.2826050367445943
.09913147471788125
2.080081924201996
1.5254960653916134
.0649496932401224
2.2150519830119744
1.7828631906766563
1.6948965158194524
2.8498917460575717
.009182587547719478
1.5791068928526988
2.64718072317113
3.5541974313250266
.8162807323872784
1.6165382328179887
2.092985526054983
1.5570268410117085
2.224876517693629
1.6538656636432714
1.8382554183783082
2.0756779352218664
.009081670951437597
.19934325604938272
.19557151738249437
1.8810430287457574
1.48736779707454
1.8794864567887808
1.6449261984363175
1.4517052896943814
2.267346343937279
2.118059780955755
1.8064517590155345
1.9509141189083277
2.2119943431342506
1.7568141362243253
.005874295356514278
1.5179092528446372
1.9925655454408364
1.8160504169035807
2.0808654277933645
3.2732962325493
1.676840858022072
1.9074713117683715
1.9605892992418705
2.0679019798207983
.11260919760984771
1.8748303897196907
2.2680224488428555
2.498905164437335
1.4649442410814226
2.545480424304728
1.6869666031083344
.23087174361839846
.1526906065488015
.12279898657331155
1.631063773081066
2.050389638803936
1.9126763338856372
2.4421189329511015
1.4369266784408745
1.8487808471357843
1.5422523341224816
2.0057652687636773
2.34616121728552
1.750564538539751
2.208230380224153
2.4006135104860005
1.8978202584197708
2.2510513035366837
3.203979120876973
2.153883200882152
1.9833651173987479
1.8045352082483026
1.3877767009205444
2.175102979335204
1.5729744961769414
2.1458327373062764
1.8616197272470332
1.5223384827414566
2.181503180188232
1.7773558414270558
2.3312708769525536
1.405387482665079
2.2387767121322844
1.633759390628559
2.3263525110864993
1.7266532207617085
2.2238364910658586
1.6173249786267254
2.0855710151301277
15.639219878888875
17.934403520997673
2.3962164578270833
2.105307040425854
1.6525098312949997
1.2600135541585369
1.535102177216014
1.5334016780938968
2.635474764831668
1.7390028506822428
1.716753905928371
2.124313109041275
1.8217825721620993
2.899998369063067
1.6691144649435221
1.8785435113250566
1.5303733923867195
1.8402247374814218
1.4047729346271807
1.8222803732066284
1.3203521975173134
1.999610875218184
2.2974267333041554
1.1682172259243053
1.884935441586612
1.4780617341303874
2.3605162917071585
1.8880945177281572
2.9241336195812466
1.9254783695384206
1.85793054137715
2.505118223822279
1.254519983690422
2.6595815856390184
10.334484628353197
1.861877902605722
1.6924317685808306
1.6483834629384286
3.3936769540953473
1.908228648056166
2.0213063418452357
2.6609062395648335
1.5308168514227405
1.7990491924175038
2.7726802900404204
1.3971258883375037
3.18487191588587
2.4928846818884103
2.3869026243929765
2.0518390176000953
1.3006623461755984
1.685839066224754
1.7297399785952787
.2877045921545002
2.6984470409601706
1.7479806602152745
2.466614961553716
1.7316379648917197
1.980163373969989
2.668441079800757
2.1176282941547684
2.0747104563158376
1.9202385331779186
1.5989385566328687
1.4294578669564006
1.889946654183426
2.4144015097562694
1.8755596950624456
1.85762537878394
1.6367290747239953
1.5966910520425064
2.532156641688556
2.8862596696205007
2.0292383057384504
2.151590320359833
1.8567512682531249
2.416769219356841
1.664703670154881
1.3101652984537993
2.146616169922785
1.8785204107922306
1.7588771427329464
2.2896488372807497
.15224287231770406
1.0462533542542654
.12377884924939536
.962403203665372
.10407377574241204
.8951961261047124
.08735932180294959
2.207412348450028
.1639760245459099
2.4637769100532974
.08702535966898274
.9623584274899633
6.190926280135353
.3435125582484477
.10993000535487864
1.2088734657181128
.0674934841276296
.20904902780260246
.041719091362621724
.8788491765603179
.06802323811798476
1.2049767198474302
.0993541194213726
1.325335142178043
.18620388998925194
1.005258923167785
.047537665377933656
.707725647957311
.05876019208698513
1.4207474121416737
.00020112544830608358
.00039983971546482284
.119682232882132
.1260204093934529
