1.4827644529622548
.9256915444766061
.014748628232973512
.002762588147785623
5557719928895536e-21
.03642567004000482
7.234425340188812
.7224266602912841
.054280884776096334
.08455880873527404
.0603973502573225
5.171463757923533
.6869626690130191
.40428107782282807
.006481954285754564
3.3687661092915255
.4591462928910404
.0030244700825313164
.07497336818247238
.004667778470703209
.0020520912729101643
.011868937095561303
.0001790296015060994
.002701447964037427
.31138801820919687
17.00107524381921
.00016858455299581269
.005450734567815906
.006562896878420275
.005910889272205908
11915126818569425e-22
.00016794219937294255
.014825858490666288
.0012426739807253047
.011046776109693441
24331469572562875e-21
.002435069826923954
.0026923599280657923
.00036595177455805403
.005369372252852292
35701467605433306e-21
.005912103791225753
.006071156624794969
.020418984725376402
.00030048681600911166
.10807346835245185
.008349798130383657
.0007679996321962408
.04869955231755125
.292621742930561
.0012616184739306822
.6367981606896101
.009843308657228765
12.081670174805335
11.239338473913215
1.3773207375004477
.006271590147305069
.06817982063233363
.07633051371107119
.21582019564657762
.12411186771494084
30.2298072938366
24.008198163659113
8.324648441549137
.00229810272038386
.000498994687729499
.001485112075785346
.006347425353134605
3.4128502385390265
7.470563930645131
.019928271478765417
22.461180514501443
3.309991376958864
9.656275775281872
20.984012592905177
.0013786204594655666
.009467907060367025
.0006381804803048248
2.1897439997509403
.00031456373505383574
.0026347868250969266
.010845877420984031
.000419754811572144
.9343331950876266
.7285911684788773
26356599735758437e-21
.008505219398966507
.8874126413369622
.8002164862331598
3.4808748612265874
.00015606252217791432
6112569720805294e-20
.6146216705624372
.8380579793761157
.07167645531654042
.01056309029947614
.2874173261882542
1.5767336051846401
1.4728102612690614
2.2142659710650228
1.6100036920254526
2.0642041375430926
.027873370274433873
.039838660934217444
.01027839260752986
.00019835991925171254
6.498363406744674
6.2099177189683585
.5678240915111145
.01754852668733793
.004523220468200487
6687907139982408e-20
.0005371721811495436
.09696281811942324
.019904818383682868
.0008175869711886252
.45989183795311905
48201198062612665e-21
.0002476677363248826
.03667420457018522
22848135869108216e-21
0
0
0
0
0
0
0
0
0
0
0
0
0
0
0
0
0
0
0
.7226237853347314
0
0
0
0
.6015369196807531
1289.8698643102637
.004512023306771697
.10314008914005594
.019376932519720714
.2132381318224011
.11127552530871695
.6378100547744884
.13868116149589932
.43828789416160696
.0063191692562198105
3.0268830701299976
3.2607992585852856
.01794831902070739
.039862886096310106
.8284730120237208
.5680108686294433
.25337822030626606
.4590949772359916
.019415602288101227
.019415602288101227
.22700925166969715
56008145064595986e-21
.019415602288101227
.019415602288101227
.019415602288101227
.019415602288101227
.019415602288101227
.019415602288101227
.019415602288101227
.019415602288101227
.019415602288101227
.019415602288101227
.019415602288101227
.019415602288101227
.019415602288101227
.019415602288101227
.019415602288101227
.019415602288101227
.019415602288101227
.019415602288101227
.019415602288101227
.019415602288101227
.019415602288101227
.019415602288101227
.019415602288101227
.019415602288101227
.019415602288101227
.019415602288101227
.019415602288101227
.019415602288101227
.019415602288101227
.019415602288101227
.019415602288101227
.019415602288101227
.019415602288101227
.019415602288101227
.019415602288101227
.019415602288101227
.019415602288101227
.019415602288101227
.019415602288101227
.019415602288101227
.019415602288101227
.019415602288101227
.019415602288101227
.019415602288101227
.23822744624264358
.01062092977647274
.019415602288101227
.01062092977647274
.17256428002983223
.08621927328802294
.019415602288101227
.019415602288101227
.0350943314035585
.019415602288101227
.019415602288101227
.019415602288101227
.019415602288101227
.019415602288101227
.019415602288101227
.019415602288101227
.019415602288101227
.019415602288101227
.019415602288101227
.16223939670254778
.019415602288101227
.019415602288101227
.019415602288101227
.019415602288101227
.019415602288101227
.019415602288101227
.019415602288101227
.019415602288101227
.019415602288101227
.019415602288101227
.019415602288101227
.019415602288101227
.019415602288101227
.019415602288101227
.019415602288101227
.019415602288101227
.019415602288101227
.019415602288101227
.23822744624264358
.23822744624264358
.17256428002983223
.019415602288101227
.019415602288101227
.019415602288101227
.019415602288101227
.17256428002983223
.0613823381370915
.20829713558451154
.019415602288101227
.23822744624264358
.019415602288101227
.019415602288101227
.019415602288101227
.019415602288101227
.019415602288101227
.0350943314035585
.019415602288101227
.019415602288101227
.1486752617428031
.019415602288101227
.22700925166969715
.019415602288101227
.019415602288101227
.01062092977647274
.019415602288101227
.019415602288101227
.019415602288101227
.12008749789469117
.019415602288101227
.019415602288101227
.019415602288101227
.019415602288101227
.019415602288101227
.019415602288101227
.019415602288101227
.019415602288101227
.019415602288101227
.019415602288101227
.019415602288101227
.019415602288101227
.019415602288101227
.019415602288101227
.019415602288101227
.019415602288101227
.019415602288101227
.019415602288101227
.019415602288101227
.019415602288101227
.019415602288101227
.019415602288101227
.019415602288101227
.12008749789469117
.019415602288101227
.019415602288101227
.019415602288101227
.019415602288101227
.019415602288101227
.019415602288101227
.019415602288101227
.019415602288101227
.019415602288101227
.019415602288101227
.22700925166969715
.19228009542181884
.16223939670254778
.019415602288101227
999999999998517e-27
.20230579426021714
.20230579426021714
.16223939670254778
.16223939670254778
.22700925166969715
.22700925166969715
.22700925166969715
.22700925166969715
