0
39.40578233209602
.16619084583875082
.3108497194522876
10.996616319596287
.3428918685780206
6.022691419477821
.19953393292928553
.002828533224013024
.34427000371684213
.026489409415575434
8.408758755306133
.7765340954677684
.6402444196425836
.009000160617156831
7.937474770689209
1.114477045482991
.0038601917045554828
.07630457754223466
.0043974558360748315
.0017299389256451537
.04337966466754516
.00013348545628251958
25660303669100575e-21
.2982165708990878
0
0
.005264678999916321
.006930717118831467
.006452406257470331
.002519690908266326
.00016412446419156437
.014283808412300572
.0012518143851893999
.010176475192014625
32574482441610116e-21
.00044895161718231085
.0029182095054462462
.0005184998744461101
.005759600271564711
1523126081028903e-20
8.910083058391432
14.710038015040878
.0061232490926038914
5778313912082882e-20
.12972822632585987
.007766487508763648
.007340316459449225
.39600817532327703
0
.4822678478830429
0
4.096347605118131
18.045906921083684
0
0
.0073170563159616125
3.1476475562781645
11.751936992454507
0
0
45.064783628979036
29.288093458863266
9.384774606389374
.002514228249905557
.0006278361562559941
.0013841426577925306
.006789532045934962
0
0
0
23.26861470968002
3.1566060351469805
9.881932922256548
15.557682801842601
.0014818053652529705
.007870480368060609
.00038807874167088885
2.148155982553639
.00035702593780368
.0032496285293530124
.011307881949128101
.0016109363626091082
.921277768324751
1.3581301635489464
.00012415306770723137
.025717161132876542
1.280897361793421
1.5999390412207364
3.351092837200412
.003561715722601293
.00042298092059850925
.6195218286137816
.8153140179524053
0
.4977037397347229
.7725715948054763
1.9166928216978893
2.451808591557302
0
5.509656076106275
1.8612489795356006
.5795764367710491
1.1581737929726843
.9799851844081657
.0008648922136109973
49.88337125890119
8.239083032160313
.4317942064613503
.06418533372132022
0
0
0
4.418639863426974
.010568668363504098
.00047889335072478215
.5418105789085915
.0013146324299869365
.00022812746000238404
.016088063178016646
0
0
0
0
0
0
0
0
0
0
0
0
0
0
0
0
0
0
0
0
1.8551001168533867
0
0
0
0
.6029969796719057
1320.4599435547377
.004530434000552491
.1070223475382084
.01828605565733083
.2220985950894012
.5688098156442691
1.0466439452436263
1.4205084506060073
1.4378903856753567
.007942475862162457
5.794744423848934
6.108017557081321
.15686499660072312
.35863746923197665
5.287683516526917
3.697062948071173
0
0
.02
.02
1
8
.02
.02
.02
.02
.02
.02
.02
.02
.02
.02
.02
.02
.02
.02
.02
.02
.02
.02
.02
.02
.02
.02
.02
.02
.02
.02
.02
.02
.02
.02
.02
.02
.02
.02
.02
.02
.02
.02
.02
.02
.02
.02
.02
.02
.5
4
.02
4
.25
.1
.02
.02
3
.02
.02
.02
.02
.02
.02
.02
.02
.02
.02
1.5
.02
.02
.02
.02
.02
.02
.02
.02
.02
.02
.02
.02
.02
.02
.02
.02
.02
.02
.5
.5
.25
.02
.02
.02
.02
.25
2.5
.35
.02
.5
.02
.02
.02
.02
.02
3
.02
.02
.2
.02
1
.02
.02
4
.02
.02
.02
.15
.02
.02
.02
.02
.02
.02
.02
.02
.02
.02
.02
.02
.02
.02
.02
.02
.02
.02
.02
.02
.02
.02
.02
.15
.02
.02
.02
.02
.02
.02
.02
.02
.02
.02
1
.3
1.5
.02
1e-12
.33
.33
1.5
1.5
1
1
1
1
