1.4808512851942905
.8267022217062968
.015160713325472579
.0035143765771436498
61618788849668105e-22
.03474106482790915
7.105534211509777
.6636001112116097
.05699720477396557
.05888992002379999
.06509735274519916
4.782525738407251
.7407299366549153
.3722443577212701
.005511530857715967
3.2013948529058376
.44868871897529733
.0031662165791479695
.07421956967238788
.004744922663539888
.0018661634866825906
.009168663028490122
.00015613735842913377
.00283938605790421
.2685476930055739
17.212703547850378
.00017932278735689354
.005846727029832462
.0066689100132892596
.006296310494795062
15974145109951511e-22
.0001593348910164451
.01386694854532269
.0012150668882885721
.009879499789789893
1865904416573564e-20
.0020835458123398287
.0028322335658514533
.00031211489801831406
.00558310975778792
3051596938017197e-20
.006310126416076906
.0064074788161982985
.019748314946127325
.0003430088291762672
.12277140956099851
.008004340871952172
.0008827383632032949
.045723449376510884
.28477280013917333
.001252523423240028
.6082147278170662
.010625340211938127
12.270302015939098
11.55307214112728
1.3692973357495954
.007064347728425563
.06648547246725633
.07498002002294031
.21099341406885208
.11663217714403201
30.25531619740946
23.566384002634283
7.978190908111869
.0023221805179308923
.0005117039622988086
.001404431277120008
.006331197739662452
3.160853471415527
7.435364213703664
.017444809340383425
21.793016296760978
3.0683162481116986
9.409742497040373
20.31677904540197
.0014367397968414292
.00888342022936836
.0006957819565059241
2.1813675095803617
.0002911474904461197
.0026350296977977953
.011079213225748593
.00033598308108621336
.9896100527022225
.7242051804733253
2150321579745528e-20
.008904884369415373
.8695081269936868
.7746417527807493
3.4418306102117255
.00013891789155371235
52483403255533206e-21
.5897621443886802
.8655424709693859
.0861840974904705
.011717398051013043
.30803665470732977
1.4979609446294597
1.3882592544022059
2.0493808860528175
1.389029144068923
1.904905116773781
.02410496114692213
.03288012173298334
.010775728852226288
.00019191740254841268
5.98780825703664
6.103890230503492
.5307174631089371
.018001057437296575
.0038752985893665743
5935961254945998e-20
.00044829713876772903
.07452369823361286
.022007083055931517
.0008047296512655857
.4642693171151308
4203547585708569e-20
.00024035873002411254
.03437930035078179
20892026742986663e-21
0
0
0
0
0
0
0
0
0
0
0
0
0
0
0
0
0
0
0
.7425474830345127
0
0
0
0
.5383221744463826
1281.9253048964194
.004398223524930886
.10389914224078177
.017752418457141178
.21561714962786727
.11720980132822112
.6674962714217607
.14734873708661445
.4325349785980889
.006225419351720375
2.8576624444281307
3.23555576412221
.018985283000725134
.04312639259987458
.7764678605085981
.5383298073169117
.2838833410482042
.4380149731903257
.019416345208403955
.019416345208403955
.227443931658408
5652372274623349e-20
.019416345208403955
.019416345208403955
.019416345208403955
.019416345208403955
.019416345208403955
.019416345208403955
.019416345208403955
.019416345208403955
.019416345208403955
.019416345208403955
.019416345208403955
.019416345208403955
.019416345208403955
.019416345208403955
.019416345208403955
.019416345208403955
.019416345208403955
.019416345208403955
.019416345208403955
.019416345208403955
.019416345208403955
.019416345208403955
.019416345208403955
.019416345208403955
.019416345208403955
.019416345208403955
.019416345208403955
.019416345208403955
.019416345208403955
.019416345208403955
.019416345208403955
.019416345208403955
.019416345208403955
.019416345208403955
.019416345208403955
.019416345208403955
.019416345208403955
.019416345208403955
.019416345208403955
.019416345208403955
.019416345208403955
.019416345208403955
.019416345208403955
.019416345208403955
.2384554376608596
.01070101106948044
.019416345208403955
.01070101106948044
.17264683579198484
.08623577005851711
.019416345208403955
.019416345208403955
.03529517420164582
.019416345208403955
.019416345208403955
.019416345208403955
.019416345208403955
.019416345208403955
.019416345208403955
.019416345208403955
.019416345208403955
.019416345208403955
.019416345208403955
.16270545938917827
.019416345208403955
.019416345208403955
.019416345208403955
.019416345208403955
.019416345208403955
.019416345208403955
.019416345208403955
.019416345208403955
.019416345208403955
.019416345208403955
.019416345208403955
.019416345208403955
.019416345208403955
.019416345208403955
.019416345208403955
.019416345208403955
.019416345208403955
.019416345208403955
.2384554376608596
.2384554376608596
.17264683579198484
.019416345208403955
.019416345208403955
.019416345208403955
.019416345208403955
.17264683579198484
.061675801611826286
.20843665945765003
.019416345208403955
.2384554376608596
.019416345208403955
.019416345208403955
.019416345208403955
.019416345208403955
.019416345208403955
.03529517420164582
.019416345208403955
.019416345208403955
.14873216074293097
.019416345208403955
.227443931658408
.019416345208403955
.019416345208403955
.01070101106948044
.019416345208403955
.019416345208403955
.019416345208403955
.12012196496250802
.019416345208403955
.019416345208403955
.019416345208403955
.019416345208403955
.019416345208403955
.019416345208403955
.019416345208403955
.019416345208403955
.019416345208403955
.019416345208403955
.019416345208403955
.019416345208403955
.019416345208403955
.019416345208403955
.019416345208403955
.019416345208403955
.019416345208403955
.019416345208403955
.019416345208403955
.019416345208403955
.019416345208403955
.019416345208403955
.019416345208403955
.12012196496250802
.019416345208403955
.019416345208403955
.019416345208403955
.019416345208403955
.019416345208403955
.019416345208403955
.019416345208403955
.019416345208403955
.019416345208403955
.019416345208403955
.227443931658408
.19239048612285856
.16270545938917827
.019416345208403955
9999999999985197e-28
.20243355909988814
.20243355909988814
.16270545938917827
.16270545938917827
.227443931658408
.227443931658408
.227443931658408
.227443931658408
