45.92513852097711
.3422283660702815
1.189405620603446
47.652569109587084
1.469262460833301
7.117116148428926
.8435668925967009
.1992808035606508
1.269260286562141
.07969461553080813
23.855397231852905
.8363450390544713
1.396163869572351
.01841856575721713
10.009854096396664
13.476588386467473
.01087517659115108
.0798526256536659
.017034205852817588
.007487932688087158
.04494662395943916
.013572118073316363
.010111819791531074
1.7957398285046833
31.953710062329474
.0045419087594233635
.006347915495836341
.006301354064837739
.005329391074906831
.005995754367023908
.00019580429164335413
.014145084663523025
.0011515506598199516
.010167440123458542
.0002713065054331076
.004519310699413039
.0030690274233911253
.002497153160066463
.008161077041906847
.00018961081999493306
17.36544996271659
18.608340589179715
.028230952720311092
.0042944349058574825
.14218918509871217
.010349304719201854
.008385236120993542
.6088897483732253
4.824496000283969
5.7719714844370795
3.3356586462997546
5.132185599087071
21.52044296256416
20.506829010553073
2.1419586748423414
.008599595140492756
10.26855797784458
169.50924836448243
.33318983284944065
.1772445102920015
51.87231195562253
52.53925822363316
17.91609671160125
.005864451926474851
.0018375414219229148
.0017379793924256971
.010188266819970685
82.73251453068717
89.2808444207868
.04545156078489845
28.305685404201363
3.4650447772259194
105.00752360894587
35.9647787762519
.0014361555643018192
.008709175510811792
.004789656768086323
2.4614316462525556
.0012591677105894831
.009795307607998854
.012764239127466397
.009021757251200328
10.597540214156947
22.233465361408744
.011662181405580112
.04913293551774183
27.297153300394214
132.57330656544372
7.80139813036221
.016965089891659544
.010714819953951796
6.007710528993232
1.4850777302042613
13.323149407376441
10.52127849564465
6.117597321763057
7.720019167703468
6.189033025378285
4.008884736085367
60.331196869638276
2.162753338446805
8.016530197395381
5.235436161023388
2.6868305821681875
.003533519517916075
55.86952370247145
8.627508639745951
2.069375292605425
.4696115639085516
.016932997133551064
.00019803656120447705
57.271795635723954
113.56725446063535
.09637111679171866
.0033293897428812026
.5412611187654016
.006865749808841828
.008224052774212806
.18749208212108384
428595018921048e-19
0
0
0
0
0
0
0
0
0
0
0
0
0
0
0
0
0
0
0
3.2249784699420334
0
0
0
0
4.218865920129132
1290.972165598125
.004611013143788752
.10344740272237553
.01788720654370833
.22972422020063374
.7402582670791847
1.2046344287537123
1.505686631093996
18.754889371071265
.016439431091387065
6.5053501549130734
6.406876908890751
.3431845980065064
.8786541166805333
85.28291480102486
96.75003113830144
48.845375424059675
71.84699050090725
2.8611013197207895
2.0834523747856686
1.74747054996807
1.6525522973921134
2.5244213560713207
1.6984765572670977
2.5388996858501485
1.9028258385837742
1.8427295980579217
2.403617488873493
1.9266406606775806
1.8062401397184593
1.5681868978794158
1.9041121157046992
1.6116569222789456
2.357441341872159
1.9650794286350228
2.6470912228256123
2.2342229604911767
1.906232103130312
2.484139813324105
2.848165643326638
2.4065812619177542
2.269928761891536
1.7353609525449423
2.5357959960280865
.02396224121341774
1.958157510289379
2.416922383384315
6.2305740104697405
1.9683730461388236
2.092619404943098
1.4341350222631497
2.946334135615684
1.4767098766904359
1.6738491401250066
2.8100750748146894
1.376367159182905
1.8841357011620883
1.6117105528369944
1.7855686533642905
1.3079147080568079
1.659500530539012
2.5663927753045
2.00608889585972
2.0533682793572337
2.030773289011309
2.122674296283717
2.0752564878855875
2.3227802681648133
2.8029761387099996
2.795064811144669
2.1375980146828018
2.0253807369916155
2.082946274432388
2.978205869407685
2.290825607538486
.9308735673130669
2.521032065245197
2.4909102976597577
2.110774251267933
1.4189590384553574
1.921079275810579
1.8068977350105515
2.0897795762445512
1.5687619017490693
2.3463770282104552
2.284695861122679
2.0207389007076286
1.8183417364512033
2.4376767997215696
2.524457714907316
1.8761510378304793
1.9838814439244437
2.3073250920561654
2.213265170772884
2.53594249238933
2.2994287295293856
2.026050695895907
2.9563369266959554
1.9815032171128575
1.9910520069029853
1.3524224308332344
1.5895854460758505
1.6472619521772498
.6600760627410105
.18728843850394356
1.9446006759846135
.010768071382169295
2.4086718090623744
2.337320317081937
2.4174439463434405
1.9623024022460014
.1778671737113259
1.5276500532298487
.20048955981195357
1.298680641556406
2.636530302832479
1.6652095398302809
1.8826359900861844
2.023969657166757
2.2998097434423097
1.741270388458464
1.8298459272300212
2.2400583699668086
2.4976943477031406
.011984681256828656
2.0915031695419875
1.982921523763568
1.6292857660742737
2.151692218209627
1.5715166107825345
1.498673562507149
2.1160365761681192
2.102739913220988
2.044729296992087
1.8160049992402147
.6713254811660638
1.7158102192521638
4.381954184131708
6.122437341212535
1.5543120902571372
2.057411441007334
2.72623481896951
2.7835433466599655
2.9126030326745598
1.8616387974153528
.00866167759992622
1.6336326436838993
1.5202903873125586
2.706275372041196
2.314985632277481
1.9875487802834813
2.1324194914937133
2.2370144038827555
1.9944845205408162
2.2441075561203
2.2021218158377476
2.4268951324988115
1.8022748835000642
1.5840370379249893
2.2124007261423433
1.2940952999038131
.2192939442707049
2.1356291585550835
5.846619942351766
1.5776237884022066
1.791314410422106
1.9447497591249792
2.63192671862191
.8919079528388156
1.6864749549545364
2.1852251451186215
2.0124585017387813
2.146923658760663
1.41518013791209
1.9918178366305823
2.56303545342885
1.9318202839675287
2.59421584331592
1.5589296258184426
1.33307754101251
1.494507700485045
2.033527859180416
2.2086662400421826
2.151903722040639
2.4379834309222765
1.1659668213941057
2.3321122875407982
2.306982870866551
2.2729190643383417
2.3180842091168827
1.7474978436997133
1.931345247470769
2.560127081225314
1.8937474388738238
2.130108938378578
.02482800802562599
2.153249368637339
.057787770562486525
1.883255082973473
1.7757868494747924
.578199912433975
1.4280420916667593
1.7838065203798383
1.5010615772601472
.04812221834676587
2.1035855451500027
1.1795439457688723
1.6080757978018843
1.9865200371060134
1.7568883587123971
1.5842109521968073
2.6886004403359314
3.191627551364813
3.2312941877808323
.769680605183301
.010690074333342825
2.3492094474889313
2.2013544480676708
1.9912974798199845
.049837426942570526
2.590593270296437
1.8049514036998058
2.098578668010992
1.1895467174410415
1.3572033688486123
.00622392956701474
.0038239167203314743
2.6224008076821796
.5884154779080132
.14546416537109239
.9026731010460387
.20677537771624124
2.307723253936489
.11245288357959188
.10061678335801301
2.067197779006019
.5825833344825823
7.454941338725462
2.065085856727366
2.200067504422968
2.150070442159037
2.234162924439501
2.3096504912614884
1.9263554227471384
.11909114411453063
.15570649940230724
1.997917266189643
3.056493560199181
.9517093793684415
1.9257274058075977
2.2957449208374694
2.035857752799456
.010953505331574796
.2914150879519184
2.574331039605717
3.7168107644416213
4.499713136248242
4.627950538746941
2.288968297385331
.011146178571354238
2.655938520157113
1.3124664535000223
.013410030201171841
.009410490949874662
.14084385832704324
.011803537939256446
1.7418658679003878
3.0516307539702825
.01
1.7322968748185654
.014281551301775544
.006850577426967539
1.9778694811201871
.009926926794343786
.007440116915560951
2.269263982600278
.006791662761113298
2.243640609673896
2.329383953653081
1.8086205366149661
1.965804001171227
.00844772707490097
2.030217851443658
2.726219164561977
2.489028862174992
2.6820325208990496
2.309895243795525
2.4705128462841444
.010411211437902504
1.574091637684208
.009738767700831907
.010239699343836018
.009859938963350707
.014435006380901201
.009486946004830209
1.4011329148928366
.08712834072320706
.0725987310681849
.008594925730186213
1.506561285048211
2.211171376511125
.0932715374292864
1.9370501865160215
1.6647368918748042
.05538959121655621
2.1091876446144067
1.5901824257251072
1.7407215442562025
2.890650252890467
.009936281522432248
1.6535171346084845
2.4114244550660833
3.404927997352678
.8021309416082705
1.5672903975286385
2.1194226326464016
1.4373625433412733
1.9600672829291885
1.6791348968369908
1.7776107620244836
1.8565833413613124
.009775447887638464
.20551264772669392
.20808665244764316
1.7732720975420047
1.512144140266953
1.7632072331055735
1.7397685523207456
1.3901327950055828
2.3219597116746744
2.026148723068953
1.825336338485987
2.0026680647117883
1.9245126179344776
1.8290198336492949
.006899713003203108
1.6656150635580886
1.9020612040116875
1.9466172407204285
2.2221827030848
2.9418257100795455
1.8935016085299203
1.980830705938144
1.8991237299608954
2.0158103093800395
.11254080649203371
1.9528595031796598
2.3286642617422926
2.727475348844322
1.603440845236117
2.116246778187451
1.5917877130270335
.21755796793934007
.1722731578977312
.13878882807487683
1.6914724625388735
2.069916400456678
1.9244793531903261
2.281967966269934
1.6050679448994445
1.885403127082564
1.3663251202783206
1.950690125019572
2.1208189391778296
1.8465567130568048
2.4064060314388516
2.351673939791091
2.1020979204861887
2.6254756228209994
3.3979154404600482
2.236532781198442
1.8963586669580619
1.9149997858176961
1.26592457836506
2.3940908733952644
1.60298828741611
2.2116307375403217
1.8128094091493063
1.4326784569552231
2.038756132909236
1.8567345342669515
2.483158625030237
1.4973188570275897
2.0925866367959305
1.4873241391141672
2.219839604435813
1.876270144746252
2.2486198611980326
1.6372260189581853
2.1116453111730507
15.939447359843763
15.674482532316345
2.857326823605307
2.167161971875812
1.9066111785005602
1.4683612421750205
1.5136249378421662
1.4875967021411958
2.7319226936085674
1.685444467889399
1.8485533405889938
2.129100309047155
1.810506136428454
2.9631378132156794
1.7420797468552083
1.7198006054725035
1.557280256073236
1.9330653325124092
1.5182705565078416
1.6697546164824675
1.2680769659095643
1.8226945741237488
2.229984424076996
1.3644441658863986
1.9622940415725414
1.5229557243811824
2.302422222791983
1.8878782738369655
2.629112067633478
1.9474414045363893
1.9421244131649862
2.104652989100699
1.2184299751429544
2.246597084266003
11.00918031022693
2.036388257855822
1.7623200769283345
1.4873681607475029
3.435671497338147
1.8504373217371028
1.7396631529241908
2.6358561505807705
1.4758447277053375
2.0057124682696474
2.9661626401405172
1.6497365033385938
3.2340415282099833
2.389617227324655
2.478263322969702
2.084904333488896
1.4941401464711386
1.6637963489176697
1.6087487556602897
.23740725068235913
2.767180401588312
1.7347117021276066
2.277364715302988
1.8950253382309836
1.855215709354018
2.400540968476321
1.9781601494027812
2.1213377088768675
2.1432424799738943
1.8404319298575074
1.4169914162820378
1.9264134584737787
2.478700151618422
1.8366337075032333
1.8523212819731323
1.4139289347447188
1.797716369495696
2.5227568295463927
2.5605520964801416
1.9658528642423376
2.219729302218294
1.9645110731405586
1.9005200872871941
1.6148604403730447
1.3009532742201466
1.9674628104120588
1.9717560794803237
1.6306240660989013
2.3828432791278713
.19674173699388076
.8508934952496727
.12279125048281918
.8533295032824423
.10049173772633545
.8497716502264442
.09560913714819595
2.025085486388473
.17440462317869937
2.7120039480342597
.0917402594185086
1.051322740769393
5.48421727873382
.33238126864934314
.10674670908443341
1.1913527537624822
.06546466543238845
.21162820018452225
.042054121691150755
.8554225447290553
.08125590209639447
1.091878263039289
.10031101221167198
1.2905960716652976
.17000615706807867
1.0264278288820354
.047679997985396516
.7101356551087485
.0576142803702833
1.473516195933948
.00019734327967090923
.00041488143325831093
.097607886227837
.13704067491777452
