-4454129889347636e-21
-4905938448032535e-21
11437187767593058e-23
-.00041203467016464717
9674815890657944e-22
-13445275127934974e-22
.004982828658096348
-.0004367009816116807
-.00042850559324785956
-5121529900571174e-20
-.0003536464437187516
-6305645106708122e-21
-4922783485230834e-20
-4600190244723444e-20
-51442568934195375e-21
-6276116723260025e-21
-.0006620381663955871
.0195670728713116
-.00043437188846800356
33486951927142387e-22
-.0005498607808089537
-4619652367359924e-20
-4944594654879165e-21
2335249778712558e-21
.005352086682239113
-.00020631101302805846
-.0005070135483832671
.00891854233961966
.0050740142103916875
.0005130108024995515
.0033545475818827215
3963574865027583e-20
2230391599106115e-21
4843253736879439e-21
0
0
.0002121047149931888
.005423981892186613
.003689062118360381
-.0003636637518078467
.025759273294846285
.00016142528207706546
-52148836556127386e-21
0
0
-1882547603262495e-22
-1866690857273085e-21
-.0005340447281696942
-.00188559888380495
-11138752390283184e-24
-20982360487551104e-22
.0004750154289790177
38217216503916815e-21
-5675295646601213e-21
37910987553429354e-21
-4799451520800022e-20
.0015005553743086813
.007164905585088801
.0001821422923285914
-.0004200321556197796
-5380264052054608e-20
-3337883128904075e-21
-4779342638660703e-20
-52679370072138e-19
-.00041789790565030787
-.0047372218719260025
-3602812071810212e-21
4002177699535214e-20
-5244662426517161e-22
.006912259816475805
-.0001710096484555178
.005110384007868366
-23333192402772564e-22
.007011664519767895
0
0
0
0
0
0
0
0
.0021468859563631396
.0008486509774517927
.041275080850726543
.0004415570901480605
9831461550220704e-21
-.0003622331065522516
.00613699988071568
0
0
.00358584001776574
.0073398433309732605
.002017538373583741
.00021845373325177022
-.00043629963537035926
-.00038638025566923017
.0025658731749082717
.013049839642238732
-42221986833849914e-21
-.0004344077219177463
.0019128753554515038
-.0004468285967289967
-.0003269154371437504
-8664051187142091e-20
-.0004311423600418792
.013157326360607487
-.00036260896875416266
.0016156487260045825
.0001491577969913336
.0013167433303934008
.0030287434046052295
.009394211890594898
-.00029491074866595866
-.0003625406166252879
.0002766390526516002
.001032203096095512
.007167271257799791
-5630086211307366e-21
-.05769425278270808
.001576141777006704
0
0
0
0
0
0
.002206052650587811
.005242316855523065
.024389729980933667
0
0
0
.002039055692796165
.0001749734405731115
-.00039502595499722515
-6321525317419371e-20
.002934089416431918
-.10090540019327444
-.00016177551973085434
-.00043554660421221675
.00012463514952709302
-3003377324471959e-21
.003868717890349714
-14789117456869809e-22
.0037397654661854595
-.0002282322862815503
.0004450735125472738
-7710347514180771e-21
.00021899340519341217
-.00029971138212600215
-4931324038138299e-21
0
0
-.0003620089007855573
-47378953415989996e-21
-.0008910378376273878
-.0001803764137922824
-.00032084445137226826
-.00021606362390876445
-9552389869544284e-20
-.10032038334228943
8290927192440982e-20
.00010401878091223374
-.00017319790666494076
-8459497090035362e-22
.0002583180378464167
-.0003603312803614883
.000475562830064884
-.0003630976057413614
.00010345286972598299
-.0004327535200783272
.01418565129380994
.022212258374117062
-.00036020334857757633
-.1297703720323781
.01035967038349997
-.0049154300185431056
-.0004439312562961016
.009238153184970824
.003286061066095454
-.03176642699016256
.0066891401533454575
.12848449660542946
.003720843506805081
.0006451062097625751
-.002858080667731609
.0072281608282540296
-.002869049084533106
.017945277388406875
-.00036312597172396654
3943453656336276e-21
-.00016149818279683045
0
0
0
.006966411391973602
-.007883838709945818
.10146790141111639
.00033913489644502747
.005214653998434253
.008824092762028836
-.00022868173543565747
-.0014130447791336868
0
.0009077380863071678
-.0004422664120285973
.05246713345150422
.049990786102006995
.009342129544019438
.0017148927559537236
.034952344154575876
-.36547545474623494
-.12833974527010625
.036498265934196396
.0038374675912809446
6656459929739908e-20
-.0006645598218353194
.0044418317515757455
-.0021712497781856415
.048934852400229725
.003275916650050889
.007479422950610416
-.0007573697739092134
-.001439591408685884
.006121428377663742
7946253310809884e-20
.004862811264931167
.002243343575643149
.006912524072584706
.0035207210833595663
.0035590888466760042
.0011027914858954837
.0008285764427020037
.010462140847304844
.08682020814405607
.006139612904100598
.0010823382805171702
-.006745563591600271
-.008008241317555037
-.00043282393125401947
-.0714823982774425
.01704061928521653
0
-.0002132593160881141
-.00015517399019065296
.0012785677783342545
-.007656549088455543
-.027005228480402512
0
-.0016207798593726778
.02938824586743368
-.012610039057787145
.00011481548884452679
0
.0020579475991573336
-.00037400970371520407
0
.0002216940336629345
.008541959508605082
.00022421907564223838
-3520094884498841e-20
0
-.00010442286590835288
-.00036403950938552625
0
0
0
0
0
29395128760775732e-21
0
-.0014065674802660833
-.007982903604918977
-651037613294387e-19
-.0027016423118793034
-17511120959795564e-21
.0002742710189049195
.009368143309195519
-.0007500804084375449
.0015911026524991765
-.0002490339856541341
-5529036878011444e-20
-.0022643361890723654
.001555719218722162
-.0003638855144006733
.001389624263595798
.0013706829754129483
-4784416121630608e-21
0
0
-.001377903227725141
.008904867669106833
.02093086596616155
-.14791479515570904
.018565661496957826
.010298525796374943
.08793054781759654
-.06640153679173509
.0015979699647532953
.007162457234768284
-.0004830133312999632
0
-.006546844305043523
.0009141603717033403
-.00043510295389691484
0
0
0
0
0
-.0001352489718561662
-56884760861091924e-21
.009821554739300973
-.00043493408129974834
.014928161241758041
.004821922205136307
-.0029532354410702786
-2779733126592224e-21
0
.00389260318458876
.029379675182165017
-.0001818575624925836
.005449700408131106
.0033116266794345965
.0043406422271690705
.00515737260746131
.0024076069799060526
-6150147634005947e-21
-.00036340249403368503
-.0004341066271276227
-.0004347351879561026
-3445095586733942e-21
6345612681594124e-20
-.0001698598088116953
-.00036219711651568585
-.00036464472852467116
-.0004357883283627499
-.00043547737792342176
-.00036253952133308336
.0017950426231931062
-53332880634098084e-21
-5707474821267173e-21
.004100158445949498
-.000363938273208266
6264988689610602e-22
-.0004341268721494217
37916131150945445e-21
0
0
0
0
.001685690819448045
.0022382123052615836
-.0004469343330297973
-.00045691486197328474
.0003774264742136595
-.0002163738025987507
-.00040040948465349237
-.0004004783617676531
-.00015675049525631248
-.0004173513231500207
1783026331333393e-20
-33632793212426465e-22
-17398572782670495e-22
.004486766567369393
.0034851516960892844
.005882621331640053
-.000363274780352848
-.00036147012176163216
.0031632784901448733
.003166955109602116
.025149185225919846
.0068126179192158
40097818306189085e-21
-2746284992818122e-20
.0020287401967928644
.0033574992701765416
.00014610168299579896
-19798942057824072e-21
38926178025046236e-21
0
0
0
0
0
0
0
0
0
0
0
0
0
0
0
0
.0033510217031074005
-.00036271479301854307
.0008084596573554302
4919004010600429e-21
7618153992932451e-22
-.0004365560404676127
-.00021740721970665952
.00018593882571856638
21365802470362763e-22
-.007430241733659252
.00015613033197875597
-219814578183394e-22
.0017295335987381182
-1268181113969426e-20
0
0
0
0
0
0
0
0
0
0
-.000461698648718414
-49734026340842324e-21
-.0003631235862215849
-.0006321602471382113
-.0004373362932662654
.0004724257209526144
-.0004344511647414352
-.0004380493975807372
-37952787147541185e-22
-9610436604828932e-20
-17521629753144224e-22
4010510099155504e-23
-.00043402549488090946
0
0
0
0
0
-46909446119000534e-21
-6616389909323058e-21
-43191124351870505e-22
-7488630825526964e-22
.011007379123582703
-.0004337101113101714
.005363281742039262
-.0001272893071286336
38786237523113555e-21
.0032173652346201677
-.2115013111968896
-.0003626907386494489
-.0004351388920873971
-4930469102046674e-21
0
0
