45.40192324176682
.3189529876919924
1.1688174818706423
47.33367801181189
1.3115704972275424
7.893608440863973
.794815736963598
.2003419836290626
1.3490195951306114
.07909849270600053
22.498919264353574
.8312103252016375
1.5441419521439523
.02038915600856196
9.176817187304438
11.006872705749208
.010981248151270018
.08096492949378312
.017018016066025127
.006399178931120219
.0464677616307241
.01515491656448881
.01064175744640555
1.7277768143881573
29.333310657323377
.00483339723011971
.006444238854394233
.00670988952270903
.0063094895630848155
.005422173743053251
.00019017680867315585
.014287880065894638
.001373808072350376
.010592015590048414
.0002738122513380025
.004407772732383841
.0029345615032137094
.0023948224208104833
.008665710338450521
.00020751818368119584
18.24847607964073
17.145039085268262
.029961479113020852
.003916222369747613
.1462720093173089
.010622984191621746
.009903417458995664
.5973644300348211
5.438566563324012
4.677059260748645
3.6959252504096565
5.049962611243819
21.02618928656569
20.452383081479688
1.9691643420379528
.008080816100405189
9.54499862520413
161.60265962790683
.3463966920577107
.17914562138620493
53.51272958941717
52.36184274146664
18.115628486995078
.00601703494212987
.0021874878168844686
.0016605083736416116
.010881337848321354
88.32049487331122
84.62724585681224
.043109260403048515
29.459148662115222
3.493926004113712
105.72414640554692
34.21361425735314
.0015530939875250988
.009984559487855937
.005664707595984364
2.663997824767473
.0011016388862279554
.009613513563925539
.01152044752307885
.00861829164893993
11.06006463154178
25.258172679548288
.009838022434032203
.05875490659811078
29.05054750548913
128.9944776372317
7.443759130685174
.01624822360284767
.009972407303171801
5.291766512686662
1.5733473094085142
13.280224926385886
10.56648164605314
6.461855694987943
8.44927895533593
6.721048859552868
3.5730337971932475
62.54976652854828
2.11775227419469
7.560503144909688
5.221038517124265
2.7602538900058824
.0030831087297803067
60.74837094923223
8.577395911110866
2.0965188085015587
.49764333677402167
.01642183022585898
.0001773878062526181
56.423326390626166
107.75530420777
.08982827082391429
.0034662136112167796
.6316733918974122
.006123119808656376
.00681787559154984
.18865856998643546
4456350117870139e-20
0
0
0
0
0
0
0
0
0
0
0
0
0
0
0
0
0
0
0
3.4417253093225337
0
0
0
0
4.782790002189767
1333.3441892408073
.0045772688533834245
.10769586183388484
.01987143523327387
.215850483746275
.7833935049723982
1.2222661956730496
1.6540975109799538
19.30237536841128
.016422093258233725
6.093573265118434
6.597449717518263
.3791259814923195
.8589997036723782
79.91348140300951
86.53758768367148
48.38323397619472
77.44740034085055
3.4717672554084746
1.860288041921306
1.6092227125563734
1.8039514700470778
2.615114799728212
1.6078178759979131
2.3952450849951217
2.095419110855795
1.9327827346774449
2.1828807472924914
1.9571728817684892
1.7713607489824996
1.4277172731432344
2.0121579140565276
1.6349858731515259
2.3928203285911214
1.9234252535002825
2.180604488800069
2.262682591849094
1.8787819551598708
2.6279127716540733
2.790642657285947
2.5451076195907634
2.1248291359800304
1.7307440151079982
2.589902788017012
.02481205028765407
1.7880707246982868
2.3749040958938896
5.475456006773297
1.8994314537323318
2.036291382720505
1.3601570139928827
2.9795508879772723
1.4679265301310245
1.616974608715517
3.0692044669300462
1.296524071723778
2.001820202345745
1.511154232561883
2.059916636316927
1.401819415968947
1.8553997414218713
2.6198255419647154
2.0003608744111046
2.193989912391809
1.8596553802369815
2.248308981550331
1.8142906036593986
2.1474842171478588
2.86961010574309
3.0412545947602103
2.3374549135904283
2.1658471765452254
2.1425241547960687
2.879631041074604
2.4170493070079777
1.032326004663446
2.716316221925417
2.780435569486567
2.126328125085177
1.1253942034476032
1.6917825468126269
1.6812517027493161
1.959474413425293
1.5802079617732379
2.3420269038989168
2.106755900313517
1.9890466265841704
1.714392659840266
2.515778297071813
2.520715557624103
1.960175855393907
2.1557646810752193
2.407180020022417
2.3399133133992898
2.400010280371338
2.301970532898169
1.985266672894949
3.02395883956494
2.2614976816387986
1.9016768457341864
1.317838548375628
1.4917044159715511
1.5926186795819806
.7513550375355011
.1691683424494556
2.119984004042808
.0113182667227819
2.479068771229266
2.2318806305131247
2.451410805228564
1.8404117926955255
.18924270686858907
1.5231357061723392
.20192558357979423
1.129943239240884
2.9987622311782185
1.7619978199415651
1.8517135931200344
1.812068964589562
2.086466686061556
1.7162923527892096
2.0081940063337553
2.052494412415184
2.282581340510409
.010501709560614246
1.9546615301741843
1.926735890738943
1.434123416455631
2.219975464230767
1.7810636646909273
1.3353513399178025
2.2353716888954485
1.964756190806853
2.015940462794203
1.883781427004793
.7248166675353397
1.7668901593631687
4.8310460958938055
6.4010199845562274
1.5166824257030727
2.1384488538043946
2.4870108937561834
2.583835470918935
2.7828047883301066
1.895571537550411
.00889153889588923
1.5895711445123213
1.3972116109821178
2.712898713130693
2.53179170238874
1.8430092984528659
1.9231251900594954
2.363581283800627
1.9444212944606765
2.662740709775149
2.1291323965986955
2.2939340818730547
1.8133398913907732
1.651617589348691
2.1473529090586387
1.2936980540544802
.21668729360530928
2.225502068726124
5.8798484291481135
1.5582132896162613
1.770103293261916
2.1433050629514163
2.3565049702248237
.9820044689485091
1.6101269157426967
2.1121186335946684
2.1118101617942964
2.301196433715533
1.4393408647507737
2.1513962068875485
2.665540593145059
1.7979678537870452
2.297817073790272
1.4748966479226613
1.149341340679506
1.6221426585653684
2.0095619135423197
2.2539364136240114
2.284737005503504
2.8033247932506065
1.3156546215090026
2.3003228038190344
2.2355928166773102
2.262183750842077
2.384383738382905
1.7707381077002697
1.8828368763182077
2.944541945002149
1.924901812124269
2.079078101451487
.023505819047272496
2.096730498867096
.060506427614892166
1.8631503229533453
1.9161263302011877
.504009556934486
1.4523345355744712
2.1026153937704004
1.228537995294642
.04736897353152868
2.082179897767242
1.0756441809953228
1.5645922569111006
2.121596339564359
1.9033582861930722
1.5469136361773943
2.3657018402160386
3.4137017510746954
2.9648984243602765
.671641333053526
.011745202452990964
2.015673731021355
2.228511625979708
1.9600377793916282
.04740071601992995
2.4855533131447896
1.6759935060883027
2.1198316110552256
1.2589199079234383
1.349602100975874
.0063512288705227455
.004358031178269851
2.2973770293027393
.5833783076569662
.1459981604599837
.8261170296539215
.20566976593766897
2.3490842645706684
.11260997602546766
.09240007776222
1.766065995322248
.6071513698775673
8.575056494470342
2.097895588916635
2.1385179273814723
2.5168833976442033
2.352698623232945
2.1700298458126217
1.9856793467003173
.12563697329146623
.16719812023066277
1.9334419359153023
3.1794849543159227
1.0089243790825164
1.9333609004767323
2.406217447118796
1.971312532874987
.009972489437645355
.2854199351126583
2.8120610666973738
3.428886580042213
4.165776391409547
4.3246337947737
2.3640234079007603
.011279160140987664
3.1095276385707775
1.364590343319921
.014763083537225696
.010901946201533588
.16374302777471322
.012469674749829513
1.7664961183517136
2.731519662279037
.01
1.6782938427591332
.014957052295796988
.00717348219372141
1.829059233752793
.009530297835139586
.007595056456553679
2.303752007633564
.007225422520574671
2.5117233969473673
2.2574039157041543
1.678370816618519
1.7021104117611698
.008882986898029918
2.050335661088462
2.556016911981414
2.4315627997448734
2.4677460971776353
2.1464950870540007
2.7392861420170114
.011358157772336168
1.3683078895465837
.011077616137000496
.009554593208854798
.010346097570362416
.012654977023398236
.010393302861498487
1.4090616855366587
.0850309530037937
.06701302074490198
.00927296601741759
1.2878833131599237
2.2813032049992565
.09805178246642268
1.8921220703900439
1.5146419239910809
.06280827707895939
2.3179619231673865
1.740690477605136
1.7617046515433357
2.91182816834568
.00844042501434474
1.653705584458572
2.6256478680915833
3.400539889808519
.7581565654860526
1.6228441158787248
2.294424922020792
1.5672343898377172
2.2943135780622166
1.6928146499773822
1.8815770937412837
2.1030025559477576
.009648106391962554
.21003479472342404
.19600452235325744
1.9312842290666454
1.536698819938809
1.9533781494436444
1.7515894870183255
1.448501010556175
2.260148806303694
2.076578108160206
1.7827173901718951
2.0265770208783076
2.1676895926774993
1.8629408127675224
.006264599796509761
1.583308953041837
1.8956923628744091
1.7861597300895882
2.144589667841066
3.13195288972427
1.6832718443163825
1.8831036975520206
1.8379883317014614
2.0500721994996756
.11201954077555673
1.7867382006659862
2.3177948613678634
2.3131971688640585
1.6354278760379535
2.5750976829259593
1.639990397788067
.2322118294338482
.15143528643161894
.12261724108767172
1.7142297840453158
2.048014562036305
1.9514848734565935
2.4675882330896575
1.3958765622062321
1.8302769080357972
1.517151081084924
1.9915051748010357
2.4239666805245137
1.6973185343465793
2.275332527488559
2.362936544352952
1.88321070989638
2.237351219426351
3.2176699710041
1.9767299806334508
2.0950676170401628
1.8285359398552945
1.4029194224060557
2.081959312158302
1.562055671629295
2.184116744048594
1.9327300551275919
1.5757156709580529
2.1853826685093067
1.7121329669257002
2.2404673906813946
1.3501378160982551
2.232203609725765
1.619618479505789
2.2917778763875263
1.7085063480219513
2.1956077025878917
1.751494211425095
2.029772680258396
15.267947564038847
17.990037857157432
2.3667616018568998
2.1886119790985665
1.7456614344221557
1.3085721593018198
1.60130045248559
1.5641236148021302
2.617823552331835
1.8162480562056755
1.7349093613957833
2.167589853520827
1.8929386952909306
2.836548745844161
1.67845585855971
1.8178288155998763
1.4337919772610708
1.9065670702299535
1.4513811500139948
1.8932570406246119
1.374566400203941
1.8993047249497201
2.2208461299653464
1.2058827079924008
1.7522208145154754
1.5209781650455936
2.367983236493335
1.8803627842312423
2.7694043315855974
1.7871675392500075
1.9143130136496422
2.5984134541487816
1.225950251830323
2.5385828675193016
10.978183058630407
1.8183792896817617
1.6312644829967462
1.720867407972047
3.409245077332763
2.046654933727569
2.0077785235923993
2.7694443358824143
1.5586023231581343
1.905467308903314
2.7534128192831573
1.404864821888923
3.3109352160258165
2.532215613245093
2.446746788907142
2.089511113206494
1.4497136043635888
1.7090179788215707
1.7471922864016134
.29427058217429775
2.930153996034665
1.831137422389792
2.426426653403584
1.6958969918967954
1.9638543901241916
2.465235959837015
2.0749398667505243
2.1101283128503163
1.9989025763663144
1.6611216445160515
1.3380960676623812
1.946042066599935
2.3172062855307183
1.8172844532282681
1.8508368788984426
1.629501232329172
1.5852724585056306
2.676215626720608
2.8885386934689765
2.0335314880872346
2.1033748139743293
1.9398203415918402
2.309148476494909
1.7561608961641162
1.3838141632310725
2.1840456919839126
1.8122431976880033
1.6181424169930652
2.3081487769507496
.16647526136993787
1.032823071266861
.1184420241331756
.9612075200621715
.10733397653975822
.8696702983678793
.09306633328508826
2.2317080385681956
.16088579627443395
2.496267773664751
.08436614531092117
1.0153052381039525
5.920991794563086
.3478185080501427
.11524884212524857
1.2603641711346194
.07002817091633211
.2308396742113407
.04100411079574189
.8599887824429687
.0711756302407442
1.1538035552236086
.10060804163984022
1.2179497861593438
.17550965570146632
.9937491096329807
.04886090105627506
.7019051655189683
.05841672350786712
1.39630044705041
.00019570927982866465
.00041278936094361776
.1181119434758971
.12335830751179763
