6142928687886806e-27
39.62579286344705
.16693838782340034
.2729074471433103
12.229836863982722
.35756495868851634
5.953693513857972
.16806997131027454
.004366030781792234
.2867607020210956
.03123570962657771
8.406352635590844
.7729066969915016
.5381003976527796
.008450334209395938
8.36802781595082
.9643639957982956
.0043621558148076375
.07598694405526468
.004682249858241188
.0020116917610138543
.04255075677317427
.00011494670525220533
2491246485866102e-20
.2950876213262934
4346957125872248e-23
15159343201017908e-30
.005183656168747424
.006164029278865498
.005407718508282271
.0026457401058772776
.00019456429426430803
.01475501706160848
.0011570269947342574
.009695486520014574
3236247195408472e-20
.0005368199376367058
.0028872269304900124
.00045417452748122906
.0053451588459487685
13809027688355123e-21
7.93174818241838
14.229043560332704
.007422875219168143
6752237341889236e-20
.1165902586279826
.007558788960062089
.007075758483143772
.40328229813840666
8007041482289107e-26
.42430402369416803
34169763127059035e-27
3.8023769918055352
18.679456369619434
17161686051008368e-25
24096886893624405e-26
.007441534805501005
3.164209840770811
15.100413439402049
26353425909067003e-27
24253617164915866e-27
41.74097031681019
25.865938502926465
8.667081772326124
.002444499835303874
.00047928113893332895
.001499092814986831
.005985878898303133
5293307823076965e-24
0
7264722938046771e-27
22.573519478805945
3.481673291321362
8.563978489519856
18.182280561858462
.001447831539449151
.007938647844424995
.00040817175724427475
2.0384543138896225
.00042563505843161464
.003441788610543592
.011578938625982424
.0017763506404129452
.9088049360193492
1.3460157103928605
.00013754900015713949
.025589690786428046
1.3789215337671896
1.6764444404222456
3.1999638227902416
.0036979102174666038
.000407796003521234
.6535581264027049
.7589207775193698
11637927284491887e-27
.46303893031957566
.70313659715254
2.1806139381333733
2.5860201931319615
3672408442720534e-25
5.805132824468787
2.0079812240193755
.5870937974922784
1.0329950280229152
.9923276752515946
.000909663622804179
43.591014513739
8.387019854256717
.4416416451181531
.06422055542330343
5703634762809611e-28
6578371923272584e-30
3258007622090535e-24
4.987039573993073
.011226836988785639
.00046486873771614464
.4838786188997875
.0014865206312713217
.000260032008916663
.01660294033353594
33951871310330165e-31
0
0
0
0
0
0
0
0
0
0
0
0
0
0
0
0
0
0
0
1.8465186236800433
0
0
0
0
.6234758570877095
1323.6361675132166
.004126043725602895
.10425410561766237
.01871771188856699
.2223224646066311
.46364138820555734
.9764202349834536
1.2931788092655734
1.3980784336612662
.0072323926041302986
6.360866402488453
6.328683751431282
.13708229949408526
.3756619281499675
5.740539132770087
3.6644989673878365
990993861769602e-25
14128329435862222e-26
.019999999999997544
.019999999999997544
.999999999993857
7.999999999606852
.019999999999997544
.019999999999997544
.019999999999997544
.019999999999997544
.019999999999997544
.019999999999997544
.019999999999997544
.019999999999997544
.019999999999997544
.019999999999997544
.019999999999997544
.019999999999997544
.019999999999997544
.019999999999997544
.019999999999997544
.019999999999997544
.019999999999997544
.019999999999997544
.019999999999997544
.019999999999997544
.019999999999997544
.019999999999997544
.019999999999997544
.019999999999997544
.019999999999997544
.019999999999997544
.019999999999997544
.019999999999997544
.019999999999997544
.019999999999997544
.019999999999997544
.019999999999997544
.019999999999997544
.019999999999997544
.019999999999997544
.019999999999997544
.019999999999997544
.019999999999997544
.019999999999997544
.019999999999997544
.019999999999997544
.019999999999997544
.019999999999997544
.019999999999997544
.4999999999984643
3.9999999999017133
.019999999999997544
3.9999999999017133
.24999999999961606
.09999999999993858
.019999999999997544
.019999999999997544
2.9999999999447136
.019999999999997544
.019999999999997544
.019999999999997544
.019999999999997544
.019999999999997544
.019999999999997544
.019999999999997544
.019999999999997544
.019999999999997544
.019999999999997544
1.4999999999861784
.019999999999997544
.019999999999997544
.019999999999997544
.019999999999997544
.019999999999997544
.019999999999997544
.019999999999997544
.019999999999997544
.019999999999997544
.019999999999997544
.019999999999997544
.019999999999997544
.019999999999997544
.019999999999997544
.019999999999997544
.019999999999997544
.019999999999997544
.019999999999997544
.4999999999984643
.4999999999984643
.24999999999961606
.019999999999997544
.019999999999997544
.019999999999997544
.019999999999997544
.24999999999961606
2.4999999999616067
.34999999999924747
.019999999999997544
.4999999999984643
.019999999999997544
.019999999999997544
.019999999999997544
.019999999999997544
.019999999999997544
2.9999999999447136
.019999999999997544
.019999999999997544
.1999999999997543
.019999999999997544
.999999999993857
.019999999999997544
.019999999999997544
3.9999999999017133
.019999999999997544
.019999999999997544
.019999999999997544
.14999999999986177
.019999999999997544
.019999999999997544
.019999999999997544
.019999999999997544
.019999999999997544
.019999999999997544
.019999999999997544
.019999999999997544
.019999999999997544
.019999999999997544
.019999999999997544
.019999999999997544
.019999999999997544
.019999999999997544
.019999999999997544
.019999999999997544
.019999999999997544
.019999999999997544
.019999999999997544
.019999999999997544
.019999999999997544
.019999999999997544
.019999999999997544
.14999999999986177
.019999999999997544
.019999999999997544
.019999999999997544
.019999999999997544
.019999999999997544
.019999999999997544
.019999999999997544
.019999999999997544
.019999999999997544
.019999999999997544
.999999999993857
.29999999999944715
1.4999999999861784
.019999999999997544
1e-12
.32999999999933105
.32999999999933105
1.4999999999861784
1.4999999999861784
.999999999993857
.999999999993857
.999999999993857
.999999999993857
