-.003138416856139744
-.004526585106716587
-10400836958304691e-21
-2365965445763023e-20
-.0061238378811235865
2620205364661318e-22
-30773917286682127e-23
11079148346655952e-23
.0017947322429177502
-.0005563877292875383
.009644136937002923
.017370282877809017
-18950454442979676e-23
-46494099876781996e-23
-.0010961625698556261
-.001045026293567208
-162595917394332e-21
-7514361003983729e-23
-.0011499411083754402
-.0030624233676544324
-.004535828069384289
-.0025221329508215195
-.002606073945857729
-.0014868967127589006
7960472392321459e-20
-.010014176502491161
.0019322045440466021
-24681242555928996e-21
.0027776047770103306
-.0005543171479503483
-30544700540689145e-24
-63038988212663244e-25
.0011703079407913415
.0008380344273433421
