597460376117154e-26
43.223289492410686
.1570468749186512
.31715032946091537
11.841220845774373
.3551241143885571
5.879140834146351
.2244124710837645
.002902404479661521
.3040914198069866
.028096585216785343
8.309421728262397
.7898420129883209
.5978517834505198
.008814903463836576
7.623331767457845
1.0155987604521137
.0040315625815760155
.07674540670897673
.00428783625296152
.0018946396663481475
.042782906818628105
.0001432443892430995
16652464688930905e-21
.2747865532308823
4304805140487737e-23
14178448577578226e-30
.0053273348799322716
.006130948839136595
.006078976420145347
.002181197066919003
.00018544495446021144
.014414001332056421
.0013121516159221177
.010253563163609149
3392249227650359e-20
.0005066172390195957
.003009543145350337
.00050144607315428
.005535500534454475
15612446844292042e-21
9.52104436954081
13.821315657398792
.005950623354785358
5950118008521688e-20
.12361724921018127
.0073399771715376766
.007347025969385008
.3822248548825928
8071773665596297e-26
.42981408340760247
26440509496877643e-27
4.049451426776793
17.814001068868095
14442976275412617e-25
20498752732394552e-26
.006862854115027594
2.7443955258192068
14.949043527307396
27241301152552137e-27
2191704732222926e-26
41.95593964068467
26.417285394574737
9.766968804403529
.0025388909080750065
.0006091211160248066
.0014153967746463648
.006388059158309143
5204202686777668e-24
0
7484947585662857e-27
24.641139629913553
3.470306767495374
9.412308263742478
17.42852903047731
.0015005779290690458
.008641068365375424
.00043485348977394467
2.0899560844234752
.0004041333125083956
.0036565165456937526
.011483901459746577
.0016169274324059567
.8585869203316542
1.6639458253504071
.00012918832642710412
.02523621442222514
1.3206012589055793
1.8115397969817906
3.197616621810645
.00344569968527819
.0004624176121370712
.5908133587500513
.7918571101300366
10698160415450964e-27
.4598239656016207
.776862825779766
2.2579042122613804
2.8339560566935815
36351169724307624e-26
6.105771797604336
1.99311779491933
.46666113028102696
1.1487074485459166
.8724275024975074
.0008025416644689343
49.99999999992034
8.282643290300802
.4144227087072901
.06940217217572901
606408201559032e-27
7296616978723222e-30
3320924048558505e-24
5.159535881739505
.009622549958542675
.000510196542828877
.4974585010851142
.0013741852652956797
.00024523221797547004
.01506693418631142
3281436528014743e-30
0
0
0
0
0
0
0
0
0
0
0
0
0
0
0
0
0
0
0
1.7602417643810278
0
0
0
0
.6104693600057763
1347.6494718329152
.004723969712119587
.10615671216417459
.01959003143079892
.22566684144514437
.5590183840037719
1.0744492734159028
1.3658956036737784
1.406095840204861
.007781353353228284
5.668251035995679
6.10927867657868
.1409278715789892
.3561740770905912
5.105836112295955
3.9327202794166696
9519693088925867e-26
16206156822073685e-26
.01999999999999761
.01999999999999761
.9999999999940254
7.999999999617625
.01999999999999761
.01999999999999761
.01999999999999761
.01999999999999761
.01999999999999761
.01999999999999761
.01999999999999761
.01999999999999761
.01999999999999761
.01999999999999761
.01999999999999761
.01999999999999761
.01999999999999761
.01999999999999761
.01999999999999761
.01999999999999761
.01999999999999761
.01999999999999761
.01999999999999761
.01999999999999761
.01999999999999761
.01999999999999761
.01999999999999761
.01999999999999761
.01999999999999761
.01999999999999761
.01999999999999761
.01999999999999761
.01999999999999761
.01999999999999761
.01999999999999761
.01999999999999761
.01999999999999761
.01999999999999761
.01999999999999761
.01999999999999761
.01999999999999761
.01999999999999761
.01999999999999761
.01999999999999761
.01999999999999761
.01999999999999761
.01999999999999761
.01999999999999761
.49999999999850636
3.9999999999044062
.01999999999999761
3.9999999999044062
.24999999999962658
.09999999999994026
.01999999999999761
.01999999999999761
2.999999999946229
.01999999999999761
.01999999999999761
.01999999999999761
.01999999999999761
.01999999999999761
.01999999999999761
.01999999999999761
.01999999999999761
.01999999999999761
.01999999999999761
1.499999999986557
.01999999999999761
.01999999999999761
.01999999999999761
.01999999999999761
.01999999999999761
.01999999999999761
.01999999999999761
.01999999999999761
.01999999999999761
.01999999999999761
.01999999999999761
.01999999999999761
.01999999999999761
.01999999999999761
.01999999999999761
.01999999999999761
.01999999999999761
.01999999999999761
.49999999999850636
.49999999999850636
.24999999999962658
.01999999999999761
.01999999999999761
.01999999999999761
.01999999999999761
.24999999999962658
2.4999999999626588
.3499999999992681
.01999999999999761
.49999999999850636
.01999999999999761
.01999999999999761
.01999999999999761
.01999999999999761
.01999999999999761
2.999999999946229
.01999999999999761
.01999999999999761
.19999999999976104
.01999999999999761
.9999999999940254
.01999999999999761
.01999999999999761
3.9999999999044062
.01999999999999761
.01999999999999761
.01999999999999761
.14999999999986557
.01999999999999761
.01999999999999761
.01999999999999761
.01999999999999761
.01999999999999761
.01999999999999761
.01999999999999761
.01999999999999761
.01999999999999761
.01999999999999761
.01999999999999761
.01999999999999761
.01999999999999761
.01999999999999761
.01999999999999761
.01999999999999761
.01999999999999761
.01999999999999761
.01999999999999761
.01999999999999761
.01999999999999761
.01999999999999761
.01999999999999761
.14999999999986557
.01999999999999761
.01999999999999761
.01999999999999761
.01999999999999761
.01999999999999761
.01999999999999761
.01999999999999761
.01999999999999761
.01999999999999761
.01999999999999761
.9999999999940254
.2999999999994623
1.499999999986557
.01999999999999761
1e-12
.32999999999934937
.32999999999934937
1.499999999986557
1.499999999986557
.9999999999940254
.9999999999940254
.9999999999940254
.9999999999940254
