-.003015193417216947
-.003279422068573327
-8407943400192013e-21
-17653906160484748e-21
-.001094749865648345
-31510430809164803e-23
-3381589780513567e-22
-.0010957120029111392
-.00021899190168406268
-.0006327192097513571
.008977367916937156
.015940768988527705
-15809050554684226e-23
-29333989823150787e-24
-2783406853752576e-21
-.00044794028008848086
13052130339995626e-22
-7686781580528198e-23
-.002487190948387349
-.0013756542145727073
-.0008923229589297375
-.001251683633501623
-.0008396841428331672
-.0019431466882474967
-.003845671179472465
-.000947584229315646
-.0011608731295917076
-.0012084081873489413
-.0012101303877560298
-9401926589216259e-20
-4430035843164609e-24
-3927759741214256e-24
.0003981033900909736
.0003775644560940122
