6587355130494507e-22
22349028205227877e-24
-149250237691141e-21
-.003021332256233686
4271257762515788e-24
-8575869345036581e-25
5548728872538065e-21
-3747410540724699e-22
11492228578744729e-21
1815882717403675e-22
1865961509339313e-20
-18696105098973602e-22
20911223776887172e-23
-7971331357445886e-25
-18470835946521058e-25
-5544609328331822e-24
-9491612694972213e-20
-.030327295000586067
-.0010736538548757296
-10576172050336673e-24
-.0034114526730942897
5812134759621956e-24
-3940523947019296e-21
-18132016724970228e-23
-.00044608920272131883
-5418189085562855e-23
-.003978240666260269
.0032684162707157928
-.0006994383745484833
-.0008910280971611269
.0001436388089643398
9035480352230533e-23
6420779436300767e-22
-.0005430111665626007
0
0
-.0008553088130076164
-.0019179070305012098
-.008846570767717561
-42234760991211205e-23
.018820807189192136
-.0020256214647574418
14396661042316087e-22
0
0
-13490577885148903e-24
3760643205564184e-24
16540536887193968e-22
-.001176551668617514
-3590168125538609e-26
-3098662527964872e-24
-7735075132410442e-25
-27952354154193507e-25
-2782959356667509e-24
-2993968592949165e-24
-5704892963355867e-25
-.0005292078566598079
.0029144228064634536
-.0038315618841728077
53677645951802904e-24
-30215318192033e-23
-20885513540633314e-25
8604822313790925e-26
10167935190900427e-24
35249208732725707e-22
-.0002549122642055722
-15840748264876483e-25
11361527118391995e-23
-31597150741177814e-23
-.002228182779495462
26999766738613094e-23
-.00170805718921659
32385584088871096e-22
-.0013342073252415954
0
0
0
0
0
0
0
0
-.0031252001222850513
-.0010239508293925052
-.04482700353631206
-.001102240306956305
-.0014532485958639295
-10112333909704586e-23
-.0009715330959649178
0
0
5446138776043923e-21
-.0036338436060588675
-4773392805602371e-21
-.0004417229459832806
-1955973278087817e-21
-2494920179536734e-20
-.003968976120905571
.007290216109483229
-.006840764472844585
385919911120397e-23
-.004273873097617546
-13888831181899275e-21
-11835788327775644e-23
24145258805559855e-23
-.0030204518122042816
-.0025143728533882966
-3457401392018691e-23
-.0033692189107488767
-.0028657061171343087
-.003478589671617687
-.00023123478334482063
-.05114867851233002
-700898810006945e-19
-.003931908718313663
.00023842290771286902
26384840425833343e-24
-.00013438170012175976
-2388580546195843e-22
-.12590015085272696
-.003925755174778965
0
0
0
0
0
0
-.0027092567464615273
-.0019956335568478067
7156586709867405e-20
0
0
0
-.003713068873568083
-.0033762375079570968
-477837298259543e-19
-.00010742954989880756
.003375486533149694
.016916615999474686
14266782772770976e-21
14640833009008969e-23
.0006119704157193499
1183728461720087e-21
.007479295538943816
-52949768317318705e-24
.014268132229878836
-.002199121688774602
-5884611023870142e-20
4590060360699491e-20
-5409352639499029e-23
-.0037383369640561818
-8712295733807047e-24
0
0
-.0010734109925097193
7805349778170985e-23
-.0002919173690420463
-.00022883275576600465
-18649674960160388e-22
-65983396552161556e-22
-5251856943742277e-21
-.00516714660243113
-.003025119632525984
-.003929408245313736
-2100872463634555e-21
-12534550856880476e-23
-12598071354090005e-21
2256587667624791e-21
-.0004464750416799386
-.0010736872612743258
-.0039297811322196894
5726309937590955e-21
-.05268068882245975
.014933045740256206
-.003931878746547844
-.12958994521123204
-.062482717047305944
-.007875862324801001
12234007460022888e-23
.0018425897149649765
-3182144707388021e-21
-.001860988195010531
.0029093075242634936
.07009132759200142
.0005332658972326448
-.004193295031943688
-.01141512748817532
-.004802161514305017
-.006870108153342189
.0001328212145528469
-.001074550597110305
-.0039325744195635596
-.002865877877378711
0
0
0
.003113629527748086
-.009609832166614039
-.003687302821896873
-.0016095228058240335
-.002575821422996115
-.1143249323202749
-.021398095439419906
-.03059867214305481
0
.0036167491529020884
1622673766312189e-22
-.033818748406734184
-.02944051202441607
.010413700311028493
-.003930580189453926
.03812605687433083
-.3714780910365554
-.11483345772307162
-.06583913568090413
-.0018681852280912532
-.005535043556290202
-.00041412934100039785
.003785708725448275
-.0023648831725609433
-.05525987642727709
-32769852522653746e-22
-712376312295098e-19
35994373374169996e-21
-.0011452677281970239
-.003009509623440041
4899624066553683e-20
-.003523868472002764
-.000765592002049238
-.0006378148466671459
-.000885025745913452
-.0010909923546907525
-.003931440506537571
18950545178129274e-21
.0014561102341025037
.06404062227819175
-.0018920852615053052
-.005695333583666502
-.009373555417977164
-.053234879558197494
17272655552541303e-22
-.0643321701880119
.0010580803319735748
0
-.004623235657394027
-.008060470599528009
-.0036972029589195173
.0032797137194711732
.027133397612977336
0
-.011090446520567683
.019708386521400202
-.016256676902017545
-.003815025710961252
0
-.0028297057381037358
-.004998120836102223
0
-.004127778168011242
-.001179677215250898
.0002626720518549332
-.0027594473000992895
0
-.004581385336701421
-1530875367767792e-21
0
0
0
0
0
-.004879935674539057
0
-.00956641690460644
-.007732094275574736
-.004652851619021758
.009172029414961237
-.003935566005442992
-27214693311567215e-21
.0018627112243990208
-.007123908433384496
-.00282650097429485
.009123154031862488
14347619345721229e-22
-.0015192919232084226
-.0033344219677709837
-.0010739194049038674
-.0033297291063740407
-.003369289178445925
-6650728546622765e-24
0
0
-.0031596337121063537
.005892615346903859
-.05883825809837788
-.15324156834363215
.021716877917259125
-.05712510148832411
.07789004342392458
-.004569327453856311
7997770745264852e-21
.0002083181861554976
-.002622174495028724
0
-.007865712855002888
-6384544216845331e-22
-14179496404877256e-23
0
0
0
0
0
5781043834167667e-20
6918601413537952e-24
.0016803713210821081
9161877432624495e-24
-4058373798344913e-20
-.002401923925219043
-13085280331100599e-22
54265275405641056e-24
0
-.007156644057823301
-.00203498712372304
-.0002530278231743957
-17684974780571909e-22
-.0020720232080044575
-.0051595565923268725
-.003298686856998257
-.0021137159080402935
-20337158209851047e-22
7767502457415307e-25
-2263427285339567e-24
-42615994922244645e-21
-.0011165587968359743
19433038179777284e-21
21575439623674322e-23
-11759178772451652e-23
-14970169554233376e-22
-1402829242085457e-24
-7557691874040081e-22
3138617624845866e-23
-.0019852703541497364
-1010215404589056e-23
-17486435008873375e-25
-23159930330605156e-21
-3435561588627915e-22
-361703648054264e-23
8351657555002944e-24
-30506005998326613e-25
0
0
0
0
-.006348106313174437
-.0038915947970994515
-12097957807281851e-21
-27137777665457554e-21
-83033755843082e-21
-3621920267312123e-22
1387763275264447e-22
5581947076837422e-23
23119582515655977e-23
11617337020405372e-22
41471111037336006e-21
-57517967727379035e-25
-4386490578158076e-24
-.0007379494157077472
-.001071969456159518
-.003375389201723009
6965389411044971e-24
10326134212174162e-24
.000904264584371547
-.0036929407262606103
-.0853480464993699
-.030525790744431514
9334205734274098e-21
-14197427441674322e-21
-.11972034780979315
-.0010438363165415016
-.003896721939130285
-.003330143438759895
16413669610587437e-24
0
0
0
0
0
0
0
0
0
0
0
0
0
0
0
0
-.0009695945353496743
9211444915131931e-24
-.00015952577647460511
-4246915195018762e-20
1985565296768506e-21
-24671450059701294e-23
1991637660811292e-22
-7117544789620923e-21
2262732414089463e-24
-.019715698642647533
-.0013581454296091335
-28376225616757097e-25
-.003332181466488611
-6160809571736766e-21
0
0
0
0
0
0
0
0
0
0
-8472146955840396e-21
-426251701180429e-19
-.0005943297914437516
.00010149480383317408
-.0039451198466610585
-8059000946834038e-24
-34077644223862445e-25
-4108002047343171e-21
1965211707169828e-24
14742038690349149e-22
-3843309721951586e-23
-20921345734763693e-23
-37738457593161655e-25
0
0
0
0
0
-58075022846212615e-25
11067561836035393e-24
10617632701592893e-25
17924887186501652e-23
.0041977748781268625
2672963554013507e-22
-.00043884858187263193
-5150293056272665e-23
-5531290962704823e-24
-.00016571501589285675
-.0014215380666868522
-7166091390450081e-24
4659030663636464e-23
-3418071679262791e-24
0
0
