6024856986784302e-27
41.676861221418804
.16303672022009172
.2936225416018003
12.058314614585457
.3806972191135455
5.714376719473847
.2161480108605325
.0025058418818193467
.32346112403349897
.026206642554034397
8.652526103233173
.7584141008103362
.602778536663699
.008129888894037318
7.723839338575704
1.0582795586571647
.004014973711226919
.07526817580245677
.004437925212415423
.0018289144765531143
.040850239944354154
.00013174222550424458
14366253604255252e-21
.27051455712352607
43351257111028326e-24
12657854307795354e-30
.0053800215677677005
.006491828263769103
.0058097791347585526
.0023998669670262434
.00019054769252286688
.014350024095057095
.0013396313232296878
.010439905120105872
3311313090227974e-20
.0004968147033245236
.0028522994837343668
.0004970906217907999
.005662982132700336
15518110817180654e-21
9.482551690304216
14.112550412622518
.0066029411496672736
6465644597720363e-20
.12400745911633707
.0071997559249429655
.0071051821545765935
.3822235468456153
897040049283452e-25
.45381383392882857
26737933161013606e-27
3.9785857616035227
17.7594921979159
14997167753813661e-25
21220097088250018e-26
.007395257422965824
2.9042022723007825
14.547741428425422
2720072129028511e-26
22776638148466256e-27
41.49172423065065
27.094254278471745
9.041665279088216
.0025848360640125263
.000598996589648852
.0014329285136521293
.0067656478148895105
5650749499287463e-24
0
7909395783709504e-27
24.980433081676132
3.2857020830527968
8.986057859985742
16.999183870841904
.001479895185571979
.008428358954693753
.0004806479914368149
2.070623819531278
.00041881301772167995
.003533014253274589
.011365034305157045
.001660185500281754
.9126475908158276
1.664292309729525
.00012760124835285887
.025254790830634456
1.4039478050189722
1.5811437144907405
3.2564857781264633
.00385360789720107
.00040358614264288475
.6212221013501837
.7838473341325646
113954218121745e-25
.4992524421601099
.7671848569893189
2.122958637825588
2.6914188857097803
3237041322356365e-25
5.726748440517014
2.0197035021787237
.5243738668332416
1.0893835308425979
.8857872142940664
.0007885254349234082
48.35604292491788
8.367390359630896
.4660606445282588
.06729862752032657
6421967244390511e-28
6888170231153376e-30
34180828022060062e-25
5.381347729807834
.009666119064286315
.0005192058656772828
.5320403810315292
.0013169600941757439
.00027233289139132877
.015832254045362492
34667120979530762e-31
0
0
0
0
0
0
0
0
0
0
0
0
0
0
0
0
0
0
0
1.853432989835927
0
0
0
0
.6371980240470723
1334.5245433551474
.004550130132443482
.10827086640227664
.01956922359507726
.22686375707033204
.5369965367952886
1.0205538530198281
1.5046652575051997
1.4198206085778677
.007818795161999063
5.7313009706123585
6.025751533261365
.14616924579355764
.37717821057596845
5.106144578329538
3.738539898244452
8318945271229038e-26
16353566232791567e-26
.019999999999997593
.019999999999997593
.9999999999939752
7.999999999614409
.019999999999997593
.019999999999997593
.019999999999997593
.019999999999997593
.019999999999997593
.019999999999997593
.019999999999997593
.019999999999997593
.019999999999997593
.019999999999997593
.019999999999997593
.019999999999997593
.019999999999997593
.019999999999997593
.019999999999997593
.019999999999997593
.019999999999997593
.019999999999997593
.019999999999997593
.019999999999997593
.019999999999997593
.019999999999997593
.019999999999997593
.019999999999997593
.019999999999997593
.019999999999997593
.019999999999997593
.019999999999997593
.019999999999997593
.019999999999997593
.019999999999997593
.019999999999997593
.019999999999997593
.019999999999997593
.019999999999997593
.019999999999997593
.019999999999997593
.019999999999997593
.019999999999997593
.019999999999997593
.019999999999997593
.019999999999997593
.019999999999997593
.019999999999997593
.49999999999849376
3.9999999999036024
.019999999999997593
3.9999999999036024
.24999999999962344
.09999999999993975
.019999999999997593
.019999999999997593
2.9999999999457763
.019999999999997593
.019999999999997593
.019999999999997593
.019999999999997593
.019999999999997593
.019999999999997593
.019999999999997593
.019999999999997593
.019999999999997593
.019999999999997593
1.499999999986444
.019999999999997593
.019999999999997593
.019999999999997593
.019999999999997593
.019999999999997593
.019999999999997593
.019999999999997593
.019999999999997593
.019999999999997593
.019999999999997593
.019999999999997593
.019999999999997593
.019999999999997593
.019999999999997593
.019999999999997593
.019999999999997593
.019999999999997593
.019999999999997593
.49999999999849376
.49999999999849376
.24999999999962344
.019999999999997593
.019999999999997593
.019999999999997593
.019999999999997593
.24999999999962344
2.499999999962345
.34999999999926196
.019999999999997593
.49999999999849376
.019999999999997593
.019999999999997593
.019999999999997593
.019999999999997593
.019999999999997593
2.9999999999457763
.019999999999997593
.019999999999997593
.19999999999975904
.019999999999997593
.9999999999939752
.019999999999997593
.019999999999997593
3.9999999999036024
.019999999999997593
.019999999999997593
.019999999999997593
.14999999999986444
.019999999999997593
.019999999999997593
.019999999999997593
.019999999999997593
.019999999999997593
.019999999999997593
.019999999999997593
.019999999999997593
.019999999999997593
.019999999999997593
.019999999999997593
.019999999999997593
.019999999999997593
.019999999999997593
.019999999999997593
.019999999999997593
.019999999999997593
.019999999999997593
.019999999999997593
.019999999999997593
.019999999999997593
.019999999999997593
.019999999999997593
.14999999999986444
.019999999999997593
.019999999999997593
.019999999999997593
.019999999999997593
.019999999999997593
.019999999999997593
.019999999999997593
.019999999999997593
.019999999999997593
.019999999999997593
.9999999999939752
.29999999999945776
1.499999999986444
.019999999999997593
1e-12
.32999999999934393
.32999999999934393
1.499999999986444
1.499999999986444
.9999999999939752
.9999999999939752
.9999999999939752
.9999999999939752
