2.9877790965269697
.005454424425581709
.00021685593474398847
13092124291169819e-21
5746346799945586e-28
.0009114479182897511
6.433277035352325
.7438818455657497
.04482308388737009
.018947545488377463
.06560601234061883
.740823567222707
.6989335507797316
.052110100981619
.0008176377568481064
.00861278090556099
.0012189113044963978
.002174187264901587
.07096539418084681
.00493905027512201
.002027057074330873
.0029220727174590617
6396422588417662e-20
.0018524408264401378
.0868025550784134
4.191984660510353
4696984027848994e-21
.005680990304494463
.006006807885106278
.005514259388813117
12492664511674034e-22
.00017949498957519068
.013517604904158981
.0012614383775046182
.00983433972878845
28631578806310396e-22
.0023067458032214076
.002685331839418827
46577371214556074e-21
.00531869767689974
4619501964408101e-21
.0055125954493972775
.005512196556636857
.021183898560618784
.0006215925096840957
.11383064293250958
.00729486609138272
.0004947479265124136
.024095132128036562
.07376967797965397
31627711309450615e-22
.1414602757599306
2570127725777164e-20
8.547167114513543
8.170388128122344
1.2017584048862902
.0068646194198344794
.0007114684264418383
.0007872553256644137
.18811006995050716
.11343607394763405
10.162945379640405
7.934674200247103
2.9524864187598387
.0017016152578390184
.0003095409314693559
.0014089271267574525
.006020451563959147
.008563632565166065
3.8932272229810305
.0008791595476875337
10.162945379640405
3.0960018324113747
9.275237679635667
9.386938155830336
.0013904439578213829
.009228439843555003
.00019609002994462046
2.0714501207470146
.0002268127495443536
.0018732162217880682
.010840740883862918
8384069547972268e-20
.69843493162613
.019975220213835645
15365265360943586e-21
.00019899582660078404
.39664335527103334
.3649819468030752
2.463958672320234
.0001421054227480639
.00039312667230586396
.6385509077744693
.7847764120090711
.13108217542940936
.0002722757532846727
.16625099920021
1.153227160250025
1.0081822951589483
.06936827306676607
1.1930940649047739
1.9905040626007633
.01652920152366711
.01953244395060504
937786614218241e-19
.00012334207389292972
3.6544971084787563
4.43671941770077
.4713760603497536
.003488064737532299
.0001281291086160068
18455530791816533e-22
55086920072743715e-24
.04636333637608285
.014753293518726427
.00047196272617245933
.3600794867047163
26778274619511952e-21
.00020375371944066873
.025410964630790633
779345284320961e-21
0
0
0
0
0
0
0
0
0
0
0
0
0
0
0
0
0
0
0
.09586847174811498
0
0
0
0
.1180080943711585
1257.1151082307836
.004286198678317305
.1019905872943672
.018434105809600778
.21370446721504474
.018862775941136747
.4188278694511605
.014846549986631558
.3757739075157124
.003996649502529
2.162566143602238
2.2633316902839495
.002274465822649499
.00575710335564667
.4841990061220839
.3629141502889625
.17416511244470226
.3387822936271012
.018839894919730753
.018839894919730753
.050399247505805336
32899776894152717e-26
.018839894919730753
.018839894919730753
.018839894919730753
.018839894919730753
.018839894919730753
.018839894919730753
.018839894919730753
.018839894919730753
.018839894919730753
.018839894919730753
.018839894919730753
.018839894919730753
.018839894919730753
.018839894919730753
.018839894919730753
.018839894919730753
.018839894919730753
.018839894919730753
.018839894919730753
.018839894919730753
.018839894919730753
.018839894919730753
.018839894919730753
.018839894919730753
.018839894919730753
.018839894919730753
.018839894919730753
.018839894919730753
.018839894919730753
.018839894919730753
.018839894919730753
.018839894919730753
.018839894919730753
.018839894919730753
.018839894919730753
.018839894919730753
.018839894919730753
.018839894919730753
.018839894919730753
.018839894919730753
.018839894919730753
.018839894919730753
.018839894919730753
.018839894919730753
.11224888162811167
2580152871192021e-20
.018839894919730753
2580152871192021e-20
.11845298666528704
.07417241209385957
.018839894919730753
.018839894919730753
.00038403600167828363
.018839894919730753
.018839894919730753
.018839894919730753
.018839894919730753
.018839894919730753
.018839894919730753
.018839894919730753
.018839894919730753
.018839894919730753
.018839894919730753
.016971768196758955
.018839894919730753
.018839894919730753
.018839894919730753
.018839894919730753
.018839894919730753
.018839894919730753
.018839894919730753
.018839894919730753
.018839894919730753
.018839894919730753
.018839894919730753
.018839894919730753
.018839894919730753
.018839894919730753
.018839894919730753
.018839894919730753
.018839894919730753
.018839894919730753
.11224888162811167
.11224888162811167
.11845298666528704
.018839894919730753
.018839894919730753
.018839894919730753
.018839894919730753
.11845298666528704
.0014255839894698106
.1230032126990474
.018839894919730753
.11224888162811167
.018839894919730753
.018839894919730753
.018839894919730753
.018839894919730753
.018839894919730753
.00038403600167828363
.018839894919730753
.018839894919730753
.11003093436209999
.018839894919730753
.050399247505805336
.018839894919730753
.018839894919730753
2580152871192021e-20
.018839894919730753
.018839894919730753
.018839894919730753
.0958197123802113
.018839894919730753
.018839894919730753
.018839894919730753
.018839894919730753
.018839894919730753
.018839894919730753
.018839894919730753
.018839894919730753
.018839894919730753
.018839894919730753
.018839894919730753
.018839894919730753
.018839894919730753
.018839894919730753
.018839894919730753
.018839894919730753
.018839894919730753
.018839894919730753
.018839894919730753
.018839894919730753
.018839894919730753
.018839894919730753
.018839894919730753
.0958197123802113
.018839894919730753
.018839894919730753
.018839894919730753
.018839894919730753
.018839894919730753
.018839894919730753
.018839894919730753
.018839894919730753
.018839894919730753
.018839894919730753
.050399247505805336
.12241889730324841
.016971768196758955
.018839894919730753
999999999997013e-27
.12311582213902207
.12311582213902207
.016971768196758955
.016971768196758955
.050399247505805336
.050399247505805336
.050399247505805336
.050399247505805336
