0
39.48947440432997
.15852824523375836
.2938943675793325
10.370570771326632
.3660828093913484
5.765527241281347
.20176609705903645
.0030417593145780487
.31003675993230395
.02690748041234112
8.149393471441835
.7355051782710766
.5997454582045433
.00836387263469468
7.750648373056078
1.0235291125891894
.0038500147258982674
.08471508910134662
.0040325768785429246
.0018462737052886001
.039997467958232634
.00013264124047071148
17228724641517003e-21
.2821032254349917
0
0
.0048369533204807936
.007096057040871737
.006572275534376086
.002350161706764138
.00017559006925826418
.014780568263792919
.0012368970925407583
.010618511243314189
3726277716850075e-20
.000532941766015597
.0028226592120594264
.0005161445548018394
.0056907189441670995
15205699648415296e-21
8.950430697606711
13.645650334834235
.006177567601910581
5913201801968878e-20
.11967520121051547
.007595549233901321
.007237170306615317
.41267044706307987
0
.4494917686091211
0
3.761829111350065
17.76840866485038
0
0
.006851154046635592
2.9168576586864616
13.680641384143275
0
0
42.12309667797898
28.392958904694858
9.399573643549957
.0024232788877453417
.0006496437234602896
.0014077068003742138
.006437488498756138
0
0
0
23.636844180105037
3.245009347070849
9.637841092510671
16.310239295663276
.0014525386237287362
.007824309395042325
.00039290362131402356
2.1615643987065574
.00040068320278435293
.0033742816929971777
.011137255512704714
.0015298185699844048
.9488789303035373
1.462591325735686
.00012730463007092416
.02380226761369424
1.3576656906894389
1.6729226969590536
3.257834920759966
.003481627213028765
.00040710437399452137
.5920143666595205
.7737021198084718
0
.45638576068488845
.7467057353998785
2.0428044659146205
2.6097524603580324
0
5.808402339267637
2.109799245007607
.5240567480268863
1.0926450884706183
.9730468124280807
.0007943442106607181
48.88206965741208
8.372372956290246
.46972191899184074
.05920208883675262
0
0
0
5.138534719905113
.008937097982255688
.0005113762541106426
.5402101393803497
.001323389758520961
.0002604229824948641
.016374576488971927
0
0
0
0
0
0
0
0
0
0
0
0
0
0
0
0
0
0
0
0
2.038460631806233
0
0
0
0
.5888768821686998
1326.3189457294118
.004503913657580917
.10150042273180407
.020558791586201167
.22807444667067228
.5385123913799705
1.0061910441898918
1.4007628109037105
1.3621304304735318
.007747640668589831
5.9729271181206345
6.30162827477957
.13804749040301476
.3323817837730971
5.530981986928303
3.4966864782625557
0
0
.02
.02
1
8
.02
.02
.02
.02
.02
.02
.02
.02
.02
.02
.02
.02
.02
.02
.02
.02
.02
.02
.02
.02
.02
.02
.02
.02
.02
.02
.02
.02
.02
.02
.02
.02
.02
.02
.02
.02
.02
.02
.02
.02
.02
.02
.02
.02
.5
4
.02
4
.25
.1
.02
.02
3
.02
.02
.02
.02
.02
.02
.02
.02
.02
.02
1.5
.02
.02
.02
.02
.02
.02
.02
.02
.02
.02
.02
.02
.02
.02
.02
.02
.02
.02
.5
.5
.25
.02
.02
.02
.02
.25
2.5
.35
.02
.5
.02
.02
.02
.02
.02
3
.02
.02
.2
.02
1
.02
.02
4
.02
.02
.02
.15
.02
.02
.02
.02
.02
.02
.02
.02
.02
.02
.02
.02
.02
.02
.02
.02
.02
.02
.02
.02
.02
.02
.02
.15
.02
.02
.02
.02
.02
.02
.02
.02
.02
.02
1
.3
1.5
.02
1e-12
.33
.33
1.5
1.5
1
1
1
1
