6172804210585855e-27
39.48947440428987
.15852824522590353
.29389436757361026
10.370570770541086
.36608280938952376
5.76552724131856
.2017660970693125
.003041759314585554
.3100367599411451
.02690748041308514
8.149393471808999
.735505178270959
.5997454582311489
.008363872635021271
7.750648373050039
1.0235291130957158
.003850014725655948
.08471508910133667
.004032576878544752
.0018462737052894007
.03999746795821847
.00013264124054111374
17228724640677553e-21
.28210322545992517
3879327716201533e-23
12613292657282667e-30
.004836953320503415
.007096057040870299
.006572275534375602
.00235016170672398
.00017559006925824252
.014780568263791094
.0012368970925406046
.010618511243312877
3726277717017641e-20
.0005329417660455962
.0028226592120590747
.0005161445548229357
.005690718944166364
15205699649942671e-21
8.950430697470841
13.645650334814434
.006177567601980081
59132018020897744e-21
.11967520121046779
.007595549233900594
.007237170306583768
.4126704470630034
8442468252420376e-26
.4494917688194078
31351345382422795e-27
3.761829111249894
17.768408664795064
14735623783805655e-25
1895286904489442e-25
.006851154046634429
2.9168576586454686
13.680641383605055
2622658971399168e-26
22424499085326134e-27
42.12309667776714
28.392958904900404
9.399573644514417
.002423278887625173
.0006496437234212784
.0014077068003683249
.006437488498771863
5198863387694073e-24
0
7080775756405987e-27
23.636844179946245
3.2450093470709604
9.63784109732615
16.310239297498743
.0014525386237285232
.007824309395080891
.00039290362139219264
2.161564398708214
.00040068320275878414
.0033742816927780023
.011137255512704263
.0015298185698805597
.9488789302375755
1.462591325621334
.0001273046300661298
.02380226761363196
1.3576656905849205
1.6729226967455508
3.2578349209131967
.003481627212980153
.00040710437397526285
.5920143669476224
.7737021198079332
10884959353968627e-27
.45638576064846426
.7467057353594893
2.042804465864185
2.6097524611678145
3343342559607004e-25
5.80840233893401
2.109799245038303
.5240567479796621
1.0926450884004784
.9730468124047205
.0007943442106458835
48.882069657208554
8.37237295626682
.4697219189973275
.05920208883190654
6074507317494933e-28
67527930644957326e-31
30022551328809443e-25
5.13853471947682
.008937097983649868
.0005113762541495462
.540210139387618
.0013233897584264084
.00026042298247649497
.016374576491555395
32010524799506565e-31
0
0
0
0
0
0
0
0
0
0
0
0
0
0
0
0
0
0
0
2.0384606317989773
0
0
0
0
.5888768824426391
1326.318945729248
.004503913657580361
.10150042273179154
.020558791586198628
.22807444667064414
.5385123913582615
1.0061910441872433
1.400762810884588
1.3621304304508102
.007747640668574384
5.972927118112394
6.301628274769785
.13804749039617117
.3323817837576704
5.530981985398906
3.496686477269785
8708084007650982e-26
15974723312591309e-26
.01999999999999753
.01999999999999753
.9999999999938272
7.999999999604941
.01999999999999753
.01999999999999753
.01999999999999753
.01999999999999753
.01999999999999753
.01999999999999753
.01999999999999753
.01999999999999753
.01999999999999753
.01999999999999753
.01999999999999753
.01999999999999753
.01999999999999753
.01999999999999753
.01999999999999753
.01999999999999753
.01999999999999753
.01999999999999753
.01999999999999753
.01999999999999753
.01999999999999753
.01999999999999753
.01999999999999753
.01999999999999753
.01999999999999753
.01999999999999753
.01999999999999753
.01999999999999753
.01999999999999753
.01999999999999753
.01999999999999753
.01999999999999753
.01999999999999753
.01999999999999753
.01999999999999753
.01999999999999753
.01999999999999753
.01999999999999753
.01999999999999753
.01999999999999753
.01999999999999753
.01999999999999753
.01999999999999753
.01999999999999753
.4999999999984568
3.999999999901235
.01999999999999753
3.999999999901235
.2499999999996142
.09999999999993828
.01999999999999753
.01999999999999753
2.999999999944445
.01999999999999753
.01999999999999753
.01999999999999753
.01999999999999753
.01999999999999753
.01999999999999753
.01999999999999753
.01999999999999753
.01999999999999753
.01999999999999753
1.499999999986111
.01999999999999753
.01999999999999753
.01999999999999753
.01999999999999753
.01999999999999753
.01999999999999753
.01999999999999753
.01999999999999753
.01999999999999753
.01999999999999753
.01999999999999753
.01999999999999753
.01999999999999753
.01999999999999753
.01999999999999753
.01999999999999753
.01999999999999753
.01999999999999753
.4999999999984568
.4999999999984568
.2499999999996142
.01999999999999753
.01999999999999753
.01999999999999753
.01999999999999753
.2499999999996142
2.49999999996142
.3499999999992438
.01999999999999753
.4999999999984568
.01999999999999753
.01999999999999753
.01999999999999753
.01999999999999753
.01999999999999753
2.999999999944445
.01999999999999753
.01999999999999753
.1999999999997531
.01999999999999753
.9999999999938272
.01999999999999753
.01999999999999753
3.999999999901235
.01999999999999753
.01999999999999753
.01999999999999753
.1499999999998611
.01999999999999753
.01999999999999753
.01999999999999753
.01999999999999753
.01999999999999753
.01999999999999753
.01999999999999753
.01999999999999753
.01999999999999753
.01999999999999753
.01999999999999753
.01999999999999753
.01999999999999753
.01999999999999753
.01999999999999753
.01999999999999753
.01999999999999753
.01999999999999753
.01999999999999753
.01999999999999753
.01999999999999753
.01999999999999753
.01999999999999753
.1499999999998611
.01999999999999753
.01999999999999753
.01999999999999753
.01999999999999753
.01999999999999753
.01999999999999753
.01999999999999753
.01999999999999753
.01999999999999753
.01999999999999753
.9999999999938272
.29999999999944443
1.499999999986111
.01999999999999753
1e-12
.3299999999993278
.3299999999993278
1.499999999986111
1.499999999986111
.9999999999938272
.9999999999938272
.9999999999938272
.9999999999938272
