1.4975783576129647
.7982734459256876
.014775503062522665
.0030320831454971153
45999355452664845e-22
.03775773464739598
6.763764443100535
.6912477166375788
.05796980854697148
.06665926637246773
.06630836209180531
4.890194354123926
.7020102325702774
.3673117536494632
.00538955692332416
3.2444515409401764
.4343078530641375
.0031516957974336954
.08236850462221768
.004387130741886614
.0020003903055170816
.00871401266587798
.00018183338316649168
.0026788505770411744
.27620644097494584
17.525416098975423
.00015227874156226607
.0053810275905859396
.006818436191348304
.00641201614947475
14967338514044645e-22
.00017040888297008093
.014344407495226051
.0012001746481800192
.010305188164978456
22789145265204367e-21
.0024832354877283385
.0027385532555553125
.0003264671734857777
.005513747315443706
3395531631276056e-20
.0064223341356037566
.006708830022479371
.020352897372721127
.0003364745342196542
.11354085268397825
.007828149555423491
.0009122754317480211
.05005451010924528
.2639673701228786
.001181693396581343
.652540751074248
.009188243846437393
12.090677820087087
11.29515940295174
1.2523469122204907
.006605334805116249
.06250891416664121
.06983037334555596
.2217590482678295
.12815277224536123
30.03228856516047
23.144270852360503
8.203104739231506
.0022420140610427456
.000531610632992799
.0014289827518268045
.005996971733107042
2.719466585254305
6.929976343652257
.017098980071648433
22.273464378779853
3.1528857180545136
9.968331369098246
20.791835095599563
.0014080594002505301
.008856657231524387
.0006560624992332228
2.190077140990161
.0003288735776263302
.002743212243199864
.01090468560848882
.0003417363945736308
.9963230219191477
.6855647408249902
2780709019395691e-20
.00759793758237879
.8677302958187586
.7840094305850074
3.4922660339211697
.00016230627624650267
5524475646858955e-20
.610746218258351
.8268156194328452
.07900262989165394
.010328990615631875
.28503472911866873
1.543600466691856
1.4425432629671233
1.9183864562817672
1.6808133988323488
2.1644470415902854
.026644371521790496
.03618529752940474
.009919949572518709
.0001755694166965778
6.4244427240829935
6.182486877175837
.5610698857753462
.015887233630882503
.0037335146038631538
5865733916097692e-20
.0005267228125943816
.09784373765733287
.01898301944905066
.0008515468057528516
.46111149441407107
5195604861925335e-20
.00025209652757562023
.03552012968257445
19532001919377596e-21
0
0
0
0
0
0
0
0
0
0
0
0
0
0
0
0
0
0
0
.7082528529419785
0
0
0
0
.5577862161738886
1287.182637355145
.004371014588045859
.09850540267502149
.01995215378621305
.22134454817534105
.10926948642280972
.6402263672438502
.1407016935182667
.4217113088379879
.0063619622461680465
3.0334380046440175
3.35859971816688
.016052454992423932
.038402621220666455
.8393611840499414
.526475914536949
.24340531040966684
.4462998496856313
.019409850722553863
.019409850722553863
.22367110490995065
4957386004060335e-20
.019409850722553863
.019409850722553863
.019409850722553863
.019409850722553863
.019409850722553863
.019409850722553863
.019409850722553863
.019409850722553863
.019409850722553863
.019409850722553863
.019409850722553863
.019409850722553863
.019409850722553863
.019409850722553863
.019409850722553863
.019409850722553863
.019409850722553863
.019409850722553863
.019409850722553863
.019409850722553863
.019409850722553863
.019409850722553863
.019409850722553863
.019409850722553863
.019409850722553863
.019409850722553863
.019409850722553863
.019409850722553863
.019409850722553863
.019409850722553863
.019409850722553863
.019409850722553863
.019409850722553863
.019409850722553863
.019409850722553863
.019409850722553863
.019409850722553863
.019409850722553863
.019409850722553863
.019409850722553863
.019409850722553863
.019409850722553863
.019409850722553863
.019409850722553863
.23646942365550566
.010008766500182863
.019409850722553863
.010008766500182863
.17192637421339585
.08609164343587365
.019409850722553863
.019409850722553863
.03356790862162458
.019409850722553863
.019409850722553863
.019409850722553863
.019409850722553863
.019409850722553863
.019409850722553863
.019409850722553863
.019409850722553863
.019409850722553863
.019409850722553863
.15867388463717527
.019409850722553863
.019409850722553863
.019409850722553863
.019409850722553863
.019409850722553863
.019409850722553863
.019409850722553863
.019409850722553863
.019409850722553863
.019409850722553863
.019409850722553863
.019409850722553863
.019409850722553863
.019409850722553863
.019409850722553863
.019409850722553863
.019409850722553863
.019409850722553863
.23646942365550566
.23646942365550566
.17192637421339585
.019409850722553863
.019409850722553863
.019409850722553863
.019409850722553863
.17192637421339585
.0591499550637828
.20721993729131613
.019409850722553863
.23646942365550566
.019409850722553863
.019409850722553863
.019409850722553863
.019409850722553863
.019409850722553863
.03356790862162458
.019409850722553863
.019409850722553863
.14823542138134765
.019409850722553863
.22367110490995065
.019409850722553863
.019409850722553863
.010008766500182863
.019409850722553863
.019409850722553863
.019409850722553863
.11982094943260016
.019409850722553863
.019409850722553863
.019409850722553863
.019409850722553863
.019409850722553863
.019409850722553863
.019409850722553863
.019409850722553863
.019409850722553863
.019409850722553863
.019409850722553863
.019409850722553863
.019409850722553863
.019409850722553863
.019409850722553863
.019409850722553863
.019409850722553863
.019409850722553863
.019409850722553863
.019409850722553863
.019409850722553863
.019409850722553863
.019409850722553863
.11982094943260016
.019409850722553863
.019409850722553863
.019409850722553863
.019409850722553863
.019409850722553863
.019409850722553863
.019409850722553863
.019409850722553863
.019409850722553863
.019409850722553863
.22367110490995065
.19142746554594806
.15867388463717527
.019409850722553863
9999999999985015e-28
.20131921761546523
.20131921761546523
.15867388463717527
.15867388463717527
.22367110490995065
.22367110490995065
.22367110490995065
.22367110490995065
