1.519823356647297
.7167223457803883
.013797501989570847
.0027748526287018306
3586924497365619e-21
.03535554343296939
6.7590351969023015
.6922133777139912
.0581443738609543
.06387558616324625
.06632288499026415
4.717540633690493
.701583414507213
.35451807504545074
.005216125373174441
3.100436966592098
.41388464574053513
.0031437994361189063
.08233136798487353
.004390512508620548
.0020018400646908425
.008375529598655581
.0001751275271657651
.002676846881320883
.2650379534487255
17.58897448345033
.00014570636331136228
.00537779946989939
.006814625490818276
.006409407088077445
14955394982995473e-22
.000170333085356914
.014338026735738916
.0011996371178904911
.010300604437906957
21990407178349778e-21
.0024889652790107035
.002737321741529359
.00031566690459483023
.005511163248705155
3277969536045707e-20
.0064170774832690135
.006642673189953917
.020421750691316944
.00034017542787703715
.1134818422444634
.007828677234781778
.000901222910096413
.04914234945819813
.25680992327827384
.0010801301703151516
.6499945775621526
.008411963414240385
12.032494326173937
11.255937058135245
1.2505992430026664
.00660195289145289
.05851830158228541
.06536169239021472
.22139052457950753
.12799278007828485
29.73568857803604
22.859667788145053
8.143886017781416
.0022382038371242014
.0005274620354300214
.0014307583467881861
.0059696567555272825
2.425620529952215
6.827704544200372
.016222561209309132
22.26329380089705
3.151458248215948
9.954673370747415
20.78331422926102
.0014073649738476658
.00885642305201505
.0006558003987263418
2.1897267350437146
.00032806098854017824
.002736205010840458
.010900535045529437
.0003286190307594448
.9960391768990039
.6677203675155521
27635067804437143e-21
.007357526064534762
.8612439370837557
.7793664359810832
3.4794652980397793
.000160901570287184
5627243339737126e-20
.6099237330493409
.82765398266866
.0800280538265156
.009799158956644526
.2836368974520142
1.54130095882241
1.4381693207660742
1.8247054501868643
1.6781677426276593
2.163325665589065
.02647458600383572
.035816167108953086
.009282006734256863
.00017435946440118468
6.34582066791575
6.154079156090091
.5603724256192949
.01557569014506933
.0035283189060174086
553994325653933e-19
.0004614195406835129
.09663413730282398
.01892078741552821
.0008481777274490978
.4595616579736216
51417914540190464e-21
.00025205507243048376
.0354022893564985
18570047996650447e-21
0
0
0
0
0
0
0
0
0
0
0
0
0
0
0
0
0
0
0
.6893566260216414
0
0
0
0
.5555601808156243
1286.6100971956423
.004369070356266466
.09846158737071058
.019943279047710788
.2212460938929109
.106736923589175
.636111881332327
.13605066037927613
.42109738027666993
.006351781864377863
3.0235692830412733
3.3442834683796883
.015591227338148694
.0372859332049653
.8357021151615265
.5243589484928421
.24298302035763683
.4455145336512972
.01940121720101146
.01940121720101146
.21875046655259694
4140610692624403e-20
.01940121720101146
.01940121720101146
.01940121720101146
.01940121720101146
.01940121720101146
.01940121720101146
.01940121720101146
.01940121720101146
.01940121720101146
.01940121720101146
.01940121720101146
.01940121720101146
.01940121720101146
.01940121720101146
.01940121720101146
.01940121720101146
.01940121720101146
.01940121720101146
.01940121720101146
.01940121720101146
.01940121720101146
.01940121720101146
.01940121720101146
.01940121720101146
.01940121720101146
.01940121720101146
.01940121720101146
.01940121720101146
.01940121720101146
.01940121720101146
.01940121720101146
.01940121720101146
.01940121720101146
.01940121720101146
.01940121720101146
.01940121720101146
.01940121720101146
.01940121720101146
.01940121720101146
.01940121720101146
.01940121720101146
.01940121720101146
.01940121720101146
.01940121720101146
.23385386510318443
.009156244299938342
.01940121720101146
.009156244299938342
.1709729024057483
.08590034543341585
.01940121720101146
.01940121720101146
.03140055797409752
.01940121720101146
.01940121720101146
.01940121720101146
.01940121720101146
.01940121720101146
.01940121720101146
.01940121720101146
.01940121720101146
.01940121720101146
.01940121720101146
.15346665111309832
.01940121720101146
.01940121720101146
.01940121720101146
.01940121720101146
.01940121720101146
.01940121720101146
.01940121720101146
.01940121720101146
.01940121720101146
.01940121720101146
.01940121720101146
.01940121720101146
.01940121720101146
.01940121720101146
.01940121720101146
.01940121720101146
.01940121720101146
.01940121720101146
.23385386510318443
.23385386510318443
.1709729024057483
.01940121720101146
.01940121720101146
.01940121720101146
.01940121720101146
.1709729024057483
.05595006194046438
.20561283905009548
.01940121720101146
.23385386510318443
.01940121720101146
.01940121720101146
.01940121720101146
.01940121720101146
.01940121720101146
.03140055797409752
.01940121720101146
.01940121720101146
.14757738690178346
.01940121720101146
.21875046655259694
.01940121720101146
.01940121720101146
.009156244299938342
.01940121720101146
.01940121720101146
.01940121720101146
.1194218031925656
.01940121720101146
.01940121720101146
.01940121720101146
.01940121720101146
.01940121720101146
.01940121720101146
.01940121720101146
.01940121720101146
.01940121720101146
.01940121720101146
.01940121720101146
.01940121720101146
.01940121720101146
.01940121720101146
.01940121720101146
.01940121720101146
.01940121720101146
.01940121720101146
.01940121720101146
.01940121720101146
.01940121720101146
.01940121720101146
.01940121720101146
.1194218031925656
.01940121720101146
.01940121720101146
.01940121720101146
.01940121720101146
.01940121720101146
.01940121720101146
.01940121720101146
.01940121720101146
.01940121720101146
.01940121720101146
.21875046655259694
.1901542275970766
.15346665111309832
.01940121720101146
9999999999984795e-28
.19984677457942265
.19984677457942265
.15346665111309832
.15346665111309832
.21875046655259694
.21875046655259694
.21875046655259694
.21875046655259694
