-.021297667034229525
-.04334330660116841
-.00026459257096804104
-.0373274976348176
-.013168341139689923
5418305424966262e-21
11322305285928144e-22
-.043384738039068574
.00013689314454900302
-8694453866227501e-21
-.0010011447617520014
-20596273082493664e-21
3514426385545009e-20
8471324567634097e-22
-.11112073103737793
-.05520273351870877
-.04254567207066562
-.04254060172050189
-8968332952197339e-21
4775843713078678e-20
-4200730297425333e-20
30008657492599466e-21
-4439402028032684e-21
-.04456036992593575
-.04980448700501015
-4230637841257895e-21
-23091990186649716e-22
2741611824192016e-21
15544753222887527e-21
5550545698298718e-20
-564194431862191e-20
38040063196318875e-22
3939915631647345e-20
3587345125585828e-20
3780331841923596e-20
41574000837244735e-21
745932151836389e-20
4715406104817758e-21
36956980331246047e-23
5566036392798711e-21
-.04872584526731191
-.04296697103189932
-.04884490055797222
-34763604924921003e-23
-60294415938468456e-22
-.0003019167050453635
4316949663990743e-20
-.039276398534514
-.05373360464908595
.03772602479586067
-.04249070011474853
-.019132189550772578
-.03582637062798487
-.07868378644906338
-.00011137265849890465
17193919316644402e-22
-.00342066652663914
.02446133713380316
-.0002092214466300834
-.0004248840251948631
-.04950677658215969
-.06969194580445015
-.01608348431554113
6950266485013313e-21
.0001920368463586601
30164277229974296e-22
-10687820647460141e-21
-.06534252784299634
-.07786914492315199
.0002974750462228533
-.07743979424678046
-.03959610876886039
.025283275016530507
.004241726083605147
8419205944306903e-21
-3233352066716404e-22
-205821383982582e-20
-.042377119754403045
-12699717971007831e-21
868892486277376e-20
-17030368362540824e-22
5991239812591101e-21
-.06543407419474502
-.11167858292484302
-.056598035430328354
-.0003165204898416874
.15275459675604094
-.07650473277868106
.08571186241501878
-.056535975960841395
21788497732059504e-22
-.084441307272414
-.07574892264668412
-4369349559994414e-20
-.023359895384667567
-.07466005422862165
-.0012083839228335786
.0005256656944602759
.0002890389400056615
-.25049486205100846
.02590238315212523
-.036221062602217975
.0064226578663605415
-.04879634984856994
-.00046464011337998796
-.042817655613342456
.1143057251858081
-.0012999554337504175
-.04581307762993985
-.06127003531855673
546070831066106e-19
-.044096562864560006
.00745502992739272
8922852977288117e-20
-8898492456941247e-21
-.11002544462636035
-.00035084600353437855
.020559390180397125
.00045362026717952754
37954385438443555e-21
0
0
0
0
0
0
0
0
0
0
0
0
0
0
0
0
0
0
0
-.030888782004260353
0
0
0
0
-.08460917336984214
9145099854939208e-21
6192235592195641e-22
43654024979613334e-21
3273531360557652e-21
-3432387038019026e-28
-.04458754458696201
-.2680673641823843
-.00016744444241005558
.002286705345940157
.737788989017075
-.051878081727663936
-.01814849896919879
.002927414032278729
.003604968719807272
-.04930723639986838
.024657811845166938
.00807890097207033
.007854237476216722
