38.477773490097704
.15777075433254642
.2831682924473727
11.6537857965354
.3674926469018277
5.8634991976375845
.21058039063716583
.0020746642620626727
.340366104581845
.026512588997214957
7.892960354511887
.750516019539686
.6016580297583568
.008773339381589619
7.412707612328882
1.0311642074445075
.003869238222714836
.07462598693109612
.004117972201468402
.0016888913764268468
.040131272242715475
.00015228062342728153
20809648402988538e-21
.27723625593024664
0
0
.005155372370991645
.006717079882145809
.006086636057533436
.002256568591327339
.0001771777604910856
.013830096827046468
.001262123729469501
.011365777734789159
3556446451693079e-20
.0005070000492029417
.0029051849771511806
.0005349442034670444
.005365305050179532
1507715716072086e-20
9.786518414386924
14.0071861823343
.005819379634617757
609906961909104e-19
.11891804915591435
.0075113572783312215
.007466139631339774
.42554283672172055
0
.42311595818197933
0
3.824978294753757
18.219185137388553
0
0
.006457940695668167
3.0548458184047274
14.128458536535328
0
0
41.73694847862671
29.030291389248738
9.022291542462321
.0024651044576325452
.0006227593568979942
.00141113474963001
.006728315141068014
0
0
0
24.198463684329198
3.363128197407897
10.21801858879124
16.695064192249387
.001445546729042715
.008568681629083547
.0004117845553464685
2.1377588555541203
.00039911827493204367
.0034255766283896754
.011301288436732282
.001447626522567978
.8299346163901284
1.357476256350211
.00012861821251312788
.027722079200291967
1.3204796335238171
1.6234368284986487
3.203707324201609
.0036113691092395147
.00046212541718584254
.5926574222699603
.7282767823833084
0
.49057408485506976
.7606328831147959
2.0887566482491517
2.7160744575538778
0
6.7426636163702325
2.0802607902416708
.49391907024333864
1.1317359198244958
.9590155731855755
.0008521517219934753
50
8.378268446449518
.47394756828046136
.0653043931173162
0
0
0
4.69599211365214
.009745646898183375
.0005376769847545853
.5112096981266675
.0012958344193434875
.0002681935957309485
.0175771249535481
0
0
0
0
0
0
0
0
0
0
0
0
0
0
0
0
0
0
0
0
1.9163698576589916
0
0
0
0
.6169816058899563
1341.6254046241647
.004813553716515434
.10272082624999417
.02080810961394811
.22273589958113854
.5160251666662626
1.0183653007427562
1.3460725611359121
1.369165835513971
.007879189860098446
5.7798750048510055
6.418595763545955
.1396258005836781
.3529531548458055
5.397183369195826
3.6652167239949756
0
0
.02
.02
1
8
.02
.02
.02
.02
.02
.02
.02
.02
.02
.02
.02
.02
.02
.02
.02
.02
.02
.02
.02
.02
.02
.02
.02
.02
.02
.02
.02
.02
.02
.02
.02
.02
.02
.02
.02
.02
.02
.02
.02
.02
.02
.02
.02
.02
.5
4
.02
4
.25
.1
.02
.02
3
.02
.02
.02
.02
.02
.02
.02
.02
.02
.02
1.5
.02
.02
.02
.02
.02
.02
.02
.02
.02
.02
.02
.02
.02
.02
.02
.02
.02
.02
.5
.5
.25
.02
.02
.02
.02
.25
2.5
.35
.02
.5
.02
.02
.02
.02
.02
3
.02
.02
.2
.02
1
.02
.02
4
.02
.02
.02
.15
.02
.02
.02
.02
.02
.02
.02
.02
.02
.02
.02
.02
.02
.02
.02
.02
.02
.02
.02
.02
.02
.02
.02
.15
.02
.02
.02
.02
.02
.02
.02
.02
.02
.02
1
.3
1.5
.02
1e-12
.33
.33
1.5
1.5
1
1
1
1
