43.32732090870557
.3257571283587653
1.1141271858735715
50.42925503060717
1.2859526359220006
7.825947701798475
.8160595345886417
.17133051150096573
1.3784919208684492
.07276879021525404
21.649962225504513
.7800407703304306
1.630741891767334
.02027942056562039
8.81633821601203
11.944153645476787
.010540754734341877
.07959095103567336
.01603045353332146
.0063948209744104124
.042966025198305974
.015419908679601647
.009806142193462762
1.5907997519305375
30.441764811174743
.004841337980226419
.006413514332184452
.0070807125776971
.006338357296750976
.005047695145567774
.00017846966826406767
.013991518263626962
.0012780917800775068
.011459558011881409
.000280573238526486
.004974725692932512
.0029888646517325624
.002607866128730515
.0086063716611752
.00021128168910177172
18.768363954852838
18.131587358269897
.02835710543395365
.0040579429343778044
.14236144070579987
.010264163824673692
.009585697761737117
.6411880814725155
5.507344161022199
4.899804843103766
3.7680580254532985
5.029642778305558
21.946837481824748
21.356232514630026
1.9793532661897293
.0070256014116629436
9.78573490772589
164.00352461378435
.37315976649557037
.17774561198592762
52.824290128160584
55.886758328945554
18.32676190528216
.005786574233722307
.002239653146512946
.0017154145075916757
.010888264735382843
79.94708597654923
81.29047912131458
.03880671067733962
28.89145990362102
3.3945936471540814
109.62164700189801
34.368535964268226
.0015037880083128119
.010747654105767186
.005013877831051867
2.6703118177576632
.0010665318241728644
.00949367894841381
.011605776555993598
.007568131357518788
10.656299939902063
23.69403583760142
.009362788289714104
.05715517181744279
27.06836044206458
134.2258117223309
7.482960361833547
.016045155573167283
.009821611034706622
4.939867713667673
1.5365674095627027
11.556424618344911
10.848824023470511
6.462089592429655
8.3054203238403
6.945061293442137
3.9045265449108912
70.86681525007464
2.226606238989751
7.662231551844694
5.282525673173285
2.7068477109863704
.0034217278048256886
65.28002097953667
8.790272937729355
2.240114683658941
.47614562392656096
.01639129366056232
.00018031232141745422
54.68797144092263
99.72160058355887
.09028048974718206
.003528339611517886
.6150284434632158
.0066210219345511825
.007076958297660014
.19855264746535053
4165699833017034e-20
0
0
0
0
0
0
0
0
0
0
0
0
0
0
0
0
0
0
0
3.451385118784967
0
0
0
0
4.6067797962874355
1341.6254046241647
.004813553716515434
.10272082624999417
.02080810961394811
.22273589958113854
.7811292503281737
1.157003976068657
1.5527958639201902
18.05555793934887
.0161660885320268
6.058513094305297
6.758342402362729
.34640607172686705
.8081201525996412
80.62946953189532
80.61611864556276
49.2937824684965
81.8931356340529
3.3797800999809753
2.2537588907888053
1.545465742111
1.678123507314316
2.853719429806796
1.7927382937956564
2.5015135802004886
1.9665762074960154
1.8639557973823977
2.147352441797628
1.9336266634175177
2.001544950565012
1.4253740368486807
1.9913111182914351
1.560393543718622
2.6123376701133454
1.944225071613223
2.0698352009798953
2.2796040226646586
1.7193990040624965
2.426806134182051
2.778206840419377
2.6760206557075894
2.057156697208218
1.8333401288942497
2.4633571711712094
.023394760771197738
1.7398483053361165
2.210056070562788
6.030286497196251
1.950111040322679
2.0769016171514325
1.3324758078494165
3.1698802614036703
1.4271929423897112
1.6042042378137022
3.272658196429186
1.3099135767057302
1.9864037843055926
1.5472631438159348
2.0322085714282947
1.4479043739425537
1.8388857131478518
2.810531503053467
2.13905788968549
2.109157498387146
1.91398626929667
2.132144821953182
1.6407890549885287
2.2848650223194182
2.5855360576686355
2.920781728612349
2.4506483219039676
2.0467815092495507
2.1051470338929006
3.1325206625658932
2.2925870477540924
1.1099312398657284
2.7464080149780252
2.8926738612978147
2.1141250320851035
1.1992736959252945
1.6438525091662246
1.7500750110639798
1.974662930816863
1.4815784790775182
2.435967561756129
2.194646108724291
1.8704984129380016
1.7716935846860475
2.6173061587712287
2.4596282452049363
1.7536556013099902
2.2558420767766245
2.456979738691719
2.02895083702031
2.3694392278437775
2.1515253458211694
1.9270011778494998
2.936374941451844
2.184228509198204
1.8448291027902641
1.369878238472246
1.6349511292805654
1.4836532228309713
.7690874751455097
.1967276828000385
2.040554433868565
.011721232153632025
2.354799677167573
2.210465500048666
2.5428161319766316
1.8543882230728521
.19091903653302042
1.4376369169579493
.21056879001291698
1.1708380791510562
3.1756779522966463
1.7403628935446442
1.8213763649458306
1.9656822388755844
2.1424217291784875
1.7805622163747645
2.0792532304527542
2.136043574297206
2.390365937541198
.010416390901620396
1.9518560425442573
1.9073328494569692
1.3931258996266611
2.275587377037083
1.7649433587281695
1.3476717089792005
2.1033442781006033
1.8609141405092215
2.130546053359671
1.8446988792812171
.7191957413086232
1.7269820464790024
4.695445135419281
6.018210318232628
1.493482347427195
2.276085546623626
2.490183713518569
2.494614924486894
2.8857203159406897
1.9613051782615827
.008576258785847205
1.48503330549355
1.3524665195846342
2.683520916953411
2.5391536348632826
1.8846730920146293
1.9640438544342311
2.3622439635614785
2.075017909899751
2.9026259723410366
2.2546728460190004
2.434554986681068
1.690931244967203
1.5670036471078188
2.1794601706188277
1.2778902529767098
.21989725728625828
2.2694510431644193
5.542254876938636
1.5226935668359936
1.7726823212946015
1.9822675165325798
2.2659125276320133
.966555321770129
1.6166223342705721
2.2265734307838336
2.1626057002821653
2.1475118791185093
1.4356365618746003
2.0166288334822777
2.599785777248215
1.787847823843909
2.5644174292032003
1.5374693956807173
1.2309970444095404
1.5382010644839612
1.9745624096775554
2.2260201668856574
2.313805580390284
2.5403952978074287
1.3116889530747429
2.241766575422318
2.135940778440334
2.2698407245776
2.6001940718241427
1.7348483455004329
1.8847365523409823
3.1241257205724047
1.8501861363272984
2.1022375531051742
.022656621627560828
2.1143119624040447
.06311903133928823
1.9479329981681544
1.8120220317661826
.5757037546725157
1.372390403551117
2.249094673261358
1.2477930370462684
.05082068917339836
2.0299617588186076
1.0762374970640496
1.5764561094240934
2.124349854437851
1.972769674838281
1.419446519427874
2.5393462109722758
3.2122712040288777
2.715487219933959
.6747380053377775
.012094695079550924
2.0440606895615607
2.0335964477350457
2.0447515164733483
.05085000106825088
2.2339992219408624
1.6864987877528657
2.116783264620556
1.2751065791342828
1.2112025942364002
.006348997470542236
.004252377854055292
2.331157631125009
.5597750169893603
.13843536606098836
.8319167477404188
.195094424431021
2.2650543518842583
.10731497833494111
.08915121822826093
1.8311372586617105
.6037165742583147
8.206073949010245
2.054846167331759
2.1961325664715905
2.561597002663556
2.4397109216687127
2.231680689881746
2.1350589338531774
.11410728189344334
.1737362342738245
1.8844563764971587
2.8062560509775762
1.023253103764769
2.01161748262212
2.2135310734458002
2.0701886234900164
.010011122791223362
.2730981450833999
2.9109268753318203
3.561140178258526
4.305653467845984
4.336939283193184
2.4819419613715215
.011015069068169757
3.0527027880188125
1.3196580319758269
.014831984887337763
.011545449309895853
.16396786373240912
.012607582303261755
1.9404452987315528
2.8249269647695536
.01
1.770063197700861
.014203295951249723
.007483804314241382
1.9021118765392067
.008832173553881642
.0077455049869027785
2.3049802970547395
.007400191224022895
2.334367262391879
2.168474917958652
1.5691436092675966
1.5771095839121452
.009078470822384872
2.0758809110370247
2.257531305215438
2.4870125301560138
2.359246373605954
2.103872395975466
2.863615409320606
.0104531339956482
1.554950115431467
.010739807305279672
.008802395937471967
.010620530618479028
.011698521624223884
.010320849251267963
1.4387979888106184
.08641584662720998
.06963228940470201
.008856026139389293
1.3713731989805262
2.223496892479798
.09191852256908588
1.9370839006073297
1.4651603398829722
.0656301523889983
2.0711712051223947
1.6208090742147827
1.831568083500774
2.812357147634615
.008880971445851702
1.685719708801602
2.9148215955725374
3.4046830707149414
.8477785140946916
1.6280521150560512
2.196053069268888
1.6564715716650442
2.328236258050254
1.7031165909093602
1.7513952938000752
2.101933585307355
.008915172041701903
.20606005076083705
.19655842521685649
1.9609763795480772
1.411098641940903
1.945326175386188
1.7283660421374565
1.5058843734061402
2.1780044129727933
2.25368197118037
1.7640166558275792
1.9624073046258184
2.037832004023091
1.7721222152898515
.00645009503818629
1.5821053362789321
1.972552468942869
1.7156161553199478
2.296316873066546
3.214526724563442
1.8077342325209076
2.0640221332282653
1.8104451249194045
2.0714608273855872
.12234248918041145
1.8269518210458449
2.2689119884083317
2.274720039905607
1.585636910541759
2.3977459024939756
1.6397289266511943
.236611122583097
.14485155028967783
.1350011694928533
1.7355444034928527
2.03393634437796
1.9679457417314508
2.4328072481067857
1.4494968138790152
1.7850581497339284
1.4295238236596737
2.107467487603036
2.204188575754614
1.7061771380829025
2.4167091203951117
2.416502459449034
1.9857132207749928
2.0441942395970414
3.240019456125631
2.0337735432020208
2.056333016924418
1.867474583469162
1.4293548770866313
1.9605423784082605
1.575658695437335
2.1811440867011958
1.7653636224559226
1.4776348206966743
2.2604933771468776
1.7296501991406596
2.1741033828996765
1.3162813318266031
2.2452915989016264
1.6164111658993396
2.5739985708513164
1.7486247909170083
2.1058311701977344
1.6781334778218049
1.9732165352256927
16.90877963521907
17.417790369387266
2.651561518797199
2.151128730778797
1.8161378235833174
1.367806954643363
1.4789478158370495
1.5585828046230814
2.6319807428133504
1.7409727882617207
1.5549757934301858
2.3018825280079924
1.887842854087901
2.7645711734270644
1.903208175203713
1.835552822380625
1.442696693204427
1.882536059945758
1.5305565628153084
1.954281630402797
1.3129119180867814
2.0383701747508236
2.2785826111785332
1.242362566952904
1.7858407330641857
1.5958230954154027
2.206734477675034
1.9711150526623453
2.8505818897633524
1.9135706913471724
2.0036144644552443
2.4511958066240687
1.2411124763424581
2.498132527112636
10.992739119168881
1.7648019410415694
1.594316472160839
1.623405509867501
3.4881198300940053
2.004636315860221
2.1683473942926415
2.8394421322598533
1.5899826248704312
1.8245440006589244
2.876023820507273
1.4341472762794405
3.223920645886304
2.4477846919314823
2.6225653643327913
2.0885095684211037
1.2939072882594507
1.6870524575593595
1.7586362010693755
.2551779071094481
2.7357701784186506
1.7918763174249424
2.473322928271859
1.7055661404514033
2.019133043794931
2.6279165908483884
2.00400262710208
2.0806866895696063
1.8944311734258334
1.6006707138091998
1.473551297885291
1.931694096609843
2.5963209737478823
1.8140392390525502
1.8473593610198071
1.4935700567869292
1.644928184631537
2.5726456814994796
2.8843657092091224
1.8611076436288196
2.0205873366495366
1.8762186281122246
2.393373692161423
1.581815539403253
1.2538669261639597
2.1311216791711227
1.7446556298364577
1.5709875266707507
2.2380150181490817
.17106464719518266
1.0808282242983969
.12669169447754997
.9750757022280017
.10217861646394107
.8762821869987406
.09138543745254685
2.091043705169201
.17505270802178732
2.558994454797456
.09151059217137965
.9667755151268812
5.828656338345543
.3551802209476742
.11266068405871604
1.2340122825766373
.06537388386114674
.21242162800809788
.041733706036707556
.9656191298656345
.07076123456207399
1.0174979283774852
.1062880194757
1.3086426563236653
.17795331537938014
.9507356663193616
.050137724128996024
.6917941399946393
.06016238982193625
1.393708915856166
.0002040054986427269
.0004299508150731491
.1180055144970829
.130805202324067
