-66655206004486295e-22
-55540933651335376e-22
3089560663767664e-21
-.030547458628354594
-1483673233920733e-21
4877875609397102e-21
.0006594665955663422
.0006848266794607034
.0002542205703353555
-31942341535663156e-22
.0017778640761495893
-12831968458844226e-22
.0013183762524586922
265397945884844e-21
7956256982229208e-21
24612074271773975e-23
-.0002665150377777388
-.045876822598693
-.00025615849775692317
-57496999692873665e-22
.003537533185316094
22985518185307303e-22
293393230134715e-20
.0006076284631488188
8521487375008773e-21
.0011182927742263795
-.030606508232621687
.0345744378981059
-.05174160493357449
-.04780033196186935
-.020455719976700436
19181567636230325e-21
11690435230644822e-21
10404825626546613e-21
0
0
-25246420836636616e-22
-.02561753712372885
.026371607776142645
-.00025829362917072316
-.13003973664507662
-.02003717774366178
.0006277601341950666
0
0
-10668836363803265e-21
450824781850832e-20
.0006371775896424365
-.03679769841287588
-1621196692404787e-22
9673125589717391e-21
-61070138883071466e-22
1438201340392415e-21
-9629129682288488e-21
4723983865296844e-22
4047551442724257e-21
-.028954141894504855
-.029265452526311984
-.026443149679229408
-.0002577927865794385
22245671966528577e-22
7409787985806491e-21
7475576821929217e-21
142140735952486e-20
-.0002535545513161081
.20607745902770974
-7086795049062895e-23
43503436237825035e-22
.0006075701044534024
.02246183210341841
.0006078422585831524
-.05175398356400008
9535917946171946e-21
-.0011768400349322647
0
0
0
0
0
0
0
0
.02296559677690993
-.02357606586541863
-.0321919125044345
-.04971184709173189
.00023182473018472865
-.000256799652777632
.011208463294466184
0
0
-.0003756543123542168
-.04505410945827935
-.0010868049621855485
-.04796646991667106
-.0002597568016005107
-24801551106869743e-21
.0009726826271904503
.00567988709720037
-.05963834704797228
-.00025664363025294177
-.028701240282205956
-.0002724789562084357
-.0018971890123068854
.00033079916562093396
.001328250115311228
-.030655764226687175
-.00025788638544354435
-4445865575282341e-20
-.0002622444088037103
-.00042777712246768666
-.06750436580088458
-.14382061282135886
-9535157722370223e-20
-.030557262487017768
.033646522742497784
8493188828372575e-21
-.02774545314904042
-16749994783862596e-22
-.06475899211082499
-.03054836918164374
0
0
0
0
0
0
-.03159514630386924
-.04685570555556671
-.015509982193738007
0
0
0
-.13826322411775163
.00030300136006407714
-.0003014088401928068
-.03300000914079281
.0029920630507825692
-.035901705783113955
18746076785431403e-21
953683179623432e-20
.0008052829553247799
6048468663176502e-21
.024707357953273265
25560574229678007e-22
.0054777651844125225
3406721939409843e-21
-.00024698870622787746
-.05526367070945532
12272661294093365e-21
-.002533428933206749
-26569214860300008e-22
0
0
-.00025725069884824516
19128463305790883e-22
-.0005407490147119204
-.0004201139016045758
-.0002174673231791396
.0006426015137680749
-4071886305703719e-20
.0037560514850643657
-.02716193348795586
-.02649442647460713
.0005940380398885191
27360731507821106e-22
.00043569825668094266
-.029202845929075353
2434623716848026e-20
-6997214457056171e-21
-.026467203881572216
-.029200713199140662
-.020773550314173307
-.011435289699843592
-.029204626283762344
-.12462831747426252
-.04755225508276727
-.04460881262616246
-.0002566031482111873
.002099634221111942
.0003177813937980675
-.07128562676905097
-.037526160725384616
.07943904508533117
-.15434813151969903
-.03394181707329128
-.07629137454853854
-.034064144016363374
-.038109816652610665
.012061035158250659
-9391845329974795e-21
7874638468071831e-21
-.00026242604932904097
0
0
0
-.15192177752604982
-.08915704227835981
-.05003096221300858
.0003931857197693369
.011473080220547952
-.007845369683610473
-.06357879505878579
-.0425481473163086
0
.07316477621521458
-.00025673604165772965
-.03508627321810876
-.10033126231328537
.009768237207500415
-.0305485997744548
.03427059523627402
-.558672025354184
-.12603267219429978
-.04135674190671653
-.0021291931496328844
.0284813488870218
7661889201042573e-20
.013280861949146901
-.0026682558690247315
-.03374230281122061
42470789305763585e-22
.0007389984021756454
-.014077345294016072
-.034077238938355625
-843995666807703e-20
4500061092421342e-20
-.00027828318980119304
-.0003523483378179728
-.02948664636558886
7633025086125571e-20
-42415833868024604e-21
-.03055665045598013
-.030535611646060237
-.015736117085801842
.04123759414674206
-.0341437474114518
-.05257844722004666
-.025062420943159948
.008126482204142669
-.030553257949715223
-.11262504567734705
-.1499564566539888
0
-.05379405652644322
-.0540309522996441
-.02714709589282576
-.09247194746582943
-.14658961792002934
0
-.056273451433824916
.023647829911932757
-.06458105183207154
-.0528177858153698
0
-.05169580023829038
-.05411523635397906
0
-.052753008305881324
-.04145844702389136
.0005737522934791937
.00024840856277111203
0
-.053583027172288265
-.0469709780139806
0
0
0
0
0
-.05371964602812064
0
-.05433969758174371
-.007815889382579105
-.05391423049928743
-.05370468222805324
-.05296219994637067
-38782748175506956e-21
-.04669461891347328
-.04725667303243663
-.04805950934335665
-.001743013381867238
28510234818395954e-22
.2344741340734493
-.00027416288340159194
18461510425165909e-22
-.00026772030910673185
-.00031169974722319713
3663125829982732e-23
0
0
-.00345969026955509
-.018891317790769482
-.024603587962229376
-.15243455625428304
.005103216503289045
-.025037284016357027
.044687059588812715
.007921760357728475
-.0002502707824146391
-.047257783951141975
-.00026210520657779914
0
-.009524111290801331
-.032655397639887784
-.0002579398853916219
0
0
0
0
0
.00028904178176505083
.0006566251382208688
-.045285847119837894
-371219703143754e-19
-.028659327619761185
.0036412900462690105
.00031400679523977293
1960704179286846e-21
0
-.04822087408754912
-.1003913478231756
-.0002530777985886641
.00019734858817474355
-.014273528798919162
-.0507627946439717
-.04058413220997605
-.00025409154889639005
-.00025810170937851974
1618015378405301e-20
4595583989910626e-22
-4648984657608514e-20
-.00025786550672875496
.000742380987800707
-.03053737500641065
-5740497068612783e-21
-568479066078937e-20
6987294666173399e-21
7186070334976177e-21
-.0002566666823178463
-.05172343718173756
.0006089253651987443
1770546231788917e-21
.010244516358922309
7959881819742709e-21
-.00025668191420331855
7895936207674124e-21
4154178764573982e-21
0
0
0
0
-.03743157251931804
-.037915713333749934
-14269715966863262e-22
-20968646246420367e-21
-.0002577766090683609
73045405957430555e-22
.0003477596081280124
.00034783349730198066
.000607285564168487
12351577916851992e-21
.0006384861032277064
15396410016491775e-22
1835652779086706e-20
1117971663080952e-21
-.050388612996687544
-.003306053298726415
37433450074420755e-22
-.0002578371741022425
-.030399649083990468
-.039519537139404114
-.06900799271502628
-.02396456888345319
-.0002505194593906368
.00035065094094789196
-.02837971682254797
-.03037294552080037
-.026746762004880187
-20288225993203995e-21
921702538856024e-20
0
0
0
0
0
0
0
0
0
0
0
0
0
0
0
0
-.05046564720474715
-.0002578284207891169
.0014970501039442538
.0009770608476678808
.0011201017546753306
-30653108306858432e-22
5011356660923096e-21
.0003507773023372996
1955666664198491e-21
-.08467002663632103
-.026652089929693534
-4002057354828133e-21
-18514337993051623e-21
-10608176124573387e-21
0
0
0
0
0
0
0
0
0
0
10239390991977023e-22
1308715638913505e-21
-.00025668929037411396
.00045291245309533423
.0006823940663837856
-.00025784457270996714
6739357744997259e-21
-.0002620078174493072
-6039414937760939e-21
.0006080231384359428
-.00026460545826405155
.0006066908358842449
-.0002566383471444392
0
0
0
0
0
-.0002578633421108501
.0006090024976611488
818574213667149e-20
9388931925038055e-22
-.06084713524700525
4284470376293699e-21
-.04851981640458174
5247865301889882e-21
4119308987137581e-21
-.016408241793824604
-.23995509158972764
15808696473829004e-23
-13182510912630758e-22
3534856816470077e-21
0
0
