.6426600022150147
.010851091191243395
.002095687363894471
4046008118481846e-21
.029036602285535274
7.0861746067690055
.7010321473415133
.05880342190081307
.06436455874838175
.0665143470865393
5.220843411174608
.677482808804801
.40852001751342304
.006534985492739793
3.3794176022553195
.4405761693469187
.0031409652359316903
.07696882564186666
.0044235705047918645
.001883131851040292
.009488133884893115
.00017206531334696155
.0027618773571307926
.28524959270949324
18.075204919926907
.0001440600734380475
.005658683695749141
.006163465674827201
.005917924643726352
12336486333767033e-22
.00016859620798337973
.013441313520720127
.00127062123355769
.010281105710631946
24125774060917374e-21
.0022498226910683456
.0026851618784606707
.0003816781843663746
.005400378426088254
3972181311917387e-20
.0059181139067976144
.006102946611062675
.01995625597403426
.00031905641163158165
.10437520061736529
.008306450779817861
.0007927175353367039
.04640883901574664
.2938762514118102
.0011756029563708343
.5994252908773573
.009969051276997805
12.360496829201471
11.595248899504629
1.3226022944713984
.006839474174563503
.06669095828311866
.07394126552848519
.21771279678930638
.12591989581672489
30.129489221205155
23.18005265632234
8.387111624028629
.0024280202046208475
.0004973045001526822
.0014455063309705752
.00655689267198281
2.5191233057019824
6.9405062101727815
.01619786767746815
22.133082610300466
3.3111266637756547
9.564653653539379
20.731747749846612
.0014102904560841188
.009297128491106105
.000579267706412658
2.2970501796102347
.0003188768858606556
.0029012083621412933
.01120306247035574
.00038185786794356905
.8948093042901821
.680529416717101
2647981903274229e-20
.007897402952104239
.865103750336709
.7793397945084508
3.5577534441866177
.00017010052426470488
5009144514593888e-20
.5683317363909269
.8006201538110365
.0729615208952897
.010581530226201797
.3029701284441054
1.57379539235457
1.4702717130570833
1.8773922515983668
1.6428322490590956
2.098231760004047
.02877252068743127
.03757740349460745
.009859578543663051
.0001725011838670831
6.3148517746402
6.062177793736323
.552519907987799
.01656040289750312
.003387650730204512
49922988240165537e-21
.0005457696967481543
.09533557685399369
.019246765581743878
.0007963617488192211
.4405470503762023
4773204857225866e-20
.0002247941232392203
.037209568699315805
18998685942948225e-21
0
0
0
0
0
0
0
0
0
0
0
0
0
0
0
0
0
0
0
.7554656889878013
0
0
0
0
.5597369276619623
1289.9283587134562
.004518210510038577
.10150189939063922
.020799188876226705
.2098055988226448
.11107987115670806
.6331457968625195
.14575248812735858
.3912498158357723
.006523193785892716
2.971034774807011
3.239677293363249
.016763938340123203
.038407570785968646
.810778563348568
.583272869775147
.24042224121799147
.4319289024985627
.019412680904206253
.019412680904206253
.2253076724538585
52969474179076064e-21
.019412680904206253
.019412680904206253
.019412680904206253
.019412680904206253
.019412680904206253
.019412680904206253
.019412680904206253
.019412680904206253
.019412680904206253
.019412680904206253
.019412680904206253
.019412680904206253
.019412680904206253
.019412680904206253
.019412680904206253
.019412680904206253
.019412680904206253
.019412680904206253
.019412680904206253
.019412680904206253
.019412680904206253
.019412680904206253
.019412680904206253
.019412680904206253
.019412680904206253
.019412680904206253
.019412680904206253
.019412680904206253
.019412680904206253
.019412680904206253
.019412680904206253
.019412680904206253
.019412680904206253
.019412680904206253
.019412680904206253
.019412680904206253
.019412680904206253
.019412680904206253
.019412680904206253
.019412680904206253
.019412680904206253
.019412680904206253
.019412680904206253
.019412680904206253
.23733293448169465
.010306935003454632
.019412680904206253
.010306935003454632
.17223999787561894
.08615442754983672
.019412680904206253
.019412680904206253
.03431163283868608
.019412680904206253
.019412680904206253
.019412680904206253
.019412680904206253
.019412680904206253
.019412680904206253
.019412680904206253
.019412680904206253
.019412680904206253
.019412680904206253
.1604187182879495
.019412680904206253
.019412680904206253
.019412680904206253
.019412680904206253
.019412680904206253
.019412680904206253
.019412680904206253
.019412680904206253
.019412680904206253
.019412680904206253
.019412680904206253
.019412680904206253
.019412680904206253
.019412680904206253
.019412680904206253
.019412680904206253
.019412680904206253
.019412680904206253
.23733293448169465
.23733293448169465
.17223999787561894
.019412680904206253
.019412680904206253
.019412680904206253
.019412680904206253
.17223999787561894
.06023888395393992
.20774933779838858
.019412680904206253
.23733293448169465
.019412680904206253
.019412680904206253
.019412680904206253
.019412680904206253
.019412680904206253
.03431163283868608
.019412680904206253
.019412680904206253
.14845170772713587
.019412680904206253
.2253076724538585
.019412680904206253
.019412680904206253
.010306935003454632
.019412680904206253
.019412680904206253
.019412680904206253
.11995204619106038
.019412680904206253
.019412680904206253
.019412680904206253
.019412680904206253
.019412680904206253
.019412680904206253
.019412680904206253
.019412680904206253
.019412680904206253
.019412680904206253
.019412680904206253
.019412680904206253
.019412680904206253
.019412680904206253
.019412680904206253
.019412680904206253
.019412680904206253
.019412680904206253
.019412680904206253
.019412680904206253
.019412680904206253
.019412680904206253
.019412680904206253
.11995204619106038
.019412680904206253
.019412680904206253
.019412680904206253
.019412680904206253
.019412680904206253
.019412680904206253
.019412680904206253
.019412680904206253
.019412680904206253
.019412680904206253
.2253076724538585
.1918465784464159
.1604187182879495
.019412680904206253
9999999999985098e-28
.20180411767997375
.20180411767997375
.1604187182879495
.1604187182879495
.2253076724538585
.2253076724538585
.2253076724538585
.2253076724538585
