40.88178660494515
.15585390391662357
.2824609325024592
11.258994087205615
.36814633262711005
5.921856625935397
.20054036315704946
.0022600953203032346
.338317590918615
.027058358511071127
7.663995109578205
.7090503227621046
.5892510661813584
.008998912780960272
7.649973765983529
1.0252877245989145
.0037844284893975093
.07914916890783535
.004092412847740296
.0017463605710539818
.0396598315415271
.00013843892725450856
2518691540084614e-20
.2836083909306796
0
0
.005057802437126349
.006411484961860061
.006061926133734554
.0023797630741098285
.0001736969584057755
.013847993157855839
.001309286845072455
.01059215249767925
3487846120757759e-20
.00046944323108844314
.0027671203033683314
.000530935462917234
.005572072271480714
1569515464164191e-20
9.790926526086947
13.879742744796554
.006529571958035898
5955870576868169e-20
.11016219472967208
.008105132705513487
.006843169825276342
.4108400624486951
0
.46307971009265014
0
3.969239689662122
18.135445208608967
0
0
.007093141189147541
3.0526849752029066
14.649450979190984
0
0
38.50984339385159
27.244092188709256
9.387334171206831
.0025997548676967353
.0005961362339941844
.001430162035082552
.006959385664061548
0
0
0
23.319594190566452
3.4075863010709564
9.864526435494877
16.989009352047816
.0014542919846815847
.008295310095351057
.0003778130344785645
2.261761609101503
.00038377647228183
.0035275579682244275
.01144208593211915
.0015922529077379783
.8282055236532546
1.5664194231470612
.00011667163625769916
.026146310165217825
1.3421621736472167
1.706574532830875
3.516951187512244
.0035313931821428506
.0004339652258289063
.586641286985102
.7610144007712847
0
.47405071222410117
.7927473132327536
2.0325347581642568
2.6561779709681352
0
5.993489965375528
2.0461999045561075
.5611883997576435
1.1050517465916865
.9488994355699689
.0008602170875518457
50
8.190241517645553
.46160632175742133
.06170969590073547
0
0
0
4.97325006497963
.009379556079519204
.00047419486198076774
.5142795969647733
.0012194391688642825
.00023148942288824567
.016447607804456563
0
0
0
0
0
0
0
0
0
0
0
0
0
0
0
0
0
0
0
0
1.8559991328184975
0
0
0
0
.6362527826309208
1328.9543727409234
.004654906277328848
.104572778887687
.021428455944711922
.21615314222486914
.5390072763887518
.9886454921891458
1.4284482809914947
1.2713038738312026
.007776367141799683
6.115122186163348
6.183189351339223
.14621985673480367
.3359935450075521
5.44523341597195
3.9447709867920024
0
0
.02
.02
1
8
.02
.02
.02
.02
.02
.02
.02
.02
.02
.02
.02
.02
.02
.02
.02
.02
.02
.02
.02
.02
.02
.02
.02
.02
.02
.02
.02
.02
.02
.02
.02
.02
.02
.02
.02
.02
.02
.02
.02
.02
.02
.02
.02
.02
.5
4
.02
4
.25
.1
.02
.02
3
.02
.02
.02
.02
.02
.02
.02
.02
.02
.02
1.5
.02
.02
.02
.02
.02
.02
.02
.02
.02
.02
.02
.02
.02
.02
.02
.02
.02
.02
.5
.5
.25
.02
.02
.02
.02
.25
2.5
.35
.02
.5
.02
.02
.02
.02
.02
3
.02
.02
.2
.02
1
.02
.02
4
.02
.02
.02
.15
.02
.02
.02
.02
.02
.02
.02
.02
.02
.02
.02
.02
.02
.02
.02
.02
.02
.02
.02
.02
.02
.02
.02
.15
.02
.02
.02
.02
.02
.02
.02
.02
.02
.02
1
.3
1.5
.02
1e-12
.33
.33
1.5
1.5
1
1
1
1
