.004106013772358974
.0032551847783160205
-2400481395385544e-21
-3648568396136704e-20
12793915864898688e-22
10379473031945331e-23
-1341318253092377e-22
-2549438701084385e-22
-.0001790586230318085
-.0004937279346872654
.009555278931667945
.01804013565645079
.010211700877836292
.010729741807601735
.006285992423932443
.004754824914810561
-15303378501043506e-23
-7779955428919299e-23
-4382098397727405e-20
.005395239398000051
.051582246932933
.011591242831748115
.012125421881050914
.007288218929097363
.003162491663586183
-.00043574087565982346
.0037910315794708986
.007313777422866931
.04882610652984241
.0035012914366777414
-11422650136675081e-21
-9921251612905085e-24
.0011242500538780815
.000947229353468925
