.7061621189753058
.010053563332330932
.0023545575191745998
45177831320190536e-22
.029212083704843485
6.547556030797047
.7043287597447947
.05723137404352569
.06688571625558705
.06742965901118851
4.7789161706003584
.7022056556888915
.3171658128680251
.0046451462570946634
3.3949916524655186
.43169659352321976
.003134287136310921
.07507352563138799
.004538545078510404
.001979945376791067
.009450177771148042
.00020013630252879456
.0026186508076035133
.30294869599749263
15.794290617390788
.00015256647589732556
.005820892386152234
.006053735354625665
.005839523484842945
13847177320097335e-22
.00018371647698237496
.013205277581069187
.0013030807202304823
.010076963749274923
18169751453207797e-21
.0020440668878316188
.002831680711002016
.0002865624868614813
.005122178940875998
3057587157957377e-20
.005852603971432321
.006085492897589999
.020212154151787072
.00032844237342968406
.11633909649614266
.008093882094835263
.0008352003004624391
.04537072902863283
.29774541734446225
.0011431255165453998
.6182192333914803
.009047633288111815
12.079871966671648
11.223082232290066
1.3293468354320752
.007114988096268141
.061616630702282446
.06880448711208545
.22650952787035403
.13435994420292827
30.066892811573286
23.68164594326506
8.095109396939847
.0024288169316991114
.0005319954912147027
.001358726046892341
.006348743333638993
3.7626533125305035
7.416609067590029
.024359080707553337
23.17651617291147
3.4281590622262637
9.528214041173216
21.686463677794347
.0014051075749610127
.00913976824424983
.0008218966804340741
2.1914725513831645
.00032784402189534707
.0027830836825613616
.01183119056319094
.0003787019105700161
.9030597862293791
.7015232260695137
29522735762657105e-21
.008532615568038743
.8553673553210651
.7688057995526706
3.4473949906254444
.00017311412760747353
5758610840611558e-20
.6022482167496032
.8691098776893981
.0900874945485346
.011143911528712929
.3103763225099235
1.635043616448056
1.5193828985306117
2.1038452193691666
1.5220276017390628
2.030378528889394
.02372264978701631
.03933354851127998
.009244349159625555
.00017981777711029287
6.238536941896618
6.086276280488745
.5653226068731274
.018004556770552096
.0043450567308997564
7357948307030935e-20
.0006028112476282673
.09627086555068785
.02078968535992387
.0008809566640968333
.45681849764012616
4927571273014549e-20
.00023246519756839847
.0329355446580134
23052158566716166e-21
0
0
0
0
0
0
0
0
0
0
0
0
0
0
0
0
0
0
0
.7556587365115783
0
0
0
0
.574068329695446
1280.5226760063854
.004388143313553997
.10075893418456282
.018166252887261508
.22637255892937877
.11154412250807107
.6400117526594261
.15004997461824032
.4299449432321867
.006336612965013667
2.974199174580328
3.1948485523874215
.016078032594528235
.04087673531235951
.852150291581589
.5901213366772248
.2684735970268863
.452423334433771
.019410858243587754
.019410858243587754
.224252347439903
5052348127150439e-20
.019410858243587754
.019410858243587754
.019410858243587754
.019410858243587754
.019410858243587754
.019410858243587754
.019410858243587754
.019410858243587754
.019410858243587754
.019410858243587754
.019410858243587754
.019410858243587754
.019410858243587754
.019410858243587754
.019410858243587754
.019410858243587754
.019410858243587754
.019410858243587754
.019410858243587754
.019410858243587754
.019410858243587754
.019410858243587754
.019410858243587754
.019410858243587754
.019410858243587754
.019410858243587754
.019410858243587754
.019410858243587754
.019410858243587754
.019410858243587754
.019410858243587754
.019410858243587754
.019410858243587754
.019410858243587754
.019410858243587754
.019410858243587754
.019410858243587754
.019410858243587754
.019410858243587754
.019410858243587754
.019410858243587754
.019410858243587754
.019410858243587754
.019410858243587754
.23677647927724452
.010112721200598621
.019410858243587754
.010112721200598621
.17203796132736182
.08611398985883414
.019410858243587754
.019410858243587754
.03382991513858672
.019410858243587754
.019410858243587754
.019410858243587754
.019410858243587754
.019410858243587754
.019410858243587754
.019410858243587754
.019410858243587754
.019410858243587754
.019410858243587754
.1592927517220972
.019410858243587754
.019410858243587754
.019410858243587754
.019410858243587754
.019410858243587754
.019410858243587754
.019410858243587754
.019410858243587754
.019410858243587754
.019410858243587754
.019410858243587754
.019410858243587754
.019410858243587754
.019410858243587754
.019410858243587754
.019410858243587754
.019410858243587754
.019410858243587754
.23677647927724452
.23677647927724452
.17203796132736182
.019410858243587754
.019410858243587754
.019410858243587754
.019410858243587754
.17203796132736182
.0595347285636862
.20740825337116442
.019410858243587754
.23677647927724452
.019410858243587754
.019410858243587754
.019410858243587754
.019410858243587754
.019410858243587754
.03382991513858672
.019410858243587754
.019410858243587754
.14831238497792149
.019410858243587754
.224252347439903
.019410858243587754
.019410858243587754
.010112721200598621
.019410858243587754
.019410858243587754
.019410858243587754
.11986760454165649
.019410858243587754
.019410858243587754
.019410858243587754
.019410858243587754
.019410858243587754
.019410858243587754
.019410858243587754
.019410858243587754
.019410858243587754
.019410858243587754
.019410858243587754
.019410858243587754
.019410858243587754
.019410858243587754
.019410858243587754
.019410858243587754
.019410858243587754
.019410858243587754
.019410858243587754
.019410858243587754
.019410858243587754
.019410858243587754
.019410858243587754
.11986760454165649
.019410858243587754
.019410858243587754
.019410858243587754
.019410858243587754
.019410858243587754
.019410858243587754
.019410858243587754
.019410858243587754
.019410858243587754
.019410858243587754
.224252347439903
.1915765681369374
.1592927517220972
.019410858243587754
9999999999985058e-28
.20149171231098278
.20149171231098278
.1592927517220972
.1592927517220972
.224252347439903
.224252347439903
.224252347439903
.224252347439903
