44.66294348271937
.3118805758817916
1.1152506080352198
54.21132482199844
1.28176412187987
7.381281575039517
.8470051844986253
.19195644004132217
1.2970129213993682
.07826218917357505
24.505374694705495
.7655895346333509
1.5187104035721668
.019272907579660825
9.050246957384845
12.028272495137196
.010558175603673422
.0827704694235087
.0165590970763792
.006672867383062498
.04352931435494827
.01487430860769719
.009728337001172213
1.6425631430846142
28.233945252710576
.004830159064755235
.006406443830756607
.006640968991977827
.006227882450620145
.005336463869336771
.00019067997219073094
.013768739812650276
.0013595334824174103
.010472944812062242
.0002700410099255739
.004255426406080816
.0029987010950516093
.0024708272248862803
.008450307603435889
.0002268371360952523
17.969866801658135
18.012332359360204
.029741269284427153
.0039190772979169316
.1472325147160264
.010851464306060776
.00919464536792092
.6063476351380785
5.470308828233808
4.896260165942486
3.7324116285172257
4.889988109845321
21.574796854021567
20.314897332964975
1.9014427794125786
.008031926038031002
9.31028597626841
158.40666420909812
.357240783575853
.18145690957627372
55.02384378832407
52.743667818674666
18.699846356180053
.006228623696080303
.0023186476568628623
.0016790342098045132
.010462991120674826
84.23716347725208
76.46814420239362
.043889137955904683
29.539072269917337
3.5611217197357146
107.71147132222474
33.73327505259511
.0015096237556143331
.010189890886376682
.0058893346374094485
2.6877739331539905
.0011272551899120734
.009732688574066006
.012417554179914836
.00784732998028421
10.108939504098089
23.161793459669738
.009894629026944414
.055602056027512246
27.07417339985405
140.9959734220384
7.564716021172269
.015630676968118266
.009748510597639504
5.11119279105515
1.6460964540812661
13.254299703567856
11.14235695265574
6.542477245031738
8.27968052108113
6.45158844365489
3.6467441995778653
59.81825727674648
2.113467827212774
7.267145595028101
5.2893646094452125
2.663080356666838
.003109470997745547
60.049446389642135
8.616223104059019
2.134481517259292
.4733619499850419
.01625694269930454
.00019062682750201705
55.471179714365036
102.25356618558058
.09613847932342333
.0035519385520504524
.6451473783056794
.006353854734283016
.006861036087940164
.1842452515658492
4239028126962966e-20
0
0
0
0
0
0
0
0
0
0
0
0
0
0
0
0
0
0
0
3.271549101405329
0
0
0
0
4.438422099192934
1319.388004319075
.004521328483766132
.10381708311928749
.018717619447107765
.23324322509455186
.837031698547521
1.159352461749789
1.7389405788956471
17.464320470896162
.016051486842046894
6.18404464431491
6.291947107360623
.35619740912152986
.8591243137708049
83.7451366804992
93.25040319184512
48.99363618992373
77.63753802221416
3.4873262787823505
2.0015048521604086
1.648313482721053
1.6901462393427877
2.6511283363794877
1.6657281979449376
2.513606076753857
2.1812144071089534
1.9217275965071594
2.204998277724163
1.9410532480606704
1.8946217227514928
1.4955770174458112
2.027813354163195
1.5806899802820864
2.6802929621211717
1.8919596755691925
2.3420088522799913
2.250295339966037
1.8624773388752756
2.532604282614525
2.8198105431688996
2.5200591193502535
2.0579493008082315
1.8554347949298589
2.401771571769181
.025309818982295132
1.7320576766875915
2.3766264314653305
5.465109769412901
2.005362746134221
2.117791561633294
1.3341460364338655
2.9795032967682302
1.435050548266068
1.633101864077906
2.958189194440087
1.3094765509379986
1.9891390781358742
1.5440668773603925
2.0099202169873887
1.529354977465667
1.9458321087884174
2.576945997231364
2.003097785327028
2.1144059087094917
1.8577844496159692
2.1930545677671955
1.77654258977653
2.2969115884051123
2.7203198462872065
2.9914115451292234
2.4698745545422733
2.0335842913057753
2.0639631785477563
2.908728349568557
2.313508870143557
1.0460525309845488
2.790164075937429
2.9515103483694856
2.148760808590683
1.1840471795114078
1.7471890209513121
1.734877839224127
1.9278238872191
1.6159904632202797
2.5354700390895513
2.229856536535723
1.9559530235913338
1.7574569668676108
2.5570997795757973
2.5786956341208116
1.812034503756009
2.1361196818639474
2.424060057529986
2.3125815481833834
2.527402693752718
2.4554153118280926
1.8819872643303073
3.052228440075982
2.2019840963251904
1.8883608546034212
1.2604155632892549
1.4948289589207593
1.5892315239180421
.727367937532292
.18175093691902205
2.072718262567319
.011768809278001727
2.575130879076678
2.2387320644734463
2.523432573457314
1.8731041650380764
.19472409082740408
1.5136642641996483
.20404627303531003
1.176779388743665
3.1089614946965054
1.6939921015707782
1.8182645977426322
1.8833440589329904
2.1651710139021594
1.8057125679261459
2.0153715513985175
2.068076183537173
2.277243539191333
.009930816140771914
1.9738309626263466
2.0192716494126937
1.4296859078150967
2.459828692449845
1.806611561666552
1.4121932446315948
2.287323812937209
1.7921034711550345
2.010296937732815
1.880897434839051
.7207675806874303
1.743382189415902
4.532716511857806
6.429603877030537
1.5355990687541388
2.1374246652451827
2.444484072287282
2.7114665233516524
2.7648312018385615
1.9053500246453265
.008952830411545182
1.693606589948688
1.331995175122849
2.698181239358585
2.427172616354937
1.8696037367746388
1.907179219851771
2.4065065801576204
1.9338446207686033
2.6850777788697204
2.144863629273767
2.440247437474971
1.7679732686567928
1.5818776488779591
2.1200412496907743
1.2489771896190873
.22147229921237258
2.4033001526289106
5.527343759547251
1.525264346019019
1.6907533566000277
2.1443562140784174
2.2572024349967865
.959298672846519
1.6924616184759302
2.2019750181486724
2.110798074042014
2.1552811759142636
1.386301062465733
2.1416121380179307
2.693346970816059
1.7711505817051076
2.444750408537188
1.3958055035680073
1.2546238942459302
1.5529017276313963
1.9985839798324885
2.324807157556873
2.323413137601637
2.851031808246162
1.315555468986196
2.3467529379195677
2.287141954187947
2.32543198248165
2.4649891159211785
1.6990037574944052
1.8915756394540237
2.8893367751001025
1.9628738762362055
2.214018588204286
.02416708512964264
2.06410138021079
.06101965751791133
1.7365732497965611
1.7718499885230734
.5765595542036409
1.4541398378507082
2.2319090217123074
1.1983183236359667
.046291362647182116
1.9572068129771136
1.1598965145137707
1.5993615349714134
2.155041695356745
1.9667875373740058
1.6141395731800376
2.4007368139902314
3.5084077554259294
2.823761677900817
.6774829673128107
.011234635124884564
2.0764958416335846
2.259220415834968
2.017922167059119
.048290886768363066
2.444574055751743
1.7745102227367722
2.269253456186162
1.2331579814559088
1.3363629957322734
.006472290379169639
.004399195960791133
2.405528162837746
.5675872225680786
.14726054413098413
.8195847986529617
.21463199761762358
2.2168373069169944
.11367473242201206
.09895342075487874
1.8560353603886344
.6104001914517346
8.13915710858108
2.1192483614987894
2.2023529333765315
2.4218479497426655
2.249402735586617
2.1581332150178887
2.00312414658923
.12001588210546436
.16048608600200534
1.906076592481599
3.091778662003565
1.0384578518638996
2.06844407107626
2.4296222411339436
1.8897657565554027
.010058961853937039
.28751666157720124
3.142189036027618
3.5479564386715703
4.365557387792241
4.218846908256254
2.43937425415154
.011683583417502119
2.962476626700638
1.3665288784712506
.014333006529047376
.010518879935455791
.1624194110973597
.012312342477040168
1.8516805751783452
2.896964253703768
.01
1.829661564333116
.014582079223535131
.00691040311561484
1.9585191791594254
.009512406616409664
.008073488697864629
2.432214583483295
.0071762202824447235
2.3194459928413576
2.07622667155313
1.588370653294605
1.5390083183641332
.009348724602427725
1.9774025069552448
2.425577636698007
2.49785057941145
2.4130053610465945
2.2957593577447577
2.855281376067078
.010658658670051627
1.3894034473875294
.010841158913525753
.008823488975548356
.010303638964748615
.012333624023159377
.010481349010209948
1.449653534027114
.08727006366329923
.06843246499892147
.00952120213156704
1.312866436932331
2.16836716992269
.09352879531970221
1.9624312542116438
1.4474876025521264
.06606439621937059
2.20256014592849
1.6841430013361824
1.7171509815969805
2.967504724712486
.008632999552159723
1.6286796779704453
2.6922361131980646
3.4454927656842207
.8173345172093467
1.6398720370518256
2.1677314071742724
1.4919047307137108
2.1559616264272017
1.7434573123312584
1.8407584715642298
1.9246176783475293
.009295761237024393
.20819758331322621
.19061156791061742
1.9280665595456044
1.5262957496466638
1.9589084706367652
1.6958464512645357
1.4546128068157878
2.1530674408916948
2.1064491331216026
1.7811154517499608
2.0571420830612963
2.1409497520909557
1.9052809163796574
.006206474839661432
1.561297498444269
2.056980288151831
1.7839093769024268
2.0147830523103702
3.2220020826717692
1.7053592708439231
1.8939863371841863
1.7922341607102745
2.2258215420532745
.11637552794796656
1.9082183341988999
2.3847820097690553
2.3308596188151234
1.5717956897787375
2.4968086316040683
1.7285764208007446
.2337552803829585
.15579164423651823
.1301575042078878
1.7456813031877891
2.1594692836599063
1.7759326595806182
2.480462577812937
1.3954576961393566
1.878481009276707
1.5716309692004455
2.0200298676887525
2.3865469723185058
1.7668288292695924
2.307292199637234
2.3188288376608646
1.9448561951845125
2.287777931700318
3.1437630632730116
2.0030836665058462
1.917741161913872
1.7981841501689433
1.3794069339620325
2.0770585843486633
1.6246337110301354
2.269005282819682
1.755096747192038
1.617491512091986
2.198055598299863
1.7627475711162468
2.3638001905643162
1.3654649608432454
2.2916090934911266
1.5823569938919066
2.2898611158493822
1.6822126057080053
2.272126527846263
1.6336532965395378
2.125986513987405
15.318119761718606
17.137983813008017
2.2970968293002807
2.1154994312630104
1.6184592489696619
1.31698975096573
1.5933187900055348
1.5418882149543962
2.496112323571164
1.8563833152501497
1.6912953618375877
2.1197128455817498
2.0462754656668998
2.7499893608922577
1.6877622629095688
1.8167413881231982
1.4812067539273865
1.9515223768172139
1.4955584941152469
1.8394440650558381
1.358103702705735
1.9489738166939021
2.1809664069015584
1.2104630149019835
1.7948967653076053
1.606147401022115
2.3496914266462974
1.8986688996407692
2.8792956857200847
2.000097444483133
2.053023027387764
2.750421386016443
1.2656197371232596
2.5561165231604344
10.812242153766933
1.7999630114615253
1.7894190309281686
1.5829619791785736
3.476853059744229
1.9955409848202075
1.983441740925208
2.859490983126825
1.6391866765550376
1.823936142833167
2.8226959412654997
1.406849317580096
3.2312496958019565
2.6178420335996653
2.4928431097991313
1.9734547907514721
1.38657434356045
1.6367447557282198
1.7118520004993507
.2853396301319289
2.7963707000299607
1.8475469391478363
2.4106349009573913
1.7295386918105284
2.1685478041727175
2.527390201732872
2.0900599348167326
2.0322296989630626
1.886916581603641
1.6871151789754995
1.46339061791815
1.9813957408584455
2.3400458318196953
1.7961282494404942
1.6684584506761257
1.6273883370553515
1.6298871258401446
2.6353842861572807
2.8709661451167574
1.9606898585906425
2.204240876388451
1.8177007219107821
2.293048550150546
1.7353527564556996
1.3405979734923723
2.1558759739395295
1.7716994632744605
1.7041357276226279
2.3974781479975436
.15822982700958357
.9732963645684115
.12658805592391253
1.0017546088500122
.10816960933576714
.8923498772114294
.08482396908197673
2.2909930265697485
.1759515833568482
2.4933861099391406
.09233601681341994
1.006001668686471
6.133857939287676
.377261627941124
.11532990639812823
1.2992893846276987
.07251358834364781
.20714815381589616
.04130453799261743
.8405248783390717
.07531034464585477
1.0985745541121217
.09895519399311448
1.2941657945207357
.1664838401420413
.9853112079125133
.04729566292473939
.6926277311252882
.05872664723383588
1.418005811528951
.00019397475007809685
.0004012748969486024
.11149676024338433
.12831332269607015
