.014986761048919443
-.046603240518556556
-.0006480183667147524
-.0006594961302519874
-.0006387370928505973
-5122497533946552e-22
-.0006390651913791388
-.0006392506010873022
-.012893836141889319
-.0010858149846205462
.009210317009586117
.015007406819462471
30327767560044045e-22
3385938872986505e-21
-.009521623189713908
-.009523357094302454
-.0006390457532727035
-33976495446516566e-23
-.012867392154637926
.0005096661121378634
-.011571508241967596
-.01318402765817895
-.012044813576056435
.00023714306550622557
.05661982121086013
-.009626528936099428
.002966263734372652
-.000977360406367816
.004492918925410011
-.006360414649271703
-8291453721621943e-22
-4324550786353381e-22
.0009655126096442814
.0012696077817772428
