803831655263212e-21
-10221097886814501e-22
4724784323678298e-22
.01561076920819244
-6315238393003681e-22
-8075578187983188e-22
20503083514881913e-21
-.0006392739572381727
-.0006315216601695877
-5236912541301554e-22
-.0005380607059546902
-23874743446925258e-22
-4553861343422189e-23
2005792766809903e-22
-40530264313035013e-23
38044728971207296e-24
-4729395334837912e-20
.007946761255229636
3327995545822994e-22
6501257572256525e-22
-.010808318942955314
-8577742712642436e-22
-37173451907718806e-22
-.0006389779506501234
-1923780988342473e-21
-31061944432376845e-23
-45668805352907996e-21
-.0036933977217755397
.004256033972646444
-.012292776461736198
.012316890221351665
4098646479305287e-21
-.011501130627781141
6557427597302968e-21
0
0
-.009807066231501642
-.009573857196360893
-.0008565219335194448
-.011503748712499578
.016204731378519112
-.006182249102157448
-4659479849276756e-22
0
0
37054856517885823e-23
-4818857491322631e-22
-.0006386675682285575
.003337705654119942
-6137405236030881e-22
-20168474813531072e-23
-7118828432913062e-22
-7116071755185751e-22
-11085596950738603e-22
-9908827124203207e-22
-3758812411871501e-22
.001343386127812331
.09922691772642245
-.041126143935528756
-644783671996349e-21
-9278502288494597e-22
29448733489947824e-24
8513026314554117e-23
-45798408747222736e-23
26220252777920844e-22
.5208851439624065
7199510262796324e-23
1226475156674228e-22
-.0006392208194466117
-.01208927973633704
-.0006385885096013133
.0037990509103548
16497969621070942e-21
-.034181099856329215
0
0
0
0
0
0
0
0
-.012457705782769843
.005302467403923361
.007812378550155454
-.012770442513080623
.0016652371436295965
-6419083708755717e-22
-9245840014791414e-20
0
0
-.01221118876727711
-.011162584126327636
-.0003591651375953686
-.01272333102211394
-21822446725411163e-22
-23596677442981637e-21
-.0013795890276458867
-.0024769837110475545
-.006411182821492947
-6625908467897655e-22
-.012778118160394559
-15662391142100246e-21
-.0011052220895769775
-3733186040000049e-20
-.00016397109369483364
-.0010659141804139735
-5057175137219274e-22
.0044550483424133
-.004870332914362081
-.012890687033445238
.01755634541028637
-.06534547402849027
-4813952318790418e-20
.00450278898710372
-.0010379409347624651
.004508037916340398
-.049085863087152834
-9276147742950993e-22
-.02709585537086668
.01554782734382101
0
0
0
0
0
0
-.06489972552646396
-.005130056229795981
-.13252526279123458
0
0
0
-.004813175388210041
-.04222304573189768
-28871102308165498e-21
-.0007313255627093389
.001865679080744368
-.016888301052703877
9769345952073457e-21
-9057993833653016e-22
-.00019045054620446818
5863212694737013e-22
-.027504118569381047
5449969789218281e-22
-.0041270127250434534
11120766154559961e-21
.0005326091688580863
-13962080945014488e-22
-7884423142261545e-22
-.006349374298912504
-8448817342313204e-22
0
0
1282891949743152e-21
-.011497148793420259
-534754093087645e-19
-.00021698126855126382
.0013940260203150314
-.00044701274613215925
-.0005753810980824811
.014973628367283545
.004523491469486103
.004512598462823335
-.0006401038079658671
19283786249665065e-22
.002256281569407712
.004511314996687081
-.009501150600924251
-1683016160881078e-22
.004512120347595494
.004513824343742896
-.0042688368381229086
.00156225913368971
.004509604884321992
-.1102455194171584
.026370747571277216
-.016420620741360453
4845339855874154e-21
.005544312866752159
.0003860480317386349
-.15519091688257436
.012021224473260395
-.17358816112736095
.428228557367459
-.044275818983409904
-.005746829414444059
-.24778055207042593
-.017368809688299493
-.009863418716017402
-29446179558530406e-23
-.04115404969365456
-.00402718390061365
0
0
0
-.009273309019728842
-.09743430645752489
-.10464053784092056
-.0040632274532731135
-.014502166933593139
-.07515408324767765
-.03175871089781285
.04425186472308426
0
.019825239569214902
-7189096719456336e-21
-.26664685143281713
.0033508612074438443
-.0013413886918899685
-.012211151444705852
.03366613184876938
-.2785433492527655
-.11937939142312783
-.008179893073150096
-.0021271528040924122
-.006246193692762203
.00044857683018751255
-.08547468629000823
-.0009620847729663195
-.008314149368700424
.001055813438673481
-.010487172823074665
-.00011162005672511102
-.004166987854053941
-.009296486175291496
4540407916003896e-20
-.0075503811067655436
.00493719292510176
.004282238288444261
-.012326495948231292
-29149793017175562e-21
10057809817322044e-22
.015654091538985098
-.19748189648694814
.0629067636720021
-.011967096362420153
-.009502763625586507
-.10078389934118147
-.005758733642298523
-.04123547386582177
-.11614746654427176
-.25589992697221725
0
-.05334550051454676
-.05236655160921133
.004804511030145537
-.09945958661514973
.04897966706862786
0
-.05415874386623074
.024954997117963774
-.06239008283292432
-.052170499779726064
0
-.05012737802064835
-.05338859172104299
0
-.05258754934287342
-.041371351096724907
-.001048306714880338
-.004921844854812306
0
-.05327359519873822
-.03336983905428384
0
0
0
0
0
-.05313620887429171
0
-.05310348190760148
-.01994129641730755
-.05278045557456218
-.09339976375245723
-.052741021068475
.0003748990954965117
-.006605619602437325
.007060788604554828
.015395458500681787
.0006916143064529714
-28132999550380167e-23
-.003429865321918092
-16510862382132935e-21
-.001107619243097713
-.010723093746258478
-5106333130731576e-20
55739777214236225e-24
0
0
-.011597012558656243
-.003523102172907663
-.05757105776225533
-.16855550239597555
.14346189001476087
-.00944132305204991
.10114163215876418
.03256879314586417
.0041734943220943475
-.07128735383692977
-.00492060538417724
0
-.018549575651547752
.004501417238503266
-7716520073891998e-22
0
0
0
0
0
-.0005994370836247488
-.0006388576794108195
.010777706005653491
-5678572414420506e-22
.006176475116657506
-.00993615365001147
4379765327409009e-21
-7454335490841433e-22
0
-.013208059564852562
.003968113781933166
-.0013552016280568308
-.0012578473910041642
.0007622291063784371
-.012270490319078101
-.0008296302236081778
.015473124486710389
-22020730376194407e-22
-3073194960975773e-22
-25993174670551556e-23
-5205401732221113e-22
-.01059870386688879
-.007823062721622191
-.0006385886524198465
-4975121129271829e-22
-.0006404949660854973
-374162154105434e-23
-5850755558204947e-22
2476923664311437e-22
-.026358628286491343
-5496071611738765e-23
-2408585836279032e-22
-.05062833357802288
-446665802726164e-21
-.0011068720925898235
-.0011065376153935377
-16415371782551932e-23
0
0
0
0
.009518426133895811
.009825812489677607
-14993808301744165e-21
-25080326212445108e-21
-.001083446331294211
-.0014628553148118347
-.010815538010059954
-31025110468523653e-21
-.0006386327584793816
4713133691804363e-22
27624079429063707e-21
7476376591060972e-23
-1382633949017868e-21
.007198034190354022
-.0006282985767659563
.006771563122233058
-4978120878541937e-22
-40005577025652065e-23
.0046296922513171974
.0181195276453203
-.020353943920874435
-.011934012275355284
-.0014426958133707563
-4595479582519044e-20
.017107957046459676
-.07329296412175544
-.07443984978674444
-.0011189041579294443
-.0011062754471646093
0
0
0
0
0
0
0
0
0
0
0
0
0
0
0
0
.005717219232947398
46443097206863615e-23
.000855075253467321
.006920575182874847
9626578049432743e-21
.00047101623684630173
29673177015433877e-23
-10592656823106743e-22
-3240938968704411e-22
.0192857431783309
-.04112193622923302
-3864402914092106e-22
-15085946082238054e-21
-760286049256678e-20
0
0
0
0
0
0
0
0
0
0
-587137676216803e-20
.0010358446741278618
-.009519089267565043
-.007965375809626724
-.0006503784287502167
-10461947061221395e-22
-5164662045531849e-22
-4205118423908509e-21
-6208889552375361e-22
-.0006388686056446901
-.0006452531789071098
-.0006393097919203515
-7150278754144144e-22
0
0
0
0
0
-13480760085186525e-22
-.0006388505699602435
-6520835472832686e-22
-39476969229514305e-23
.01914631497249845
-8474412663755319e-22
-.000824419822107149
-6791980098606028e-22
-12612366275850862e-23
-.09443886783014191
.001220123203836881
-.00110668897559518
-.001106191853404852
-11493680466736007e-22
0
0
