-.0001510493376624433
.0029377075160270166
.0019018615668458473
.0014738696329113692
.001981193245664179
.0010652082505111687
.001668984384445149
.00068904967204934
.0007847217271270842
.0012104224779777633
.00812375009507121
.017186134371088298
.0016321388600530268
.0006659491102268838
.00018198324347540068
.0010940408639050195
.0011204875245033634
.0016112397023991475
.00025842236050962943
.003456759429246798
.005384701768044671
.004086707025582905
-.0005697842365819814
.00509134654528977
-.00027216939548626115
.0037198152608743365
.002862651144962211
.0011569582195079353
-.00020406575384975876
.003157017819714664
.0012442034733570414
.0018473792302302469
.0027106269817700453
.0016415231918434556
