.03937484644347126
.0003759913002505053
.0019370880465372396
.004136609805007637
-.011537957693136331
.00042746633479481914
.0010281254284894893
.004780649919958081
.0030632440194553576
.0012325833989447295
.001131279283547968
.0017055653034200673
.0014453076084317835
.0010116872298061763
.002981274393261458
.00302949776692764
.005543920572582464
.0017863307641494126
.000859427519350723
.0014552420437745322
.0016465089857327548
.0016808869430158491
.0007596346914779366
-.00059347601530247
-.026606713507235005
.0009387802447561529
.001055281397784659
.0013059918559455862
.0011996037045815574
-.0007303803747316677
.0014895620226480495
.0008381198676147041
-56841887199037354e-21
.0014814615385107068
.0013082326506255822
.0009935948261810405
.001443517563339517
.0013213343656288865
.001831688592528441
.0017934239380042979
59587633466476096e-21
.007035886542258483
.0009547521256512371
.0014300386491725124
.0017965266494588002
.0003499037816531666
.001779491903877483
.0026764017405471892
.027537724713401476
.003744721212396536
.0007929124372465073
.004639027907949211
.00014791103570522255
.00025228371468166683
.0028054773304655124
.0008461175248252657
.0019216292378516479
.001953870253096638
.002084946708318321
.002053342705064144
.02687522948892375
-.024594050893615355
.02187865872572519
.000823111828897656
.00046227600384016236
.0019763409474166153
.0029213415471863445
-.0037757320718718765
.0014105899226475812
.00026321615557145685
-.0012474019624796413
.005247521022849495
.02964288600058951
.006708290586001737
.001386418683612771
.0022781495917226884
.002933477527575576
.005128408000113888
.001363665705724521
.005348443573297695
-.0006597267127220391
.001613132132714709
-.013292394597024382
-.01996996973736898
-.014270512617307716
.0034223112506443086
.21174706002061155
.014099568376939564
.24393873739919136
-.00023539429812864988
.0026726293072066977
-.20206048614019587
-.04045405791721933
.00294793813346122
.03896962734298597
-.006510035482629934
.0008042219801633704
.0021589792192838967
.003235070713903139
-.12966710321929897
.06824003424704475
-.004051141424643308
-.03554033574035537
.0020639575836736384
.0006681044228869837
-.0005412829526485858
.12692216919725416
.0022644335236644973
-.042770953474501404
.003418814666017473
.0018254165661924636
.010595550368858685
-.021375897171863924
.0010123768532589203
.0015491255827977926
.006084411049345711
.005351122046670141
.0029883913807266823
.0011961314457075002
.0019409488655080765
0
0
0
0
0
0
0
0
0
0
0
0
0
0
0
0
0
0
0
-.03756050566060387
0
0
0
0
.024595924343433922
.00022964842717360762
.0009489026301763947
.0014188683802752607
.0014151556844111974
262209300937253e-26
.02840944905041965
-.2845064936013523
.0027735108224952315
.005264693775264384
.7867129082003409
.016635413771274567
.025353871299240563
.004474511040532494
.01043097162052369
.0027454040226818402
.002153366697610125
.0010985533293636854
.000944975187636143
