.0009530100480558098
.001676228317563771
.0017120452973683159
-.00022870602000999278
.001798823874440823
.0019528637547095251
.0027990443044007365
.001851939569743892
.0014756222563265082
-.0005616057139508659
.001226043944865982
.0017845211687316682
.0014325294415895567
.0013431587997168202
.0017853330500122535
.0014916853910641324
.0022400868263224767
.003690240049286743
.0015116571342054805
.0017332318709799757
.000837590589797739
.0017868721339866624
.0007317985765235773
.001410151124083044
.0009341956754344967
.0019568969479294494
.0019021246094956172
.005899326983514635
.0024077337495714587
.0018061321905503832
.0077668404992400205
.0017634146449974914
.002850811990745826
.0014751381572912807
0
0
.0009298450617656716
.00081609845093479
-.006407292174037304
.0021289695142509293
.028074989952832967
-.0009033774189406943
.0013409314758012878
0
0
.0014817721688113877
.0014537487876690664
.0021463668637111406
.0011034125305094686
.0011982728008473253
.0017870926209011928
.0018227743904535463
.0007061432799239501
.0013897653363653998
.0007420618512919104
-.00017789354677321732
.004859514305807957
.004911468421059036
-.00013424676447233868
.0018286237836667614
.0009093765455833493
.0015197519142178533
.0006803540158250324
.0014641789976312831
-.0005939701865120628
.001915642320865905
.0014238487541791234
.001188325531312784
.0020567112830434013
.0019047244131649916
.0015406374617787815
.0020637255227213785
.0017281159062628774
-.0027035782175893436
0
0
0
0
0
0
0
0
-.04137789931075807
-.002215376189860289
.03205869038844382
.00490852054681883
.000361859628662538
.0023041977522272124
.0009310005461665304
0
0
.004966021867168446
.005116771091268525
.001242600954635875
.004965574022859771
.0007494444530842168
.0032370748302442717
.00026338047749209845
.01411810396326875
-.007308070065939437
.0014921840776370733
-9730843538884752e-20
.001029039693682323
.0014074185023446055
.0007786109982466482
.0008138751031849342
-.0017146424938429363
.0015357650622086494
.0011330995922418183
.0016002305029545313
.001500686848408914
.005582885612820922
-.03338384691969782
.0017181639019434774
-.0008377385366283511
.0032339568280543855
.0018116322001200994
.0003332702839999575
.0016338799560321803
-.0670631211394477
-.0008356126923605372
0
0
0
0
0
0
-.0013492199567370535
-.0008589109794232254
-.04181564261169905
0
0
0
.01016692719773569
.003057318566117545
.0018465249551882586
.0023907641199752616
.0028888879347855035
-.31181228637471436
.001072115968494943
.001705217287674817
.0016786965372164002
.0016743968711723054
.0038832707000350467
.0012768947210415082
.003066741880207186
.0017005624059756262
.00284428552282108
.0013742577641393688
.0012162342386737358
-.001612370705271066
.0005369533653052308
0
0
.001097284729539007
.0018270246125240658
.0007637706665723169
.0017978851111521887
.0029417066369360747
.001371711527684827
.0014373399635786213
.03377830559181275
-.00015239619278031204
-.00024185594493455345
.0015075866924857532
.001450696414441042
.00618547691565071
.0010332953613632788
.0015250597478496334
.0013648499898839478
-.00024232210408615503
.00043740175521023703
.009565952646705482
.053393009896152886
.0014163408641345732
-.13176543674422375
-.009440648273595677
-.0065406694246973865
.0012923188539772834
.05972912539001472
.0017781912123756487
-.040931565021943964
.011282998433840924
.07385591660331597
.0024679666626071925
-.0050757894155058604
-.0029837726756871837
.003041007445622513
.03400924624458417
-.0228568976087637
.0020197565167739506
.00034779375122829213
.0015884189411420704
0
0
0
.004430550353294323
-.003532024139307594
-.0020020860234082087
.0010439908098589747
-.0181130470991631
.04483387658277064
-.024016530643943518
.0027380918808193933
0
.01584858524044643
.0009051285458558413
.0016674446650899294
.0047775930002591505
.011136758658362318
.0012258693995238828
.04061222973408243
-.38366856729601023
-.09648277972986159
-.053450282504558945
-.00038634137106489046
-.004134961163789622
.0011274849019779422
.006536395887333385
-.0008448233763989783
.0012454953269752014
.0024222386225847756
.002598085702996735
.004873462415271896
.0021073499537055153
.0011935958717558092
.0015873357547582707
.0029190921503726734
.0013486150399989775
.0009153171009850351
.003118778782562479
.0049286346992879135
-.0008371908965324134
.0008768511089299814
.008655031354141939
.10340837279187556
.00010958065222212522
-.003988668200107809
-.04639435833645016
.002031270973279845
.001191941289113407
-.058448411607191116
-.03325195978733217
0
.00015916800470375944
-.0011195025701859042
-.5168495572403814
-.006149565743352479
.006183125049110837
0
-.0016123361150968307
.024463780272174288
-.008928777211300084
.0015633251732691212
0
.002713889885706257
.0004770017095267286
0
-.00016146313475265387
.0012849390047867065
.003101615689103934
.001692456799937148
0
.0007037115891257789
.002368916148311871
0
0
0
0
0
-.00040988601997511156
0
9344240584245665e-21
-.003478687557339997
.00035625588289569675
-.0007726420371154616
.0013964667267368947
.0018698292659137057
.006964220516120494
-.0008510715913891515
-.03126273911881515
.001022354159345628
.002101720591162647
.0044344876320205695
.0015068946799487197
.001825250467207878
.0012061125538290716
.001674736629708297
.00029945115373425336
0
0
.0019593124360997994
.013963085440537204
-.014321091564080611
-.15946858482001972
.017285772439336905
.011147483771072973
.040557753579647034
.00268302428493945
.0015068192844055143
.003229189036765676
.0015706456659018728
0
-.002188183093635084
-.0008389500403777505
-.0012192523107536861
0
0
0
0
0
.001716555231196181
.0013305312855860052
.007331414359888509
.002248330573993944
.0025607462286043213
.0005379471122156668
.00041207192900423543
.0014742436800809003
0
-.00253016823866448
.008641223410685978
.0009583835385389865
.0029322334948554186
.00221397887935606
.004213170654974361
-.0002415876801481832
.002492553832099103
.0028807457633024513
.001038268920089852
-.00036807343893196316
.002600171542110691
.002385906053957379
.0025403508498663793
.001228321889478921
.0017360417191976563
.002974177888394962
.0014267356845417448
7901556560198246e-20
.0013018560453279492
.0011158947262195416
.0017864461603174062
.00038185358724853586
.037549854034314344
.00014042745055589266
.001185962515395063
-.0001191950204706383
.00020313468676166525
0
0
0
0
-.03154961524199389
-.04345206409407243
.001778542844106345
.0013987408528672955
.002112416521050782
.0008348042276671434
.0011697235621699973
.004902768363294055
.0014626913678222992
.0010678921876103302
.0012920161710021417
.0010043194290137916
.0014541320882048277
.001162119393995143
.004975574423149845
.003111296378189305
.0017442905165435162
.0015601151165448386
.03885178909856048
.046593308474440376
-.024825306520661266
.0013451985264647415
.0016054029296771446
.0025229614285427544
.09222930860696979
.0010563242182384399
.00048248695051512756
.001537799434046715
.0015615579383598738
0
0
0
0
0
0
0
0
0
0
0
0
0
0
0
0
.005758890090921002
.0010239404500523453
.0025880505192126596
.00042829517362763997
.0015071467365055245
.002954320318215219
.0014217094389084738
.001217592898811891
.0025168196631392267
-.012467992085511467
-.00012905100910740698
-.0006305724546874496
.000335071154164841
.001674052628022965
0
0
0
0
0
0
0
0
0
0
.0029590757786348075
.0029702104714508524
.0022431809427944658
.00274679260519193
-.0008508558596402937
.0015894506678778867
.0013954675961927662
.0021558113860041576
.0011638485927040108
.0015169158724828693
.0013372395844574632
.0015710858507193095
.0015921936386598752
0
0
0
0
0
.0009535317812768846
.0008993356101190714
.0025791731099893142
.0015575498322531885
.0054654098032685065
.001276587002336742
-.0001285348081450238
.001664084325011791
.0006275263009448572
.03710907702003186
-.0019253771379364546
.0009003848363460743
.0009316641364072029
.0015780386542813337
0
0
