.8476846844699241
.012899613097166408
.0031222052631435246
4773794182621867e-21
.03492002518830762
6.583590314315249
.7019097560748401
.05709359760022687
.08122265025442327
.0658322976363189
4.884512585608448
.7017390938425542
.39607372183780154
.005811816705118648
2.8495191008479375
.3697065432343098
.0032948210823832117
.07103581710760318
.004958578192402525
.001917049504534218
.010351373373390932
.00021265486614642848
.0027508537637994865
.2963031749681884
16.28176831118959
.00016921797007227518
.0058103162459391625
.006224414030039356
.006186262857251195
13354734142511252e-22
.00017984427293267851
.01477312133023736
.0013099738272697203
.010629501469223122
23101248313927706e-21
.0023053777493286932
.0028573709739110006
.00032889833066505013
.00534150869673978
3265298255686e-17
.006186310050136655
.005912648803993414
.019180496015946433
.00032684924835347005
.11132631439525481
.0077810994959179565
.000876087461128993
.047576855807121066
.26545039294124534
.0012457049444851971
.6364593611936545
.009558000964260982
11.872585103307534
10.95376691915142
1.354520931095079
.006486110423997976
.06547186446333926
.07362425892582893
.21390914105202025
.13449167549835445
30.21078460784848
23.89735192135188
7.758631376540786
.002227711799880342
.0004772063856150553
.0014074589766097457
.0067363420570488155
3.6058500774020685
7.697574278972911
.021540106156389942
23.814494905728434
3.2955752938142946
9.910494186709897
22.36297046986726
.0014018261628279448
.009402759642066865
.0007389844631020983
2.0862640461054287
.0003352097117043684
.0025485905257536805
.011273007648048276
.00038913227908845145
.8923627936756794
.7263036428595196
25151766917067267e-21
.009285657690301569
.9014727896562107
.808425423576055
3.5279835911608197
.00016766396908337
4903815788220815e-20
.6038799347305925
.8125770368323254
.0674982650724187
.010859140677616634
.29158905199405827
1.5515757169830862
1.4523334700092305
2.3420502074601104
1.5498037335571226
1.973119457231892
.02824090094183526
.0352090671836399
.009751638184928317
.00018845982346700252
6.464959111427385
6.04345502032235
.5696518459540731
.017010324647785798
.004785831417945271
6680916858403603e-20
.0005824808962777874
.09091080176607201
.020124207173544528
.000858749091678654
.4608216974255766
4918453159662321e-20
.0002350327120022844
.035985765637121817
22306262099321175e-21
0
0
0
0
0
0
0
0
0
0
0
0
0
0
0
0
0
0
0
.7515556706183855
0
0
0
0
.6002688039325519
1278.3916724749083
.0046173388885204
.09979437944834017
.019020262331318618
.21584776997840507
.11442423676171531
.6424758913934956
.14407242663430508
.4161677334290248
.006409372268467124
2.8389164427985256
3.3648401050098915
.01832787926232667
.04364947572495284
.7976664887753713
.578247032946581
.24754276711877626
.44546284979499323
.01941504829064735
.01941504829064735
.22668564810206843
5553408373513444e-20
.01941504829064735
.01941504829064735
.01941504829064735
.01941504829064735
.01941504829064735
.01941504829064735
.01941504829064735
.01941504829064735
.01941504829064735
.01941504829064735
.01941504829064735
.01941504829064735
.01941504829064735
.01941504829064735
.01941504829064735
.01941504829064735
.01941504829064735
.01941504829064735
.01941504829064735
.01941504829064735
.01941504829064735
.01941504829064735
.01941504829064735
.01941504829064735
.01941504829064735
.01941504829064735
.01941504829064735
.01941504829064735
.01941504829064735
.01941504829064735
.01941504829064735
.01941504829064735
.01941504829064735
.01941504829064735
.01941504829064735
.01941504829064735
.01941504829064735
.01941504829064735
.01941504829064735
.01941504829064735
.01941504829064735
.01941504829064735
.01941504829064735
.01941504829064735
.2380575694755387
.010561372652002106
.01941504829064735
.010561372652002106
.17250274167914537
.0862069732505173
.01941504829064735
.01941504829064735
.034945200284383963
.01941504829064735
.01941504829064735
.01941504829064735
.01941504829064735
.01941504829064735
.01941504829064735
.01941504829064735
.01941504829064735
.01941504829064735
.01941504829064735
.1618927276461653
.01941504829064735
.01941504829064735
.01941504829064735
.01941504829064735
.01941504829064735
.01941504829064735
.01941504829064735
.01941504829064735
.01941504829064735
.01941504829064735
.01941504829064735
.01941504829064735
.01941504829064735
.01941504829064735
.01941504829064735
.01941504829064735
.01941504829064735
.01941504829064735
.2380575694755387
.2380575694755387
.17250274167914537
.01941504829064735
.01941504829064735
.01941504829064735
.01941504829064735
.17250274167914537
.06116436814006622
.2081931497893101
.01941504829064735
.2380575694755387
.01941504829064735
.01941504829064735
.01941504829064735
.01941504829064735
.01941504829064735
.034945200284383963
.01941504829064735
.01941504829064735
.1486328447877863
.01941504829064735
.22668564810206843
.01941504829064735
.01941504829064735
.010561372652002106
.01941504829064735
.01941504829064735
.01941504829064735
.1200618013022522
.01941504829064735
.01941504829064735
.01941504829064735
.01941504829064735
.01941504829064735
.01941504829064735
.01941504829064735
.01941504829064735
.01941504829064735
.01941504829064735
.01941504829064735
.01941504829064735
.01941504829064735
.01941504829064735
.01941504829064735
.01941504829064735
.01941504829064735
.01941504829064735
.01941504829064735
.01941504829064735
.01941504829064735
.01941504829064735
.01941504829064735
.1200618013022522
.01941504829064735
.01941504829064735
.01941504829064735
.01941504829064735
.01941504829064735
.01941504829064735
.01941504829064735
.01941504829064735
.01941504829064735
.01941504829064735
.22668564810206843
.1921978153803677
.1618927276461653
.01941504829064735
9999999999985165e-28
.2022105691545882
.2022105691545882
.1618927276461653
.1618927276461653
.22668564810206843
.22668564810206843
.22668564810206843
.22668564810206843
