3.0132719283726845
.009756939644760845
.0004442915874478867
2113386836158324e-20
9460641729527967e-28
.00157136209791611
6.560328555532538
.7123950589909585
.04476609091209835
.01876673703387458
.06221420192995555
.7330185043015832
.6919697189963359
.05625232641611111
.0009340112520904423
.01192166775334326
.001669975347985573
.0023391758540264908
.07031731778812214
.0045894813039212825
.0018789165177390168
.002760978454317151
6527490241400353e-20
.0020348559685935473
.07921796507862665
3.6772986084643717
53022462275178e-19
.005512613164065417
.006211611144673353
.00577298216860747
11775064828495192e-22
.00016681548736073993
.0130212002434498
.0011878697986878832
.010701048531140674
3358264010932467e-21
.002622695150755379
.0027337761662617915
5502243786570732e-20
.005036223013681478
5162164986523283e-21
.005771420802535388
.005771038547983889
.020073192284106894
.0005755798772680774
.10886503613648876
.00760372948458068
.0005124183978779638
.026843642617084135
.07346527830364086
25712652385677464e-22
.13667698725961114
2287418764694956e-20
8.840948657754524
8.39681486433739
1.1440058108235256
.005998432752376433
.0006859262307094248
.0007593443674763236
.18517386350942713
.10841335448034248
9.82304095503087
7.783825557958893
2.7303891088334358
.0017682922407594652
.00034737972877027615
.0014004041871410952
.005788547150789031
.006816530733541032
3.368019985076573
.0006775256033887486
9.82304095503087
3.1674651784583854
9.82304095503087
9.118279225743214
.0013568854872622832
.009426206998287409
.00016702237355931162
2.1393769809371217
.00024071801240966442
.002028735123376641
.010766645908411594
7674442739192457e-20
.7204909954773218
.03896684135688349
1536378117585449e-20
.00046881706757786063
.41104849147913314
.3842630624154947
2.465330452032922
.00010851288182393273
.00041841530616192236
.5826007369291578
.7211444763520658
.11831281050270036
.0002633023743718065
.16127158014651702
1.1967183846312315
1.0458022900554567
.06161794529272415
1.3863781014598184
2.046745089857986
.01556578307982099
.019873358356659918
927060278419295e-19
.000150779052268379
3.879130187417779
4.45339892348777
.46316300167192664
.0036692802323797773
.00010918820859267453
15950777776531185e-22
4211724825136987e-23
.045408444216004734
.01400095036060551
.0005222725631918445
.3439180133474004
25307316331280957e-21
.00021288290223395162
.025897614375615455
6634249096046671e-22
0
0
0
0
0
0
0
0
0
0
0
0
0
0
0
0
0
0
0
.06912686103552168
0
0
0
0
.19329169600711615
1263.1598875803504
.004532031035234392
.0967131562140116
.019591138711388182
.2097090983111156
.019266947273326812
.41255272422145534
.01309173354359209
.3381636218714994
.004266690496611046
2.156099008972916
2.3827687509743787
.0020111390556331174
.004963652541007324
.5182686512203822
.3601684976472234
.173625861659043
.2980445763934048
.018830291722661662
.018830291722661662
.049131690816163594
3036550636295675e-25
.018830291722661662
.018830291722661662
.018830291722661662
.018830291722661662
.018830291722661662
.018830291722661662
.018830291722661662
.018830291722661662
.018830291722661662
.018830291722661662
.018830291722661662
.018830291722661662
.018830291722661662
.018830291722661662
.018830291722661662
.018830291722661662
.018830291722661662
.018830291722661662
.018830291722661662
.018830291722661662
.018830291722661662
.018830291722661662
.018830291722661662
.018830291722661662
.018830291722661662
.018830291722661662
.018830291722661662
.018830291722661662
.018830291722661662
.018830291722661662
.018830291722661662
.018830291722661662
.018830291722661662
.018830291722661662
.018830291722661662
.018830291722661662
.018830291722661662
.018830291722661662
.018830291722661662
.018830291722661662
.018830291722661662
.018830291722661662
.018830291722661662
.018830291722661662
.11082733092551128
23448785305060644e-21
.018830291722661662
23448785305060644e-21
.11770047086871714
.0739835665701481
.018830291722661662
.018830291722661662
.0003564366766199004
.018830291722661662
.018830291722661662
.018830291722661662
.018830291722661662
.018830291722661662
.018830291722661662
.018830291722661662
.018830291722661662
.018830291722661662
.018830291722661662
.016336807777508844
.018830291722661662
.018830291722661662
.018830291722661662
.018830291722661662
.018830291722661662
.018830291722661662
.018830291722661662
.018830291722661662
.018830291722661662
.018830291722661662
.018830291722661662
.018830291722661662
.018830291722661662
.018830291722661662
.018830291722661662
.018830291722661662
.018830291722661662
.018830291722661662
.11082733092551128
.11082733092551128
.11770047086871714
.018830291722661662
.018830291722661662
.018830291722661662
.018830291722661662
.11770047086871714
.0013387533156291956
.12191063600755202
.018830291722661662
.11082733092551128
.018830291722661662
.018830291722661662
.018830291722661662
.018830291722661662
.018830291722661662
.0003564366766199004
.018830291722661662
.018830291722661662
.10947136554624691
.018830291722661662
.049131690816163594
.018830291722661662
.018830291722661662
23448785305060644e-21
.018830291722661662
.018830291722661662
.018830291722661662
.09545400563172288
.018830291722661662
.018830291722661662
.018830291722661662
.018830291722661662
.018830291722661662
.018830291722661662
.018830291722661662
.018830291722661662
.018830291722661662
.018830291722661662
.018830291722661662
.018830291722661662
.018830291722661662
.018830291722661662
.018830291722661662
.018830291722661662
.018830291722661662
.018830291722661662
.018830291722661662
.018830291722661662
.018830291722661662
.018830291722661662
.018830291722661662
.09545400563172288
.018830291722661662
.018830291722661662
.018830291722661662
.018830291722661662
.018830291722661662
.018830291722661662
.018830291722661662
.018830291722661662
.018830291722661662
.018830291722661662
.049131690816163594
.12148624669510934
.016336807777508844
.018830291722661662
9999999999969883e-28
.12208446716257333
.12208446716257333
.016336807777508844
.016336807777508844
.049131690816163594
.049131690816163594
.049131690816163594
.049131690816163594
