1.5114462267777051
.8315612808572024
.012848073996760882
.0022783317330074583
411430228138051e-20
.033864627648061606
6.946383875735751
.6910829563383185
.05259933539519028
.07759932264531072
.06319585714307009
5.0244959402368154
.7168068654189539
.3866214603619216
.005925783568071657
3.374573657734732
.47970317325683626
.0032210579198053615
.07254938595797296
.004435467495234754
.001817160267256589
.01024974174590164
.00022680770211604858
.002758842543824369
.3060535091591901
16.555783183372327
.00016076305542698708
.0057830006910055696
.006451337917357975
.005938539699632953
12103912318004327e-22
.00017190203177077742
.013418264102574344
.0012243253952068634
.011027345154952933
2295085034033834e-20
.0024420444754197873
.002817937739505314
.0003560951717862984
.005197534893511704
348207576324289e-19
.005938636779302093
.006052937058755994
.019809410711048126
.00034768121314459493
.11261340320320032
.007734412397850589
.0008685645915827934
.04895416902023108
.2855528884373666
.0010333036370044019
.600915914470977
.008888949351390243
12.43364757021202
11.668931028140596
1.3567107796446085
.006226964261302553
.061079914790464165
.06785574625701285
.22763196166227428
.1267983242049631
29.84738364296393
23.43775241182468
7.761931276195273
.0023019968320110097
.0005147533420172158
.0014305502339211128
.006285344939750725
3.4620171041791563
8.06691804329059
.01963960275318422
22.77395733455766
3.2663094667498607
10.341648344815255
21.39589966901001
.0014008296504045437
.009646604297484854
.0007018373806278077
2.176989509133637
.0003323664926911688
.0028231873287548623
.011063325886391627
.0003706883423677935
.9156881147168062
.7205564501771282
24287840098445924e-21
.009457977588234157
.871175311497545
.7842700737563358
3.4320612298497335
.00014192688339956006
5851318465566529e-20
.5985401303346627
.7746174526529284
.07056440373375313
.010159390427516204
.2795236136174819
1.621350556343705
1.5169133647689885
2.19119102523089
1.7304432532284468
2.136701565539612
.021658507231822166
.03260985988348785
.009264721293660867
.00019647711310713422
6.62471450440654
6.171044712381073
.5533423809000892
.01776806451617839
.00430160820692332
7069746619548086e-20
.0004917033029444994
.08335112620908329
.01994292927893695
.0008927061150448404
.4355499746198975
4314895724000997e-20
.0002689010073400847
.037239436955932674
22740056289479567e-21
0
0
0
0
0
0
0
0
0
0
0
0
0
0
0
0
0
0
0
.7203351744542605
0
0
0
0
.5625448423097612
1301.6763618459154
.00467022245379956
.0996621493138432
.02018851486101856
.21610358183435927
.10393304123105278
.6422316725668225
.13315314876911333
.3880804351812472
.0062346631001951374
2.8527718626490213
3.371117586804502
.016125013885551872
.04045278673038498
.8566855285223619
.5786157078190095
.2385879545205582
.41059620189077983
.019404468003653516
.019404468003653516
.22059094286436548
44723361856627865e-21
.019404468003653516
.019404468003653516
.019404468003653516
.019404468003653516
.019404468003653516
.019404468003653516
.019404468003653516
.019404468003653516
.019404468003653516
.019404468003653516
.019404468003653516
.019404468003653516
.019404468003653516
.019404468003653516
.019404468003653516
.019404468003653516
.019404468003653516
.019404468003653516
.019404468003653516
.019404468003653516
.019404468003653516
.019404468003653516
.019404468003653516
.019404468003653516
.019404468003653516
.019404468003653516
.019404468003653516
.019404468003653516
.019404468003653516
.019404468003653516
.019404468003653516
.019404468003653516
.019404468003653516
.019404468003653516
.019404468003653516
.019404468003653516
.019404468003653516
.019404468003653516
.019404468003653516
.019404468003653516
.019404468003653516
.019404468003653516
.019404468003653516
.019404468003653516
.23483544906669357
.009472335932875012
.019404468003653516
.009472335932875012
.17133134394844562
.08597233542752916
.019404468003653516
.019404468003653516
.032203689466904536
.019404468003653516
.019404468003653516
.019404468003653516
.019404468003653516
.019404468003653516
.019404468003653516
.019404468003653516
.019404468003653516
.019404468003653516
.019404468003653516
.15540827500416615
.019404468003653516
.019404468003653516
.019404468003653516
.019404468003653516
.019404468003653516
.019404468003653516
.019404468003653516
.019404468003653516
.019404468003653516
.019404468003653516
.019404468003653516
.019404468003653516
.019404468003653516
.019404468003653516
.019404468003653516
.019404468003653516
.019404468003653516
.019404468003653516
.23483544906669357
.23483544906669357
.17133134394844562
.019404468003653516
.019404468003653516
.019404468003653516
.019404468003653516
.17133134394844562
.05713742631814456
.20621658326975711
.019404468003653516
.23483544906669357
.019404468003653516
.019404468003653516
.019404468003653516
.019404468003653516
.019404468003653516
.032203689466904536
.019404468003653516
.019404468003653516
.14782484940893112
.019404468003653516
.22059094286436548
.019404468003653516
.019404468003653516
.009472335932875012
.019404468003653516
.019404468003653516
.019404468003653516
.11957195937692755
.019404468003653516
.019404468003653516
.019404468003653516
.019404468003653516
.019404468003653516
.019404468003653516
.019404468003653516
.019404468003653516
.019404468003653516
.019404468003653516
.019404468003653516
.019404468003653516
.019404468003653516
.019404468003653516
.019404468003653516
.019404468003653516
.019404468003653516
.019404468003653516
.019404468003653516
.019404468003653516
.019404468003653516
.019404468003653516
.019404468003653516
.11957195937692755
.019404468003653516
.019404468003653516
.019404468003653516
.019404468003653516
.019404468003653516
.019404468003653516
.019404468003653516
.019404468003653516
.019404468003653516
.019404468003653516
.22059094286436548
.1906327144101837
.15540827500416615
.019404468003653516
9999999999984912e-28
.20040000871056063
.20040000871056063
.15540827500416615
.15540827500416615
.22059094286436548
.22059094286436548
.22059094286436548
.22059094286436548
