3.0130510955195713
.009761552279286136
.00044240504004076486
21148189030700562e-21
9621804581516067e-28
.0015717765497707938
6.560391294970018
.7123948356369965
.044545817405449654
.018769609487218068
.06221442762107777
.7330595828966725
.6919731104452317
.05625545868163612
.0009340636841769102
.011938571787943698
.0017017459019359428
.0023268537610304824
.07031764361137054
.0045894628604246515
.0018789091489621016
.0027613911859647503
6643152741548283e-20
.002023818183529856
.07922998600361839
3.6776548009992163
5273553297605506e-21
.0055126565632736685
.006211637565854458
.0057730059366150645
11775112982629644e-22
.00016681622412639626
.013021257756485854
.0011878750867493786
.010701095793905041
3358448668430882e-21
.002622685708589684
.002733788382618415
5502544281855922e-20
.005036246360501303
5162426714879854e-21
.005771445128489292
.005771062987288628
.020073291091117846
.0005755503459116438
.10886557228127593
.007603755030396416
.0005123457311306258
.026840025781827554
.07306471718389926
26209891691525904e-22
.13672719166750658
2291356133738121e-20
8.841403596724776
8.397289244639806
1.1440425305987068
.005998459087865307
.0006865559922227994
.0007600368838949139
.1851809993412544
.10841654842857601
9.82598539307238
7.783027196264797
2.739292916883498
.0017600393985318997
.00034549451196281384
.0014004083091208991
.005788600509174862
.006819597845111467
3.3683902416899483
.0006776037834873825
9.82598539307238
3.1674792365625914
9.82598539307238
9.120784576470925
.0013568920633490016
.009426275109773697
.00016708372726627663
2.1393800901715347
.00023942489755159898
.002017682995355974
.010766688214505405
7632462955059337e-20
.7168638522356043
.038801038479887986
15335582685705812e-21
.00046927016706218135
.40896412559475004
.3822297204160338
2.4649268255662458
.00010894514856405855
.0004162517263288387
.592617850209596
.7213090527433934
.11769420389972202
.0002620964091324247
.16077655580113068
1.1967777373132293
1.045887579670093
.06162735748427343
1.384688527962323
2.046760753952684
.015543412522512439
.019862038140201148
9279264552415464e-20
.0001507580316336544
3.8785881371139315
4.451392682138359
.4631775793365
.003650609619389533
.0001092051160826863
15953435684248006e-22
42180695948519106e-24
.04536692979224822
.014001906029475904
.0005194948667627142
.34393042464293455
252750551571694e-19
.00021186769947502147
.02589946754211624
6635284257741036e-22
0
0
0
0
0
0
0
0
0
0
0
0
0
0
0
0
0
0
0
.06916022789995024
0
0
0
0
.1963000964178516
1263.1654665372625
.004532051051707459
.09671358336384167
.019591225238928995
.20971002452642296
.019203112033315345
.4125757838308953
.01309642610748582
.33821359928615685
.004269085437996862
2.156265951948089
2.3829526919656834
.002011788687210148
.0049652777676283885
.5183265813906515
.36020738968778665
.1736593820831406
.29810258352061564
.018830374889794495
.018830374889794495
.04914268303648802
3087148076112494e-25
.018830374889794495
.018830374889794495
.018830374889794495
.018830374889794495
.018830374889794495
.018830374889794495
.018830374889794495
.018830374889794495
.018830374889794495
.018830374889794495
.018830374889794495
.018830374889794495
.018830374889794495
.018830374889794495
.018830374889794495
.018830374889794495
.018830374889794495
.018830374889794495
.018830374889794495
.018830374889794495
.018830374889794495
.018830374889794495
.018830374889794495
.018830374889794495
.018830374889794495
.018830374889794495
.018830374889794495
.018830374889794495
.018830374889794495
.018830374889794495
.018830374889794495
.018830374889794495
.018830374889794495
.018830374889794495
.018830374889794495
.018830374889794495
.018830374889794495
.018830374889794495
.018830374889794495
.018830374889794495
.018830374889794495
.018830374889794495
.018830374889794495
.018830374889794495
.1108395881808089
2348924086985198e-20
.018830374889794495
2348924086985198e-20
.11770697035438174
.07398520040874207
.018830374889794495
.018830374889794495
.0003567638976635167
.018830374889794495
.018830374889794495
.018830374889794495
.018830374889794495
.018830374889794495
.018830374889794495
.018830374889794495
.018830374889794495
.018830374889794495
.018830374889794495
.016342463552438197
.018830374889794495
.018830374889794495
.018830374889794495
.018830374889794495
.018830374889794495
.018830374889794495
.018830374889794495
.018830374889794495
.018830374889794495
.018830374889794495
.018830374889794495
.018830374889794495
.018830374889794495
.018830374889794495
.018830374889794495
.018830374889794495
.018830374889794495
.018830374889794495
.1108395881808089
.1108395881808089
.11770697035438174
.018830374889794495
.018830374889794495
.018830374889794495
.018830374889794495
.11770697035438174
.001339653813050096
.12192006411977312
.018830374889794495
.1108395881808089
.018830374889794495
.018830374889794495
.018830374889794495
.018830374889794495
.018830374889794495
.0003567638976635167
.018830374889794495
.018830374889794495
.1094762011118306
.018830374889794495
.04914268303648802
.018830374889794495
.018830374889794495
2348924086985198e-20
.018830374889794495
.018830374889794495
.018830374889794495
.09545716772436393
.018830374889794495
.018830374889794495
.018830374889794495
.018830374889794495
.018830374889794495
.018830374889794495
.018830374889794495
.018830374889794495
.018830374889794495
.018830374889794495
.018830374889794495
.018830374889794495
.018830374889794495
.018830374889794495
.018830374889794495
.018830374889794495
.018830374889794495
.018830374889794495
.018830374889794495
.018830374889794495
.018830374889794495
.018830374889794495
.018830374889794495
.09545716772436393
.018830374889794495
.018830374889794495
.018830374889794495
.018830374889794495
.018830374889794495
.018830374889794495
.018830374889794495
.018830374889794495
.018830374889794495
.018830374889794495
.04914268303648802
.1214942981405523
.016342463552438197
.018830374889794495
9999999999969885e-28
.12209336839916225
.12209336839916225
.016342463552438197
.016342463552438197
.04914268303648802
.04914268303648802
.04914268303648802
.04914268303648802
