1.5116189367842712
.6101040402728426
.01079318437566598
.0022240482486715627
314187665848753e-20
.0295811312740809
6.905228984690361
.6965734985137226
.05882358964856307
.06379304309079725
.06605868524961016
4.856983062747249
.6982757762036739
.4335056307822785
.005530974601309548
3.17425080808568
.4872319721315318
.003310098818537551
.07532233039856967
.00465621301064607
.0019228657173718446
.009104968957304005
.00018872337998928785
.0026503999773514
.26735252046938285
17.387907633903648
.00016298870746108852
.005586269583076588
.006387142943385529
.005821304244824143
13235162222925024e-22
.0001636884230774148
.013040400498680087
.0012494263498550556
.010589780391122423
21650865391650742e-21
.0022357583213252876
.002756297272571246
.00036656913974720325
.005449435736659747
35000247200184513e-21
.00582231318954646
.006236624784555095
.020294529303749885
.0003434707441224309
.12014635053878496
.008259989468362013
.000923366477603112
.05290933904800967
.2690829078199079
.0011794415961621908
.5626329346022113
.008593250172210846
12.151177389016487
11.406261746484834
1.2839620001762995
.006363234216437593
.06009184826751194
.06677959132690975
.21511950009001196
.12590722370783589
29.845080842876385
23.30106596713832
8.041771172041187
.002255709261379674
.0005053888632621862
.0015207303224180342
.006309906631543997
3.112077883688491
8.116371716739925
.019222863248025843
22.91215318143367
3.162988037312596
9.684187201681539
21.51755304035965
.00138662390186253
.00899134396220394
.000566000871527068
2.221379720178138
.00030113754817202653
.0025906197174645025
.010978409119534493
.00031607313600387916
.9455791073765916
.6927210120735503
29945320519944765e-21
.008662034675826687
.8246956041155166
.7403821587638191
3.4868758325673306
.00017173080166069853
7358887122485647e-20
.7029266627097333
.8307675312152437
.0733860428015451
.009821295993346236
.28579356467757355
1.526023824073352
1.431707113963722
2.147142539548237
1.6844356665874936
2.1411041842572387
.02957411843319887
.03932625976395268
.009090096105550236
.00019320944780314836
6.57676769391007
6.0842600935116415
.5229806284390703
.01606905782827817
.004284337869058503
6366868755356932e-20
.0005673806959107778
.10045884043579607
.020333127667205582
.0008619389899556531
.42916694831232766
5482751371927814e-20
.0002561157942670431
.033260636409463355
20871103191649782e-21
0
0
0
0
0
0
0
0
0
0
0
0
0
0
0
0
0
0
0
.7349327243928864
0
0
0
0
.598916591400262
1283.1022052033666
.004393421190923474
.10025193033840717
.018954034132370127
.21609108237482855
.10904177380718137
.6250405852856864
.13883345448897383
.4327316720927453
.006534914331256363
3.1440674252479597
3.2885604357618403
.016693141426988647
.038909094430239176
.793506986653015
.5581779715616376
.2481980863470028
.4551181031398356
.019404400976854388
.019404400976854388
.22055293365540687
44956312323438584e-21
.019404400976854388
.019404400976854388
.019404400976854388
.019404400976854388
.019404400976854388
.019404400976854388
.019404400976854388
.019404400976854388
.019404400976854388
.019404400976854388
.019404400976854388
.019404400976854388
.019404400976854388
.019404400976854388
.019404400976854388
.019404400976854388
.019404400976854388
.019404400976854388
.019404400976854388
.019404400976854388
.019404400976854388
.019404400976854388
.019404400976854388
.019404400976854388
.019404400976854388
.019404400976854388
.019404400976854388
.019404400976854388
.019404400976854388
.019404400976854388
.019404400976854388
.019404400976854388
.019404400976854388
.019404400976854388
.019404400976854388
.019404400976854388
.019404400976854388
.019404400976854388
.019404400976854388
.019404400976854388
.019404400976854388
.019404400976854388
.019404400976854388
.019404400976854388
.2348151756614211
.009467695917527566
.019404400976854388
.009467695917527566
.1713239466571241
.08597085061465055
.019404400976854388
.019404400976854388
.03218866614717509
.019404400976854388
.019404400976854388
.019404400976854388
.019404400976854388
.019404400976854388
.019404400976854388
.019404400976854388
.019404400976854388
.019404400976854388
.019404400976854388
.15536836933027534
.019404400976854388
.019404400976854388
.019404400976854388
.019404400976854388
.019404400976854388
.019404400976854388
.019404400976854388
.019404400976854388
.019404400976854388
.019404400976854388
.019404400976854388
.019404400976854388
.019404400976854388
.019404400976854388
.019404400976854388
.019404400976854388
.019404400976854388
.019404400976854388
.2348151756614211
.2348151756614211
.1713239466571241
.019404400976854388
.019404400976854388
.019404400976854388
.019404400976854388
.1713239466571241
.05711402889253529
.20620411915673753
.019404400976854388
.2348151756614211
.019404400976854388
.019404400976854388
.019404400976854388
.019404400976854388
.019404400976854388
.03218866614717509
.019404400976854388
.019404400976854388
.14781974340347623
.019404400976854388
.22055293365540687
.019404400976854388
.019404400976854388
.009467695917527566
.019404400976854388
.019404400976854388
.019404400976854388
.11956886174424476
.019404400976854388
.019404400976854388
.019404400976854388
.019404400976854388
.019404400976854388
.019404400976854388
.019404400976854388
.019404400976854388
.019404400976854388
.019404400976854388
.019404400976854388
.019404400976854388
.019404400976854388
.019404400976854388
.019404400976854388
.019404400976854388
.019404400976854388
.019404400976854388
.019404400976854388
.019404400976854388
.019404400976854388
.019404400976854388
.019404400976854388
.11956886174424476
.019404400976854388
.019404400976854388
.019404400976854388
.019404400976854388
.019404400976854388
.019404400976854388
.019404400976854388
.019404400976854388
.019404400976854388
.019404400976854388
.22055293365540687
.19062283790113002
.15536836933027534
.019404400976854388
9999999999984848e-28
.20038858813593363
.20038858813593363
.15536836933027534
.15536836933027534
.22055293365540687
.22055293365540687
.22055293365540687
.22055293365540687
