3.0786505860487523
.008765653218777411
.00043077290139510206
27357502471795894e-21
10793538867488274e-28
.0018065955501354526
6.504199586067816
.7207572305256269
.041336439151928535
.014687723660107435
.06494297371430216
.7021799678940425
.6733842053645117
.0640509151812627
.0008609916934812148
.007768174558192428
.0011895035327168166
.0019698116514570096
.07290214130287087
.004829242915386145
.0019920767703786196
.0021712883349056826
4975710362853099e-20
.0015626483238590269
.06160143291704299
3.7626782602317848
53541114246187364e-22
.005315757860100182
.006138565135282339
.005651851073488968
12856802070330854e-22
.00015863789992872872
.012638024684536705
.001210622019581679
.010263038383889785
31336677562727926e-22
.002409847123022424
.002670408098271498
57020393807976056e-21
.005273072177968599
5230156660373648e-21
.005650201026503589
.005649812671608644
.020449688006696224
.0005768159027663026
.11594410931316695
.008112247901365912
.0005354067651268233
.029300146506389017
.05826530198320212
2306276006310307e-21
.12077535321932602
16964901316766612e-21
8.521122477374245
8.14673187366447
1.0809230556949851
.006114932926948415
.0005527443123893177
.0006119511580849368
.17612899161122372
.1077355190712168
8.951325519349965
7.120646818417809
2.5031777880836463
.0014391075753656818
.0002817583272999844
.00148066198698639
.005902726394271882
.006532964909606499
3.4680043346619835
.0007594655633899804
8.951325519349965
3.0633449972797324
8.951325519349965
8.203750559731384
.0013413891199859514
.008764624608872618
.00012146053579340925
2.176186968776931
.0001747140361721045
.001499963838713409
.010671913583401546
4672876856179288e-20
.6179112763077513
.042218505432060426
17399525772397042e-21
.0005903154785781762
.32493615605237774
.29728715728745164
2.4034076368185158
.00014635712198646044
.0004004668260156487
.7003034429654349
.7484443923242238
.10605934897504583
.00017494120024864115
.1497317610883594
1.128573544979764
.991254490512056
.0692770038580157
1.2722362378121543
2.0523256824548177
.019910430566550667
.022665301255434096
756051786943445e-19
.00014874664365351452
3.7703974890190484
4.244805920342505
.44468245302756865
.0025795915562231804
.0001226349948612483
16110377057632618e-22
38316501919096626e-24
.04956613923119907
.014535058838759808
.00041717147767674216
.33609845951776735
29858794626039767e-21
.00017443826041270302
.023415845649856118
6641279315402098e-22
0
0
0
0
0
0
0
0
0
0
0
0
0
0
0
0
0
0
0
.07682794842060563
0
0
0
0
.13021098550450097
1243.5125921470428
.004257863910890162
.09715869652261928
.018369214876262658
.20942367715843294
.016502069253092826
.39073084608752584
.012342229679643248
.38739555193456315
.004037002152485532
2.1786910482575528
2.175501165897064
.0019367564497628493
.004430522312389073
.47503822940252366
.3459676719593347
.18019439116452665
.3286584863900189
.018805685829184873
.018805685829184873
.046021342013554005
3295807527433272e-25
.018805685829184873
.018805685829184873
.018805685829184873
.018805685829184873
.018805685829184873
.018805685829184873
.018805685829184873
.018805685829184873
.018805685829184873
.018805685829184873
.018805685829184873
.018805685829184873
.018805685829184873
.018805685829184873
.018805685829184873
.018805685829184873
.018805685829184873
.018805685829184873
.018805685829184873
.018805685829184873
.018805685829184873
.018805685829184873
.018805685829184873
.018805685829184873
.018805685829184873
.018805685829184873
.018805685829184873
.018805685829184873
.018805685829184873
.018805685829184873
.018805685829184873
.018805685829184873
.018805685829184873
.018805685829184873
.018805685829184873
.018805685829184873
.018805685829184873
.018805685829184873
.018805685829184873
.018805685829184873
.018805685829184873
.018805685829184873
.018805685829184873
.018805685829184873
.1072629036629938
17960803946350075e-21
.018805685829184873
17960803946350075e-21
.11579232396926302
.0735014495299751
.018805685829184873
.018805685829184873
.00029243926704601494
.018805685829184873
.018805685829184873
.018805685829184873
.018805685829184873
.018805685829184873
.018805685829184873
.018805685829184873
.018805685829184873
.018805685829184873
.018805685829184873
.01480916195070959
.018805685829184873
.018805685829184873
.018805685829184873
.018805685829184873
.018805685829184873
.018805685829184873
.018805685829184873
.018805685829184873
.018805685829184873
.018805685829184873
.018805685829184873
.018805685829184873
.018805685829184873
.018805685829184873
.018805685829184873
.018805685829184873
.018805685829184873
.018805685829184873
.1072629036629938
.1072629036629938
.11579232396926302
.018805685829184873
.018805685829184873
.018805685829184873
.018805685829184873
.11579232396926302
.0011359144174504481
.1191526525579594
.018805685829184873
.1072629036629938
.018805685829184873
.018805685829184873
.018805685829184873
.018805685829184873
.018805685829184873
.00029243926704601494
.018805685829184873
.018805685829184873
.10804926184439466
.018805685829184873
.046021342013554005
.018805685829184873
.018805685829184873
17960803946350075e-21
.018805685829184873
.018805685829184873
.018805685829184873
.0945224816104341
.018805685829184873
.018805685829184873
.018805685829184873
.018805685829184873
.018805685829184873
.018805685829184873
.018805685829184873
.018805685829184873
.018805685829184873
.018805685829184873
.018805685829184873
.018805685829184873
.018805685829184873
.018805685829184873
.018805685829184873
.018805685829184873
.018805685829184873
.018805685829184873
.018805685829184873
.018805685829184873
.018805685829184873
.018805685829184873
.018805685829184873
.0945224816104341
.018805685829184873
.018805685829184873
.018805685829184873
.018805685829184873
.018805685829184873
.018805685829184873
.018805685829184873
.018805685829184873
.018805685829184873
.018805685829184873
.046021342013554005
.11912666133444748
.01480916195070959
.018805685829184873
999999999996917e-27
.11947868343397834
.11947868343397834
.01480916195070959
.01480916195070959
.046021342013554005
.046021342013554005
.046021342013554005
.046021342013554005
