3.0786505860487523
.008763637141775414
.000435330653160189
27345147288365105e-21
0
.0018066106114745068
6.504199649733338
.7207571791183006
.04180743304732216
.014687531317733952
.06494299554248939
.7020217377666664
.6733841565608656
.06403653074973006
.0008607986271697631
.0076629608195874005
.001145567980090711
.001993709223216342
.07290213960168146
.004829242945780082
.0019920767827010196
.0021712588337384855
4855639421076859e-20
.0015823789873374472
.06160058060224436
3.761001261097093
5418631214068629e-21
.005315757959342683
.006138579313573227
.005651852573702235
12856803553203631e-22
.0001586378999287285
.01263802468453919
.0012106219911993698
.010263038383889773
3132960847095298e-21
.0024098468221329405
.0026704080041964964
57007701298088474e-21
.0052730721521413206
5228968391419216e-21
.005650201603414418
.005649812154174351
.02044967936898743
.0005768159010004274
.11594410872052498
.008112249011226836
.00053552626801946
.02930630270852874
.05901344889744254
2227985724362016e-21
.12079482676696648
16788974336205534e-21
8.52113463624595
8.146732769067718
1.0809231278204763
.00611494293805022
.0005519569176000739
.0006111369107035773
.17612900623356628
.10773552904785673
8.951325519349965
7.129585273661035
2.495254317038303
.0014551158368161811
.0002853281341401868
.00148066865679694
.005902681588695263
.006529433668090933
3.467775710716745
.0007590645050233474
8.951325519349965
3.063345487250397
8.951325519349965
8.204937404604287
.0013413890123198644
.008764587127801477
.00012148326112217773
2.176191777707919
.0001769334347370867
.001518989366360436
.010671918360721138
47326996489247394e-21
.6250726290787209
.04265362014605034
17508210751563003e-21
.0005892996954561316
.3287359167711672
.30094090583392125
2.404951659135894
.00014537877773166397
.0004052204636121843
.6840395095169843
.748873572817812
.10731925478735496
.00017699689449516052
.15087960003244386
1.128674390337984
.9912592407256434
.06924354391307448
1.279198459153874
2.052330254852672
.02002034386213141
.022756077225118094
7549784276972395e-20
.0001487694366188996
3.771242916836808
4.250576894361081
.44468605337042766
.002611378138562037
.00012257590134442207
16102784969654509e-22
38027713376792647e-24
.04979488593642416
.014535701630893112
.0004223569471402383
.3360992685421745
30016284953324322e-21
.00017637855392291628
.02341689839002248
6638120961812028e-22
0
0
0
0
0
0
0
0
0
0
0
0
0
0
0
0
0
0
0
.07683430227680373
0
0
0
0
.12842658333656956
1243.5125921470412
.0042578639108901565
.09715869652261916
.018369214876262634
.2094236771584327
.016644425879832954
.3907480247060901
.012342332209884312
.3872974110599127
.004045910564125196
2.1786684968320085
2.1754824728005877
.0019367411948623342
.00443046847861124
.47503888568886793
.34596743111663864
.1801638213025689
.3286024246596538
.018805685829184845
.018805685829184845
.04602127559164971
0
.018805685829184845
.018805685829184845
.018805685829184845
.018805685829184845
.018805685829184845
.018805685829184845
.018805685829184845
.018805685829184845
.018805685829184845
.018805685829184845
.018805685829184845
.018805685829184845
.018805685829184845
.018805685829184845
.018805685829184845
.018805685829184845
.018805685829184845
.018805685829184845
.018805685829184845
.018805685829184845
.018805685829184845
.018805685829184845
.018805685829184845
.018805685829184845
.018805685829184845
.018805685829184845
.018805685829184845
.018805685829184845
.018805685829184845
.018805685829184845
.018805685829184845
.018805685829184845
.018805685829184845
.018805685829184845
.018805685829184845
.018805685829184845
.018805685829184845
.018805685829184845
.018805685829184845
.018805685829184845
.018805685829184845
.018805685829184845
.018805685829184845
.018805685829184845
.1072629008037533
177745250843315e-19
.018805685829184845
177745250843315e-19
.1157923239004927
.07350144952962571
.018805685829184845
.018805685829184845
.00029202294301824755
.018805685829184845
.018805685829184845
.018805685829184845
.018805685829184845
.018805685829184845
.018805685829184845
.018805685829184845
.018805685829184845
.018805685829184845
.018805685829184845
.014808915139827723
.018805685829184845
.018805685829184845
.018805685829184845
.018805685829184845
.018805685829184845
.018805685829184845
.018805685829184845
.018805685829184845
.018805685829184845
.018805685829184845
.018805685829184845
.018805685829184845
.018805685829184845
.018805685829184845
.018805685829184845
.018805685829184845
.018805685829184845
.018805685829184845
.1072629008037533
.1072629008037533
.1157923239004927
.018805685829184845
.018805685829184845
.018805685829184845
.018805685829184845
.1157923239004927
.00113543214653885
.11915265211835915
.018805685829184845
.1072629008037533
.018805685829184845
.018805685829184845
.018805685829184845
.018805685829184845
.018805685829184845
.00029202294301824755
.018805685829184845
.018805685829184845
.10804926182493642
.018805685829184845
.04602127559164971
.018805685829184845
.018805685829184845
177745250843315e-19
.018805685829184845
.018805685829184845
.018805685829184845
.09452248160671234
.018805685829184845
.018805685829184845
.018805685829184845
.018805685829184845
.018805685829184845
.018805685829184845
.018805685829184845
.018805685829184845
.018805685829184845
.018805685829184845
.018805685829184845
.018805685829184845
.018805685829184845
.018805685829184845
.018805685829184845
.018805685829184845
.018805685829184845
.018805685829184845
.018805685829184845
.018805685829184845
.018805685829184845
.018805685829184845
.018805685829184845
.09452248160671234
.018805685829184845
.018805685829184845
.018805685829184845
.018805685829184845
.018805685829184845
.018805685829184845
.018805685829184845
.018805685829184845
.018805685829184845
.018805685829184845
.04602127559164971
.119126661144922
.014808915139827723
.018805685829184845
999999999996917e-27
.11947868311451942
.11947868311451942
.014808915139827723
.014808915139827723
.04602127559164971
.04602127559164971
.04602127559164971
.04602127559164971
