6217670536101279e-27
38.74869112523998
.1607566134692921
.3138387883127546
11.782590744673001
.35479003436161666
5.943139313174625
.2127958729459891
.002820360610849365
.31256915987483247
.02630320680356884
8.376951090817721
.7308144277514838
.5652098034867443
.008607183979803803
7.755550233491361
.9677129858628276
.004029963028279742
.07829654202849833
.004039678486569441
.001824052316805183
.039905993590481276
.00013744005013561822
18123226621611883e-21
.2879290054023388
3965331406072059e-23
11404052065849673e-30
.005353576321239225
.0066197813821385456
.006228656222016316
.0022462643034982686
.00016921937566755449
.013919782951501534
.001332811007012186
.010824568451803589
33473250278441875e-21
.0004835227236588234
.002922472490491569
.000519269409220914
.005450811271276935
1551493605732705e-20
9.085823223104752
13.495896622467303
.006013416488029782
5944634920079974e-20
.12197237297479491
.007880772585530885
.007329561636526722
.38839505453358386
8294623781046576e-26
.43941984623566616
27378000981283274e-27
3.932750548407548
18.145367989336183
15406327160466243e-25
20038866003349654e-26
.007273774337726403
2.6732024900874096
14.825162018246328
2775097307576761e-26
25214712236926178e-27
43.73414501745221
27.40371917238952
9.7947583664143
.002555033077541245
.0006367642271154147
.0013648541574049382
.006395687338846235
5230013759365238e-24
0
752197450277287e-26
25.18993234296256
3.4902330908841366
9.695128475848733
17.666696563210948
.0015579080427266612
.008288859041855053
.00047309230989712266
2.0857496743261876
.00037374135953108304
.0034921219266843863
.011332467497000285
.0016479394516372252
.9078575684394895
1.6040647018802743
.00012846432822654342
.026534027821041247
1.3074674719050563
1.6287357649802405
3.1920531275163015
.0037793435093094814
.0004650975805783859
.6145840401013819
.7732235921987447
1127648182363691e-26
.43434762199016214
.772445871506117
2.1668957326030562
2.81668314281405
3102823805320689e-25
5.75328823714829
2.0588383304720637
.500633262325728
1.1380302709045227
.9635292146967419
.0008275286029498989
48.9147736703508
7.833639049546901
.43749518474386767
.06773479603954924
5647406554401728e-28
6727808966688555e-30
32046022507270026e-25
5.191124941207794
.01008264279352401
.0004807017878441427
.5080099182730822
.0013904994695990833
.00023280194742109298
.016112809932728053
33266678221699888e-31
0
0
0
0
0
0
0
0
0
0
0
0
0
0
0
0
0
0
0
1.7115139610084675
0
0
0
0
.615989768433554
1320.206247896141
.004565750017323854
.1057532779182226
.019652135111727777
.24228061146685254
.5709209915380169
1.006264003987449
1.3687881086067175
1.4216054109393856
.007814236418213593
5.794343652139712
6.310046782102249
.14748915749062988
.35087526554874493
5.241979915405969
3.9244286050508452
9171450093098289e-26
16029790461499993e-26
.019999999999997513
.019999999999997513
.9999999999937823
7.999999999602069
.019999999999997513
.019999999999997513
.019999999999997513
.019999999999997513
.019999999999997513
.019999999999997513
.019999999999997513
.019999999999997513
.019999999999997513
.019999999999997513
.019999999999997513
.019999999999997513
.019999999999997513
.019999999999997513
.019999999999997513
.019999999999997513
.019999999999997513
.019999999999997513
.019999999999997513
.019999999999997513
.019999999999997513
.019999999999997513
.019999999999997513
.019999999999997513
.019999999999997513
.019999999999997513
.019999999999997513
.019999999999997513
.019999999999997513
.019999999999997513
.019999999999997513
.019999999999997513
.019999999999997513
.019999999999997513
.019999999999997513
.019999999999997513
.019999999999997513
.019999999999997513
.019999999999997513
.019999999999997513
.019999999999997513
.019999999999997513
.019999999999997513
.019999999999997513
.4999999999984456
3.9999999999005174
.019999999999997513
3.9999999999005174
.2499999999996114
.09999999999993783
.019999999999997513
.019999999999997513
2.999999999944041
.019999999999997513
.019999999999997513
.019999999999997513
.019999999999997513
.019999999999997513
.019999999999997513
.019999999999997513
.019999999999997513
.019999999999997513
.019999999999997513
1.4999999999860103
.019999999999997513
.019999999999997513
.019999999999997513
.019999999999997513
.019999999999997513
.019999999999997513
.019999999999997513
.019999999999997513
.019999999999997513
.019999999999997513
.019999999999997513
.019999999999997513
.019999999999997513
.019999999999997513
.019999999999997513
.019999999999997513
.019999999999997513
.019999999999997513
.4999999999984456
.4999999999984456
.2499999999996114
.019999999999997513
.019999999999997513
.019999999999997513
.019999999999997513
.2499999999996114
2.4999999999611395
.3499999999992383
.019999999999997513
.4999999999984456
.019999999999997513
.019999999999997513
.019999999999997513
.019999999999997513
.019999999999997513
2.999999999944041
.019999999999997513
.019999999999997513
.1999999999997513
.019999999999997513
.9999999999937823
.019999999999997513
.019999999999997513
3.9999999999005174
.019999999999997513
.019999999999997513
.019999999999997513
.14999999999986008
.019999999999997513
.019999999999997513
.019999999999997513
.019999999999997513
.019999999999997513
.019999999999997513
.019999999999997513
.019999999999997513
.019999999999997513
.019999999999997513
.019999999999997513
.019999999999997513
.019999999999997513
.019999999999997513
.019999999999997513
.019999999999997513
.019999999999997513
.019999999999997513
.019999999999997513
.019999999999997513
.019999999999997513
.019999999999997513
.019999999999997513
.14999999999986008
.019999999999997513
.019999999999997513
.019999999999997513
.019999999999997513
.019999999999997513
.019999999999997513
.019999999999997513
.019999999999997513
.019999999999997513
.019999999999997513
.9999999999937823
.2999999999994404
1.4999999999860103
.019999999999997513
1e-12
.32999999999932295
.32999999999932295
1.4999999999860103
1.4999999999860103
.9999999999937823
.9999999999937823
.9999999999937823
.9999999999937823
