1.5060331284640025
.7888519665365734
.012716397370699031
.0028007157170905866
4488558825490767e-21
.03240757712454938
7.032152690687424
.714641473451667
.05679955311798234
.062369822098266546
.06469821974400669
4.977059103428092
.6972247187814974
.34260782486036206
.005477535080227763
3.4059731675080034
.3794773786966794
.00331495233732266
.07607801811589016
.004365384852199085
.001965465325316833
.00902544616353626
.00016187139184393703
.002909574721346403
.2938451187412121
15.722613235152393
.00016484261727051775
.005889899804453882
.006358644334909847
.006079826320897196
13855390053354617e-22
.00016419839814985348
.013506741404988608
.00129304878458625
.0105033885231337
2017258527985559e-20
.0022105746540937257
.0028350250996255
.00032320306663131563
.005280746541040692
3264800778308812e-20
.0060936645775144715
.00662849127996424
.01988407261858718
.00034352282630692417
.1157542638632447
.008195356979918906
.0008477163600826968
.04543607862659752
.29788832364287315
.0010029239412809306
.5932097038257459
.009092057507496856
12.129779487639057
11.187639505972875
1.3297246734135666
.007000825586696974
.05653360449878089
.06277016455164108
.22310715108869295
.13803050279284088
29.919558287146632
23.25416871563851
8.318030144287716
.0023893050952132643
.0005500401773137155
.001336700495053855
.006223558782502946
3.857418749278303
7.800081524824231
.023290089912470318
23.710226349260576
3.3895629564050953
9.00032585653869
22.303655489055828
.0015109673939571347
.009257192351854675
.000808175675776705
2.127845503534908
.00030660754037631984
.0028482611967473458
.011094892500443407
.00038982233676623817
.9022260620327637
.6605073533922755
3145437827932092e-20
.00791977620581494
.7724435465489464
.6902814509587107
3.3523315765972472
.00020721186793347122
5291954811252565e-20
.5706856776079597
.8116375283439231
.07937404998368582
.009885557426734718
.2687917457486482
1.6253817223877651
1.526455934652486
2.1104596935125737
1.6094724528981406
2.1161695615231544
.027163139567460762
.04380915573187583
.009306592712203812
.0001573551710304995
6.382715288358108
5.774351192889468
.5288913832522021
.01683902990960839
.00432874859901555
7048557021099467e-20
.0006811880395981321
.10935732169617192
.021104788053814032
.0008243604932189355
.4325875040736795
6411648698975295e-20
.00021252612192461753
.03588827381900875
240404035408618e-19
0
0
0
0
0
0
0
0
0
0
0
0
0
0
0
0
0
0
0
.7544846377991486
0
0
0
0
.5341971842844362
1281.0336744935985
.004430277110741042
.10261541362738724
.01906902568741804
.23509176877517274
.114674275704098
.6301991546348702
.1349837626960456
.41756357905150965
.006224623926583695
2.8073805582114386
3.2654254748402662
.01600337100929559
.03803084421486307
.829212634144462
.6175243473093377
.2457886540146892
.42906118642521585
.01940656888323129
.01940656888323129
.2217880395329484
4687463007616361e-20
.01940656888323129
.01940656888323129
.01940656888323129
.01940656888323129
.01940656888323129
.01940656888323129
.01940656888323129
.01940656888323129
.01940656888323129
.01940656888323129
.01940656888323129
.01940656888323129
.01940656888323129
.01940656888323129
.01940656888323129
.01940656888323129
.01940656888323129
.01940656888323129
.01940656888323129
.01940656888323129
.01940656888323129
.01940656888323129
.01940656888323129
.01940656888323129
.01940656888323129
.01940656888323129
.01940656888323129
.01940656888323129
.01940656888323129
.01940656888323129
.01940656888323129
.01940656888323129
.01940656888323129
.01940656888323129
.01940656888323129
.01940656888323129
.01940656888323129
.01940656888323129
.01940656888323129
.01940656888323129
.01940656888323129
.01940656888323129
.01940656888323129
.01940656888323129
.23547188786359827
.009678665672500102
.01940656888323129
.009678665672500102
.17156335851249865
.08601888568614022
.01940656888323129
.01940656888323129
.0327292452427013
.01940656888323129
.01940656888323129
.01940656888323129
.01940656888323129
.01940656888323129
.01940656888323129
.01940656888323129
.01940656888323129
.01940656888323129
.01940656888323129
.15667454458075997
.01940656888323129
.01940656888323129
.01940656888323129
.01940656888323129
.01940656888323129
.01940656888323129
.01940656888323129
.01940656888323129
.01940656888323129
.01940656888323129
.01940656888323129
.01940656888323129
.01940656888323129
.01940656888323129
.01940656888323129
.01940656888323129
.01940656888323129
.01940656888323129
.23547188786359827
.23547188786359827
.17156335851249865
.01940656888323129
.01940656888323129
.01940656888323129
.01940656888323129
.17156335851249865
.057914245104000145
.2066076449349671
.01940656888323129
.23547188786359827
.01940656888323129
.01940656888323129
.01940656888323129
.01940656888323129
.01940656888323129
.0327292452427013
.01940656888323129
.01940656888323129
.1479849738948926
.01940656888323129
.2217880395329484
.01940656888323129
.01940656888323129
.009678665672500102
.01940656888323129
.01940656888323129
.01940656888323129
.11966908695147659
.01940656888323129
.01940656888323129
.01940656888323129
.01940656888323129
.01940656888323129
.01940656888323129
.01940656888323129
.01940656888323129
.01940656888323129
.01940656888323129
.01940656888323129
.01940656888323129
.01940656888323129
.01940656888323129
.01940656888323129
.01940656888323129
.01940656888323129
.01940656888323129
.01940656888323129
.01940656888323129
.01940656888323129
.01940656888323129
.01940656888323129
.11966908695147659
.01940656888323129
.01940656888323129
.01940656888323129
.01940656888323129
.01940656888323129
.01940656888323129
.01940656888323129
.01940656888323129
.01940656888323129
.01940656888323129
.2217880395329484
.19094253829295602
.15667454458075997
.01940656888323129
999999999998493e-27
.2007583050540087
.2007583050540087
.15667454458075997
.15667454458075997
.2217880395329484
.2217880395329484
.2217880395329484
.2217880395329484
