.014123398990614265
-.0022257730628873124
-.0003487833230717023
-.0003294194923123801
.019256315067489673
.019357633671465587
-.0003353442075393228
-.00034384365074799296
.004879925274305965
-.00010100430999992316
.011518968373962641
.021167269428813886
20928906861071467e-21
9681076561168446e-21
-.00522503537520715
.001972357474426725
-.0003359160606455503
-.0003361048377145107
.0018726079426346234
.0004209149279777041
.0006911175701775056
-.00508473192749381
-.005281184598095667
-.004500545062993803
.009131359346582374
.004436528371072679
-.0007091729971975921
.0013104053261641922
-.0005029394160967665
-.0047941116771677015
-.00035821036482988844
37118479273710765e-21
.0021273629799113208
.0016918722797811792
