.060653291558239765
.03798147247474059
-9758573989106703e-21
-2726633769093248e-20
.0016832670001176392
.05999993423764413
10876838009865768e-22
.0016871435187948577
.05869651468756812
.06043462388311998
.007961656215242675
.013633522952503295
-21014696617849116e-22
-10154689744738202e-21
.036586895614670704
.036585897154149304
5338935421635913e-23
1156924878081023e-21
.03777471644732995
.00033658600768891314
.031137522764240536
.030634083700201247
.038255513268315326
.03767874124219389
.048313162322717325
.03432838255521181
.026729551392726338
.06534212964877632
.06983054921514778
.018468547914160492
5592184980011085e-22
-59266839264084665e-25
.0008749250215045032
.0012135075327136021
