8343286941483132e-21
-.026159406525997
7049685108470481e-20
-2387963624369095e-20
.013399222486349789
3425532147047443e-22
-17610520084718707e-23
-40349127356164715e-23
-56989355305978926e-21
-.00021567399240894744
.009826569388810184
.018225103809562236
-6071836548277391e-22
-7188824521435342e-22
.0014875814056632272
-52813925164658405e-22
15422174400160562e-23
.00015846263193279678
-.0497161046318433
-.049905905442281184
-.04836901009755708
.001917244616385953
-.04832201751803805
-.04883490965406728
-.04814709353117105
-.016408354894854135
-.04818140212520913
-.04954262401956138
-.048057226320139396
.001989492525985731
-11105646745281835e-23
-5430904906107416e-23
-8266237995759173e-21
.0009955525734594885
