8489740042926493e-22
31833300203720317e-23
19440024583394757e-23
2345342459177717e-21
2165081041067973e-22
-13103635668237388e-23
908162725676316e-20
8005263630972278e-23
5925223514978645e-21
469891856988078e-21
.0005071025586227613
-5797986367911228e-22
14607231694448056e-23
12805466855600368e-23
50390008847369324e-24
17599128488806246e-23
.00010765194883742084
.02872333335597572
16590611457536642e-23
14533097601422736e-23
-.048287485647063984
-1406594753477795e-22
-2097541061464711e-21
4883008179339631e-24
-.04817741390015455
.0004006248240261139
-.049143774784545007
.017420475861900594
.1721303081660727
.0016451420101023693
-.04694672906067363
-.04817617434748133
.00043615306099581495
-.0481675097045655
0
0
-.048183149286686454
-.0476480691209821
-.0029535832639244345
-.0476507478320487
.048666569776246
.0003805801354243705
.0004583060795531581
0
0
4757416721600711e-23
8998071379405179e-23
12421088621685239e-22
-.04835133697243147
11215339651716139e-25
15583762354640516e-23
24523515387370277e-23
6013615201691781e-23
466710608920853e-21
9322335582055577e-23
1706981555973158e-22
-.02898632314687123
-.0556923257946331
.02054560399981967
18183660493394267e-23
23534149959197529e-23
19781630509417605e-24
3094120693877514e-22
672772513112412e-22
20976915298967016e-22
.011926861418009612
7931780148305406e-23
40057665744859336e-23
-7914686839797096e-23
-.048368882872120995
34351517169290755e-24
.17128121818066536
33784459376002717e-22
.0023413797647833527
0
0
0
0
0
0
0
0
.0018767127846289289
-.12449232654210422
-.01982703060297446
.00012944925883861137
-.0013514468198412813
-8004222654398762e-23
.030054780907152433
0
0
.0014720642169543682
-.04757513790335824
.000543466028469399
.0014915870833998258
-16369835704356806e-22
-22352907825332065e-21
-.025966959058645368
-.03708099286831044
.020804892125336868
3509684456664934e-22
-.04824404739759418
-1536241110702543e-20
.00045079144426910385
.0004211198594399209
-.04764716594640324
.0005856349663481916
.00027178436696943814
6278922300246121e-20
-.045732839135185735
-.0492810008143128
.028002060710779045
-.006268834743139751
-4529859550191259e-20
12733693886712252e-22
.0006750186396211967
.00012982009846243116
-.02630979489541421
3089748592268744e-23
-.04662847604644828
.00027831787603660614
0
0
0
0
0
0
-.0006825467824043417
.00040249443794363154
.0019999502147335572
0
0
0
-.017251241837961246
-.026211207215904066
-3664162694928398e-20
.0004738026352782801
.0026185174711285493
.40223565704435954
74070011453795764e-22
27640021809290094e-23
.0007213520113799098
2871543341468738e-22
.01846771687049371
-2762819253004559e-22
.048863408531114406
-.048165513874959175
.00036900192103913546
.0004579624035032674
.0004581869413221254
-.08779784933780975
187556771205416e-22
0
0
7423382567862953e-22
-14029501525425626e-23
.0002851245791140206
.00025472312030300567
.0004640613169168571
.0005472199147923956
.00011887030507363712
-.028969789925989996
-8028911779695556e-21
184585930528113e-20
-14992310221694458e-22
-27939456354806275e-24
.001865287370818087
.0005939926219602947
-.04817588806342726
13608556623509882e-23
9990187115002275e-22
.0007076474906748712
-.021007763599101482
.18174287166414635
2006668774894001e-21
-.10731541178121282
-.038178450814641905
.020758031241775138
10835296848644121e-22
.029278600283474326
.03433704448535624
.02339335586795317
-.04274894773351595
.09259300091924749
.023946201589458944
-.13621249209101582
.001438667265721276
.025162442022542506
-.11459947878808809
-.010391721045635913
-36831241660199566e-23
.00012527497826664782
-.045733024607283054
0
0
0
.39296095152463884
-.029434596190229468
.02589844114306354
-.04573468905985941
-.020422290737055808
-.035085547614197674
.38483185449181617
-.03074401443924752
0
-.019531410869064514
17319813181429121e-22
.3563057499357591
9627627903848681e-20
.008236437720082796
.00045824047981193644
.03363571596415479
-.4093593253337071
-.06283737295428467
.013305768931690498
-.0015030809474533087
-.004374114020659385
8905944029965184e-20
-.02578643751397528
-.0012311057911255261
.030708977173200664
-.0003503627241105803
.03437081457771772
.0009954517223478255
-.00040659094810213
.0008024502195832572
22218560571681945e-21
-.048415663394893685
-.048510989944988266
-.08312985870833108
.0016580929541438754
-25568997496765454e-21
1819379581985096e-21
.00044672350371266554
-.02480835764098023
.06181667704799446
-.02779407439341558
.01953748569428019
.02247738108247841
-.0060095854155292035
.0005950957406950024
-.056371575134100446
.0028984787088463743
0
.01977522660631067
.01959134972289877
.1722698825036634
-.040394389819606344
-.18230023173469867
0
-.03575752618961895
.017268277757194472
-.04154665986858414
.020637975602228482
0
.021920814495727768
.01981036173101642
0
.02064461804925748
-9686222736267878e-20
.0006020248653381967
-.04573332336531209
0
.019694232172588765
.0004574354042629202
0
0
0
0
0
.020072512475038776
0
-.03400055954339281
-.03729220572355624
.019902313192914304
-.033361180667540916
.02062047030133508
.00033504001667811835
-.026539413499956574
-.04922035522066325
.001289818763266294
.04622449869313417
.0004582240858504171
.023131199622133034
.00010643266102077082
-33463197444424574e-23
-.04567563449764385
-.04914054669347832
7822844315742752e-23
0
0
-.030416727473782726
.03475930640327058
-.010796371718567302
-.18835319066988168
-.011227448756228251
-.04374273155197691
.00019200765865298082
-.028548287660257007
9361698809962388e-21
.02514235571546077
-.04573208722384813
0
-.03537448553382876
-4494854039489656e-23
.00027167435088709484
0
0
0
0
0
.000486621947240601
-9871734627287413e-23
-.1351066462026869
.00043446732305097303
.18975514443004932
-.048658856722783125
-9737500698132456e-22
39162130159654007e-23
0
.00032536530662226527
-.00020990465892122223
-.00020872805055262246
.0005124981172876077
.00039415125971322464
-.02895656074629943
.0003359856388511584
.026456582881978594
.00023465609660253516
25598193577454405e-23
-50272307518886484e-24
270704065258294e-21
5244369001700801e-23
.0003542229859369399
738641843607972e-21
-18298652916930106e-23
.0004950583372341349
11909954928953531e-24
-7550300087805182e-22
4002713437512926e-22
-.048178693054060764
46064597403777973e-23
28009603980726196e-24
-.12365089666029487
2776816839134583e-23
.0001290458633822116
.0001299346179513828
22673037576593717e-23
0
0
0
0
-.048225361370441776
-.04822726395421665
-14524062989399744e-21
-21737852021752693e-21
4604565399599582e-21
.0005123602808697516
.03433739826183621
.0004796773302635514
3164812466642682e-22
632390665969857e-21
2053697825263863e-20
3234788568013557e-22
5506896195974123e-23
-.048176621042831484
8511569049599712e-20
-4202273875197471e-20
-9513141856269459e-23
1432384948086667e-22
.02682268400681503
.027495931735669846
.000729786372652053
-.02878142639391815
.00015713196920449669
.00044480997596180855
-.014665938202124302
-.028946655559535073
.02054011234482195
-13593054471352747e-21
8186500018277356e-23
0
0
0
0
0
0
0
0
0
0
0
0
0
0
0
0
.00014858410883702934
.0004964821603864898
.0010214908668591323
.0019624254683288556
.0002378736870546263
8370894823140714e-22
-.04765013688408063
.00015364177502319337
3659294082981899e-22
-.0459784422114647
.02402262650781736
14942887493010912e-23
.00010517506290035953
-72592831391066e-19
0
0
0
0
0
0
0
0
0
0
.0004302698957734334
5842865470436961e-22
.00023605500196962562
.045922870613138385
-1365992101008862e-20
.00047319397781355133
27116552544162215e-23
.00026784010022628044
18459956968708192e-23
1974512535366906e-22
2087796810979842e-23
21734017560885584e-23
28818833144563607e-23
0
0
0
0
0
-4128927115340107e-23
-18760231393050734e-23
2647430548614025e-22
2848740039869104e-22
-.024859077960802924
.000272027793071637
.0018535346455822615
-.04556950785238811
6697962664544943e-23
.0215756189582389
-.030875950092516147
.00012752755173262077
3923018400314765e-22
21061440230880705e-23
0
0
