6119323647049669e-27
40.00218970943203
.14839791907840874
.32540308778900034
11.748233931386068
.36271941107953853
5.634422282891037
.21122862332136802
.003460787669119628
.2947298474740213
.028071572311698458
8.627020221054316
.738428602345562
.5757278923896815
.008947504152352279
8.125986112697554
1.0697341791195536
.004066302557439909
.07998343786285335
.004240524460475459
.0018663134580772075
.04282186260593762
.000131517443829057
16328580547782167e-21
.2965671080422967
4128917707344044e-23
11989060645288729e-30
.005142571460797416
.0064302726814811665
.006021446076501633
.0023355373029955388
.00018067936742520452
.014458149090414991
.0013400098508563488
.010602649568850184
3468565728457678e-20
.000482583224928039
.002966256990923381
.0005627944386833492
.005331375133442237
15971039963800142e-21
9.343784075676513
14.32576948559569
.005285434837193715
6046270692854469e-20
.11962217577926901
.007597432171908699
.00732400874386377
.3809714555523588
7768901928679736e-26
.4564653973001624
287553405354594e-25
3.8876925070017783
17.752814005104508
14720791531804206e-25
20601124245324527e-26
.007176999542098185
2.895368897729124
13.508167394366346
25572164895948858e-27
2375480423747304e-26
42.92923167907662
27.166204952707513
9.29981947260346
.0025160283403701925
.0006387546040578171
.0013422240808320107
.006938916882066775
522046849962226e-23
0
70081120463321795e-28
24.027584192660978
3.333838432303621
9.028608472374673
16.65511017463219
.0015343693590838497
.008228269947039204
.0004530407896225212
2.1503543101687366
.0003990009893678203
.0036301946343828863
.011676927163586159
.0016032297075380074
.9382735338722489
1.5227923341660106
.0001237481908270568
.024742776575357936
1.3618570451569654
1.5658003681633752
2.987145503581723
.003661003997032254
.0004316424735025396
.6417293360039634
.754008831505018
11219469655169643e-27
.467297975411519
.7623404734075822
2.0356910376695923
2.62051850951979
3393245095724934e-25
5.85283129532263
1.9852169342004724
.5519405319608939
1.057957039992184
.8930035357183629
.0008228643368298237
49.99999999991841
8.253572529908938
.47969492377319656
.0691439194594256
6438630591059191e-28
6594576364135439e-30
31488611311485288e-25
4.968762900483354
.010091674978751852
.0005131467779434971
.5138639063844663
.0013281104646628097
.00023609155414724834
.01556989925387606
3438413289114102e-30
0
0
0
0
0
0
0
0
0
0
0
0
0
0
0
0
0
0
0
1.7974395664170932
0
0
0
0
.6599304242857534
1325.2651325691943
.004529329915442344
.10888229883199636
.019647951707656913
.2194426911355058
.5524590520815059
1.0273183986410597
1.394131005208632
1.4464633199784729
.007253479283920956
5.977562139493781
6.302400290982615
.14429584918721725
.3358210616102981
5.370257394567621
3.8193631363074156
9425639358592884e-26
14732497847111594e-26
.019999999999997554
.019999999999997554
.9999999999938807
7.999999999608363
.019999999999997554
.019999999999997554
.019999999999997554
.019999999999997554
.019999999999997554
.019999999999997554
.019999999999997554
.019999999999997554
.019999999999997554
.019999999999997554
.019999999999997554
.019999999999997554
.019999999999997554
.019999999999997554
.019999999999997554
.019999999999997554
.019999999999997554
.019999999999997554
.019999999999997554
.019999999999997554
.019999999999997554
.019999999999997554
.019999999999997554
.019999999999997554
.019999999999997554
.019999999999997554
.019999999999997554
.019999999999997554
.019999999999997554
.019999999999997554
.019999999999997554
.019999999999997554
.019999999999997554
.019999999999997554
.019999999999997554
.019999999999997554
.019999999999997554
.019999999999997554
.019999999999997554
.019999999999997554
.019999999999997554
.019999999999997554
.019999999999997554
.019999999999997554
.49999999999847017
3.9999999999020908
.019999999999997554
3.9999999999020908
.24999999999961756
.0999999999999388
.019999999999997554
.019999999999997554
2.999999999944926
.019999999999997554
.019999999999997554
.019999999999997554
.019999999999997554
.019999999999997554
.019999999999997554
.019999999999997554
.019999999999997554
.019999999999997554
.019999999999997554
1.4999999999862315
.019999999999997554
.019999999999997554
.019999999999997554
.019999999999997554
.019999999999997554
.019999999999997554
.019999999999997554
.019999999999997554
.019999999999997554
.019999999999997554
.019999999999997554
.019999999999997554
.019999999999997554
.019999999999997554
.019999999999997554
.019999999999997554
.019999999999997554
.019999999999997554
.49999999999847017
.49999999999847017
.24999999999961756
.019999999999997554
.019999999999997554
.019999999999997554
.019999999999997554
.24999999999961756
2.499999999961754
.34999999999925036
.019999999999997554
.49999999999847017
.019999999999997554
.019999999999997554
.019999999999997554
.019999999999997554
.019999999999997554
2.999999999944926
.019999999999997554
.019999999999997554
.19999999999975523
.019999999999997554
.9999999999938807
.019999999999997554
.019999999999997554
3.9999999999020908
.019999999999997554
.019999999999997554
.019999999999997554
.1499999999998623
.019999999999997554
.019999999999997554
.019999999999997554
.019999999999997554
.019999999999997554
.019999999999997554
.019999999999997554
.019999999999997554
.019999999999997554
.019999999999997554
.019999999999997554
.019999999999997554
.019999999999997554
.019999999999997554
.019999999999997554
.019999999999997554
.019999999999997554
.019999999999997554
.019999999999997554
.019999999999997554
.019999999999997554
.019999999999997554
.019999999999997554
.1499999999998623
.019999999999997554
.019999999999997554
.019999999999997554
.019999999999997554
.019999999999997554
.019999999999997554
.019999999999997554
.019999999999997554
.019999999999997554
.019999999999997554
.9999999999938807
.29999999999944926
1.4999999999862315
.019999999999997554
1e-12
.3299999999993336
.3299999999993336
1.4999999999862315
1.4999999999862315
.9999999999938807
.9999999999938807
.9999999999938807
.9999999999938807
