.08207637304619356
-.007158990714079697
.09366834391277686
.0010192244894690035
-.01250529585502808
.09274093947206204
7019906273904377e-23
.250220091568595
-2524198826146939e-20
-57301988593135724e-21
-.00021810114735921403
2422605628246618e-21
3543878953378518e-21
-9960725600015726e-22
.32072564324418074
-.02114949090988234
.24980369689413748
11098006731118188e-23
-9591071732251848e-24
3407214381473651e-21
-.00010025982983776188
529145094568013e-20
21515230539539596e-22
.029110091198310227
-.03138585703295322
9977486111811798e-23
3560078959163672e-20
3919377439985014e-22
-52140171231959505e-21
-58251403342856824e-21
1137940838999147e-23
145391266586638e-22
-29129113479195035e-25
-25884136871546864e-24
609855110005567e-23
-48686934177975555e-25
-24280076162602282e-24
1647279561468645e-23
-30217692934043613e-24
17467517186282086e-24
7480704426439496e-20
-.025346818918870008
.030558300059186007
1882194540992565e-24
-.02071933887736584
-.020296058302472962
-5860308293457523e-20
.14070422804939026
-.0005720110506648434
.02504513946604067
34926409152504877e-21
.025046426941652385
-.08060408574328409
.0006362671575439561
-.0001800197630781082
-.0009640867159972205
-.06965604069660855
.009018673996076098
-801142985925931e-19
-8812541929823566e-20
.043965501156018015
.05138165153724157
-.16533818433212794
-.020962086350810094
-8227031675119135e-22
28893926999773224e-22
.030518034054293486
-.005510573239659146
-.0003053396474987042
-7949805979516938e-20
.07564395046835053
-.020424154252219193
.010545230511851425
-.01572037881064432
-22421960345585605e-24
2756872617011488e-22
14968403623913477e-23
-.000788510420985521
35524528095883586e-21
-.02096047125135756
-8355185769455484e-22
-.020917017440610555
-.061022337105428454
-.04051240878027558
-13466619752069121e-22
.00011887248875286885
.24562284005065943
-.012293956286949653
-.3037755367509577
.09330544045913686
61140189774962605e-22
.25036102928574655
-.06305889129616142
-.00018556737036907922
-.0034824654441649463
-.014244397731476538
.303819948945042
.30889901115920004
.0005300283069546232
-.14065132415582518
.11207886164833603
-.022680345614005865
.034774364358068535
.32145529171457293
-4170290643130157e-21
-.07156156290710969
.20192009311521697
.09313637055033248
-.009454765291931068
-.02048821349955922
15598983635626862e-23
-.17857725393682522
-.02036122009947322
.09901290652843692
-.611249798123267
-.10800470523365224
.09834069753799451
.005162382639688512
.09915393415198119
27485003464045665e-24
0
0
0
0
0
0
0
0
0
0
0
0
0
0
0
0
0
0
0
-.030103039500632506
0
0
0
0
.018965380527978973
25903141864399255e-23
-5801707116673362e-23
376461389864266e-21
-7721162254512284e-25
2457012650600568e-28
-.009923446664641199
-.28235715052855986
-.0001389154641671509
.0957502815420413
.7710094803423906
-.608688168201409
.2339728545917895
.002531104116589063
.007168702699090004
-.00019836899522464053
-3945023664321603e-20
.00010566672278572667
.002637721768258556
