1.4869539927635025
.6549203911400331
.009616180713801718
.0020228090456846344
3821774670239716e-21
.030239386745263434
7.49189071625089
.7111551983546684
.05952469112856408
.06916557342373203
.06805247981840576
5.002545973833163
.7444658159609056
.34894842109360236
.005361078784324988
3.0315228347742194
.3610695031311115
.0031706769739028046
.07566877618904845
.0048574140756771
.0020970874360674314
.009989978803612548
.00019283723950865237
.002748218532472893
.29388689094988896
17.559389823233577
.0001257934081657899
.005957875437087023
.006290379493123709
.0059767972114530025
14791068943576169e-22
.00018143644100172766
.014555887659946195
.0012210308311281979
.009626883439209165
21421569642588085e-21
.002252313760997621
.0026270681836859785
.0003128625302950307
.005074227211349791
347631653630278e-19
.00600826701807016
.006334365733320348
.01957429140580456
.00033291090661388
.1162958997588867
.007872948929715191
.0009957746438238335
.045964648127199824
.2716429186496983
.0012404161301023716
.5700052814317138
.009976952815596976
12.110834129273217
11.31159035612909
1.3882861788187058
.006837210803519713
.06369302360196935
.06983073596057052
.2023603350124525
.13339861987307305
30.1739467631533
23.613019682556907
8.39882613005455
.0023395567905714447
.0004940702488859499
.00134326947107356
.006465933252385557
3.0874489770683695
7.773394189088521
.018011087812300968
23.446424844420044
3.29595369374382
9.464918145481272
22.05827745444697
.0014952123905560262
.009271220071735994
.0006604674442625649
2.1924311721454126
.00029315060839772353
.002734609592881036
.010867479742794955
.00037637738480700387
.9411161294712196
.706474650850522
28376317233100114e-21
.008621093385098026
.8591035742099707
.7720725613557484
3.4241630512129007
.00019305817952190612
5443347545915477e-20
.6309918735075696
.8171293072854114
.07739247837277574
.01048632518991015
.29379904538375157
1.5796567080409805
1.4797111802421825
1.894937642417814
1.6266537982140317
2.0747794130152735
.026668196640380434
.0429081178388105
.009807389189662907
.0001628369538170155
6.246821007595722
6.127622742046715
.5423676554456682
.019350046558285323
.0038957716843282925
57159604823130326e-21
.0005878411726647673
.10238220523030478
.021811013434732775
.0008967229837617749
.44251761020305985
5630315181785239e-20
.0002389261218636177
.03485728723736254
20253856526756036e-21
0
0
0
0
0
0
0
0
0
0
0
0
0
0
0
0
0
0
0
.7638001562375955
0
0
0
0
.5917009451682991
1281.7416854613587
.004189925710593139
.1026598024385746
.018716271741285675
.21509513883019607
.11727038553139794
.6523395333184125
.1490406231357606
.40613890685733384
.006223150705117786
2.9774131567457154
3.315513653476125
.016666970295760048
.04133233921220287
.846547973118928
.556545936421204
.24226326809871637
.44173235474435985
.01941397550748538
.01941397550748538
.2260601713595403
5443471271336153e-20
.01941397550748538
.01941397550748538
.01941397550748538
.01941397550748538
.01941397550748538
.01941397550748538
.01941397550748538
.01941397550748538
.01941397550748538
.01941397550748538
.01941397550748538
.01941397550748538
.01941397550748538
.01941397550748538
.01941397550748538
.01941397550748538
.01941397550748538
.01941397550748538
.01941397550748538
.01941397550748538
.01941397550748538
.01941397550748538
.01941397550748538
.01941397550748538
.01941397550748538
.01941397550748538
.01941397550748538
.01941397550748538
.01941397550748538
.01941397550748538
.01941397550748538
.01941397550748538
.01941397550748538
.01941397550748538
.01941397550748538
.01941397550748538
.01941397550748538
.01941397550748538
.01941397550748538
.01941397550748538
.01941397550748538
.01941397550748538
.01941397550748538
.01941397550748538
.23772893588179783
.010445302841289495
.01941397550748538
.010445302841289495
.17238363336148177
.08618315894511502
.01941397550748538
.01941397550748538
.03465653517138549
.01941397550748538
.01941397550748538
.01941397550748538
.01941397550748538
.01941397550748538
.01941397550748538
.01941397550748538
.01941397550748538
.01941397550748538
.01941397550748538
.16122304900745293
.01941397550748538
.01941397550748538
.01941397550748538
.01941397550748538
.01941397550748538
.01941397550748538
.01941397550748538
.01941397550748538
.01941397550748538
.01941397550748538
.01941397550748538
.01941397550748538
.01941397550748538
.01941397550748538
.01941397550748538
.01941397550748538
.01941397550748538
.01941397550748538
.23772893588179783
.23772893588179783
.17238363336148177
.01941397550748538
.01941397550748538
.01941397550748538
.01941397550748538
.17238363336148177
.060743088401954144
.2079919249656047
.01941397550748538
.23772893588179783
.01941397550748538
.01941397550748538
.01941397550748538
.01941397550748538
.01941397550748538
.03465653517138549
.01941397550748538
.01941397550748538
.14855073771310665
.01941397550748538
.2260601713595403
.01941397550748538
.01941397550748538
.010445302841289495
.01941397550748538
.01941397550748538
.01941397550748538
.12001205489398058
.01941397550748538
.01941397550748538
.01941397550748538
.01941397550748538
.01941397550748538
.01941397550748538
.01941397550748538
.01941397550748538
.01941397550748538
.01941397550748538
.01941397550748538
.01941397550748538
.01941397550748538
.01941397550748538
.01941397550748538
.01941397550748538
.01941397550748538
.01941397550748538
.01941397550748538
.01941397550748538
.01941397550748538
.01941397550748538
.01941397550748538
.12001205489398058
.01941397550748538
.01941397550748538
.01941397550748538
.01941397550748538
.01941397550748538
.01941397550748538
.01941397550748538
.01941397550748538
.01941397550748538
.01941397550748538
.2260601713595403
.1920385775685105
.16122304900745293
.01941397550748538
999999999998512e-27
.20202628982808854
.20202628982808854
.16122304900745293
.16122304900745293
.2260601713595403
.2260601713595403
.2260601713595403
.2260601713595403
