3.0433720173870693
.005673270986110673
.0002251911743379309
1259981830037625e-20
4026654933485946e-28
.0009634905661554289
7.026105224170289
.7338778165775657
.04816469135299713
.0165133069977227
.06682328554651971
.7538252450990625
.7176714388027648
.05325639622205193
.0008716774663508875
.005294540060595226
.0006365994450430717
.002195877202426926
.07324222910849566
.005035627486284478
.0021707201669470305
.0028282363231166693
5944022824256369e-20
.0019152952092628011
.07963667595592551
4.146853212821629
5115473185708773e-21
.005666545242866972
.00604739507652422
.005803840501821019
14297277822062754e-22
.00017587565953822073
.01410974311309228
.0011833823997044147
.009331832659005522
32394849909394993e-22
.0024022843694900104
.0025458108257911055
49690911541764806e-21
.00491137149835569
5276505002174497e-21
.005801969925052553
.005801590482644041
.019642731708174488
.000560533561822607
.11226295456845302
.00772042139471274
.0005991877704502136
.026658897374112433
.07199101725674494
2587749359587409e-21
.12182413614919364
20558172017002302e-21
8.484807903582945
7.9844753713387595
1.1539844802201245
.006571048576528816
.0006064145238872562
.0006628308423434257
.16254990579951806
.11305019351909107
9.421706434839074
7.416809408859282
2.7088205935902163
.0017277447524555818
.0003309840580773561
.001304732293735726
.006128359019907507
.008412260165159642
3.8756694470170077
.0008283252601390984
9.421706434839074
3.19246491171347
9.421706434839074
8.674123616563401
.0014471959887920694
.009025087937410387
.00014115245694055106
2.151978633214192
.00020098241971884515
.0018722958527643834
.010566564898663967
766922168361996e-19
.7055181034830884
.03750198792132638
16884392804038777e-21
.00043442040235394327
.3831403414559224
.35746703421527753
2.4495799343351465
.00014317686560381002
.00036282631317723877
.6399720493733665
.7509284745702323
.1291021872576759
.00023230806416352933
.1663346353027945
1.1651564204895122
1.0097177623184588
.0744227224429668
1.2532022807973164
1.9886958448102712
.01811715754977681
.024680147145077273
8364054052094882e-20
.00012794664634727563
3.707920456850848
4.363038935630057
.45925887911600344
.0036609214053629564
.00013414643633353332
17955983721713474e-22
4936328953003955e-23
.05051431505716799
.01588656043017383
.0005125699396716224
.3472973796291553
31175963776149205e-21
.0001832374201530027
.024637721708631606
774118377100682e-21
0
0
0
0
0
0
0
0
0
0
0
0
0
0
0
0
0
0
0
.11381938428103655
0
0
0
0
.16023243692434314
1242.4577623251573
.00406150925864472
.09951339639286426
.018142639324691318
.20850271775454501
.019972847746793886
.4101933600363927
.01341759236647481
.356647232730744
.0042679027776837495
2.198300907965068
2.3047376536016766
.0019500984225605021
.004770779945868733
.505218545773678
.34332022973745907
.17443318939606933
.31583170250065257
.01881895926493442
.01881895926493442
.04767472034292673
2390828912564146e-25
.01881895926493442
.01881895926493442
.01881895926493442
.01881895926493442
.01881895926493442
.01881895926493442
.01881895926493442
.01881895926493442
.01881895926493442
.01881895926493442
.01881895926493442
.01881895926493442
.01881895926493442
.01881895926493442
.01881895926493442
.01881895926493442
.01881895926493442
.01881895926493442
.01881895926493442
.01881895926493442
.01881895926493442
.01881895926493442
.01881895926493442
.01881895926493442
.01881895926493442
.01881895926493442
.01881895926493442
.01881895926493442
.01881895926493442
.01881895926493442
.01881895926493442
.01881895926493442
.01881895926493442
.01881895926493442
.01881895926493442
.01881895926493442
.01881895926493442
.01881895926493442
.01881895926493442
.01881895926493442
.01881895926493442
.01881895926493442
.01881895926493442
.01881895926493442
.10917184317296708
20777717105050004e-21
.01881895926493442
20777717105050004e-21
.11681809495170964
.07376121016929707
.01881895926493442
.01881895926493442
.00032559630822893743
.01881895926493442
.01881895926493442
.01881895926493442
.01881895926493442
.01881895926493442
.01881895926493442
.01881895926493442
.01881895926493442
.01881895926493442
.01881895926493442
.015615380974658904
.01881895926493442
.01881895926493442
.01881895926493442
.01881895926493442
.01881895926493442
.01881895926493442
.01881895926493442
.01881895926493442
.01881895926493442
.01881895926493442
.01881895926493442
.01881895926493442
.01881895926493442
.01881895926493442
.01881895926493442
.01881895926493442
.01881895926493442
.01881895926493442
.10917184317296708
.10917184317296708
.11681809495170964
.01881895926493442
.01881895926493442
.01881895926493442
.01881895926493442
.11681809495170964
.0012415836209301802
.12063303982128037
.01881895926493442
.10917184317296708
.01881895926493442
.01881895926493442
.01881895926493442
.01881895926493442
.01881895926493442
.00032559630822893743
.01881895926493442
.01881895926493442
.10881432513622846
.01881895926493442
.04767472034292673
.01881895926493442
.01881895926493442
20777717105050004e-21
.01881895926493442
.01881895926493442
.01881895926493442
.0950240008464721
.01881895926493442
.01881895926493442
.01881895926493442
.01881895926493442
.01881895926493442
.01881895926493442
.01881895926493442
.01881895926493442
.01881895926493442
.01881895926493442
.01881895926493442
.01881895926493442
.01881895926493442
.01881895926493442
.01881895926493442
.01881895926493442
.01881895926493442
.01881895926493442
.01881895926493442
.01881895926493442
.01881895926493442
.01881895926493442
.01881895926493442
.0950240008464721
.01881895926493442
.01881895926493442
.01881895926493442
.01881895926493442
.01881895926493442
.01881895926493442
.01881895926493442
.01881895926493442
.01881895926493442
.01881895926493442
.04767472034292673
.12039415794044406
.015615380974658904
.01881895926493442
999999999996954e-27
.12087779714200189
.12087779714200189
.015615380974658904
.015615380974658904
.04767472034292673
.04767472034292673
.04767472034292673
.04767472034292673
