1.4928163507971408
.5498971544101592
.009276956067017571
.002015028666191019
3870474776206746e-21
.024533167513057532
6.927394266582568
.6963671594108658
.05654861492927611
.05932414006984528
.06735919117872907
4.873848505785195
.6875922096852514
.3517154168378177
.005229268655894613
3.3614536489074682
.43108430449511853
.0032704374693504146
.07362096910147016
.004621436737687677
.0019256358456713307
.008537723784992486
.0001723671120110398
.0025683332717660744
.2806698075223105
17.848699245451648
.00013344138045572501
.006268412480712141
.0064799980191968636
.005913541110153206
1360675913843365e-21
.00018364028613582141
.014285334328701516
.0013672015730046203
.009935960918764513
20738320043269634e-21
.0021305750637156053
.0028053996473090268
.0003227190737552531
.004866229431581895
3161847207319556e-20
.005927269451205677
.0062155484115553605
.019553550066134098
.00034809284825694444
.11673629114855624
.00778041633169142
.0008521429758003058
.042877239934521444
.28950617055181094
.0012455739659984792
.5672052874384761
.00986062299805546
11.927128606317984
11.1747446016979
1.3027281924567382
.007190115073876325
.0633838971745525
.07020266866278578
.20626416987241716
.13213940227580234
30.095781989371456
23.50532042030162
8.329850715298807
.0022620953193166994
.0005355947929154269
.0013467331728943118
.006245592905641208
3.048203011510847
7.6147186099881425
.02010168404261628
22.190875299204787
3.2061961786097255
9.20511782110923
20.782218577085334
.0014088356053519092
.009057007925419793
.0006735162241085167
2.19192420211912
.0003497682297261854
.0026445177725138765
.011148054221283335
.00035654155077621206
.9327374623108708
.6798824060953089
30279768005963803e-21
.007988729936713873
.8506428777027111
.7563271353420132
3.370116181426155
.0001747792316166524
6420839336728351e-20
.6220717808183358
.8402182607629791
.08296963459663086
.010620154004745124
.29337662425763683
1.6092140920168088
1.5048546800599298
1.8993568717508766
1.5709946334546037
2.0423591754748895
.027083455725582576
.036620545675123746
.009280856894959211
.0001404867014555226
6.134196362376924
6.077223214799541
.5389885665606343
.01697019257884005
.0038465054250277344
5965594275825233e-20
.0005663924686367294
.09731194961174744
.020839539589856147
.0009029725065376153
.4424630641090706
5994172936404723e-20
.00023371323644393618
.033374910450712426
19628247532894297e-21
0
0
0
0
0
0
0
0
0
0
0
0
0
0
0
0
0
0
0
.7559587194800147
0
0
0
0
.5791024334156689
1302.350804011276
.004273444683208773
.09681472222863007
.019327197800418403
.2159993970042574
.11447349844030608
.6518378088351807
.14650815813733714
.4248505426135615
.006194924961491739
2.934713852527132
3.285769385573217
.016512653134656517
.04456997480562928
.8450289682017068
.5813957435501029
.2726201483139807
.4270338336198704
.019411699407416688
.019411699407416688
.22473891470736854
5197386072426942e-20
.019411699407416688
.019411699407416688
.019411699407416688
.019411699407416688
.019411699407416688
.019411699407416688
.019411699407416688
.019411699407416688
.019411699407416688
.019411699407416688
.019411699407416688
.019411699407416688
.019411699407416688
.019411699407416688
.019411699407416688
.019411699407416688
.019411699407416688
.019411699407416688
.019411699407416688
.019411699407416688
.019411699407416688
.019411699407416688
.019411699407416688
.019411699407416688
.019411699407416688
.019411699407416688
.019411699407416688
.019411699407416688
.019411699407416688
.019411699407416688
.019411699407416688
.019411699407416688
.019411699407416688
.019411699407416688
.019411699407416688
.019411699407416688
.019411699407416688
.019411699407416688
.019411699407416688
.019411699407416688
.019411699407416688
.019411699407416688
.019411699407416688
.019411699407416688
.23703313749020366
.010204380935197524
.019411699407416688
.010204380935197524
.1721311750988942
.08613265010246256
.019411699407416688
.019411699407416688
.03405366167115228
.019411699407416688
.019411699407416688
.019411699407416688
.019411699407416688
.019411699407416688
.019411699407416688
.019411699407416688
.019411699407416688
.019411699407416688
.019411699407416688
.15981194391866482
.019411699407416688
.019411699407416688
.019411699407416688
.019411699407416688
.019411699407416688
.019411699407416688
.019411699407416688
.019411699407416688
.019411699407416688
.019411699407416688
.019411699407416688
.019411699407416688
.019411699407416688
.019411699407416688
.019411699407416688
.019411699407416688
.019411699407416688
.019411699407416688
.23703313749020366
.23703313749020366
.1721311750988942
.019411699407416688
.019411699407416688
.019411699407416688
.019411699407416688
.1721311750988942
.05986046462670229
.20756560095061588
.019411699407416688
.23703313749020366
.019411699407416688
.019411699407416688
.019411699407416688
.019411699407416688
.019411699407416688
.03405366167115228
.019411699407416688
.019411699407416688
.14837666837533658
.019411699407416688
.22473891470736854
.019411699407416688
.019411699407416688
.010204380935197524
.019411699407416688
.019411699407416688
.019411699407416688
.11990656826598617
.019411699407416688
.019411699407416688
.019411699407416688
.019411699407416688
.019411699407416688
.019411699407416688
.019411699407416688
.019411699407416688
.019411699407416688
.019411699407416688
.019411699407416688
.019411699407416688
.019411699407416688
.019411699407416688
.019411699407416688
.019411699407416688
.019411699407416688
.019411699407416688
.019411699407416688
.019411699407416688
.019411699407416688
.019411699407416688
.019411699407416688
.11990656826598617
.019411699407416688
.019411699407416688
.019411699407416688
.019411699407416688
.019411699407416688
.019411699407416688
.019411699407416688
.019411699407416688
.019411699407416688
.019411699407416688
.22473891470736854
.19170113549476694
.15981194391866482
.019411699407416688
9999999999985092e-28
.20163583318597808
.20163583318597808
.15981194391866482
.15981194391866482
.22473891470736854
.22473891470736854
.22473891470736854
.22473891470736854
