1.519700178788066
.4845458086403394
.0084908891331043
.0018001236687035448
28583116035302893e-22
.02253515519135286
6.921108609698837
.6974457631246008
.05670607669902278
.05675816038340352
.0673744651670577
4.677966370855882
.6870864304748848
.3377945807529734
.005033072953249489
3.1925688385566864
.4078588267679289
.0032604165990887525
.07358096849715176
.004624905637965269
.0019270585211157289
.008209112758415332
.00016609562367041222
.002564344772097534
.26951088851062954
18.050586273714146
.00012686246629916022
.006263855313318609
.0064756357217943756
.005910639492430969
13591822775397076e-22
.00018354157419649337
.014277655108384659
.001366461580814121
.009930620065198422
19903850119090495e-21
.0021364924420016504
.0028038774679338637
.00031050857508198255
.004863491142100664
303397636576179e-19
.005920620869732091
.0061353389282834386
.01964816373069578
.0003527341966340361
.11666306316085172
.00778027514941712
.0008402432011164158
.041993577431608566
.28076223940672873
.0011173084590080516
.5649494932008099
.008862430458564406
11.856423809151913
11.12445423523129
1.3002125829756004
.007185729300063056
.05851321774143599
.06479095052947098
.2057960953024381
.13191066860879794
29.737330949492453
23.160929365868196
8.252429544857858
.0022571574061628547
.0005310459869617954
.0013495170236533227
.006216711306728687
2.6769895008478817
7.4811698804437405
.018967207798859534
22.178772917320842
3.204440291042041
9.18857786787235
20.77130005394681
.0014079913585917118
.009056064273411846
.0006731445456216775
2.1916235100990265
.00034869732134835334
.0026361330869692813
.011142999437761703
.0003425757247793248
.9327684173645967
.6560375114347166
3000890745078272e-20
.0076452498871649
.8434100060187921
.7514931219727226
3.3554580964566783
.00017269621477380054
6545603703826561e-20
.6209765011910616
.841261173564864
.08427286473895428
.00996787623606791
.29171566385619785
1.6060863543248158
1.4990645719933098
1.799680996864857
1.5677903665109838
2.041092676822979
.02685416445760454
.03612119277677456
.008570355129036084
.00013945219085353142
6.047987109196799
6.04346557805058
.5382298803901165
.01657244635025908
.0036186139332016736
5620163025825129e-20
.0004851468083171708
.09573025589435094
.020759653649805067
.0008986919714437351
.4406691386805941
5911475470019965e-20
.000233872096503254
.03324282571615664
18617721243525e-18
0
0
0
0
0
0
0
0
0
0
0
0
0
0
0
0
0
0
0
.7362368517944277
0
0
0
0
.5758544580940951
1301.6507487298215
.004271147569780294
.09676268121371308
.019316808812402095
.21588329040824802
.11126912386017397
.6467081277201582
.1406648938122886
.4240639550744637
.006180793760645048
2.922504535913246
3.2674418234856426
.01594629276179035
.04302194458469678
.8404339314723478
.5784671153416309
.2720328839865215
.42612439109015077
.019401264997079386
.019401264997079386
.21877756274854485
41910532043935015e-21
.019401264997079386
.019401264997079386
.019401264997079386
.019401264997079386
.019401264997079386
.019401264997079386
.019401264997079386
.019401264997079386
.019401264997079386
.019401264997079386
.019401264997079386
.019401264997079386
.019401264997079386
.019401264997079386
.019401264997079386
.019401264997079386
.019401264997079386
.019401264997079386
.019401264997079386
.019401264997079386
.019401264997079386
.019401264997079386
.019401264997079386
.019401264997079386
.019401264997079386
.019401264997079386
.019401264997079386
.019401264997079386
.019401264997079386
.019401264997079386
.019401264997079386
.019401264997079386
.019401264997079386
.019401264997079386
.019401264997079386
.019401264997079386
.019401264997079386
.019401264997079386
.019401264997079386
.019401264997079386
.019401264997079386
.019401264997079386
.019401264997079386
.019401264997079386
.23386827696577983
.009163959747666726
.019401264997079386
.009163959747666726
.17097816786884482
.08590140354639222
.019401264997079386
.019401264997079386
.03141499414207052
.019401264997079386
.019401264997079386
.019401264997079386
.019401264997079386
.019401264997079386
.019401264997079386
.019401264997079386
.019401264997079386
.019401264997079386
.019401264997079386
.15349561635272055
.019401264997079386
.019401264997079386
.019401264997079386
.019401264997079386
.019401264997079386
.019401264997079386
.019401264997079386
.019401264997079386
.019401264997079386
.019401264997079386
.019401264997079386
.019401264997079386
.019401264997079386
.019401264997079386
.019401264997079386
.019401264997079386
.019401264997079386
.019401264997079386
.23386827696577983
.23386827696577983
.17097816786884482
.019401264997079386
.019401264997079386
.019401264997079386
.019401264997079386
.17097816786884482
.05596947133175366
.20562170540688182
.019401264997079386
.23386827696577983
.019401264997079386
.019401264997079386
.019401264997079386
.019401264997079386
.019401264997079386
.03141499414207052
.019401264997079386
.019401264997079386
.1475810227260025
.019401264997079386
.21877756274854485
.019401264997079386
.019401264997079386
.009163959747666726
.019401264997079386
.019401264997079386
.019401264997079386
.11942400976294124
.019401264997079386
.019401264997079386
.019401264997079386
.019401264997079386
.019401264997079386
.019401264997079386
.019401264997079386
.019401264997079386
.019401264997079386
.019401264997079386
.019401264997079386
.019401264997079386
.019401264997079386
.019401264997079386
.019401264997079386
.019401264997079386
.019401264997079386
.019401264997079386
.019401264997079386
.019401264997079386
.019401264997079386
.019401264997079386
.019401264997079386
.11942400976294124
.019401264997079386
.019401264997079386
.019401264997079386
.019401264997079386
.019401264997079386
.019401264997079386
.019401264997079386
.019401264997079386
.019401264997079386
.019401264997079386
.21877756274854485
.19016125541542162
.15349561635272055
.019401264997079386
9999999999984823e-28
.1998548995777018
.1998548995777018
.15349561635272055
.15349561635272055
.21877756274854485
.21877756274854485
.21877756274854485
.21877756274854485
