6170420819314354e-27
39.335309237452286
.16209839032560455
.2995169280966204
11.439552770432304
.39241200547941835
5.900950097332777
.20553551032818304
.0030641309576907396
.34265291539798926
.028985639862029098
8.070049220472537
.747545208575319
.5585258893736676
.008566530495281109
8.113841801696775
.9521139286242593
.004123038721383472
.07496321467911983
.004478841303239647
.0018106167768607135
.03974691092222165
.00014555140731428332
1848493458057935e-20
.29067007709789233
3921195706213185e-23
12619007754823816e-30
.005278646739764732
.00647438826691733
.006235784642642591
.0023432449571865353
.00018445750449864502
.013884385609792554
.001317415691245538
.010687118875182497
3393941754430682e-20
.0004832521533410018
.002841738377494626
.000495884372637078
.005312449486407735
15179454856698776e-21
8.969804335605085
13.794759244859149
.006436437988785566
54468312444673853e-21
.12341868707461971
.007514408678476613
.007836106672459469
.37227926798512795
8457760287158132e-26
.4349269534670603
2694237096154203e-26
3.9562698042463538
18.13163121457689
1649195315998579e-24
21895225959356761e-26
.007249822393875043
2.747759824361472
13.87499283171123
26041616945401114e-27
24127160941404433e-27
41.395351137738864
26.126469479392547
9.380417012879446
.0025251115272686237
.0006225474131532455
.001387643139003718
.007034863487031094
5563193739327299e-24
0
7639115324999088e-27
23.812039404130452
3.4299839549002047
8.823807396499873
16.378086344880884
.0015575461060227831
.007934245421863861
.00043431151228956905
2.152976661198561
.00039918358062941147
.003562125988609568
.011406176671464074
.0017606108128501627
.8458621327010364
1.5322308062928118
.0001330822885322304
.026154486976899382
1.3260340210597605
1.699679568229807
3.2546729688421276
.0034358284008243205
.00041897308489450386
.6422174824875272
.7826346237864974
12409137184184654e-27
.48850919708028695
.7649254772670642
2.0255233305485727
2.7004633016982176
3206145861145203e-25
5.571810329702355
1.998057306763129
.5348246826705441
1.1404097169456962
.9387254750084439
.0007753639507593226
47.66442215127294
8.094448095127264
.46734209127093984
.06821744633250022
5945266242288575e-28
6843913541261461e-30
28671545560125515e-25
5.188630682584375
.009628770410924057
.000549694982315831
.5041684351611643
.001384653808098751
.00023445737797042653
.01532365908323002
32878649387331304e-31
0
0
0
0
0
0
0
0
0
0
0
0
0
0
0
0
0
0
0
1.8891000842354315
0
0
0
0
.5969315067651467
1421.7879620620436
.004570643811729597
.10350104190506769
.018547854151339742
.21977348650971124
.5519423638807115
1.0365971625026
1.336390946245311
1.3446806145384518
.007460780385301954
6.123888044847996
6.2451978686260174
.14612521224766103
.36023325750609886
4.888090669898703
3.856617580439761
9509944524309835e-26
1539031028827169e-25
.01999999999999753
.01999999999999753
.9999999999938296
7.999999999605093
.01999999999999753
.01999999999999753
.01999999999999753
.01999999999999753
.01999999999999753
.01999999999999753
.01999999999999753
.01999999999999753
.01999999999999753
.01999999999999753
.01999999999999753
.01999999999999753
.01999999999999753
.01999999999999753
.01999999999999753
.01999999999999753
.01999999999999753
.01999999999999753
.01999999999999753
.01999999999999753
.01999999999999753
.01999999999999753
.01999999999999753
.01999999999999753
.01999999999999753
.01999999999999753
.01999999999999753
.01999999999999753
.01999999999999753
.01999999999999753
.01999999999999753
.01999999999999753
.01999999999999753
.01999999999999753
.01999999999999753
.01999999999999753
.01999999999999753
.01999999999999753
.01999999999999753
.01999999999999753
.01999999999999753
.01999999999999753
.01999999999999753
.01999999999999753
.4999999999984574
3.999999999901273
.01999999999999753
3.999999999901273
.24999999999961434
.0999999999999383
.01999999999999753
.01999999999999753
2.999999999944466
.01999999999999753
.01999999999999753
.01999999999999753
.01999999999999753
.01999999999999753
.01999999999999753
.01999999999999753
.01999999999999753
.01999999999999753
.01999999999999753
1.4999999999861167
.01999999999999753
.01999999999999753
.01999999999999753
.01999999999999753
.01999999999999753
.01999999999999753
.01999999999999753
.01999999999999753
.01999999999999753
.01999999999999753
.01999999999999753
.01999999999999753
.01999999999999753
.01999999999999753
.01999999999999753
.01999999999999753
.01999999999999753
.01999999999999753
.4999999999984574
.4999999999984574
.24999999999961434
.01999999999999753
.01999999999999753
.01999999999999753
.01999999999999753
.24999999999961434
2.499999999961435
.34999999999924414
.01999999999999753
.4999999999984574
.01999999999999753
.01999999999999753
.01999999999999753
.01999999999999753
.01999999999999753
2.999999999944466
.01999999999999753
.01999999999999753
.19999999999975318
.01999999999999753
.9999999999938296
.01999999999999753
.01999999999999753
3.999999999901273
.01999999999999753
.01999999999999753
.01999999999999753
.14999999999986116
.01999999999999753
.01999999999999753
.01999999999999753
.01999999999999753
.01999999999999753
.01999999999999753
.01999999999999753
.01999999999999753
.01999999999999753
.01999999999999753
.01999999999999753
.01999999999999753
.01999999999999753
.01999999999999753
.01999999999999753
.01999999999999753
.01999999999999753
.01999999999999753
.01999999999999753
.01999999999999753
.01999999999999753
.01999999999999753
.01999999999999753
.14999999999986116
.01999999999999753
.01999999999999753
.01999999999999753
.01999999999999753
.01999999999999753
.01999999999999753
.01999999999999753
.01999999999999753
.01999999999999753
.01999999999999753
.9999999999938296
.29999999999944466
1.4999999999861167
.01999999999999753
1e-12
.32999999999932805
.32999999999932805
1.4999999999861167
1.4999999999861167
.9999999999938296
.9999999999938296
.9999999999938296
.9999999999938296
