2.9806045439928015
.013397362069942496
.0008200667505088669
5033856019163546e-20
19278715091444413e-28
.0030207545194079403
6.597897050631638
.7146565865175621
.04722082406019379
.014682453044638038
.06795312718163354
.7295949561543847
.6882641708680578
.0522484706963159
.0009004012882321793
.006721784321778447
.0007368575093597358
.0024389849379743583
.0706463423586452
.004960311361579778
.002008194609013506
.002002292752158787
5357235564479405e-20
.001977342555215786
.06778008591481827
4.218115851649784
5897604349328445e-21
.005561424063813601
.005988399446840975
.005918711975347895
14267657051629084e-22
.00017378298646460356
.013080857382801112
.0012407125239193057
.010068658255298922
30857756444002094e-22
.002469767047637982
.0026758255939036807
50075015684904355e-21
.004989566594723763
50121917876094445e-22
.005916797512783615
.005916363741196939
.019618721814960115
.0005227574244051381
.113292217574461
.007625681380243875
.0005750308180317386
.02642812987916584
.0830755082305608
3196191288937345e-21
.14608092630164637
2621930002432059e-20
8.765687509253176
8.326259957697184
1.1601562768571287
.006726107135651735
.0007105717066816374
.0007878449896594847
.1690281922717783
.11231763752800965
10.25860608009598
8.032365477945637
2.926271378456293
.0017956797054849566
.0003715582829275623
.0013380469563237418
.0064938997350697065
.009093866373065031
3.933604813460255
.0009652609137905939
10.25860608009598
3.2323646470187577
9.396886687055462
9.482090091385944
.001464991003414952
.008749193936997732
.00018869498673067643
2.150804488985065
.00023283541767957642
.002064918438698408
.01087545717468833
7751338689098559e-20
.7120444444984921
.030362024313412856
2078496230552506e-20
.00032934805359653404
.39437057126075
.3699295100130159
2.4798675594056756
.0001436685431977882
.0003424429037976574
.6800585646527292
.794967545182682
.147618174019432
.0003117803010902988
.16914035951487186
1.2113554579983348
1.043770532139976
.0760348476241313
1.3078880456652056
1.9755053412612735
.022374747874468526
.02705736077912365
9703261311966345e-20
.0001225867878193798
3.7412458399306296
4.333137698665221
.4651949217506133
.0037854911936690133
.00012843306998912431
1964055496925738e-21
6471242503159382e-23
.0571023692227108
.015480464682886247
.0005727647862106421
.34183504997649994
37823180440882905e-21
.00017811304408833501
.025583785999289625
8184112274455892e-22
0
0
0
0
0
0
0
0
0
0
0
0
0
0
0
0
0
0
0
.08178029825770076
0
0
0
0
.2951314342991069
1339.5089829256426
.004306140301459471
.09751142861902469
.017474488399579005
.2070551778773601
.020628164688946855
.41983615154429105
.013746604692166145
.3644015067187192
.004603244324072746
2.3005242266281005
2.339583827745096
.0021304604033104643
.005163844550453932
.4860518515387945
.3920921281605483
.1928051911770443
.3122063695181101
.01884259845585926
.01884259845585926
.05075733599757909
31589571181603216e-26
.01884259845585926
.01884259845585926
.01884259845585926
.01884259845585926
.01884259845585926
.01884259845585926
.01884259845585926
.01884259845585926
.01884259845585926
.01884259845585926
.01884259845585926
.01884259845585926
.01884259845585926
.01884259845585926
.01884259845585926
.01884259845585926
.01884259845585926
.01884259845585926
.01884259845585926
.01884259845585926
.01884259845585926
.01884259845585926
.01884259845585926
.01884259845585926
.01884259845585926
.01884259845585926
.01884259845585926
.01884259845585926
.01884259845585926
.01884259845585926
.01884259845585926
.01884259845585926
.01884259845585926
.01884259845585926
.01884259845585926
.01884259845585926
.01884259845585926
.01884259845585926
.01884259845585926
.01884259845585926
.01884259845585926
.01884259845585926
.01884259845585926
.01884259845585926
.11265094762736422
26368543917488468e-21
.01884259845585926
26368543917488468e-21
.11866546493129299
.07422563960562065
.01884259845585926
.01884259845585926
.0003913176577922108
.01884259845585926
.01884259845585926
.01884259845585926
.01884259845585926
.01884259845585926
.01884259845585926
.01884259845585926
.01884259845585926
.01884259845585926
.01884259845585926
.017149868026645775
.01884259845585926
.01884259845585926
.01884259845585926
.01884259845585926
.01884259845585926
.01884259845585926
.01884259845585926
.01884259845585926
.01884259845585926
.01884259845585926
.01884259845585926
.01884259845585926
.01884259845585926
.01884259845585926
.01884259845585926
.01884259845585926
.01884259845585926
.01884259845585926
.11265094762736422
.11265094762736422
.11866546493129299
.01884259845585926
.01884259845585926
.01884259845585926
.01884259845585926
.11866546493129299
.0014491423279315908
.12331197646073462
.01884259845585926
.11265094762736422
.01884259845585926
.01884259845585926
.01884259845585926
.01884259845585926
.01884259845585926
.0003913176577922108
.01884259845585926
.01884259845585926
.11018884944133295
.01884259845585926
.05075733599757909
.01884259845585926
.01884259845585926
26368543917488468e-21
.01884259845585926
.01884259845585926
.01884259845585926
.09592285702052582
.01884259845585926
.01884259845585926
.01884259845585926
.01884259845585926
.01884259845585926
.01884259845585926
.01884259845585926
.01884259845585926
.01884259845585926
.01884259845585926
.01884259845585926
.01884259845585926
.01884259845585926
.01884259845585926
.01884259845585926
.01884259845585926
.01884259845585926
.01884259845585926
.01884259845585926
.01884259845585926
.01884259845585926
.01884259845585926
.01884259845585926
.09592285702052582
.01884259845585926
.01884259845585926
.01884259845585926
.01884259845585926
.01884259845585926
.01884259845585926
.01884259845585926
.01884259845585926
.01884259845585926
.01884259845585926
.05075733599757909
.12268236006559388
.017149868026645775
.01884259845585926
999999999997017e-27
.12340724000046883
.12340724000046883
.017149868026645775
.017149868026645775
.05075733599757909
.05075733599757909
.05075733599757909
.05075733599757909
