3.062307257641316
.01164077359837953
.0007374968459705853
42512809117573305e-21
10869369573367027e-28
.0028075120498587875
6.574541007848312
.7147834111136744
.045842727464859435
.013762803253145139
.06785954946759964
.726147195576943
.6870095884722646
.052009980949712264
.0008963012240416612
.005524038096337756
.0006078132506975945
.0023570352898765394
.07052500410709485
.004967126753967989
.0020110132795084132
.0018777437164742123
5047942079337829e-20
.0019084911218366896
.06353728309918721
4.140476759000887
56758149057794195e-22
.005546121276852889
.005976438752206197
.005909383278636296
1424584693781945e-21
.00017349924907530894
.013059499003225354
.0012386749620924727
.010052219065980613
3072412297402654e-21
.0024729323916281238
.002671419493115219
498569630668683e-19
.004981015701640382
4999052678012779e-21
.00590749904697385
.005907090228446256
.019611337063275162
.0005327549474599445
.11308548973562459
.007616535507686052
.0005703694612050836
.026173715282076654
.07650065208715201
23511047305403933e-22
.12510124647555743
1924186896895471e-20
8.5984118016202
8.153618198369116
1.1461405550875579
.0067133139316731625
.0005595984138169625
.000620438992389561
.16659480783556588
.11110623923375271
9.169236564782452
7.2102780712406265
2.626010714520928
.0017425521861992013
.0003582077924516015
.0013364427760762358
.006476892662953188
.007895032972756967
3.858505905624875
.000943755268473876
9.169236564782452
3.2269684161021237
9.169236564782452
8.422025250927128
.0014623889094366863
.008735218245736427
.0001607908604442778
2.1488603217970366
.00022477712097756302
.0019935658433679854
.010858708799712393
7034107703557402e-20
.6901979393855218
.025006106713431998
20208164809426567e-21
.0002769224028737348
.37073016915001666
.34755150365623744
2.4131801845026195
.00014467332884175602
.00035844907404397033
.6813232900400794
.7790359585689584
.1470714001660498
.0002522039427243317
.16093629108008403
1.1731255094029422
1.0118759732814506
.07349918063077278
1.288392065677238
1.970571542306994
.0219596287308238
.02646746815806097
7594162228809041e-20
.00012277321874933834
3.7087098658405138
4.249405794014244
.45953317651842185
.0034052712568887157
.00012402952537164623
18904230641572586e-22
45600072422528265e-24
.05540249581698315
.015144060459190591
.0005451827584881913
.33738680245057207
36869145073255054e-21
.00017246400809372902
.025005219562624668
7892101681382862e-22
0
0
0
0
0
0
0
0
0
0
0
0
0
0
0
0
0
0
0
.06905103496684876
0
0
0
0
.26095544704391654
1337.3219416442337
.0042991095859339495
.09735221989215734
.017445957476689703
.20671711502946624
.018579400201697304
.40996146527619987
.012068429291627191
.359109396978338
.004389142193439542
2.2438482942416442
2.280414393443246
.0018965888683303046
.004594672256090558
.4664640786169601
.3769459090903969
.18669782852992825
.30230494513784917
.018811833794183032
.018811833794183032
.04678368278606906
19809763765919214e-26
.018811833794183032
.018811833794183032
.018811833794183032
.018811833794183032
.018811833794183032
.018811833794183032
.018811833794183032
.018811833794183032
.018811833794183032
.018811833794183032
.018811833794183032
.018811833794183032
.018811833794183032
.018811833794183032
.018811833794183032
.018811833794183032
.018811833794183032
.018811833794183032
.018811833794183032
.018811833794183032
.018811833794183032
.018811833794183032
.018811833794183032
.018811833794183032
.018811833794183032
.018811833794183032
.018811833794183032
.018811833794183032
.018811833794183032
.018811833794183032
.018811833794183032
.018811833794183032
.018811833794183032
.018811833794183032
.018811833794183032
.018811833794183032
.018811833794183032
.018811833794183032
.018811833794183032
.018811833794183032
.018811833794183032
.018811833794183032
.018811833794183032
.018811833794183032
.10814404827338651
19327401178833006e-21
.018811833794183032
19327401178833006e-21
.11626653112430498
.07362167871010297
.018811833794183032
.018811833794183032
.0003081308912057695
.018811833794183032
.018811833794183032
.018811833794183032
.018811833794183032
.018811833794183032
.018811833794183032
.018811833794183032
.018811833794183032
.018811833794183032
.018811833794183032
.015181577415838398
.018811833794183032
.018811833794183032
.018811833794183032
.018811833794183032
.018811833794183032
.018811833794183032
.018811833794183032
.018811833794183032
.018811833794183032
.018811833794183032
.018811833794183032
.018811833794183032
.018811833794183032
.018811833794183032
.018811833794183032
.018811833794183032
.018811833794183032
.018811833794183032
.10814404827338651
.10814404827338651
.11626653112430498
.018811833794183032
.018811833794183032
.018811833794183032
.018811833794183032
.11626653112430498
.0011853779113183362
.11983655890488713
.018811833794183032
.10814404827338651
.018811833794183032
.018811833794183032
.018811833794183032
.018811833794183032
.018811833794183032
.0003081308912057695
.018811833794183032
.018811833794183032
.10840307853168621
.018811833794183032
.04678368278606906
.018811833794183032
.018811833794183032
19327401178833006e-21
.018811833794183032
.018811833794183032
.018811833794183032
.09475451023203975
.018811833794183032
.018811833794183032
.018811833794183032
.018811833794183032
.018811833794183032
.018811833794183032
.018811833794183032
.018811833794183032
.018811833794183032
.018811833794183032
.018811833794183032
.018811833794183032
.018811833794183032
.018811833794183032
.018811833794183032
.018811833794183032
.018811833794183032
.018811833794183032
.018811833794183032
.018811833794183032
.018811833794183032
.018811833794183032
.018811833794183032
.09475451023203975
.018811833794183032
.018811833794183032
.018811833794183032
.018811833794183032
.018811833794183032
.018811833794183032
.018811833794183032
.018811833794183032
.018811833794183032
.018811833794183032
.04678368278606906
.1197124098713492
.015181577415838398
.018811833794183032
9999999999969352e-28
.12012512655357123
.12012512655357123
.015181577415838398
.015181577415838398
.04678368278606906
.04678368278606906
.04678368278606906
.04678368278606906
