3.01131101284611
.009374069582315818
.000498771795427609
23756180115059194e-21
10733258227368137e-28
.0018642820128834496
6.244747896100509
.6559628467548445
.04531269205834571
.015327491175997866
.07264083454239359
.7545451628390609
.7109147796711244
.048961079849539325
.0007001692767046413
.003945949028772839
.00039220959729834677
.0022746496166441716
.07485661374719745
.004999377170702104
.002250029848063818
.002318202831026441
4156756838455714e-20
.0019670734145786177
.06648001941569223
3.685809007706354
4203340887312079e-21
.005811344232231798
.005853096723876743
.005071302056125542
13667716760005736e-22
.00018788134257225673
.013021344920318003
.0011581775481049029
.009201916034495983
301746161952774e-20
.002453466532693845
.002735922603554352
4386782184434878e-20
.005223053835827584
4452149356311149e-21
.005069457073269002
.005069068408873008
.02114798999699441
.0005892953872587309
.09826724412439974
.007583598048726789
.0004940340042923353
.028181818038322537
.07977440073845057
277556600107662e-20
.14484065226640272
24737796296613548e-21
8.592543920668243
8.185771459284409
1.1662447318743132
.0068499298856347585
.0006944043126546112
.0007603770376876709
.16680077201355006
.11409883027253456
9.849186495385197
7.634765869819224
2.935596000047215
.0016906386677291898
.00025151641099706355
.0015034112099283831
.005609424443899566
.005976243337365643
3.4051983995988864
.0007335969922104048
9.849186495385197
3.2497444782345224
9.07573086117417
9.109093797415579
.0013145865712392288
.008316419917719984
.0001513295756337627
2.039009083421447
.00023982810596686447
.0017831605673029741
.011312040376419256
6949192399917942e-20
.668090150284786
.029173877078087704
1902333120621798e-20
.0003038862219747436
.41422456769386756
.3833326995017908
2.6638811651457774
.00014659787854350289
.0004718207713231102
.7159576255257674
.7739376058705255
.1345019131282682
.00023902712900949718
.15777934551274436
1.1704380726735584
1.0120717326877484
.06439703210637
1.1280888488274827
1.8838728880681883
.01918710990716504
.01941416945130986
882885778859649e-19
.0001602849941296606
3.4429130014302003
4.427406494011689
.4316057432279824
.003220028674486084
.00010050755827876047
13084625255264513e-22
3915087271286078e-23
.045644942142053696
.017002222157628553
.0004606016423442238
.3226058181599522
28548478051681386e-21
.000181861502021387
.02653204495045
5941351700413766e-22
0
0
0
0
0
0
0
0
0
0
0
0
0
0
0
0
0
0
0
.08071365111230396
0
0
0
0
.15654987238555704
1225.3902926230996
.0041231812761649755
.09998378113769558
.018021031322446483
.21080422707095142
.016883068794428312
.39800901979628944
.0130933536478337
.37651333100912016
.004580697866860585
2.245650553779973
2.260018301889459
.0018074957879721523
.005750431067098367
.47994429612553513
.37676159181751306
.2065577315710635
.29720610945044335
.018831030229337284
.018831030229337284
.04922749033515698
26926736890944535e-26
.018831030229337284
.018831030229337284
.018831030229337284
.018831030229337284
.018831030229337284
.018831030229337284
.018831030229337284
.018831030229337284
.018831030229337284
.018831030229337284
.018831030229337284
.018831030229337284
.018831030229337284
.018831030229337284
.018831030229337284
.018831030229337284
.018831030229337284
.018831030229337284
.018831030229337284
.018831030229337284
.018831030229337284
.018831030229337284
.018831030229337284
.018831030229337284
.018831030229337284
.018831030229337284
.018831030229337284
.018831030229337284
.018831030229337284
.018831030229337284
.018831030229337284
.018831030229337284
.018831030229337284
.018831030229337284
.018831030229337284
.018831030229337284
.018831030229337284
.018831030229337284
.018831030229337284
.018831030229337284
.018831030229337284
.018831030229337284
.018831030229337284
.018831030229337284
.11093596240234084
2351232353649249e-20
.018831030229337284
2351232353649249e-20
.11775817986224274
.07399807546138036
.018831030229337284
.018831030229337284
.0003580342306528264
.018831030229337284
.018831030229337284
.018831030229337284
.018831030229337284
.018831030229337284
.018831030229337284
.018831030229337284
.018831030229337284
.018831030229337284
.018831030229337284
.016383772246066186
.018831030229337284
.018831030229337284
.018831030229337284
.018831030229337284
.018831030229337284
.018831030229337284
.018831030229337284
.018831030229337284
.018831030229337284
.018831030229337284
.018831030229337284
.018831030229337284
.018831030229337284
.018831030229337284
.018831030229337284
.018831030229337284
.018831030229337284
.018831030229337284
.11093596240234084
.11093596240234084
.11775817986224274
.018831030229337284
.018831030229337284
.018831030229337284
.018831030229337284
.11775817986224274
.0013444814310150193
.12199431298152583
.018831030229337284
.11093596240234084
.018831030229337284
.018831030229337284
.018831030229337284
.018831030229337284
.018831030229337284
.0003580342306528264
.018831030229337284
.018831030229337284
.10951430477418592
.018831030229337284
.04922749033515698
.018831030229337284
.018831030229337284
2351232353649249e-20
.018831030229337284
.018831030229337284
.018831030229337284
.09548208579670754
.018831030229337284
.018831030229337284
.018831030229337284
.018831030229337284
.018831030229337284
.018831030229337284
.018831030229337284
.018831030229337284
.018831030229337284
.018831030229337284
.018831030229337284
.018831030229337284
.018831030229337284
.018831030229337284
.018831030229337284
.018831030229337284
.018831030229337284
.018831030229337284
.018831030229337284
.018831030229337284
.018831030229337284
.018831030229337284
.018831030229337284
.09548208579670754
.018831030229337284
.018831030229337284
.018831030229337284
.018831030229337284
.018831030229337284
.018831030229337284
.018831030229337284
.018831030229337284
.018831030229337284
.018831030229337284
.04922749033515698
.12155772352169922
.016383772246066186
.018831030229337284
9999999999969887e-28
.12216347687968375
.12216347687968375
.016383772246066186
.016383772246066186
.04922749033515698
.04922749033515698
.04922749033515698
.04922749033515698
