.02133427709891704
.011893733106432906
.0007695530915751768
.001569900264195278
-.012935420186309783
-9915754657603617e-21
.00026334190839178074
-.027440000258156343
-.0001685742449873711
.00024211150764109264
-.0001744677033918373
.0002690249101992583
.0002839290246841704
.0002794996738596455
.008883044898552567
-.10334970279721731
-.025818570917861883
.0002639943206540851
.0002545960971440615
-34502284103035276e-21
7620306239355609e-20
-.0067293717638592125
-5299221559838042e-20
-.027394816218363014
-.017991047328455897
-.006841815075319146
-71767131973657486e-22
9178966010458895e-20
61176051132835095e-22
-48681487138993805e-22
-11947612780354024e-21
.0002730668597432182
.00030928981089063467
-13076969068512337e-21
.00025276402204984713
.00014391875390040322
.00014860381018108083
3765036105128349e-20
.0001488992521752079
3047461617083623e-21
-.0022850838457464987
.09641154422969611
-269971716547844e-21
.000132273484970144
-.00021693928804680028
.0002548005891450071
.0002444092033575861
.029621976072519127
-.00024359510259901868
-.11975546628534318
-46401989758109156e-21
-.026538389382116473
.029272016753373438
.0005826484477846183
-.00013886347534408167
.0002580960651839872
.0016845411778688903
.010868351950771054
-4511911969405356e-20
-42767704589020435e-21
.02816533098101426
-.03147912766241412
.03651832280300259
.08631544879738232
-.00023389521636719125
-6997735756785261e-21
.00022016626251286785
-.009549447993660098
.0005607665761646106
.00021768459284049452
-.00959125040519542
.00747773072358432
.036679219717307476
.0053447218128500115
-9223924681574691e-20
8800071382214198e-20
922502233965426e-19
-.02504252325043738
.00011252353179313453
-.025477514174332465
.00010803782185368021
-.025883243334305268
-.04324998188458267
.10962895533571988
.00027118675683837114
.00012935177075940727
.20881818100033722
.012177679610182153
.2622141656795391
-8185677084293775e-20
.00010125152281954506
-.0033435242143803226
-.03423918381852799
.0003694793586961984
-.15761486731371416
-.01008518985843393
-9520513269211953e-20
.0010212550950400771
-.0018738131980518343
-.13841915556997086
.06483991356416344
.04501892403427555
.00211193371394489
.02683603412376269
.00032697389239608253
.012283819733985965
.12628977180420511
.01324336621303503
-.5615006201964503
-2266860077530026e-20
.00014920365487962876
.0034557471771774215
-.007052850899649789
.011721016167500849
.0002731184482441001
.00839214645073713
-.02571597146955081
-.011215101399115822
.011854455700885115
.00010773213046114576
0
0
0
0
0
0
0
0
0
0
0
0
0
0
0
0
0
0
0
-.03567376184898307
0
0
0
0
-.00909367882743351
.00010639967572179244
11696936549718587e-21
.0002664979458497984
.00014888007347776285
0
-.03642341628318824
-.29951220279321644
-.0023189502240842422
.0028089981379808785
.7698410045852456
.004486814590080994
-.15552618769218843
.0009136074498758075
.0066876163838308815
-.0037759309357681967
.00844235424635611
.00043045005083018357
.00038020451600400334
