-9621291345468348e-20
.0017193732254383758
-.00012287560484488893
-1297882664648558e-20
-.0004352665449330226
-789856069313982e-20
7063195710257696e-21
-76689829751968e-21
-.006742402837360057
-.0014262173659309897
.011134104030018388
.019766626017013168
-3767343795333288e-23
6843108982820288e-23
.0016707025077838413
-.000341868476561601
-2886300180758102e-22
-22438664493471252e-23
-.000908161408924581
-.001177684518335521
-.0001633929338374256
.011572435227996438
.0020991200871742994
-.0009230701544770152
.00013060796584159825
-.00243948658010241
.0029114465286542456
-.0018812743818841825
.00856983650724305
.026545927476960163
-.00011831037712746767
-.0003592025467636288
.0006019122538683604
.0005006703546080374
