.053090234175087125
-.01997637870873598
-.0007124339774472508
.000635020752439619
-.002459778652101926
-.0003319414408767127
-921891195017763e-20
-.0010625798864263222
-.00015372387546220645
-.00012032136941289157
-.0005784423019637004
-282285523042553e-20
-.00031333272558116117
-.000678863361868618
.00011121892432281666
-.00482900193517001
-.0003247163542576064
-.00032088296818989987
-4164090007256899e-23
-.0003131519258407002
-.00039350382369474703
-944294482849209e-20
30051063240771973e-23
-.008081956939132903
-.025361388737729754
-9498041186096013e-21
-5405435305703004e-22
-.0003253955920434855
-.000675346162752678
-23240266708938758e-23
-8967064099348248e-21
-9034442413812562e-21
-19238280377364594e-23
-2384979127458151e-22
-5404611654991569e-23
-.0001154044580475468
-.00031707106166559265
-5224006019628312e-21
-.0001144618593866351
-2704400089025e-19
-.0054193931277321545
.0038883658705558674
.008932184017603909
-561126158663402e-22
-10180789336748485e-22
-.0003228587791855511
-9803068880279508e-22
.0055412639499001605
-.0009387695266096043
-.12428252601259167
4630106983470352e-20
.0008613500815991523
.023361078040743256
-.0002906072336551152
-977536533676223e-19
624357270839941e-20
.009672197939814742
-.0018169486880223642
-.0003840823358312571
-.0003484386245883623
.031128062833654293
-.024795098230010155
-.5834556739322394
-.00032754924915662687
-.00042976735986020956
-.0004130840459480472
-.00032801200193019356
-.008330824696470366
.0007296389998989454
-483521578975437e-19
.025964473999115414
.004274793515731618
.05306930777834145
.0034863802945795516
-3522011079229309e-22
44758331618423274e-24
-.00041582253365693526
-.00028925302182934053
.007754461118412391
-.0003509060352550004
-1060812697285793e-21
-6699635134271181e-21
-.21107632953649444
.007794632547512936
-.004357033183001627
833943162465275e-19
.019876440058979223
.011324017957257522
.24150530933736689
15211163829007073e-21
-22464284062453516e-23
.012299182422963172
-.013904914766605403
-543268885946167e-19
-.002554257168312418
-.008037160305452479
-.0005325474761279844
.0004356690709842183
.00022654494559473193
-.11398408648966529
.08236425638696454
.00955619175377551
.03350276899224395
.0002726005015101749
-.0005455214612058336
.0002761059502983502
.1254304975496932
-.0005477556965864562
.020038879278672598
.00171972489134613
26722235692042915e-23
-.11995154192239628
-.006847591245065517
-.0002528992838154059
-3338895670712201e-22
.005222021479432667
-.0003502470680315113
.007751527470411294
-.00012628488233286253
6053510180518034e-23
0
0
0
0
0
0
0
0
0
0
0
0
0
0
0
0
0
0
0
-.036650210790886206
0
0
0
0
-.0170418865422663
-.0003200324320216968
19306833459654812e-24
15376349225505513e-23
-8181674209779377e-21
4607836147888977e-28
-.00039930944046941776
-.2800013896758016
-.0001252961632639671
.002444813602823621
.7888949734092797
.006471616108255535
.01153237559905474
.0026265642313275535
.007854356103507437
.0033988617267555346
.012515410903328916
-.0006989009100164617
-.0007519961677831912
