9023971336558291e-22
-28052656223022896e-23
-5694577023983038e-22
-.00010308103169858825
-9359274357367877e-21
-15922896190596994e-23
-.0006779660755164257
-.00031550992608751245
-.0003226596009754183
15287579262116434e-23
-.00028168318140228937
-.0003260385711123046
-5306268912005249e-24
-.0003246733608424285
-.0003274921611770439
-10285369937920009e-23
-.0004097155259227607
-.1433336194623993
-5175821185854415e-21
661769363846556e-22
-.0005178710910809391
-.00043489203763589547
-.0003214475123262219
-.00032582740100859693
.008903761892982979
-.0004167136595625897
.007709427159513521
.003296771122711486
.007792520511716564
-.006391853122964084
.00814750672713061
-.0001118596461279028
-.0008025541549034648
7980007883322677e-21
0
0
.0016756591031012466
.003891131047312508
-.006668770730006767
.0005352741236563028
.05596276651881712
.00788843485155796
4164389516606511e-23
0
0
-4309133169602074e-23
-.00031588465260244436
27748608154804446e-23
-.0001600317308255501
-9896213753699202e-21
-6607867427880187e-23
-4073787938348645e-24
-14906419055963058e-23
-2870123220001901e-22
-19368129200012105e-23
-.00032355193908756736
-.0007138355527600061
-.005293106146645122
-.1385694397595561
-55732699775946746e-24
-.00031516674032620873
-22511986686174536e-23
-.00032229985845246397
-20387578388961432e-23
-.00043069401483207005
-.032383071032917585
-1924762276515444e-23
-6193853349992363e-23
-6195021436455852e-22
-.0011439785930724262
11138913986364594e-23
-.0004318341252791716
-.0003285636282282668
.035290866630955306
0
0
0
0
0
0
0
0
.01026149058115596
-.13227875757586685
.00638881787459504
-.006640302705578008
.005993920623393807
-16192247252621845e-23
.003614757903686605
0
0
-.005990328885962008
.004299770360343205
.005211860650090152
-.0009114214778815277
-.00032603298722126467
-.0001394379630581692
-.0014206430875284542
.037651105406499526
.011599212441163914
-.0006474602180414858
.007015142742156328
-.0003382767546812494
-.00037677301911932646
-.0025768646695669474
3154450325486909e-21
.007701669344714735
-.00031760919737138383
-.00036965346588671116
-.000316629511274081
-.000283639832554454
.015220315793475466
.015298866829043982
-674764711659158e-19
.007361362793053546
.00027568785344724353
-8544958085205213e-21
.0047235163995598545
-4621687303349531e-22
-.062205734737287854
-35904119877307436e-21
0
0
0
0
0
0
-.001371216562638008
.0030698789803492795
-.054371224319003604
0
0
0
.010701604046496766
.007901881312634824
-.0007182409958104819
-6933757561006865e-20
.002215568287383751
1.220586147434759
74104259997401876e-22
-16187731573196915e-23
-4613405616401749e-20
6840758986384865e-22
.000995793267427244
10186398225299503e-22
.0035474176880787166
11681860388290115e-21
-59698964318568014e-21
.001487100924862027
-.001423512958584623
.001313755969693789
-21477354677117914e-24
0
0
-.00031415355721844105
10635277495400328e-23
-.00026128533905830855
-.0006041219736023459
-.0004215288561704551
-.00038520722590438676
-7488206043524746e-22
.002513206057328075
-.0009065889827655876
-.0006717084986724056
37932502021157563e-23
-10090112881153215e-23
-.0002472523761235277
-.001870568487687073
-.00090623358151546
-.0006781744793057019
-.0006422508560707231
44523810037881275e-22
.0070648739823296666
-.5138500626640845
.0077562924843428286
-.1368405480488842
.023726452867774406
-.008354297608794555
-.00032076784889147866
-.0005506890433502638
3364608686611543e-20
-.19152993828056672
.010901914997764264
.09853971833813285
.007982449429974624
-.004643504817591562
-.00727226998565662
.03307913441013275
-.004594659703130482
-.14231674206738723
-.00031475350566380534
.007756768956602938
21827617037981623e-22
0
0
0
.00391523922783731
.00665419306082224
.0348961500593452
-.0006389679613910466
.0043407259066489765
-.00192075482102795
-.15630066436800352
-.6299602803802244
0
.010138270482615477
2144728854625294e-23
-.1361874162669652
-.09429362156000269
.008168075232205918
.007749256609299462
.035927180715337556
-.3836352749066089
-.07863393810872671
-.011720083250802213
-.0018548848445183704
-.005220133236100758
-.00037672679503502937
.03193676260362308
-.0027973283477217945
-.13807568597447387
52746909846589217e-21
-.0015698207355703993
-.0023212718592342586
-.0015119053482768165
.00020248110074777735
-.0006373923156217407
-.00014314528794454179
.00012105004006496522
.0074796611277164375
-.0006418787286057705
3006380482928812e-20
.007361987517257898
.0073686704851576475
.0016886445492499465
.06747254452035475
-.00035477465951925613
.0025312008283367464
-.13269362514631053
.023196146280051268
.007362935145717554
-.06354531035569717
.004991553990518211
0
.00982328998780088
.009164058731153434
.006437480525080439
-.0005695862826836598
.011090289617090738
0
.008678312062084973
.02134672319149827
-.01937817227863617
-8695126255707926e-20
0
.012758176153290574
.006291852060873075
0
.006798713007289483
.0015687264319680315
-.00021474855801496555
-.00033630355586791044
0
-.0041706609569319535
.001686517512297407
0
0
0
0
0
.006616456188055814
0
.0016514998604945836
.006451404646202375
.006230288142493644
.002173546171350211
-.003681598944110487
-24184325247538016e-21
-.02705700998634812
-.0069175307193876
.007604714345353816
.0020845836819688482
-.0014244810778612355
.014638388170903844
-.0003421620267119197
-5326266920887086e-23
-.00033083048271137207
-57453507474574455e-21
-.00032217948184338975
0
0
.012834233969586991
.011860728645139193
.017981613152960922
-.15897126845928194
-.1749998051655653
-.13322254860331303
.0842284136370701
.010022511785644473
-.000414408233343874
-.005152647834487604
-.000354366362383677
0
.008618797224018976
.007754794320720701
-9093794338490867e-21
0
0
0
0
0
-.00029024983905506996
-.0003177385521188004
.001876992843893311
-.0004063576062245324
.01380011865693724
.0007143639454266544
-.0003486322508167205
-5337221014565559e-21
0
-.006032898094298047
.1038075364117071
-.0011393805751866051
-.0007287921073771762
-.0033989567927510404
.009914600793139825
.0035616523750531016
.007332809813834533
-.000676315681198737
-62749167074241e-21
-.0003273831029110957
-.0004135276641060302
-.0007865454036666258
-.00037262752749072145
.007755928681049073
-8535361114468196e-21
-.0006486078928276036
6567364548140243e-23
-.0006550407075234623
-.00031931373157508805
.02771546969999921
-.00034104463554653297
-9369885052057428e-23
-.005704600732185505
-.0003479054867720489
-.00010956756996246658
-.0003211113667625727
-.0001118378056757372
0
0
0
0
.007367852986022666
.0004072252647662734
-12295908697071058e-21
-31337353603396396e-21
-.0003744272018760933
-.00032918393144422664
-.0003798924130274002
-.00037774366971072697
-.0003348448244947932
6696827464510369e-22
2080723453182054e-20
-.0003276207481437623
-.0003174274443848198
.004144817114311938
-.006591282866002057
.005973248273127976
-.0006546806877239678
-14579400924547377e-23
.01650336213969212
.006214126463971615
.013846130579063478
-.005180042957676139
-.0006930906001606744
5409510763981956e-20
-.00032074254035143634
.01032656416172894
-.13815150344661278
-21026079908199705e-21
-.0006387477258305016
0
0
0
0
0
0
0
0
0
0
0
0
0
0
0
0
-.007039770222819903
-.0004064834714576342
-.0010865449612686838
.00019085525851471251
-.00031283560871756254
-4458318776644201e-22
28962715381821337e-23
-.0007804747288356733
1070960074050674e-21
-.011302953848416808
-.0006633520970438369
-756860126471504e-23
-14022854263839555e-21
-.00043755445066115726
0
0
0
0
0
0
0
0
0
0
-.0004163217823359277
20650478480379238e-24
-.00032905065853853767
.00023825627228881644
-.0003479092876608914
533147343014649e-20
-.0006341558906240279
-.0003202898619204316
11682131789839225e-24
8336324364905191e-23
-7635760476570522e-23
-491767511418629e-21
-8780261961129215e-21
0
0
0
0
0
-13921759029930292e-23
-134661477112174e-21
-5099330990603555e-23
-9271213194374245e-21
.0037408059196263055
6412299342173409e-23
.0038715851623085935
-.0012655972287136464
-13660506239935357e-24
.03688832120235215
.02707454011744393
-2751626953663751e-23
-.00032939845179040154
-.00031744344359829654
0
0
