0
38.610795529684296
.1526486724785014
.31653075996547453
11.732704105670889
.3644531991487332
5.896196776143096
.20879563355112915
.003063939282613176
.28508016905712813
.029941413222903612
8.628963864248876
.7886026369678141
.574159891321397
.008704233750735346
8.04807796990727
1.0298975714248162
.003940881205762798
.0769277373975424
.004285615440595833
.0019244490674449422
.04170489374872498
.0001243068370101677
21059132334359545e-21
.2781239461717059
0
0
.005199093858974956
.006442283741311303
.005672486851694527
.0022644868877710637
.00018565929272564425
.013997912410631684
.0013229041667804024
.010212164660509958
3289777774683591e-20
.0004645058489724861
.00301304530913354
.0005160672568443841
.005547705863096372
16108972115767213e-21
9.052253760966058
13.91348560902839
.005755103665816346
6204270254859115e-20
.1183233344457252
.007369115746031268
.00760208038093356
.40210885595360635
0
.430929997249707
0
3.8385657176767416
17.622956908442347
0
0
.006996205082254837
2.641025076817759
14.814629361903664
0
0
40.40231769807381
26.902523869611926
9.225409180685576
.0027633054151866587
.000595908903390747
.0014301222757308546
.0068709752083609835
0
0
0
23.21012493699884
3.3772385265133757
9.850590624079006
17.867997134180314
.0015489500851168386
.008406053712617082
.00039845987174750414
2.1365086645622284
.00040941663787506083
.0035264467535712713
.01138935254327118
.00175647097180014
.9015193791018136
1.6007476622903005
.00013744819789152112
.02734694461663301
1.2799026084327
1.7100548066830186
3.354267518414585
.0034890018033307685
.00045024987992997904
.6438411907752427
.7766073536605862
0
.4690980311142955
.7734990748781809
2.2307562840230473
2.8400897362025286
0
6.393381056218874
1.9875397062779976
.5265981391208229
1.0914062847719908
.9526546972062979
.0008391963855622785
49.27034218534051
8.137387158190043
.46642414555887257
.06666082531784727
0
0
0
5.125109845852665
.01012168720434456
.0005271063355032074
.49735334905374473
.0013397498615073894
.0002376185985425203
.015236712836966237
0
0
0
0
0
0
0
0
0
0
0
0
0
0
0
0
0
0
0
0
1.900040579912267
0
0
0
0
.6051867607482906
1310.175072325204
.004567200748199676
.10288146807731344
.01984837957724114
.23536611935831497
.5471100314838727
1.045678913984588
1.4253770032255335
1.454643839726246
.008006420575879731
5.969516852287904
6.222241488215921
.13828537604068966
.335627248799865
5.465603952602706
3.6649924961917897
0
0
.02
.02
1
8
.02
.02
.02
.02
.02
.02
.02
.02
.02
.02
.02
.02
.02
.02
.02
.02
.02
.02
.02
.02
.02
.02
.02
.02
.02
.02
.02
.02
.02
.02
.02
.02
.02
.02
.02
.02
.02
.02
.02
.02
.02
.02
.02
.02
.5
4
.02
4
.25
.1
.02
.02
3
.02
.02
.02
.02
.02
.02
.02
.02
.02
.02
1.5
.02
.02
.02
.02
.02
.02
.02
.02
.02
.02
.02
.02
.02
.02
.02
.02
.02
.02
.5
.5
.25
.02
.02
.02
.02
.25
2.5
.35
.02
.5
.02
.02
.02
.02
.02
3
.02
.02
.2
.02
1
.02
.02
4
.02
.02
.02
.15
.02
.02
.02
.02
.02
.02
.02
.02
.02
.02
.02
.02
.02
.02
.02
.02
.02
.02
.02
.02
.02
.02
.02
.15
.02
.02
.02
.02
.02
.02
.02
.02
.02
.02
1
.3
1.5
.02
1e-12
.33
.33
1.5
1.5
1
1
1
1
