6081496817911795e-27
40.54274647964586
.15240110002253354
.3049724537656357
11.347887180035535
.3911132938400545
5.872815997815975
.21186293884916071
.00301174253312743
.31428480010080523
.03061881337253068
8.447764985707344
.7889826470218683
.5963523080200088
.008773186767458065
7.940865890058422
1.055933798059236
.004051086455742174
.07365313140302697
.004285204124275296
.0018829084915486525
.04335415481481046
.00014710831959474782
1487033892993403e-20
.27646755978178134
3978218491193126e-23
135190503241955e-28
.00526856085383125
.006413633726009597
.006029293701762474
.002438432642954338
.00018377921944249894
.0142297709159215
.0013870335681352112
.010311474575819836
34496348855711865e-21
.0004356414852878526
.0029177379938235743
.0004915935739353176
.005420427801840024
157920455997805e-19
9.418510569502615
14.486912431464082
.0062139273756994145
6158538879001792e-20
.12460033814665752
.007380589645599383
.007371222340877487
.38330271753623996
8153533667712012e-26
.4342175087257671
26365754099658927e-27
3.8864596423877846
17.636900526618827
14079485034801091e-25
21189595580553876e-26
.007135986965577946
2.9273286461398564
14.185228692628183
28580188067091645e-27
239187114664018e-25
41.15089479383789
26.72984684321889
9.143078246523844
.002566233765280911
.0005871481380172865
.0014193148330624453
.006324143588456431
5143093742200795e-24
0
7071567316149666e-27
23.47834291045734
3.4483619826261744
9.61757078186662
18.02982706535997
.0014678377356591894
.008507512616017959
.0004585470787427237
2.1398585621633024
.0004129157500021402
.0036771416773498634
.011806512483348054
.0016815297867492703
.8776232775646386
1.5647135622983825
.0001350369143721002
.0259655509852612
1.34758417415562
1.5721759319746027
3.137860566309277
.0039041111572707034
.0004358193972294461
.5724908465889552
.805690550710879
11940262457819916e-27
.46152476830928
.7883623135162507
2.2360581850822685
2.7516176273760844
3172417182228672e-25
5.791958671444806
1.9436908216045365
.5130833518242098
1.1467247229916095
.8776223253176846
.0008425344055426719
48.267314060030664
7.878103332678307
.5060796856933355
.06727774429701025
6539539505360378e-28
6428225574755096e-30
34018581921636618e-25
5.007001534179072
.009750348976988404
.0005588690835962718
.5222794203387906
.0013178514346448577
.00023046560330133774
.015358768545190808
31375528677742086e-31
0
0
0
0
0
0
0
0
0
0
0
0
0
0
0
0
0
0
0
1.8117146268488713
0
0
0
0
.587529152700142
1346.4364538176521
.00449894377845292
.10852879857448867
.018694291850237
.21902834338277846
.527265592231606
1.0818159632813407
1.3617239030557502
1.4476922654300652
.007904362126339678
6.254316025382366
6.082407649819035
.14586368407995426
.34075993560421747
5.293285388705106
3.7788900556047555
968583195924524e-25
1588667760130582e-25
.01999999999999757
.01999999999999757
.9999999999939185
7.999999999610784
.01999999999999757
.01999999999999757
.01999999999999757
.01999999999999757
.01999999999999757
.01999999999999757
.01999999999999757
.01999999999999757
.01999999999999757
.01999999999999757
.01999999999999757
.01999999999999757
.01999999999999757
.01999999999999757
.01999999999999757
.01999999999999757
.01999999999999757
.01999999999999757
.01999999999999757
.01999999999999757
.01999999999999757
.01999999999999757
.01999999999999757
.01999999999999757
.01999999999999757
.01999999999999757
.01999999999999757
.01999999999999757
.01999999999999757
.01999999999999757
.01999999999999757
.01999999999999757
.01999999999999757
.01999999999999757
.01999999999999757
.01999999999999757
.01999999999999757
.01999999999999757
.01999999999999757
.01999999999999757
.01999999999999757
.01999999999999757
.01999999999999757
.01999999999999757
.4999999999984796
3.999999999902696
.01999999999999757
3.999999999902696
.24999999999961992
.0999999999999392
.01999999999999757
.01999999999999757
2.9999999999452664
.01999999999999757
.01999999999999757
.01999999999999757
.01999999999999757
.01999999999999757
.01999999999999757
.01999999999999757
.01999999999999757
.01999999999999757
.01999999999999757
1.4999999999863167
.01999999999999757
.01999999999999757
.01999999999999757
.01999999999999757
.01999999999999757
.01999999999999757
.01999999999999757
.01999999999999757
.01999999999999757
.01999999999999757
.01999999999999757
.01999999999999757
.01999999999999757
.01999999999999757
.01999999999999757
.01999999999999757
.01999999999999757
.01999999999999757
.4999999999984796
.4999999999984796
.24999999999961992
.01999999999999757
.01999999999999757
.01999999999999757
.01999999999999757
.24999999999961992
2.499999999961991
.349999999999255
.01999999999999757
.4999999999984796
.01999999999999757
.01999999999999757
.01999999999999757
.01999999999999757
.01999999999999757
2.9999999999452664
.01999999999999757
.01999999999999757
.19999999999975676
.01999999999999757
.9999999999939185
.01999999999999757
.01999999999999757
3.999999999902696
.01999999999999757
.01999999999999757
.01999999999999757
.14999999999986316
.01999999999999757
.01999999999999757
.01999999999999757
.01999999999999757
.01999999999999757
.01999999999999757
.01999999999999757
.01999999999999757
.01999999999999757
.01999999999999757
.01999999999999757
.01999999999999757
.01999999999999757
.01999999999999757
.01999999999999757
.01999999999999757
.01999999999999757
.01999999999999757
.01999999999999757
.01999999999999757
.01999999999999757
.01999999999999757
.01999999999999757
.14999999999986316
.01999999999999757
.01999999999999757
.01999999999999757
.01999999999999757
.01999999999999757
.01999999999999757
.01999999999999757
.01999999999999757
.01999999999999757
.01999999999999757
.9999999999939185
.29999999999945265
1.4999999999863167
.01999999999999757
1e-12
.32999999999933777
.32999999999933777
1.4999999999863167
1.4999999999863167
.9999999999939185
.9999999999939185
.9999999999939185
.9999999999939185
