1.5054092793264235
.5510178832115276
.008924900037720708
.001983445192415874
3160912448996687e-21
.02524191710021021
6.947461638679763
.7033235249561655
.0583148727012254
.06112198610351483
.07304985807547866
4.829210953977905
.7524472361124257
.3459574381922591
.005386659095628639
3.1195010976538455
.36531323043663655
.0034218528889875606
.0715912349875084
.004608748979768901
.0020193950830200177
.00887298605344216
.00016834520580675486
.0025646653959022978
.2682417776769112
17.53048718348455
.00014350980968005816
.0058182296761463345
.006162351345754919
.005882667270818955
13629491945865208e-22
.00017832846148565948
.013807701015595933
.0013456594260679783
.01000564398044434
19779560253931604e-21
.00214229904399684
.0028304985233499175
.00029314542161101593
.005251669102838348
31115371478452406e-21
.005886239690889459
.006029712507419954
.020725003891088493
.00036223038116836267
.11813853194063002
.007636463767624895
.000783092993836134
.03980936447466255
.2816757395022893
.0009901006768368826
.5257361232899644
.008940604556228353
11.73028581806108
10.751744791625667
1.4170561013062888
.006879158041501464
.062287945364947625
.06907011189471983
.23448002315564861
.13647127210857157
29.927876275647684
23.276938483774998
8.316948538445825
.002436451556084047
.0004925593827094059
.0014371764460740157
.0059563448781221546
2.6298160775094095
7.093693067822761
.017813025724259333
22.43463031420671
3.3493443846620177
8.884186639014958
21.080869298723545
.001422980641939655
.009521708745046185
.0006427256188644006
2.1811519797632855
.0003459170655050767
.0030752270394462256
.011560541698026908
.00037612129810782774
.9301190961668339
.6720080766003387
28618986632095697e-21
.007598909290968414
.8283600939267088
.7424110221237467
3.3490104190902947
.00017250480697643874
4413805837695104e-20
.5289688283434291
.8272015878776758
.0855240297031668
.010522999466292001
.2833375620601042
1.6987121960911518
1.586297724929191
1.792596457799258
1.4687787303955344
1.9980894628899406
.024614734204281848
.03771246358486474
.008576130336139055
.0001594519479940746
5.911790855824824
5.819203955237924
.5858510806772644
.017459614187045402
.0037404437840696703
5613410505468555e-20
.0005348978148620077
.09648727817190164
.020804644553853734
.0009490785580569778
.4459591095528998
5163320951172923e-20
.00021918492814012886
.03499507110077192
1926643695667151e-20
0
0
0
0
0
0
0
0
0
0
0
0
0
0
0
0
0
0
0
.7539594851208564
0
0
0
0
.5076805501160334
1306.501890495311
.004365507584940135
.10530989420905659
.018139829454672123
.21253208340451762
.10747910976538191
.6744943888943016
.13480461225062773
.41971228836344854
.00611791816347413
2.949174902047192
3.040869566908372
.01669082089170543
.038929195505478034
.8787423071024657
.6240757287853358
.2592274801397104
.42513251635497495
.019406811020167038
.019406811020167038
.22192642484909225
4687919084043319e-20
.019406811020167038
.019406811020167038
.019406811020167038
.019406811020167038
.019406811020167038
.019406811020167038
.019406811020167038
.019406811020167038
.019406811020167038
.019406811020167038
.019406811020167038
.019406811020167038
.019406811020167038
.019406811020167038
.019406811020167038
.019406811020167038
.019406811020167038
.019406811020167038
.019406811020167038
.019406811020167038
.019406811020167038
.019406811020167038
.019406811020167038
.019406811020167038
.019406811020167038
.019406811020167038
.019406811020167038
.019406811020167038
.019406811020167038
.019406811020167038
.019406811020167038
.019406811020167038
.019406811020167038
.019406811020167038
.019406811020167038
.019406811020167038
.019406811020167038
.019406811020167038
.019406811020167038
.019406811020167038
.019406811020167038
.019406811020167038
.019406811020167038
.019406811020167038
.23554534814197112
.009701734980491596
.019406811020167038
.009701734980491596
.17159011799797622
.08602425213421583
.019406811020167038
.019406811020167038
.03278972541649109
.019406811020167038
.019406811020167038
.019406811020167038
.019406811020167038
.019406811020167038
.019406811020167038
.019406811020167038
.019406811020167038
.019406811020167038
.019406811020167038
.15682111327916043
.019406811020167038
.019406811020167038
.019406811020167038
.019406811020167038
.019406811020167038
.019406811020167038
.019406811020167038
.019406811020167038
.019406811020167038
.019406811020167038
.019406811020167038
.019406811020167038
.019406811020167038
.019406811020167038
.019406811020167038
.019406811020167038
.019406811020167038
.019406811020167038
.23554534814197112
.23554534814197112
.17159011799797622
.019406811020167038
.019406811020167038
.019406811020167038
.019406811020167038
.17159011799797622
.05800406931035878
.20665276196647234
.019406811020167038
.23554534814197112
.019406811020167038
.019406811020167038
.019406811020167038
.019406811020167038
.019406811020167038
.03278972541649109
.019406811020167038
.019406811020167038
.14800343910237398
.019406811020167038
.22192642484909225
.019406811020167038
.019406811020167038
.009701734980491596
.019406811020167038
.019406811020167038
.019406811020167038
.11968028579315143
.019406811020167038
.019406811020167038
.019406811020167038
.019406811020167038
.019406811020167038
.019406811020167038
.019406811020167038
.019406811020167038
.019406811020167038
.019406811020167038
.019406811020167038
.019406811020167038
.019406811020167038
.019406811020167038
.019406811020167038
.019406811020167038
.019406811020167038
.019406811020167038
.019406811020167038
.019406811020167038
.019406811020167038
.019406811020167038
.019406811020167038
.11968028579315143
.019406811020167038
.019406811020167038
.019406811020167038
.019406811020167038
.019406811020167038
.019406811020167038
.019406811020167038
.019406811020167038
.019406811020167038
.019406811020167038
.22192642484909225
.1909782773983432
.15682111327916043
.019406811020167038
9999999999984934e-28
.20079963939591658
.20079963939591658
.15682111327916043
.15682111327916043
.22192642484909225
.22192642484909225
.22192642484909225
.22192642484909225
