1.5054092793264235
.5509960678449445
.008925339723710046
.0019833868066867454
316008416322149e-20
.025241158931657626
6.9474617225638875
.7033235249990397
.0583199713583903
.06112133890541477
.07304985850431252
4.82920873972573
.7524472350373663
.34595728009064697
.005386656710022654
3.1194984739966807
.36531645777018
.003422167738792242
.07159123507169722
.004608748972436129
.002019395079899186
.008872900343766525
.00016834525039564432
.0025649231628872447
.2682390721524388
17.530476904386358
.00014352538308437976
.005818229716335411
.006162351242608449
.005882667327900271
13629477529746591e-22
.00017832846148565948
.013807701015595978
.0013456594260953312
.01000564398044434
19779551011509388e-21
.0021422990444589798
.0028304985234309543
.00029314529264437474
.005251669103452066
3111535621929262e-20
.005886233468717569
.006029628318111616
.020724994721861095
.0003622303814397335
.11813853192248598
.007636464807984092
.0007830912818871475
.039809311473688984
.2817059231647187
.0009901046243813059
.5257360011254887
.008940554063368269
11.730285858221603
10.751744832294438
1.4170561109208482
.006879157895536581
.06228787880317745
.06906941651642738
.23448002491724718
.1364712723706273
29.927876275647684
23.276963343032293
8.316966846774319
.0024366457794105724
.0004926096627938821
.001437175970299404
.005956347898202322
2.6298413307284614
7.093703945699315
.017813140639514165
22.434630679908874
3.3493443806803014
8.884273491781368
21.080866485140934
.0014229806514212161
.00952170861885976
.0006427254168767275
2.1811519116179707
.0003459516539068233
.0030755254943323975
.011560541867826252
.0003761560043672335
.9302039781927967
.6720714978885851
28622251114449904e-21
.007598918612561496
.8284388129314224
.742482111069096
3.349021512678095
.0001725061863670645
43781268424132e-18
.5289738874754801
.8272091289797415
.08553217760757997
.010523983216335374
.28335176035903914
1.6987119725815008
1.5862977308258854
1.7926066647320449
1.468908928930919
1.9980894614862899
.024617341701543578
.03771571732286937
.00857611695305844
.00015945169339371044
5.911778128697606
5.819242038885325
.5858510268014762
.017461296042550034
.0037404661456922135
5613445695926551e-20
.0005349417635393531
.09649663170950185
.020804643860821564
.0009491698966897964
.4459591164419379
5163847931402067e-20
.00021920432265991072
.03499507068226024
1926654211085139e-20
0
0
0
0
0
0
0
0
0
0
0
0
0
0
0
0
0
0
0
.7539593701619252
0
0
0
0
.5076851839301313
1306.501890495311
.004365507584940135
.10530989420905659
.018139829454672123
.21253208340451762
.10748524007185203
.674494345109343
.1348046026710852
.41971228954401185
.006117934747894045
2.943010952752237
3.035827922573085
.016690798578691247
.03892914408084912
.8787421023123576
.6240755711570624
.2592278936022271
.4251331846244049
.019406811020167038
.019406811020167038
.22192642383283123
4686832488274361e-20
.019406811020167038
.019406811020167038
.019406811020167038
.019406811020167038
.019406811020167038
.019406811020167038
.019406811020167038
.019406811020167038
.019406811020167038
.019406811020167038
.019406811020167038
.019406811020167038
.019406811020167038
.019406811020167038
.019406811020167038
.019406811020167038
.019406811020167038
.019406811020167038
.019406811020167038
.019406811020167038
.019406811020167038
.019406811020167038
.019406811020167038
.019406811020167038
.019406811020167038
.019406811020167038
.019406811020167038
.019406811020167038
.019406811020167038
.019406811020167038
.019406811020167038
.019406811020167038
.019406811020167038
.019406811020167038
.019406811020167038
.019406811020167038
.019406811020167038
.019406811020167038
.019406811020167038
.019406811020167038
.019406811020167038
.019406811020167038
.019406811020167038
.019406811020167038
.23554534810927658
.009701680287799922
.019406811020167038
.009701680287799922
.17159011799724316
.08602425213421211
.019406811020167038
.019406811020167038
.03278968417308987
.019406811020167038
.019406811020167038
.019406811020167038
.019406811020167038
.019406811020167038
.019406811020167038
.019406811020167038
.019406811020167038
.019406811020167038
.019406811020167038
.1568211076567217
.019406811020167038
.019406811020167038
.019406811020167038
.019406811020167038
.019406811020167038
.019406811020167038
.019406811020167038
.019406811020167038
.019406811020167038
.019406811020167038
.019406811020167038
.019406811020167038
.019406811020167038
.019406811020167038
.019406811020167038
.019406811020167038
.019406811020167038
.019406811020167038
.23554534810927658
.23554534810927658
.17159011799724316
.019406811020167038
.019406811020167038
.019406811020167038
.019406811020167038
.17159011799724316
.05800404087701375
.20665276196169527
.019406811020167038
.23554534810927658
.019406811020167038
.019406811020167038
.019406811020167038
.019406811020167038
.019406811020167038
.03278968417308987
.019406811020167038
.019406811020167038
.14800343910216746
.019406811020167038
.22192642383283123
.019406811020167038
.019406811020167038
.009701680287799922
.019406811020167038
.019406811020167038
.019406811020167038
.1196802857931119
.019406811020167038
.019406811020167038
.019406811020167038
.019406811020167038
.019406811020167038
.019406811020167038
.019406811020167038
.019406811020167038
.019406811020167038
.019406811020167038
.019406811020167038
.019406811020167038
.019406811020167038
.019406811020167038
.019406811020167038
.019406811020167038
.019406811020167038
.019406811020167038
.019406811020167038
.019406811020167038
.019406811020167038
.019406811020167038
.019406811020167038
.1196802857931119
.019406811020167038
.019406811020167038
.019406811020167038
.019406811020167038
.019406811020167038
.019406811020167038
.019406811020167038
.019406811020167038
.019406811020167038
.019406811020167038
.22192642383283123
.19097827739630685
.1568211076567217
.019406811020167038
9999999999984934e-28
.2007996393924621
.2007996393924621
.1568211076567217
.1568211076567217
.22192642383283123
.22192642383283123
.22192642383283123
.22192642383283123
