1788915338739446e-21
-42657798122915093e-23
-5281911576981153e-22
.05113921904584802
-3924457095353322e-22
-24699215853084143e-23
.0014665181510314037
-4932525262229046e-22
-8297647607901772e-22
1341207637291422e-22
6970137898625193e-20
-15468910187598813e-22
-10841956849901844e-22
-14062216032389637e-23
-33330806632322813e-23
-15149097649601295e-23
.00025764603256602
-3155165063991238e-20
614544531247731e-21
-17944973739947147e-23
.03864641844473916
-3400387291807671e-22
-23037992637562474e-22
-6768443447985985e-21
.12641153143297773
-21920332296500837e-23
.0014240198492295889
.12922357974082674
.12216160277260307
.12684867592558935
.13192822870658613
.1264124166219209
8404101118490152e-22
.12641824792785702
0
0
.10666376591052397
.06126517638332563
-.002362775522614802
13487113274921476e-21
.06035505707423283
.061213452195367404
-76248375395844e-21
0
0
-15292857385807192e-23
2044059200042336e-23
-6817870571210754e-21
-7720178912036055e-20
-2864257140152743e-23
-22149018444335053e-23
-16344074019282522e-23
-23475995136743545e-23
-1318832120216046e-22
-3643847033718231e-24
-46168690061383126e-23
-.0038863284097099583
-.00376419505490792
.1569337838675105
-10094350627281738e-23
-4957374727854347e-22
25761454670621664e-24
-16416890531316194e-23
-5308813199244349e-23
2916367657596074e-21
-.006678436245799782
62966643600902095e-25
-9311860158963042e-23
-7012223824264055e-21
.039158149167752614
-66507256762008e-19
.12216627969486721
3624598336226813e-21
.1261929149783474
0
0
0
0
0
0
0
0
.12212161603618002
-.0017920731128945994
-.00025826136907503266
.035922432343931
-.0014557631202977079
-8701771393965365e-22
.0067381170629676156
0
0
.038752773132745694
.0062510495397331
.0014427907399970589
.12641666951580902
-23483216359306222e-22
-2794463836755699e-20
.00394046308285109
.13925208167306646
-.022668239094201178
-34840108619426737e-23
.03452923969948296
-13822090863729737e-21
7879727963168229e-22
36103429781730444e-23
.12641461320530634
.03452553724065606
-30390554433636e-20
.0359506142879877
-6045394095512948e-21
.03412219928072175
-.00976185294722109
.013655873242464624
-.0001046465812301369
.0014597526857485458
.12668193919256981
.0014596889244683196
-.0021589027537510944
-5900416843054391e-22
-.0678664771966954
.0014563873102068684
0
0
0
0
0
0
.024369878971632113
.033499723954233465
.0016206641285031486
0
0
0
-.007264271566874747
-.002448061829702775
-3996288209628961e-20
.0456615561184785
.003312870503404836
.08748208924764607
784447425676045e-20
.04489845556479193
.0003135881685294355
7373207845452304e-22
.001936926804615246
-356606691313813e-21
.0029333126834490244
10327834325757761e-21
12961973642721017e-22
.11840512446635125
-37223003293556383e-23
.37021392127325525
-1291918412224712e-22
0
0
9255738871779712e-22
.12641241872894676
-.00028112324304358513
-.00021779498841391896
4344807276701315e-20
-1025635606640085e-20
-7124209456050494e-21
.002637998937390293
.05117492597032413
.05133288256252903
-5182853323440639e-21
-11851265012484568e-25
.0010173373569212073
4259144747543544e-21
10052570265107395e-23
9088301985577935e-22
.02541012772077149
47285242141174476e-22
-9891884466643713e-20
.011389949456503227
5453137338954309e-22
-.14957242504311352
-.0022706429445822083
.15649112888836272
41740467185756614e-23
-.007776213746380293
.00011127227965965149
-.02207101631110448
.05359732048254304
.07865082647082862
-.0029381593376791135
-.009035733751395684
.03214975252485442
.014038996107122689
-.003549068653036734
-.014152056262144174
9903960526199571e-22
.05122554912669464
-6220917904983951e-21
0
0
0
.0018705311739346123
.005618146616309276
-.004085344608366211
.04493041184657678
-.002290635154980982
.006158956538592727
-.0239207466445549
.008537083998950196
0
.03098374491735574
5706509795083958e-22
-.011957651903759732
-.015997611362420082
.056438557037374174
.0014561318028068631
.0380352711299716
-.40488572310719173
-.10959858909716062
.028279858716222645
-.0002889626468539624
-.0037082618036466883
.04449368882608882
.021201204669386024
-.002724937298372706
-9465741897942202e-20
.00020032883732422663
.00014701856433087956
.0001109273921363416
.044733133279043054
.0003643617181297631
30314662949792083e-21
-.00014488166703899768
.00013316062187977105
.002624907822182978
.00046291818541141494
-4393208950064999e-20
.001460448165863133
.001523834019018533
.008017030305223523
.0723546009234648
-.014923494543943145
.012345833584100492
9623102006165411e-20
.015483682360514384
18592887208299477e-22
-.010245902646131719
.041719164434288844
0
.047452125735853216
.04753772209564943
.13734806292682783
-.001568510303907608
-.0035976118670760808
0
.04549721229134598
.018321858220647635
.03937084597642129
.048682018121832586
0
.04993278246857625
.047621112981556864
0
.048575823926978005
.0037247849361883504
.1267192494330662
30673445072170806e-23
0
.04816799748303557
-10308927896087223e-22
0
0
0
0
0
.04796335072383785
0
.04719535969645498
.005682422695376767
.0475620112978577
.008445922479926057
.04827929973312557
.004981598353506023
.0007522232926119052
.0022044484118369295
.03434535815615204
.11840515921668708
-15160434062595086e-23
.44905330347020694
.03598373779477241
-.004330588266474922
.038700920040465714
.032486763366408905
-2965334918865178e-22
0
0
.002742123815323311
.007033005121400709
.013682133024942145
-.16621975922002724
.016491371690452172
-.0026534349070798493
.08600955920331155
.175959037550371
12545762919946239e-22
.013971458046522032
-5657313388409351e-21
0
.007510679308056587
.12569011828348325
-4850279465101818e-22
0
0
0
0
0
2897377111257692e-20
-6701130655689244e-21
.030231342566221453
-18687303333662042e-23
.12218958981773612
.004123954760412859
.0014559525168310798
-15766182842618273e-23
0
.002749879516039462
-.004110885185236233
-.00020930773494783395
.0014611835490637433
12906039684323832e-22
-.011242704198477655
.03753633324627414
-.01111867722230172
38267380613478206e-22
-8072662110023523e-23
-22049710016222074e-23
-13938796576640617e-23
-3252253730588498e-22
18365957721050172e-21
-19561935393307663e-23
-1758884358889383e-22
-8332975037251192e-21
-2294645895836091e-22
-10697774113211104e-22
986159158906489e-23
.061309451363787314
-10648759234173135e-23
-320192271575626e-21
-.004918967407682469
-7673482595341336e-22
-.004330939292460411
-16021433420900625e-23
-35181034924481986e-23
0
0
0
0
.029975036411258343
.029973168762235075
-12574230248289761e-21
-244048515076839e-19
4477074597334613e-22
-5161634410548106e-22
11625273982025206e-23
.041735146901630216
1542084524679252e-22
5672685467743105e-22
14223929117745085e-21
-5020636263221824e-22
-20165605428091054e-23
-4895377359650142e-22
.036003929620912846
-4289585917006625e-21
-23253025538318778e-23
-21071406580605528e-23
.3659974873770389
.005031835668171433
-.025843484873466063
-.010824909983298166
7338919305293656e-21
-9249992228907199e-21
-.004761582909251306
-.003992622284749651
.05112863584467927
.035989958566802656
-13587343602376847e-23
0
0
0
0
0
0
0
0
0
0
0
0
0
0
0
0
.0396179900138805
-484919054099655e-21
.0005548337687878608
.12641159614854705
17206710993750812e-22
-735435423041373e-20
.12641250063259693
-8726791268357415e-21
-12208071964313632e-23
-.00507986984161446
.052034723856422826
-16512005211765156e-24
.035989241687939544
-6758115347290779e-21
0
0
0
0
0
0
0
0
0
0
18097540225390196e-21
-22377680420712993e-23
.12677863314919638
.0001626631909744559
.001447813464674103
-42062056325790475e-23
-15911997152607696e-23
-4718413535671451e-21
-3102182827148743e-22
-17799002315491928e-23
-4773019030831667e-22
-6915614864388064e-21
-4549333957301107e-23
0
0
0
0
0
-3747436226737818e-22
-6837556288631655e-21
1666307681349477e-23
12688733458104704e-23
.002826603167286924
8422205539241428e-23
.03736652278893321
-20303032242752446e-23
-20560204451808798e-23
.0021707981930667824
.0007719646035362416
-10495137543806328e-23
-2756330379304295e-22
-38958791825973344e-23
0
0
