46.11887356070401
.3216924865275654
1.1871410441942307
47.54207111226796
1.372124835869767
7.132025239745231
.8257928418136949
.1873293561404723
1.3228285135633189
.07945930543226593
22.635501564584747
.8208246395496434
1.4367149908415944
.018558427379597207
10.0694438713866
11.263777404771346
.011269632813544516
.07886519325834053
.01667394771612443
.006383843355120757
.04367094583944258
.014098412774344673
.010057088354965046
1.8071997735153056
29.649824716592004
.004793656239503594
.006304285406363126
.0069655722123589565
.006112511746381745
.006086976791863696
.0001808620845963289
.014407959182258914
.0013068116414127653
.010409174423777319
.0002597706702151874
.004360786426598892
.0030027956319044085
.0025566286506627737
.008675622510827008
.00020647918901921177
19.013432510907496
19.345165955884596
.03034329782864752
.0038995100867555356
.14657217642854753
.010155537983822306
.009460303039409939
.5985005638800254
5.318745347078404
5.085588681100893
3.5175057484523635
5.185494358678432
22.23766728074176
20.596582564374017
2.2405469724301246
.007988404836700111
9.226086441572651
167.8788268704605
.34244404071394513
.17181778937503134
54.81380024479145
51.19032562416212
17.6630353082359
.005933919632083398
.002018181708357134
.0017291940434465281
.010067658379977558
81.66776230281374
84.08863561597569
.0401076361624268
27.69288409372229
3.7203881047543987
106.91578825328747
33.99647002684796
.0015796817045012881
.010038817896551904
.0052390963702163085
2.59391161486126
.0011717594273366332
.00985434005531897
.011300250039702323
.008186319418386066
11.936814773757094
24.108621040084625
.009677091242748351
.05572646464628108
25.821327185749432
132.51143729263944
7.566338366117902
.01592335315488649
.009915259943734041
5.556519123626147
1.5206195420165782
13.075853133994238
11.560186319047254
6.1235708024162925
8.27832505235218
6.809811690693758
3.9027128298584746
61.373862157977996
2.1454434436787437
7.478138880227495
4.911711972894164
2.668694388827204
.003236180570897536
62.04007353200121
8.85915289509926
2.2789187052806756
.46839358307027207
.016142531159651172
.00018475440313627255
56.22764968677039
108.50821410009117
.10150479028989584
.003422599473144552
.6124820325804651
.0066424507655881235
.0068531652444894986
.1829366472194556
4087465192917992e-20
0
0
0
0
0
0
0
0
0
0
0
0
0
0
0
0
0
0
0
3.320110507178291
0
0
0
0
4.735540674727971
1350.4613496474958
.0043526829675881755
.10754424654435751
.019653152370784806
.22199049052938524
.8303925019476688
1.1477989626814085
1.694244624843693
19.452281475513704
.01659156755123344
6.184681305645602
6.383932071704792
.3602477975632136
.8749189671206951
77.04157678467882
89.57731684671546
45.18789001060561
81.32899277670121
3.173706325462775
1.9778287906896157
1.6430004972467487
1.7830893800599716
2.7048121961535267
1.7013053383772228
2.4676740921129
2.0885141102819516
1.971336088444367
2.3401180181268266
1.7983958949764935
1.9459449328886615
1.4680376279977219
2.000720963380714
1.538699196715273
2.591075192277459
1.980290156179665
2.4213202865195624
2.3555600269900245
1.9119987576242534
2.315842953647198
2.597144902075707
2.7373266581164764
2.061794712317464
1.7939532485528076
2.622431053083046
.02380260332990553
1.8610198270340983
2.4589474433639857
5.902736760059229
1.7963792552789473
2.0415337862013074
1.2593747447171741
2.978948960873687
1.4490079830970315
1.674715212033589
3.218086120440757
1.3215819525405463
1.9256459576244542
1.6024541708054152
1.9826966351640327
1.5380815408084596
1.9805473939229674
2.4888049590596393
1.9761240411351577
2.0106125325445423
1.889410436131212
2.2131013495792535
1.8039746853631962
2.2977491789846827
2.8579606264214066
2.8668166929136913
2.2848245312331796
2.121931193874979
2.248028347869513
3.0296537669959456
2.385835061776943
1.004512735184007
2.5357171273284056
3.055504069453288
2.139981917748238
1.1653236044880073
1.7911601164283204
1.8374456605783256
1.9436005440738118
1.6377974157371495
2.3558927524438906
2.3150919655079396
1.927585792500612
1.8212057740257772
2.428968136951415
2.4568930869315038
2.0829802593502778
2.3399593909805034
2.530553893768589
2.229806580318438
2.5349422200806684
2.284347237534941
1.9738687937646062
2.9888387158791265
2.0628655962772515
1.926489433178206
1.305812504043931
1.516610989499508
1.6021612532169636
.7208312274815688
.18463349151916053
2.1595184890328722
.012044234137844901
2.3434690467881323
2.1562997135788198
2.393787411148585
1.7941880499082885
.20187158407927716
1.5725137721704447
.2037783408333675
1.192369887736831
3.034506197108016
1.741015001308956
1.8883351888822093
1.9070018502480235
2.029267784553036
1.768972057730804
1.9964808339086983
2.236740849666977
2.3683565039197974
.010144000610821569
1.889912991845413
1.94430767775359
1.4708205987467513
2.1111632480598757
1.8024509348667572
1.4734125365229462
2.2666946252434266
2.063718393396592
1.9835060114824399
1.874934019402336
.7095070251582946
1.707890202582873
4.496303197835493
6.601633131180948
1.6007632370562754
1.9759411341554907
2.7181598451347635
2.5756751510060405
2.8728428178245595
1.7498566165033194
.008890023175291072
1.5556810919394297
1.387583059200904
2.7120927315777363
2.2955860820998373
1.762463823029419
1.960543381503322
2.389591076043428
1.9130933550342624
2.5895171599974556
2.0780670872303673
2.448454640119823
1.6288118419693327
1.5429367817652604
2.2349766241056237
1.2395513271705265
.21303670001183886
2.3551777423979257
5.435403715348715
1.5482416475189917
1.6977988274145117
2.036732519842913
2.3507184359429263
.9627700674635118
1.7353539366885278
2.012949689497908
2.0934888662225792
2.1675072388053307
1.3880872060507932
1.9607026392392888
2.698566976410091
1.8938699965376569
2.345409152445802
1.4402116818922124
1.1757856061159397
1.5800437889243966
1.9512778634992876
2.266920112863588
2.144804803706088
2.9464526325161815
1.3009902630696546
2.4251606428043493
2.3282328222876054
2.27935701371514
2.56046248247501
1.7333286729906836
1.8315612560449743
2.739036809106033
1.7570559727585036
1.9589349202165376
.025875491582998553
2.039082534013186
.06129516549230777
1.8981315801182508
1.920784141093273
.5730886633685993
1.3845323097676865
2.1609010589700612
1.2427181837753105
.04586522045898186
2.154027600702241
1.1136178226821691
1.662159396644647
2.287045340220912
1.9099856455749946
1.537514035530987
2.4504191507604527
3.1993257395759795
3.0340582066812685
.7572941347864758
.010656306059111663
2.090945053875637
2.343402359333972
2.0569117013528184
.04784032176178886
2.302839247297024
1.720066132521294
2.119330037775274
1.209445887337627
1.4102382168620538
.006549547761754705
.004257757115111061
2.2202239408638076
.5589213299634597
.13746651817625308
.8741253707150847
.1989943604805244
2.3858735177906256
.11879854810242725
.09815751585221244
1.8405313758972432
.6077834516646523
8.13138971249227
2.210702459534738
2.1322786529342195
2.298779576496544
2.2597873006495206
1.995950955162801
2.078295854987155
.11629075780828924
.15269461692678102
2.028306678138172
3.0911372961772585
1.0177631608973192
2.097772814290947
2.384432639493067
1.8651820534094798
.010389231801188363
.2836788341537739
2.88514416100403
3.71381418367746
4.14758959448887
4.326570910805701
2.5701001998883184
.01082968673247707
3.094664648703305
1.4011536171748873
.014628975267126245
.010313752112100316
.16337409044366322
.011869431781489975
1.8593531617117716
2.6738300504021395
.01
1.8207890598756553
.014960136898633652
.007001159255962015
1.927729903790838
.00942890657989067
.007723057812993408
2.365946990002237
.0071260925437892355
2.354345977364391
2.2986498927486525
1.720998323960477
1.6537367215765868
.009427263716479325
1.9441937433101208
2.3864601357949566
2.453856941706666
2.399594284496645
2.368950977095495
2.79307000464303
.011884128145072432
1.4053814653911225
.011083143549127915
.009730310277551195
.010377539779061353
.012743850286365006
.010512991455743666
1.4176559523674028
.09153025241129042
.06970514424671197
.009069866422096711
1.3774987818683606
2.258870061771574
.09750491196012176
1.8279503062329754
1.5166589783122149
.06233743880505133
2.1163039349864627
1.669987487332453
1.7980975381413258
2.9355466994635577
.009189743425885634
1.6432752341150578
2.655576498622706
3.3933553168433503
.8674958799646914
1.6476972977826239
2.211358749313852
1.5258540141307129
2.067904071176823
1.674344769426566
1.7936939904447278
2.0564920603766064
.008774866987941062
.22780481504190586
.20949148811313353
1.8544610271667838
1.457416997477616
1.845367205817283
1.6981295850326128
1.4183121772667848
2.3142899578364955
2.014743990205952
1.8730518796482039
1.9804730282256175
2.138025015024992
1.7957401211272261
.006255755544786319
1.6452667947666493
2.0308226586405063
1.8586435600212665
2.094231621983006
3.097545468031868
1.7293587398927954
1.9295321447336562
1.809099811639953
2.117554962213154
.11203672329918127
1.8775032901404
2.3572971448879856
2.4333196659515726
1.5040036895686064
2.3662344892647558
1.649771022130948
.22042006930459354
.15754773060215063
.12458432579047321
1.6701003269358639
2.1522394626073944
1.939876618280151
2.3393480903942594
1.4429396655919358
1.8532837351641085
1.4424209286364194
2.116885529361531
2.424802920933765
1.7134756726294251
2.3084648982166933
2.421340469150984
2.048126962877071
2.4247882820414755
3.13533286776
2.2027199502003723
1.9046203291585866
1.7644162116508504
1.3333847679499258
2.2042460664296923
1.6455605737772714
2.3471408201363944
1.898673205981352
1.6417032154349651
2.160646935405532
1.7440958236317476
2.241393803617019
1.3900109428497822
2.28436292196175
1.6485134045577166
2.359936019641606
1.6623110528884941
2.300805066803655
1.7518385671803016
1.9990180120797487
15.494614192253662
18.8126434759751
2.3541548638708045
2.1641470182061244
1.7817201475612083
1.3322706092970054
1.5277654703105186
1.519079412934105
2.863543983981979
1.6350478167400722
1.6934491124189632
2.0471363877065705
1.9177188777605434
2.8602735674202036
1.821642835396204
1.8681980485065117
1.4180531322090286
1.9092621386850785
1.446760971563452
1.846932580809166
1.1415316683598613
1.8755718476721865
2.2905745673437536
1.3126666027310254
1.9742170161202528
1.543805041793966
2.3702332074322805
1.8112685051184783
2.8875695215052635
1.961763611444902
1.9807023303050975
2.5142374452765694
1.2701613130972718
2.5695527834087994
11.314102091254751
1.8542925621689894
1.6852248772006242
1.6922005750349023
3.5283795094213697
1.9004884479519912
1.8840150792180916
2.9712001241589756
1.4028005212295862
1.8950847048170343
2.775447656267359
1.3861313825390273
3.2680639675389203
2.5395631927725777
2.588517636765855
1.9138376778459796
1.3967805732837222
1.6600097483634322
1.6795055845661706
.2652852596664078
2.6054972623991617
1.713252918919604
2.3903877850406325
1.7155734085320626
1.9560285359737792
2.5477818473056226
1.9894798709267747
1.9981525553971098
1.916917679773478
1.7392993701351935
1.4683749344262553
1.9065178302002364
2.360976011000944
1.8413155929778655
1.735459232018996
1.5126075359910425
1.7680996232794286
2.453890787245858
2.9636485502856607
2.0177130390252227
2.1287896535699855
1.9213769546007733
2.1872263005096495
1.8052476418097254
1.2806872380632024
2.0767976042097334
1.7526166783286812
1.6724739793867682
2.245131321505867
.1776884619123891
.9233570270152576
.11914526787469357
.9710774626688251
.10493639444145225
.8328526856515573
.09062574674412709
2.0930126789387846
.17070190969070267
2.5084518663922943
.0861748201046783
.9881680109229134
5.603085621040129
.33462365004616557
.10926662297398866
1.1830297667405902
.06914392522850227
.20347682103469752
.041769618810521096
.8093884318603284
.07681294508941142
1.1523130390092615
.09860012063707442
1.3598306798684878
.17474605158832734
.9876585913921151
.052014247906275554
.7155779871717793
.0628425350557599
1.39138596337691
.0002087544648085611
.0003921160106877504
.10242914432759567
.13728375969660764
