46.487796088508105
.31381911087007536
1.1360767329822021
47.997656856770156
1.2917416124488568
7.762770468353221
.7791902536698257
.19243769684749729
1.27337386417173
.08032015203495711
23.55847504471347
.7927295964817379
1.523906320872892
.018475867631574563
8.87085786743274
11.535224192814036
.010971024265643227
.08190883634195316
.0161687504603422
.006952370134686641
.04412182903191984
.014383223648070112
.010412366826917973
1.758647194175574
30.0060285667757
.004811352825991448
.005999780119677184
.006690000528699901
.006073061980254839
.005358874370588463
.00017963974938197246
.014385467344966024
.001330452271445495
.010450933533903637
.00028856357533385183
.004553838544018263
.0029896961174553046
.0023657975060123173
.00856445608331236
.00021293471893182384
17.991879603367217
19.493711894691373
.03009388080898329
.00392226179067272
.14389310188071472
.010485993987658059
.009336582941913469
.578236932227018
5.364474850863103
4.7982622414757525
3.602832780068164
5.213571501893998
21.58038030713242
20.3230190400032
1.9767056799492237
.008303024933046034
9.580291036018204
154.7322194943253
.3428685135610168
.18085250775547868
53.290702415538824
54.48488897915719
18.584248494350426
.005983183611131111
.0020997233620837293
.0017033017927517676
.010247245742114912
84.30359714122852
78.287258296749
.03929739423135471
29.40286521906342
3.450753543116696
103.69342598966247
35.31151940412549
.0015897137373701302
.01044246198585879
.005393493816524808
2.54238316139374
.0010764270672619903
.009942262398157743
.012059793806043271
.008099588096606932
10.574123017542608
24.146940413737635
.01004916389305801
.05606399406911519
27.148633785821566
126.85536170033843
7.754152575833239
.015643486149187674
.009862863041343577
4.9486355974398
1.582362260664816
12.74767552505456
10.955053890785676
6.2792617784604445
8.408109268859299
6.794962532770773
3.7407824942622763
62.53344787802275
2.1179117453279943
7.406003350955283
5.067743242131028
2.5956217338917473
.0030412053736434954
64.6839632554034
8.36384382027217
2.111942443389211
.4848657869809094
.01612694550377405
.00018516932193485727
56.68162115335196
100.03096607883936
.0970473658145689
.0032252723462941496
.6050399182077226
.00696748197867428
.006873781126341507
.17874508696322844
411289656807571e-19
0
0
0
0
0
0
0
0
0
0
0
0
0
0
0
0
0
0
0
3.4082283919129828
0
0
0
0
4.41815433022027
1335.2807336471649
.004462465860103993
.10852282293014774
.019528954752350777
.23040713226346027
.8633502354855562
1.1845287067039867
1.6006637741168022
19.809262141984775
.016252838730322808
6.294002142478769
6.463204038986406
.36196946057872376
.8470079424790532
82.62101530294997
87.04157142027283
48.650384205196545
81.95736319159502
3.336450453735403
1.8396519959709858
1.6840691950086013
1.7982576499459415
2.633891285871692
1.7357367414342602
2.5555011209419796
2.040701784954598
1.8563971265922938
2.2420167230856833
1.966666376659882
1.9874665290006772
1.403959777389802
2.0234402273323493
1.5380634185737296
2.642881177501976
1.7991796641608937
2.321309314214885
2.239094697640593
1.7939046696391343
2.4136327675484264
2.655607279332861
2.3843598415390868
2.010335109505579
1.7436585603427115
2.4118188918056847
.02626649529231353
1.813732588058671
2.273099242985851
5.9020194838775355
1.9820289038347445
2.072129326501036
1.2985496325613324
2.9786957142705988
1.5248424782362273
1.556421084133086
2.9393339568995906
1.3018738600201647
2.01497363948356
1.4963265223975546
2.048811906811679
1.4788691256603723
1.9865049424833956
2.674734904043382
1.9182153933406627
2.185458762006883
1.7210791874993847
2.1422971590006266
1.7730150867111298
2.174517778861632
2.671016377581286
2.92380639685189
2.3260255534771894
2.0648287055631678
2.1556943689816617
3.130856132780226
2.311381329171107
1.0803864280266489
2.7880848111684386
2.760522917791594
2.12914301671518
1.105383783268997
1.7486172508896574
1.7496862862227243
1.9378410449353682
1.4950906301866735
2.3956802458192223
2.2309500506345152
1.8276455007160697
1.7913053596484072
2.5590024539088048
2.5746683045990304
2.0400837760439097
2.2611181857692335
2.3295110460285797
2.1871576094746246
2.6512879464057537
2.3284933468137563
1.8935071791701683
3.1347931263519384
2.1475342507296173
1.8322070408107274
1.2856445598365904
1.660413434880891
1.51452402554453
.6899169758425521
.1895063008503975
2.1088197831885314
.0112120932035199
2.6149736970891913
2.214637172006353
2.476635821956667
1.849800237371861
.19193655532423962
1.537856226839834
.1989746816584224
1.2393200655946632
3.2589421177632376
1.8104436705742597
1.8239809272148266
1.9032287367122065
2.166827527947229
1.8169511394049596
2.0773761771722348
2.1507337987800175
2.3220510280945
.009957579282109483
2.043218891926563
2.040826426375755
1.4595020934080476
2.217359111971122
1.8244552547365491
1.3438941132299282
2.3373946100205627
1.9654700382490682
2.0586414703767266
2.013548090837141
.7535565544621888
1.8001007918662595
4.73995443918893
6.392371437782073
1.5665123158120102
2.140948695649278
2.6569479984588016
2.707477160568358
2.790235891458589
1.9846372155230059
.008651797412605744
1.6753023156541709
1.3410625534126446
2.696556665387042
2.32291064736181
1.8435736905920195
2.067232167406159
2.294147096727638
2.0351289161068338
2.527111142196683
2.1131243351741107
2.372860510240049
1.7712361701607846
1.6553367671661665
2.1579448876874032
1.2802333008787434
.2273768761180713
2.362768774603233
5.663359900133117
1.6877201116075498
1.680493709012291
2.1331173132348376
2.3067631489122284
.9415289808083572
1.7056192647543664
2.202186096760283
2.1466840193223313
2.2567146859471623
1.3514901305776024
2.0733234733580237
2.5513043220994054
1.769406394952683
2.5798075949539467
1.4535279198499211
1.2138325191333914
1.560688905727374
2.001847232981798
2.268977251753273
2.314736482168116
2.7253930818561716
1.2392587087165683
2.39087467246945
2.3380463835775376
2.288169697887361
2.402795966768766
1.6971349634868307
1.8237811697421238
2.942924018266366
1.9100684940188277
1.9946653763167403
.02374288506449706
1.9805479610404335
.060217454896190445
1.8956707354093423
1.769355343330789
.5141288833461294
1.3388382748821945
2.1399232762122797
1.2548806250237188
.04739930578434619
2.0016670361518005
1.1533974166412235
1.5244341971209372
2.1341659287016514
1.9601482818965532
1.5908917889253973
2.3335377360810328
3.589544187579205
2.916666502035554
.6918985739427012
.011599223637344305
2.0143506995874016
2.2731434602671787
1.9308622621047824
.05085929874208769
2.3366192318973127
1.6266088101293799
2.308912110835971
1.26293218704535
1.3327815641130065
.006213173512801543
.003992873305982687
2.495338950386551
.5773573908040119
.15299459527493872
.8319560803077233
.20458023332017333
2.1686626474389676
.11009002221679204
.09882333124006581
1.832688389064687
.6282387160782531
8.519040112246499
2.028844592162811
2.188692788250639
2.4266846299846327
2.2894392814013043
2.147631190633233
1.9844671581521427
.12698710937794044
.15803716019812
1.85758627486228
3.0035609863484596
1.0159943695692215
2.0529466158195153
2.383072149107608
1.9108119953648366
.01028121620117287
.27018267518185823
2.8193345330621176
3.7579160871807833
4.5262464201020975
4.105004595421254
2.4486659070649917
.01141603162257911
2.9362051580696096
1.364079613867785
.014914602046581698
.010325304412336506
.1617959735898575
.012533310504009883
1.8903683341048558
2.8555673585267347
.01
1.7691166630594302
.015153135985145673
.007507745287810439
1.9064787627835893
.009392702397674693
.008104143196357314
2.1500144937413235
.006885751259202043
2.362195730365926
2.2851983970691148
1.6959261722059766
1.6395225927286952
.009342720269015323
2.0460441779304537
2.396044696728503
2.5095406813973105
2.4707299812445114
2.153135428635222
2.6526364153052486
.010280852450813652
1.4242014365686895
.010955641798116582
.009511059168467258
.010640309348629813
.012500329995086379
.010423150542804608
1.4342075096173352
.08740978540978958
.07498994572896668
.008797982350426963
1.4039742167920684
2.2979158145963416
.09856109471665653
1.995663394770245
1.4901132499520429
.06426825764454115
2.196918902501765
1.7287002928869653
1.6490908392853592
3.0452270069480125
.009212676310214562
1.5263803590495948
2.453559417653994
3.4135045336966945
.7887231109935116
1.642895593448044
2.132949605509969
1.6519717301667232
2.2125458408683754
1.630924779977136
1.794048725903758
2.019786181094365
.008778230229257868
.20472017306355636
.19382453536081368
1.8775674599023957
1.4348155470820052
1.9728682235770123
1.7069877453326399
1.500856343824892
2.2958206327904276
2.169283815300105
1.8057030070689375
2.086779998856371
2.1361437218244728
1.8415544162618456
.006094272817074172
1.5538536534869667
2.003433472768317
1.927434572857676
2.0861619097927506
3.0427396603941834
1.6962582591048077
2.029063464188029
1.8083859936910536
2.041856660244105
.11646604134032475
1.9361662028614135
2.286897505474574
2.434828927689388
1.6101660454867113
2.6035371153461204
1.5954390908892069
.24054127882299467
.1586185671845386
.12415072621591466
1.6826926431506337
1.9571450271739719
1.970176016686739
2.4092346852187623
1.3556037387812874
1.770244061807638
1.642102399079683
1.9271510223779882
2.3611568364390516
1.7462523129093594
2.202861655615128
2.3128354682331804
2.102683315935531
2.3642811771009136
3.2881422790116224
2.052650748102522
1.9414908461153364
1.866219507439532
1.3681427706797578
2.0001327494036607
1.5907416299105845
2.1826052769857176
1.9670410146748494
1.692653252742847
2.3108936199207735
1.7599688656410595
2.2580629413431637
1.3614536649620645
2.41510856553124
1.528723008616112
2.289910335769368
1.597646835667158
2.137302453326324
1.618774063716611
2.060855207427677
16.151119022857447
17.106813394294477
2.2929648308751003
2.092154697543174
1.6599833184263897
1.3097803741517173
1.58360100986805
1.5045360665504692
2.432916641388724
1.799049214662598
1.7020965542365682
2.222242366878825
1.913928693778504
2.8527813494637035
1.7253233252104674
1.792725171843217
1.5143553514742434
1.7976414454779766
1.517082336853073
1.7421099664051778
1.2668900009579052
1.9450903177092005
2.289487324906025
1.1514671254553228
1.883407596608263
1.5388973884891464
2.3284238668081216
1.8768918244466684
2.8298991857859193
1.8734541055243068
1.9821844747709234
2.582849709432999
1.2844915866873883
2.681512641220428
11.001956053455055
1.7558067179888512
1.7272305893600244
1.6328796866706474
3.370429686562134
2.0395761161228343
2.0044758048371265
2.9894970684832267
1.5484335270639786
1.86173249094548
2.756050407323925
1.433054667325467
3.2059700288655093
2.5310522311027683
2.4154544591031817
2.0819033273308274
1.3649499714627342
1.6356853493913712
1.8577877123370685
.28552226592393226
2.6329885351659925
1.7303190941104616
2.3340554815503456
1.7725826554318884
2.0965491623221153
2.604571714643892
2.0678150184125004
2.1753673756173417
1.8165445624297678
1.640666063999096
1.338949726005537
1.8618678058926774
2.395542598054307
1.763902902953705
1.8366877458953887
1.537553085354111
1.6585640022958092
2.5543947525439084
2.843620801652796
1.941197445162062
2.0299908150452626
1.7173033740077672
2.2194746804834717
1.7231947412033561
1.287793485522109
2.189354271026967
1.830086310754953
1.7949146949476942
2.3028370080172644
.15724004622654286
1.0096295597305802
.12756633308519355
.9416866840770569
.10053589768986644
.9148119231347343
.09434931459846328
2.110711705735688
.16955543876659887
2.6053048439420463
.08842099256298633
1.0145080878390982
5.958445016029903
.3529900917253745
.11157442071758293
1.249753055219638
.06703036084503562
.21484531822496802
.04031662467388091
.9329025101262447
.073207561334228
1.073215273706139
.09927723344359383
1.339996244220099
.17622757301093697
1.0033003148730428
.04704857290694142
.7257566127761754
.056833541612715484
1.3767680442661467
.00020439027533152615
.00041936618358470436
.1094020873951716
.1288785566943977
