6093162014286451e-27
40.43731882647833
.1585201400032313
.305859563085404
11.714031567403792
.3722501920693016
5.728531406475386
.21287450985046732
.0031488659643158193
.29922570891034217
.026378180008629768
8.372208418079575
.7246400001711323
.609794029405457
.008510736458441318
8.19792854350947
.9270962343096305
.004069118493098097
.07532902204911184
.0041834401157066475
.0018034537222362279
.042533451907707714
.0001433443238050212
16283287620145897e-21
.289124456581577
40201489146355816e-24
1338002031378968e-29
.005273807289935455
.006493749355114554
.005780340977940861
.0023566548855770957
.00017944023871842673
.01487355874350509
.0012935407665853858
.009904109833045002
3386652251752281e-20
.0004754076590026805
.002825065646237705
.0005116782770409039
.005428716619363137
14317053573447162e-21
9.602678270351724
13.988061253344139
.006170687880615367
578217063576628e-19
.12413771482290357
.007782880148802667
.007672853947788967
.3872460980833991
9011726022692706e-26
.44832546732340073
27341982809980984e-27
4.004439672751667
17.55240282217872
1493554116650256e-24
21311135391355298e-26
.0069994332711839306
2.832042858952446
14.812412425785318
27045899956427914e-27
24820109912872682e-27
44.70514472709441
27.321937581437908
9.585490945682535
.0024720612156254825
.0006306523411380918
.0013701645563818337
.006576387746887252
5684272366973005e-24
0
762462859133068e-26
24.981247635561314
3.517312441425441
9.23784357569996
18.00900807417426
.001531549834728585
.008334151336934654
.00044678866915104945
2.1511671222883657
.00039102052459503636
.003586773804317873
.011436670070250099
.0016593849101509321
.886425307692852
1.552723810676363
.00013186933262275059
.025484156073535186
1.3590624795640551
1.5367214393178672
3.1273729463112185
.003726095261441373
.00042962177194134097
.6743040895885429
.800912682183885
11577890068579543e-27
.47247428566645544
.8530624904658395
2.194785977891669
2.686526148400018
29346687047200646e-26
6.10151399210246
1.8994210125630109
.5183233826720361
1.081756359558299
.9200123859634574
.0007660868197805024
48.31359283910286
8.252949098596792
.45857930499871546
.06973648517640878
6192932278513528e-28
65803498203044385e-31
31920779513679997e-25
5.381623616414003
.010160397260036555
.0005345311665788835
.5123518928248786
.0012807752865032637
.0002324066255315836
.014501823581308497
32290967353487003e-31
0
0
0
0
0
0
0
0
0
0
0
0
0
0
0
0
0
0
0
1.922179023981232
0
0
0
0
.5865061786043664
1286.83210197533
.004652681376810301
.1072512166071168
.01930733310201066
.2245897946923347
.5218479557851289
1.0195532565564112
1.4140011544206927
1.4131755015679952
.0078060851162557315
5.802725220537609
6.192930921714711
.15140181882408993
.38744761388069704
5.22876517511796
3.5156868041314953
9593183829073099e-26
1660979839415455e-25
.01999999999999756
.01999999999999756
.9999999999939069
7.999999999610037
.01999999999999756
.01999999999999756
.01999999999999756
.01999999999999756
.01999999999999756
.01999999999999756
.01999999999999756
.01999999999999756
.01999999999999756
.01999999999999756
.01999999999999756
.01999999999999756
.01999999999999756
.01999999999999756
.01999999999999756
.01999999999999756
.01999999999999756
.01999999999999756
.01999999999999756
.01999999999999756
.01999999999999756
.01999999999999756
.01999999999999756
.01999999999999756
.01999999999999756
.01999999999999756
.01999999999999756
.01999999999999756
.01999999999999756
.01999999999999756
.01999999999999756
.01999999999999756
.01999999999999756
.01999999999999756
.01999999999999756
.01999999999999756
.01999999999999756
.01999999999999756
.01999999999999756
.01999999999999756
.01999999999999756
.01999999999999756
.01999999999999756
.01999999999999756
.4999999999984767
3.9999999999025095
.01999999999999756
3.9999999999025095
.24999999999961917
.09999999999993908
.01999999999999756
.01999999999999756
2.9999999999451616
.01999999999999756
.01999999999999756
.01999999999999756
.01999999999999756
.01999999999999756
.01999999999999756
.01999999999999756
.01999999999999756
.01999999999999756
.01999999999999756
1.4999999999862905
.01999999999999756
.01999999999999756
.01999999999999756
.01999999999999756
.01999999999999756
.01999999999999756
.01999999999999756
.01999999999999756
.01999999999999756
.01999999999999756
.01999999999999756
.01999999999999756
.01999999999999756
.01999999999999756
.01999999999999756
.01999999999999756
.01999999999999756
.01999999999999756
.4999999999984767
.4999999999984767
.24999999999961917
.01999999999999756
.01999999999999756
.01999999999999756
.01999999999999756
.24999999999961917
2.4999999999619176
.3499999999992536
.01999999999999756
.4999999999984767
.01999999999999756
.01999999999999756
.01999999999999756
.01999999999999756
.01999999999999756
2.9999999999451616
.01999999999999756
.01999999999999756
.1999999999997563
.01999999999999756
.9999999999939069
.01999999999999756
.01999999999999756
3.9999999999025095
.01999999999999756
.01999999999999756
.01999999999999756
.1499999999998629
.01999999999999756
.01999999999999756
.01999999999999756
.01999999999999756
.01999999999999756
.01999999999999756
.01999999999999756
.01999999999999756
.01999999999999756
.01999999999999756
.01999999999999756
.01999999999999756
.01999999999999756
.01999999999999756
.01999999999999756
.01999999999999756
.01999999999999756
.01999999999999756
.01999999999999756
.01999999999999756
.01999999999999756
.01999999999999756
.01999999999999756
.1499999999998629
.01999999999999756
.01999999999999756
.01999999999999756
.01999999999999756
.01999999999999756
.01999999999999756
.01999999999999756
.01999999999999756
.01999999999999756
.01999999999999756
.9999999999939069
.2999999999994516
1.4999999999862905
.01999999999999756
1e-12
.3299999999993365
.3299999999993365
1.4999999999862905
1.4999999999862905
.9999999999939069
.9999999999939069
.9999999999939069
.9999999999939069
