3381900004942455e-20
.0021917416869593675
-.003313290089849894
8670228574877257e-20
-.0848467300896299
-.00033873117511242266
8939473215680416e-20
9264638810207287e-20
-3782061280559257e-20
-.0036734960757802454
.009660898967206462
.018519418173762604
6344684049296052e-20
-7791333970005573e-20
-.00331806869626892
-.003318828532777392
-.00033709935051673423
.0005037008687308344
-.002246367671342715
-.0015354132919795408
-.0007483386174393562
-.004121795351395063
-.0018575164578115886
-.0023786914142688307
.0018122707421679633
-.053373452913987506
.000336963091066049
-.0014472186383251739
.0005467101843711831
-.05385308355764545
6591685271926053e-20
.0003201347637604045
.0011466453137727996
.0005792160829214041
