.03325039312720656
.0028648298498738047
-.05389998226170338
.0009673848215551114
-.014445222538760818
.00024601642529220043
.0001050651350843198
3908620813930374e-21
.000588977627135615
9838783856206829e-20
.00028984282730439487
-.0003458375745739255
.0003109104541399816
.0008213263564740693
.00020867900590307151
-.002571759568449202
.00042864380871356837
-.0050600427256334264
.0003307767210160401
-.0003333104926176036
-.0001411463665783823
-.08480806757866878
-.00033645140956758783
-.002098714320882131
-.031196605956857876
.00012640515762822328
.00022920712230336998
.0005806592151987656
.0002007594076208981
.0004961249522084887
-.00033712435326664354
.0005031511425654029
-.0003342197581068654
.00027088144480087685
-.00022041925881219568
.00048675006293655466
-7600042346245734e-20
-4897560770327742e-20
5635378747449401e-20
.0004976937546605733
-.05167891685998343
.0009029791139921534
-.0017160276781238318
.00011907165409558972
.0002472618887049453
498958072277185e-19
-.00450525155497976
.0023593128484056696
.00033155411689798485
.03587064968440553
.0003062274659305649
-.0018964510986016233
-.08598051467306377
.0007856403078962581
.0006215512093321913
.0002416021751927368
-.0006236522837493292
-.05587527132541279
8450195773694453e-20
.00020951256750418437
.026341547761314144
-.020591006392548815
.020273872478296352
-.0011820694938117302
-.0015308276625491156
.00026731403259238836
.0002048547691575857
-.006528350743604807
.001064338386633042
.0006825431280112626
-.00439931691051593
-.0030379375869718436
.029164980221801792
-.05029014485556857
49967648044636783e-21
.0004666250067812922
-53872436500600105e-21
.001034154570611594
.000644533700940953
.00042114999701817457
.0006035386420481556
-46494636168522164e-21
.010666919010364637
-.023326476694027657
.002259534370840411
.00021173146412052757
.20858131232899343
.040793813264067134
.27865462825219817
-.05190174761375477
-.0003380743516834399
.003479004222318398
-.03720463973806443
.0007093010594496147
.0011146677385499286
-.008875159626941678
-.05661245861416613
-.05380979312361658
.0005612147208785988
-.12516733980532263
-.02821267422548377
.0037170855045637126
.04593045951138729
-.1723648286853391
-12719061500520147e-21
4285500109731599e-20
.13900038779167917
-.00015721121915714703
-.08366708177746864
-.0005213300209252388
-41688786858005495e-21
.007655321283280184
-.022617520825594442
.0003001869318628354
-.0016542401637441302
.00610559408896048
.00011762421652133486
.0014331336493053676
.0007422138812027693
-.00031808537851926326
0
0
0
0
0
0
0
0
0
0
0
0
0
0
0
0
0
0
0
-.03820741064059162
0
0
0
0
-.01786478801554104
.000536000379136232
-.0003477274371638566
-.00331861314859299
.00018138770498215764
37399915100594345e-28
-.008262725305720428
-.2849699945784267
.0002841644481745582
.003318492447733653
.8006524047250234
.008720998374827642
.0068326082264673176
.0012476233788816097
.008323487414841176
.00011386813454780148
-.05364536559084077
.001577589055425422
-.0007754321938491132
