3.0586357731236387
.007833403892627235
.00035040249658108944
19721622591058494e-21
4374900401253293e-28
.0012684019918446016
6.466475867866102
.6881889861461602
.04577659936192531
.018255081426553032
.06620319237182822
.7424757702423026
.7152557444460047
.0630715370058893
.0009472115276286172
.005837122145826746
.0008067039602897216
.0022630356515522844
.0756890763218797
.004961159439824176
.002060922960460945
.0028108863087448143
5749256055807332e-20
.0019069116087018527
.07337921228049915
3.7999064756579815
6462495072493696e-21
.005504561992747191
.006284465515860019
.005835669726324157
13158731269763638e-22
.00016983099599293395
.013440835651049756
.001250336723651619
.010627071158430569
3406676026410346e-21
.0024416858717466504
.002661388472398337
5765151945954723e-20
.0050124828478919315
5420761912519836e-21
.005833906828659749
.005833473755490399
.01965442126638502
.0005831672851820384
.10729518566402989
.00796403904619593
.00047614171207738194
.025546154473193052
.06841459557102923
2213342030202236e-21
.1435175370613148
18795058659725588e-21
8.638069578738495
8.228986088741891
1.1655445212369677
.006600321853045416
.0006038598255158449
.0006715168845316458
.17738296257885405
.11331813323380366
9.218189691684813
7.41429739363406
2.4489882378224093
.0016532800161865322
.00036428416645089694
.0014630774510897195
.0057032941225130165
.006822803717776264
3.5026546934407174
.0008149911397037698
9.218189691684813
3.177315209722216
9.218189691684813
8.485881324353855
.0013262043485142345
.008899664710284916
.0001610077094210439
2.168419499638411
.00021525273710565454
.001873853978298093
.010156860654236526
7940539759528252e-20
.6838859672975932
.05239736992886237
19553733921857238e-21
.0007093754758856843
.37511788786255157
.34713127022720314
2.429039287570089
.00013862661894194496
.00037731006608961295
.6272439272453121
.761860551115254
.1258343647846929
.00022858275216796213
.15487843920515681
1.110765437027653
.9645541210091123
.07312230126040406
1.3159513179868148
2.0060638484432607
.021621623665850635
.026405346263847652
8487407073234803e-20
.00013603585563965348
3.7846084723764366
4.162673329973318
.45626620843975085
.00309938863633865
.00013150660659913153
20369034787777982e-22
4873731230878684e-23
.05781562635766467
.015179391228540836
.0005033341696655356
.3481027224126005
33552486133676005e-21
.00017409394200976842
.027598426294134414
8493846352173438e-22
0
0
0
0
0
0
0
0
0
0
0
0
0
0
0
0
0
0
0
.0609535044017645
0
0
0
0
.23103416957196488
1193.6506117249069
.004289349875595373
.10356014387834032
.01857155309530103
.20904294668720466
.018967894225470107
.39901714157969664
.012271396524900635
.3716731841048992
.004254734973232581
2.0704366255984166
2.4143884637216924
.0021097060126905745
.004755102876775243
.4617939986712186
.34123647035208404
.19061520795636994
.3046026183576191
.018813215181756944
.018813215181756944
.046951916353268244
18736607819277e-23
.018813215181756944
.018813215181756944
.018813215181756944
.018813215181756944
.018813215181756944
.018813215181756944
.018813215181756944
.018813215181756944
.018813215181756944
.018813215181756944
.018813215181756944
.018813215181756944
.018813215181756944
.018813215181756944
.018813215181756944
.018813215181756944
.018813215181756944
.018813215181756944
.018813215181756944
.018813215181756944
.018813215181756944
.018813215181756944
.018813215181756944
.018813215181756944
.018813215181756944
.018813215181756944
.018813215181756944
.018813215181756944
.018813215181756944
.018813215181756944
.018813215181756944
.018813215181756944
.018813215181756944
.018813215181756944
.018813215181756944
.018813215181756944
.018813215181756944
.018813215181756944
.018813215181756944
.018813215181756944
.018813215181756944
.018813215181756944
.018813215181756944
.018813215181756944
.10834174206332045
19451255642113558e-21
.018813215181756944
19451255642113558e-21
.11637316804808275
.07364870865186023
.018813215181756944
.018813215181756944
.0003105928505940845
.018813215181756944
.018813215181756944
.018813215181756944
.018813215181756944
.018813215181756944
.018813215181756944
.018813215181756944
.018813215181756944
.018813215181756944
.018813215181756944
.015260811858367074
.018813215181756944
.018813215181756944
.018813215181756944
.018813215181756944
.018813215181756944
.018813215181756944
.018813215181756944
.018813215181756944
.018813215181756944
.018813215181756944
.018813215181756944
.018813215181756944
.018813215181756944
.018813215181756944
.018813215181756944
.018813215181756944
.018813215181756944
.018813215181756944
.10834174206332045
.10834174206332045
.11637316804808275
.018813215181756944
.018813215181756944
.018813215181756944
.018813215181756944
.11637316804808275
.0011943460461715854
.11999027603879381
.018813215181756944
.10834174206332045
.018813215181756944
.018813215181756944
.018813215181756944
.018813215181756944
.018813215181756944
.0003105928505940845
.018813215181756944
.018813215181756944
.10848264646640236
.018813215181756944
.046951916353268244
.018813215181756944
.018813215181756944
19451255642113558e-21
.018813215181756944
.018813215181756944
.018813215181756944
.09480668566170392
.018813215181756944
.018813215181756944
.018813215181756944
.018813215181756944
.018813215181756944
.018813215181756944
.018813215181756944
.018813215181756944
.018813215181756944
.018813215181756944
.018813215181756944
.018813215181756944
.018813215181756944
.018813215181756944
.018813215181756944
.018813215181756944
.018813215181756944
.018813215181756944
.018813215181756944
.018813215181756944
.018813215181756944
.018813215181756944
.018813215181756944
.09480668566170392
.018813215181756944
.018813215181756944
.018813215181756944
.018813215181756944
.018813215181756944
.018813215181756944
.018813215181756944
.018813215181756944
.018813215181756944
.018813215181756944
.046951916353268244
.11984410606865506
.015260811858367074
.018813215181756944
9999999999969409e-28
.12027044397708929
.12027044397708929
.015260811858367074
.015260811858367074
.046951916353268244
.046951916353268244
.046951916353268244
.046951916353268244
