3.0586357731236387
.00783437865306356
.00034604065672160276
19728509923217625e-21
4610863047834479e-28
.0012684854424651146
6.4664758471369606
.6881890362509819
.045159632947288274
.018255087485283265
.06620318404164008
.7425074130104931
.7152557520552983
.06307421764393044
.0009472540563495864
.005846885944841259
.0008432576694154436
.0022304017519499484
.07568907662956129
.004961159413644663
.0020609229498290515
.002810887108214539
6003206266214032e-20
.0018784662162501739
.07337924392603805
3.799079915148923
6364895326977736e-21
.0055045618395429185
.006284449183455076
.00583566739181041
1315872957926557e-21
.00016983099599311195
.013440835651063467
.0012503367532291155
.01062707115844171
34068213539912378e-22
.0024416861698733187
.0026613885714971493
5765393771778717e-20
.005012482872424175
5420995224175149e-21
.005833906260648842
.005833473607528353
.019654627949261334
.0005831672894410421
.10729518594458529
.007964038672641463
.0004757917441369078
.02552748819135988
.06735854691454701
23152257831397697e-22
.1431102305615284
18839148817642278e-21
8.638040883668417
8.228981966756995
1.1655440993902977
.006600308311758677
.0006042735210444476
.000671964466877624
.17738288264912924
.11331808855625025
9.218189691684813
7.408233866125874
2.4668069572814146
.0016323523853193505
.0003589129850529269
.0014630732418718193
.005703296910808024
.006821240856561683
3.5025476553728763
.0008147813580196601
9.218189691684813
3.177314631729225
9.218189691684813
8.466618153741422
.0013262045796993526
.008899728758964725
.00016052068681711163
2.1684136420024567
.00021204752915126877
.0018457538642466117
.010156854049537062
7820502502048578e-20
.6744147070956574
.05169430040404386
19416755550165925e-21
.0007099881260969604
.36991738609829733
.3420645032469843
2.4272281532067383
.00013985947699619462
.00037204775977388316
.6540309365380738
.761319895836419
.1240543153030879
.0002253550151628969
.15353968101946847
1.1106710523964127
.9645519838089847
.0731021756122354
1.3086275756091161
2.0060618454481385
.021500419785626865
.026305230842231807
8493197746764365e-20
.0001359524269366605
3.781840298205978
4.157028155226041
.45626416546378706
.003054911350682456
.00013147012501712256
20363268879123617e-22
48676791096875664e-24
.057536799315154014
.015179062449350314
.0004959274417293683
.34810226261873517
3336399568001123e-20
.00017178358186779755
.02759782981078643
8491477678232689e-22
0
0
0
0
0
0
0
0
0
0
0
0
0
0
0
0
0
0
0
.06095497590061491
0
0
0
0
.23985882300538372
1193.650611726158
.004289349875599869
.10356014387844888
.018571553095320496
.2090429466874238
.018778409189677686
.3990129597158126
.01227157348192208
.37176052486752664
.004257227139432789
2.070463435600928
2.4144142785229366
.0021097513993699867
.004755233546546618
.46179593281203685
.34123894653638404
.19065130312896317
.3046612124688329
.018813215181776664
.018813215181776664
.04695225021933491
19746389341274188e-26
.018813215181776664
.018813215181776664
.018813215181776664
.018813215181776664
.018813215181776664
.018813215181776664
.018813215181776664
.018813215181776664
.018813215181776664
.018813215181776664
.018813215181776664
.018813215181776664
.018813215181776664
.018813215181776664
.018813215181776664
.018813215181776664
.018813215181776664
.018813215181776664
.018813215181776664
.018813215181776664
.018813215181776664
.018813215181776664
.018813215181776664
.018813215181776664
.018813215181776664
.018813215181776664
.018813215181776664
.018813215181776664
.018813215181776664
.018813215181776664
.018813215181776664
.018813215181776664
.018813215181776664
.018813215181776664
.018813215181776664
.018813215181776664
.018813215181776664
.018813215181776664
.018813215181776664
.018813215181776664
.018813215181776664
.018813215181776664
.018813215181776664
.018813215181776664
.10834178823479318
19496951293486012e-21
.018813215181776664
19496951293486012e-21
.11637317108362595
.07364870870042896
.018813215181776664
.018813215181776664
.0003108047844164738
.018813215181776664
.018813215181776664
.018813215181776664
.018813215181776664
.018813215181776664
.018813215181776664
.018813215181776664
.018813215181776664
.018813215181776664
.018813215181776664
.015261384873364021
.018813215181776664
.018813215181776664
.018813215181776664
.018813215181776664
.018813215181776664
.018813215181776664
.018813215181776664
.018813215181776664
.018813215181776664
.018813215181776664
.018813215181776664
.018813215181776664
.018813215181776664
.018813215181776664
.018813215181776664
.018813215181776664
.018813215181776664
.018813215181776664
.10834178823479318
.10834178823479318
.11637317108362595
.018813215181776664
.018813215181776664
.018813215181776664
.018813215181776664
.11637317108362595
.0011947226831768524
.11999028816342087
.018813215181776664
.10834178823479318
.018813215181776664
.018813215181776664
.018813215181776664
.018813215181776664
.018813215181776664
.0003108047844164738
.018813215181776664
.018813215181776664
.1084826476206316
.018813215181776664
.04695225021933491
.018813215181776664
.018813215181776664
19496951293486012e-21
.018813215181776664
.018813215181776664
.018813215181776664
.09480668597954148
.018813215181776664
.018813215181776664
.018813215181776664
.018813215181776664
.018813215181776664
.018813215181776664
.018813215181776664
.018813215181776664
.018813215181776664
.018813215181776664
.018813215181776664
.018813215181776664
.018813215181776664
.018813215181776664
.018813215181776664
.018813215181776664
.018813215181776664
.018813215181776664
.018813215181776664
.018813215181776664
.018813215181776664
.018813215181776664
.018813215181776664
.09480668597954148
.018813215181776664
.018813215181776664
.018813215181776664
.018813215181776664
.018813215181776664
.018813215181776664
.018813215181776664
.018813215181776664
.018813215181776664
.018813215181776664
.04695225021933491
.11984411257801086
.015261384873364021
.018813215181776664
9999999999969409e-28
.12027045356533529
.12027045356533529
.015261384873364021
.015261384873364021
.04695225021933491
.04695225021933491
.04695225021933491
.04695225021933491
