1.4985740164732946
.6976832186841415
.011371405470316872
.002431906856207617
3767094634735797e-21
.030731945328028813
6.867014888705291
.6648714148781237
.05535249921998612
.06877838504993693
.06736704575217008
5.123323970691562
.741780841436331
.42718707126526356
.006024714704988727
3.0994861274637144
.4243584009776675
.003206457046229438
.0782003883105105
.004773450722669509
.001985941173455736
.009945675680361886
.0001867420269512993
.0026798909165860947
.27238215929583026
16.98275538741763
.00016908098804761744
.005777155993522404
.006531783918770506
.006009289170385923
13565363516782935e-22
.0001752134402733858
.01386683967269154
.0012902145502395753
.010963874221763705
23450999851529686e-21
.0022742872082729664
.002746579973585334
.0003626678906540414
.005179313033854486
3642796806303114e-20
.006020322337114389
.006322765734275047
.01964286462281924
.00034759972020404357
.1111482877829543
.008118057300227214
.0008030385012984036
.04507393186053743
.2622750136375732
.0011014383298659197
.5781319331710374
.009254313700326536
12.25972457528193
11.42231431809724
1.3764539801364282
.006858572023174151
.06425896495860543
.0716693940925969
.21651440076934758
.1319022655476319
30.019013113689404
23.61794614900072
7.650096544801473
.002195852711222699
.0005380023786270079
.0015055880619286304
.006076512799473115
3.003296066532236
7.163426021604099
.01895434709527615
21.10385006250634
3.2802544954975352
9.740852210296154
19.713244255372533
.0013707455598825937
.009113983215505451
.000643738212868677
2.2096919064771123
.0003074571262555323
.0026927618683514664
.010446770039258455
.00037546156787901687
.8906915314520654
.7113947126872101
2970684355402048e-20
.010024080331439708
.83842494814163
.7466584401105382
3.4306436238347673
.00017394533426521414
5167856060674524e-20
.6287981379675694
.8115157411039506
.07357271642966107
.010391093191266503
.2726866397529644
1.4954159469757744
1.3997128122099034
2.1098747000515616
1.6148461665334193
2.086111592910809
.02932068644926869
.04212138142744224
.01000948851674204
.0001759747698950731
6.433776863761838
5.8422486941223655
.5333766575723655
.01617436322830827
.004141862599477221
6747919894158564e-20
.0006239005603585158
.1088967608760339
.019962479716738625
.0008281467901866516
.4426380240138584
55738420141389175e-21
.00022365516562700632
.03707357634757884
22956149323283422e-21
0
0
0
0
0
0
0
0
0
0
0
0
0
0
0
0
0
0
0
.7409982039710137
0
0
0
0
.5753493624280029
1231.481095028039
.004425292652532013
.10684228544922941
.019160143108478966
.2156681648428423
.11099742080057669
.6343918657172882
.13624885118388272
.42237732207182915
.006306937552472072
2.7396301783761983
3.4639957850540877
.018543268870368012
.0421808534997093
.7720412832833653
.5520856501673106
.2621010924463167
.41918274042281123
.019409464214615237
.019409464214615237
.22344930722617012
50619505562776163e-21
.019409464214615237
.019409464214615237
.019409464214615237
.019409464214615237
.019409464214615237
.019409464214615237
.019409464214615237
.019409464214615237
.019409464214615237
.019409464214615237
.019409464214615237
.019409464214615237
.019409464214615237
.019409464214615237
.019409464214615237
.019409464214615237
.019409464214615237
.019409464214615237
.019409464214615237
.019409464214615237
.019409464214615237
.019409464214615237
.019409464214615237
.019409464214615237
.019409464214615237
.019409464214615237
.019409464214615237
.019409464214615237
.019409464214615237
.019409464214615237
.019409464214615237
.019409464214615237
.019409464214615237
.019409464214615237
.019409464214615237
.019409464214615237
.019409464214615237
.019409464214615237
.019409464214615237
.019409464214615237
.019409464214615237
.019409464214615237
.019409464214615237
.019409464214615237
.2363517817567551
.009980705445956166
.019409464214615237
.009980705445956166
.1718835867725597
.08608307210017029
.019409464214615237
.019409464214615237
.03347916934655
.019409464214615237
.019409464214615237
.019409464214615237
.019409464214615237
.019409464214615237
.019409464214615237
.019409464214615237
.019409464214615237
.019409464214615237
.019409464214615237
.1584400453457801
.019409464214615237
.019409464214615237
.019409464214615237
.019409464214615237
.019409464214615237
.019409464214615237
.019409464214615237
.019409464214615237
.019409464214615237
.019409464214615237
.019409464214615237
.019409464214615237
.019409464214615237
.019409464214615237
.019409464214615237
.019409464214615237
.019409464214615237
.019409464214615237
.2363517817567551
.2363517817567551
.1718835867725597
.019409464214615237
.019409464214615237
.019409464214615237
.019409464214615237
.1718835867725597
.05901216659655498
.20714774818883536
.019409464214615237
.2363517817567551
.019409464214615237
.019409464214615237
.019409464214615237
.019409464214615237
.019409464214615237
.03347916934655
.019409464214615237
.019409464214615237
.1482059067252127
.019409464214615237
.22344930722617012
.019409464214615237
.019409464214615237
.009980705445956166
.019409464214615237
.019409464214615237
.019409464214615237
.11980305585086333
.019409464214615237
.019409464214615237
.019409464214615237
.019409464214615237
.019409464214615237
.019409464214615237
.019409464214615237
.019409464214615237
.019409464214615237
.019409464214615237
.019409464214615237
.019409464214615237
.019409464214615237
.019409464214615237
.019409464214615237
.019409464214615237
.019409464214615237
.019409464214615237
.019409464214615237
.019409464214615237
.019409464214615237
.019409464214615237
.019409464214615237
.11980305585086333
.019409464214615237
.019409464214615237
.019409464214615237
.019409464214615237
.019409464214615237
.019409464214615237
.019409464214615237
.019409464214615237
.019409464214615237
.019409464214615237
.22344930722617012
.19137030033659855
.1584400453457801
.019409464214615237
9999999999985003e-28
.20125308955112567
.20125308955112567
.1584400453457801
.1584400453457801
.22344930722617012
.22344930722617012
.22344930722617012
.22344930722617012
