3.0586357731236387
.007833403892627235
.00035040250000969753
19721622591058494e-21
4374900401253293e-28
.0012684019918446016
6.466475867866102
.6881889861461602
.04577659984262664
.018255081424730382
.06620319237182822
.7424757702423026
.7152557444460047
.0630715370058893
.0009472115276286172
.005837122145826746
.0008067039602897216
.002263035677002781
.0756890763218797
.004961159439824176
.002060922960460945
.002810886308340072
5749256055807332e-20
.0019069116308969953
.073379212271782
3.7999064756579815
6462495146401088e-21
.005504561992747191
.006284465515860019
.005835669725811259
13158731269763638e-22
.00016983099599293395
.013440835651049756
.001250336723651619
.010627071158430569
3406676026410346e-21
.0024416858717466504
.002661388472398337
5765151945954723e-20
.0050124828478919315
5420761912519836e-21
.005833906828659749
.005833473755490399
.019654421263581984
.0005831672851820384
.10729518566402989
.00796403904619593
.00047614171207738194
.025546154473193052
.06841459639583373
2213342030202236e-21
.1435175370613148
18795058659725588e-21
8.638069577793464
8.228986088741891
1.1655445212369677
.006600321853045416
.0006038598255158449
.0006715168844181978
.17738296257885405
.11331813323380366
9.218189691684813
7.41429739363406
2.4489882378224093
.0016532800324790592
.00036428417064141044
.0014630774510897195
.0057032941225130165
.006822803717776264
3.5026546934407174
.0008149911397037698
9.218189691684813
3.177315209722216
9.218189691684813
8.485881324353855
.0013262043485142345
.008899664710284916
.0001610077094210439
2.168419499638411
.00021525273958124624
.001873854000229104
.01015686065280849
794053985321551e-19
.6838859746982577
.05239737050927569
19553734163349872e-21
.0007093754758856843
.37511789158927383
.3471312741714949
2.4290392888785437
.00013862661894194496
.00037731007034900023
.6272439272453121
.7618605520887449
.12583436619052263
.00022858275472182
.15487844012266783
1.110765436842517
.9645541208783561
.07312230126040406
1.3159513314154183
2.0060638484432607
.021621623909179155
.026405346525029006
8487407073234803e-20
.00013603585563965348
3.7846084723764366
4.162673334317928
.45626620843975085
.003099388670939132
.00013150660659913153
20369034787777982e-22
4873731277391483e-23
.057815626977321045
.015179391228540836
.0005033341754361644
.3481027223790411
3355248650592137e-20
.0001740939438219515
.027598426294134414
8493846352173438e-22
0
0
0
0
0
0
0
0
0
0
0
0
0
0
0
0
0
0
0
.0609535044017645
0
0
0
0
.23103416954806227
1193.6506117249069
.004289349875595373
.10356014387834032
.01857155309530103
.20904294668720466
.01896789437268885
.39901714157969664
.012271396524900635
.3716731841048992
.004254734974300181
2.0704366255984166
2.4143884637216924
.0021097060126905745
.004755102876775243
.4617939986712186
.34123647035208404
.19061520795636994
.3046026183576191
.018813215181756944
.018813215181756944
.046951916353268244
18736607819277e-23
.018813215181756944
.018813215181756944
.018813215181756944
.018813215181756944
.018813215181756944
.018813215181756944
.018813215181756944
.018813215181756944
.018813215181756944
.018813215181756944
.018813215181756944
.018813215181756944
.018813215181756944
.018813215181756944
.018813215181756944
.018813215181756944
.018813215181756944
.018813215181756944
.018813215181756944
.018813215181756944
.018813215181756944
.018813215181756944
.018813215181756944
.018813215181756944
.018813215181756944
.018813215181756944
.018813215181756944
.018813215181756944
.018813215181756944
.018813215181756944
.018813215181756944
.018813215181756944
.018813215181756944
.018813215181756944
.018813215181756944
.018813215181756944
.018813215181756944
.018813215181756944
.018813215181756944
.018813215181756944
.018813215181756944
.018813215181756944
.018813215181756944
.018813215181756944
.10834174206332045
19451255642113558e-21
.018813215181756944
19451255642113558e-21
.11637316804808275
.07364870865186023
.018813215181756944
.018813215181756944
.0003105928505940845
.018813215181756944
.018813215181756944
.018813215181756944
.018813215181756944
.018813215181756944
.018813215181756944
.018813215181756944
.018813215181756944
.018813215181756944
.018813215181756944
.015260811858367074
.018813215181756944
.018813215181756944
.018813215181756944
.018813215181756944
.018813215181756944
.018813215181756944
.018813215181756944
.018813215181756944
.018813215181756944
.018813215181756944
.018813215181756944
.018813215181756944
.018813215181756944
.018813215181756944
.018813215181756944
.018813215181756944
.018813215181756944
.018813215181756944
.10834174206332045
.10834174206332045
.11637316804808275
.018813215181756944
.018813215181756944
.018813215181756944
.018813215181756944
.11637316804808275
.0011943460461715854
.11999027603879381
.018813215181756944
.10834174206332045
.018813215181756944
.018813215181756944
.018813215181756944
.018813215181756944
.018813215181756944
.0003105928505940845
.018813215181756944
.018813215181756944
.10848264646640236
.018813215181756944
.046951916353268244
.018813215181756944
.018813215181756944
19451255642113558e-21
.018813215181756944
.018813215181756944
.018813215181756944
.09480668566170392
.018813215181756944
.018813215181756944
.018813215181756944
.018813215181756944
.018813215181756944
.018813215181756944
.018813215181756944
.018813215181756944
.018813215181756944
.018813215181756944
.018813215181756944
.018813215181756944
.018813215181756944
.018813215181756944
.018813215181756944
.018813215181756944
.018813215181756944
.018813215181756944
.018813215181756944
.018813215181756944
.018813215181756944
.018813215181756944
.018813215181756944
.09480668566170392
.018813215181756944
.018813215181756944
.018813215181756944
.018813215181756944
.018813215181756944
.018813215181756944
.018813215181756944
.018813215181756944
.018813215181756944
.018813215181756944
.046951916353268244
.11984410606865506
.015260811858367074
.018813215181756944
9999999999969409e-28
.12027044397708929
.12027044397708929
.015260811858367074
.015260811858367074
.046951916353268244
.046951916353268244
.046951916353268244
.046951916353268244
