.00029029177757000494
-.015740698419917834
-9906754517931396e-21
-2240203030157345e-20
16302459130498855e-23
.3975038787395148
-166939554103424e-21
.3973711043516934
.019725725109006904
-.0004427103113028785
.012123919840960094
.0228302086122954
-8106116207974988e-23
-184342967818781e-22
.4468895658731812
.42226621593155156
-15594657416953738e-23
-9801582127177833e-21
-.00016428470153478293
.005216948567583664
.7122368621011166
.7111225694986874
.00014439353609247443
-.00046861690100744675
-.01641070976523874
.387035369985284
-.012357112291289581
.38673437675612743
-.016157441148464183
.43801039950862
-9523100127956447e-25
-1007184605221777e-24
.0016521219826924494
.000820821666497523
