40.90163584552299
.15287638488282365
.3061992816413789
11.453056501895706
.3555249930119991
6.265396492569337
.22147487383144857
.00328748590864254
.32130011394299124
.029146476110896796
8.448879705112796
.7539776179689093
.5521743030465531
.008268497534042078
8.006366135724447
.930872125825098
.004099684753009737
.07387317337205028
.004495483986617452
.0018995714617381643
.042966095471135494
.0001403822632518039
1647550421935189e-20
.29471961340311703
0
0
.005337194084409287
.006656584897070307
.006191901257602901
.0023850579273897022
.0001785560677691843
.01476517177924516
.0013543586267150227
.010531800990182272
345282295500562e-19
.0004371684335327214
.0028895185578500784
.0005061411856417226
.005295931925902098
15617207624484903e-21
9.014116020884957
13.52765658639522
.005725071850379383
57122822256695044e-21
.12134792663405475
.007145384296813912
.007107313999195715
.37429078589721315
0
.4508604267610859
0
3.929738126835082
17.859418204311243
0
0
.007531773827064882
3.072418507170605
14.15471366278095
0
0
42.94309748222108
27.47983220011271
9.110115776359697
.002311101273238043
.0006294380183922159
.0014476019558821516
.006582852590398406
0
0
0
24.046732679238723
3.5796408607016703
9.129863375887115
16.96127975482825
.0015097950856796777
.00824173452923134
.0004381034281347897
2.084169606085718
.0004189476175640882
.003581806317329813
.011141068225911526
.0014693369411751791
.8707127080773706
1.5051311279783042
.00013242274514062226
.025797767529659135
1.288737428219115
1.7031283767764658
3.025345205558105
.003549119595475672
.0004606695907848332
.5944578144502967
.752599607275172
0
.48128290288920295
.7592488066814923
2.183937599035057
2.5644472961859965
0
5.854158797991369
1.9929031603414813
.5087892291594289
1.0190083451130343
.9721805236591148
.0007867473407731977
45.78921173300909
8.289923233183341
.44555692209202347
.06878218715115565
0
0
0
5.212979216836309
.00998037387373113
.0005215208242764001
.49747749419799525
.0013269183339226635
.0002212055857802113
.015415747984689735
0
0
0
0
0
0
0
0
0
0
0
0
0
0
0
0
0
0
0
0
1.8172730400646055
0
0
0
0
.6346165477731428
1436.6896404747213
.004356871518989157
.10767807437197216
.018516664941371535
.22269306246474604
.53370711287998
1.0297030006096368
1.3905369218490058
1.3871440221406113
.0077350209083298805
5.795602000804653
6.251692864220274
.13852523220858126
.3682846432142163
5.4542190813882785
3.9971186228696873
0
0
.02
.02
1
8
.02
.02
.02
.02
.02
.02
.02
.02
.02
.02
.02
.02
.02
.02
.02
.02
.02
.02
.02
.02
.02
.02
.02
.02
.02
.02
.02
.02
.02
.02
.02
.02
.02
.02
.02
.02
.02
.02
.02
.02
.02
.02
.02
.02
.5
4
.02
4
.25
.1
.02
.02
3
.02
.02
.02
.02
.02
.02
.02
.02
.02
.02
1.5
.02
.02
.02
.02
.02
.02
.02
.02
.02
.02
.02
.02
.02
.02
.02
.02
.02
.02
.5
.5
.25
.02
.02
.02
.02
.25
2.5
.35
.02
.5
.02
.02
.02
.02
.02
3
.02
.02
.2
.02
1
.02
.02
4
.02
.02
.02
.15
.02
.02
.02
.02
.02
.02
.02
.02
.02
.02
.02
.02
.02
.02
.02
.02
.02
.02
.02
.02
.02
.02
.02
.15
.02
.02
.02
.02
.02
.02
.02
.02
.02
.02
1
.3
1.5
.02
1e-12
.33
.33
1.5
1.5
1
1
1
1
