-.014479790292880546
-.00028018964083295763
-.003821647193153563
.0002859143877779194
-.012796280519585498
-5418334008082893e-21
-19740181885393866e-21
-.0031292814088658884
11980790678167727e-21
-.0005790457527249999
-.0006881156260995145
-4316052715146555e-21
4305733031699992e-21
11030901472909092e-22
7263439249538547e-20
.0014273254761430932
-.003121367864646022
41245575343458643e-23
-12782161924731702e-21
-3859783088599318e-20
-51556632186071354e-21
34858743541470504e-21
551174570377144e-19
-.0018460892084862042
-.02910072614637505
-36146230140808782e-25
-.00025276607994295197
-.000793541577095495
-10230930759012259e-21
-3236620646457582e-21
2794471272333529e-22
-12759542693087557e-21
6885473850051474e-20
-21513421681464553e-21
-1336638922949403e-20
8464398022287275e-23
19575733411432408e-23
-3228155319528564e-20
-13839824887809898e-22
420575996216441e-19
-.0023795223964932243
.0017062805563074885
-.0017355928312705994
-13739134925686095e-22
-10495653656314405e-22
18678855149553048e-22
-12175726106199995e-22
-.0038632557252800187
-.0031031272084301583
-.004096970946326778
-.0014642629158787468
-.0026366700717519996
-.0005553861879898778
-.00014421623336637472
-.0006710232173618699
-.0011550300434545267
-.0016213244831770359
-.0030914512535463404
-.0006565197822110819
-.0005590635109148725
.02423377434413367
-.026178378922804352
.013477909927329902
-.0031211977787664533
-.0032278873105355144
-.0017530892725765436
-.0005135919193164372
-.006918897294533694
-.0016690336274250966
-.002221465965500516
.0005871839522146256
-.0036067705859271584
.01659949618982423
.00027906126749061846
-8853447677768545e-22
-12933147130253217e-21
.00010612449214986295
-.0017842189746058272
-.0005997225555000428
-.0031206529831996634
-.0007635493322932959
-.0031232097968596686
-.01726922812958905
-.019613769097595875
-.0002601936735440094
-.000548121259597025
.18622437004693318
.02853809873475142
.2252517999793159
-.00015852877007074923
-.0004617526038802154
.0008769125337968279
-.14443225238495822
-.0007670406304750526
-.008931894006628721
-.016824214095294585
-.0011909672748721485
.00018570526846173517
-.0002936839535710091
-.15740945172380316
.08242058192195664
-.02661993403590237
.006123097619488185
-.0018740211362781793
-.0002312836034370177
-.0020573190636960404
.1060950019083637
-.0023234282106073052
-.0039407931782835985
-9239162910835666e-21
53518290600333725e-21
.0065057755070950605
-.011120465336493805
-.0007860902375812372
-.0031161659176971303
-.0018433289669565677
-.003590290904528608
-.0021057779753646077
-.0031365110473865394
-30235055730386927e-23
0
0
0
0
0
0
0
0
0
0
0
0
0
0
0
0
0
0
0
-.023201919360903083
0
0
0
0
-.0168038280492626
-.00027651727603582576
-5342707007803998e-23
-3353102846086743e-22
5332751232387956e-20
0
-.00994902859713598
-.2530704518100032
-4240358351492208e-20
.0015529441774397835
.7852112569084475
.0013047215013101707
.00019865941429292826
.002705615686726568
.004741922724727223
-.00310419763351347
-.0037321091904498195
-.005651538122658327
-.006264056456797527
