3.0145306025321856
.010789824771233504
.000596932518421733
3599060314399341e-20
13144559733396402e-28
.0019707220045812024
6.2139421486653115
.7314498653582056
.04460684994260537
.013387101798819098
.0634417664766652
.7232412858731251
.6896420694016362
.058925987817482074
.000983146959128992
.008584382949012913
.0012722113325895274
.0021628036639953128
.0705792966433055
.0048523574401139295
.002133725453880256
.0023842305114340945
52092860287248355e-21
.0018577514755485098
.07111344886934813
3.922251208967906
6140267044464389e-21
.005429385173804359
.006436196223638921
.005759963774049825
1150680268984843e-21
.00016650530022663672
.013626553562143527
.00121477823322586
.010603607626530138
3167546535706565e-21
.0023563905435428096
.0027426887371852257
55485480476368126e-21
.005210498607848934
5075609384502626e-21
.005758435574427955
.005758053957814428
.020533580397845655
.0005999790421527083
.11186668035508135
.007379102868527168
.000531990179789462
.029697737087445077
.06777606514421693
29974436102874753e-22
.14587927402283712
224028309440587e-19
8.544845336896891
8.13916080350366
1.0683666136300678
.00630260209492087
.0007085857954751447
.000785225808446841
.18858839354886123
.102167118585424
9.80625863290419
7.743747165746694
2.706283424326757
.0015571397819683168
.0003185916340042487
.0014855319092194111
.0056679756429791825
.007387207668317639
3.618014263224719
.000843887645478897
9.80625863290419
3.0513532688354044
9.80625863290419
9.028096374973531
.0013409202778721036
.00882119829171001
.00016765085624833583
2.1251318594786164
.00020343291665889045
.0017652378427417735
.010635803304960228
6070897853567181e-20
.6689782798673629
.053746975894002035
18606989615276452e-21
.0006489975090618851
.36998993428088284
.3430550562010937
2.5319222835834823
.0001421104139160038
.0003614095165872511
.6132890079715796
.790169987548755
.11807025371952438
.00024440816744613535
.16643416005110506
1.1907974736802651
1.0286085295103087
.0691202989313237
1.376935859177182
2.0827018015790624
.020164817715636506
.02398492833328048
9511378432213947e-20
.00014364889359656894
3.9189453760600848
4.322186469084636
.4603771843858595
.0030821255782403343
.00013379443145457382
17780857773100104e-22
5772996650160149e-23
.05506392831883295
.015068176056718001
.0003894339967394461
.35440506056032306
3231775971843448e-20
.00018631994298330202
.026061677263226533
7066509027494767e-22
0
0
0
0
0
0
0
0
0
0
0
0
0
0
0
0
0
0
0
.06184697310913983
0
0
0
0
.2481723841289724
1209.832194088378
.004292825033152733
.10157493573948503
.01970480489919732
.22113456573495419
.019904702820112724
.40535728702355556
.013576433197857549
.3856884482758073
.004589139678379708
2.2512829869128264
2.320759968805359
.002112038921751399
.004943701579733179
.524466830621338
.3411096650956185
.18856906578669008
.33572763624447194
.01882981770455562
.01882981770455562
.049069186543833104
27536969780633776e-26
.01882981770455562
.01882981770455562
.01882981770455562
.01882981770455562
.01882981770455562
.01882981770455562
.01882981770455562
.01882981770455562
.01882981770455562
.01882981770455562
.01882981770455562
.01882981770455562
.01882981770455562
.01882981770455562
.01882981770455562
.01882981770455562
.01882981770455562
.01882981770455562
.01882981770455562
.01882981770455562
.01882981770455562
.01882981770455562
.01882981770455562
.01882981770455562
.01882981770455562
.01882981770455562
.01882981770455562
.01882981770455562
.01882981770455562
.01882981770455562
.01882981770455562
.01882981770455562
.01882981770455562
.01882981770455562
.01882981770455562
.01882981770455562
.01882981770455562
.01882981770455562
.01882981770455562
.01882981770455562
.01882981770455562
.01882981770455562
.01882981770455562
.01882981770455562
.1107575092963183
23227235037044528e-21
.01882981770455562
23227235037044528e-21
.11766343380323477
.07397425493613763
.01882981770455562
.01882981770455562
.00035462359376659593
.01882981770455562
.01882981770455562
.01882981770455562
.01882981770455562
.01882981770455562
.01882981770455562
.01882981770455562
.01882981770455562
.01882981770455562
.01882981770455562
.016304771050114304
.01882981770455562
.01882981770455562
.01882981770455562
.01882981770455562
.01882981770455562
.01882981770455562
.01882981770455562
.01882981770455562
.01882981770455562
.01882981770455562
.01882981770455562
.01882981770455562
.01882981770455562
.01882981770455562
.01882981770455562
.01882981770455562
.01882981770455562
.01882981770455562
.1107575092963183
.1107575092963183
.11766343380323477
.01882981770455562
.01882981770455562
.01882981770455562
.01882981770455562
.11766343380323477
.0013337230546398094
.12185691675727534
.01882981770455562
.1107575092963183
.01882981770455562
.01882981770455562
.01882981770455562
.01882981770455562
.01882981770455562
.00035462359376659593
.01882981770455562
.01882981770455562
.10944380888304238
.01882981770455562
.049069186543833104
.01882981770455562
.01882981770455562
23227235037044528e-21
.01882981770455562
.01882981770455562
.01882981770455562
.0954359848560541
.01882981770455562
.01882981770455562
.01882981770455562
.01882981770455562
.01882981770455562
.01882981770455562
.01882981770455562
.01882981770455562
.01882981770455562
.01882981770455562
.01882981770455562
.01882981770455562
.01882981770455562
.01882981770455562
.01882981770455562
.01882981770455562
.01882981770455562
.01882981770455562
.01882981770455562
.01882981770455562
.01882981770455562
.01882981770455562
.01882981770455562
.0954359848560541
.01882981770455562
.01882981770455562
.01882981770455562
.01882981770455562
.01882981770455562
.01882981770455562
.01882981770455562
.01882981770455562
.01882981770455562
.01882981770455562
.049069186543833104
.12144036843986969
.016304771050114304
.01882981770455562
9999999999969865e-28
.12203374857985816
.12203374857985816
.016304771050114304
.016304771050114304
.049069186543833104
.049069186543833104
.049069186543833104
.049069186543833104
