1.4808102518349149
.9341529593288069
.015647154183925663
.0033167757692480894
66540173639771225e-22
.038217603002588495
6.564954476521204
.7047399505337456
.05545014722630016
.06918250695417999
.06450853883902048
5.228548989979944
.71511947574325
.4241043741628208
.006420929690078137
3.308775695077233
.48962300402939984
.003205409800775257
.07287312814916976
.004688957404478253
.0020648473902270884
.010509765916005153
.0002079299599002621
.0027088212442397622
.32428408360674066
16.684306709255512
.00016703482219748505
.005686069867682224
.00669024940761713
.005928609078780147
11836593754501151e-22
.00017169186871319412
.01405103895225808
.0012528643416801068
.010933905109475226
23394376456305988e-21
.00216920176623774
.0028289932867674897
.0003790885906335813
.005381037968390243
3594589519940883e-20
.005929378980000002
.006119405304599283
.020316832761716058
.000359103157653383
.1158340096730188
.007493218695085784
.0008808819943623719
.05199762422143215
.2781417084261381
.001350003910315652
.6356998455281739
.009928858885266128
12.092615003937675
11.377991144104474
1.2730503414267007
.006552480217402658
.06947723111649483
.07726001799511943
.2321073386136597
.12023105285917066
30.255863308867802
23.609036272834853
7.964655723837759
.0021700039763836655
.0005017823222071312
.0015212136584858188
.006086458472619721
3.580483263749351
7.737444939841474
.020776046170377697
22.821472455491396
3.1484922871611842
10.055172775028797
21.344314027745078
.0013853454586479482
.009042847553302952
.0007261878835338345
2.1675890281020687
.00030511443350940025
.002665243258028405
.010933047435999786
.00037210469988412743
.9194340972245426
.7316147669774563
27957818823224933e-21
.009010959089524992
.8483351738297787
.7585773421298594
3.540897517224755
.00017048777753350824
5375166041928568e-20
.6193015656470866
.8393428982253589
.07211186107316943
.01102317849928146
.2972886781464173
1.560371941686397
1.4595979888485375
2.126929924019902
1.6638947883189827
2.1671536584788478
.027179626425141584
.03778231144871967
.010290809231211546
.00018504650181003975
6.543285027218334
6.075044079076064
.5359385202451891
.016476722391107344
.00469112695173355
6983068651134651e-20
.000673738652118151
.09994095761362949
.020299827843606465
.0006953713711477116
.44988367067127455
5302333403445516e-20
.00024997177575355784
.03586085756414999
22093626968262968e-21
0
0
0
0
0
0
0
0
0
0
0
0
0
0
0
0
0
0
0
.7453749726811386
0
0
0
0
.5592551085435937
1247.5181210535407
.004426545305653433
.10473896594836349
.02031860393837191
.22802284423711455
.11604866458411324
.6418769622028454
.14361080840222679
.42923201971212493
.006543526447999862
3.0368993048621777
3.315314849841653
.017692986045999216
.041937469975688584
.849895959640155
.533723615489455
.25471080177823086
.45521319237966906
.019416361142768485
.019416361142768485
.22745335831179933
5741147811008452e-20
.019416361142768485
.019416361142768485
.019416361142768485
.019416361142768485
.019416361142768485
.019416361142768485
.019416361142768485
.019416361142768485
.019416361142768485
.019416361142768485
.019416361142768485
.019416361142768485
.019416361142768485
.019416361142768485
.019416361142768485
.019416361142768485
.019416361142768485
.019416361142768485
.019416361142768485
.019416361142768485
.019416361142768485
.019416361142768485
.019416361142768485
.019416361142768485
.019416361142768485
.019416361142768485
.019416361142768485
.019416361142768485
.019416361142768485
.019416361142768485
.019416361142768485
.019416361142768485
.019416361142768485
.019416361142768485
.019416361142768485
.019416361142768485
.019416361142768485
.019416361142768485
.019416361142768485
.019416361142768485
.019416361142768485
.019416361142768485
.019416361142768485
.019416361142768485
.23846033442382086
.010706520155199024
.019416361142768485
.010706520155199024
.17264860703316454
.0862361239153735
.019416361142768485
.019416361142768485
.035302362039439504
.019416361142768485
.019416361142768485
.019416361142768485
.019416361142768485
.019416361142768485
.019416361142768485
.019416361142768485
.019416361142768485
.019416361142768485
.019416361142768485
.16271591834111432
.019416361142768485
.019416361142768485
.019416361142768485
.019416361142768485
.019416361142768485
.019416361142768485
.019416361142768485
.019416361142768485
.019416361142768485
.019416361142768485
.019416361142768485
.019416361142768485
.019416361142768485
.019416361142768485
.019416361142768485
.019416361142768485
.019416361142768485
.019416361142768485
.23846033442382086
.23846033442382086
.17264860703316454
.019416361142768485
.019416361142768485
.019416361142768485
.019416361142768485
.17264860703316454
.06168412704636709
.20843965379863597
.019416361142768485
.23846033442382086
.019416361142768485
.019416361142768485
.019416361142768485
.019416361142768485
.019416361142768485
.035302362039439504
.019416361142768485
.019416361142768485
.1487333813986624
.019416361142768485
.22745335831179933
.019416361142768485
.019416361142768485
.010706520155199024
.019416361142768485
.019416361142768485
.019416361142768485
.12012270432927143
.019416361142768485
.019416361142768485
.019416361142768485
.019416361142768485
.019416361142768485
.019416361142768485
.019416361142768485
.019416361142768485
.019416361142768485
.019416361142768485
.019416361142768485
.019416361142768485
.019416361142768485
.019416361142768485
.019416361142768485
.019416361142768485
.019416361142768485
.019416361142768485
.019416361142768485
.019416361142768485
.019416361142768485
.019416361142768485
.019416361142768485
.12012270432927143
.019416361142768485
.019416361142768485
.019416361142768485
.019416361142768485
.019416361142768485
.019416361142768485
.019416361142768485
.019416361142768485
.019416361142768485
.019416361142768485
.22745335831179933
.19239285485735014
.16271591834111432
.019416361142768485
9999999999985195e-28
.2024363008917634
.2024363008917634
.16271591834111432
.16271591834111432
.22745335831179933
.22745335831179933
.22745335831179933
.22745335831179933
