1.4808102518349149
.9339865502076735
.015644428250597305
.00331636050922404
66479777527044835e-22
.03821274732834683
6.5649550234070775
.7047399540829657
.055447543048879444
.06917820910537448
.06450853828688989
5.228570087242634
.7151194766988009
.4241060854880134
.0064209529330391275
3.308770519984773
.4896221012393339
.0032052213358689393
.07287312823381593
.0046889574346940755
.00206484740324697
.010509240868741263
.00020791992322485376
.002708666380472289
.32426711983887047
16.68426469226708
.0001670288530164589
.005686070185051672
.0066902494782873825
.00592860904572101
11836564080626502e-22
.00017169186871319412
.014051038952258019
.001252864341646585
.010933905109475226
2339447425070119e-20
.00216920178413396
.0028289932866493893
.00037909003559720336
.005381037967933968
3594605116329982e-20
.005929364118669405
.006118148814565731
.020316827440530077
.00035910315767024
.11583400958671819
.007493224784764502
.0008808788430585563
.051997468884077656
.27812421955079286
.0013499770911220472
.6356998547922599
.009928663866487402
12.09261497848578
11.377991263622063
1.2730503555424493
.006552480228712518
.06947701255492905
.07726027287646114
.23210734167780753
.12023105372023456
30.255863308867802
23.609054954718285
7.964657954630321
.0021698939373232607
.0005017514192173848
.0015212133528276475
.006086460680152628
3.580513805950896
7.737457414847005
.020776140355907437
22.82147236159344
3.148492289179887
10.05517033420923
21.344314424477652
.0013853454648998535
.00904284740709872
.0007261879177045982
2.1675890267346265
.0003050955385116631
.002665076272479853
.010933047340864078
.0003720639967599795
.9193819032157897
.7315704063480618
27955830106487003e-21
.00901095156652836
.848287026308787
.7585333714822076
3.540891556581844
.00017048687897214647
53930250468059515e-21
.6193014206624333
.8393379472382854
.07210766658884761
.011022528908678744
.29727858175479305
1.5603721433765763
1.4595979224420497
2.1269395524966597
1.6638001432543112
2.167153665050127
.02717783338089375
.03778023104399753
.010290761752153153
.0001850457722325429
6.543262038222609
6.075017441451586
.5359385524873596
.016475731303145197
.004691150495893372
6983106043895532e-20
.0006736918844648535
.09993504374653932
.020299829455817108
.0006953283192953423
.4498836711494969
5301997585547718e-20
.00024995847164198875
.03586086064244651
22093726623465397e-21
0
0
0
0
0
0
0
0
0
0
0
0
0
0
0
0
0
0
0
.7453749938412563
0
0
0
0
.5592549740002949
1247.5181210535407
.004426545305653433
.10473896594836349
.02031860393837191
.22802284423711455
.11604461821580192
.6418769419056766
.1436107944989056
.4292317493315211
.006543513808139465
3.0390604357003914
3.317088869356085
.017692990915218896
.041937481368126694
.8498959058049967
.5337235865306118
.2547107097562959
.4552130337821771
.019416361142768485
.019416361142768485
.2274533545991072
5736671670950335e-20
.019416361142768485
.019416361142768485
.019416361142768485
.019416361142768485
.019416361142768485
.019416361142768485
.019416361142768485
.019416361142768485
.019416361142768485
.019416361142768485
.019416361142768485
.019416361142768485
.019416361142768485
.019416361142768485
.019416361142768485
.019416361142768485
.019416361142768485
.019416361142768485
.019416361142768485
.019416361142768485
.019416361142768485
.019416361142768485
.019416361142768485
.019416361142768485
.019416361142768485
.019416361142768485
.019416361142768485
.019416361142768485
.019416361142768485
.019416361142768485
.019416361142768485
.019416361142768485
.019416361142768485
.019416361142768485
.019416361142768485
.019416361142768485
.019416361142768485
.019416361142768485
.019416361142768485
.019416361142768485
.019416361142768485
.019416361142768485
.019416361142768485
.019416361142768485
.23846033430539293
.010706309803036109
.019416361142768485
.010706309803036109
.17264860703052054
.08623612391536009
.019416361142768485
.019416361142768485
.035302206112673734
.019416361142768485
.019416361142768485
.019416361142768485
.019416361142768485
.019416361142768485
.019416361142768485
.019416361142768485
.019416361142768485
.019416361142768485
.019416361142768485
.16271589762436678
.019416361142768485
.019416361142768485
.019416361142768485
.019416361142768485
.019416361142768485
.019416361142768485
.019416361142768485
.019416361142768485
.019416361142768485
.019416361142768485
.019416361142768485
.019416361142768485
.019416361142768485
.019416361142768485
.019416361142768485
.019416361142768485
.019416361142768485
.019416361142768485
.23846033430539293
.23846033430539293
.17264860703052054
.019416361142768485
.019416361142768485
.019416361142768485
.019416361142768485
.17264860703052054
.061684020468222474
.2084396537813763
.019416361142768485
.23846033430539293
.019416361142768485
.019416361142768485
.019416361142768485
.019416361142768485
.019416361142768485
.035302206112673734
.019416361142768485
.019416361142768485
.148733381397918
.019416361142768485
.2274533545991072
.019416361142768485
.019416361142768485
.010706309803036109
.019416361142768485
.019416361142768485
.019416361142768485
.12012270432912914
.019416361142768485
.019416361142768485
.019416361142768485
.019416361142768485
.019416361142768485
.019416361142768485
.019416361142768485
.019416361142768485
.019416361142768485
.019416361142768485
.019416361142768485
.019416361142768485
.019416361142768485
.019416361142768485
.019416361142768485
.019416361142768485
.019416361142768485
.019416361142768485
.019416361142768485
.019416361142768485
.019416361142768485
.019416361142768485
.019416361142768485
.12012270432912914
.019416361142768485
.019416361142768485
.019416361142768485
.019416361142768485
.019416361142768485
.019416361142768485
.019416361142768485
.019416361142768485
.019416361142768485
.019416361142768485
.2274533545991072
.1923928548499991
.16271589762436678
.019416361142768485
9999999999985195e-28
.2024363008792865
.2024363008792865
.16271589762436678
.16271589762436678
.2274533545991072
.2274533545991072
.2274533545991072
.2274533545991072
