1.5175626220756784
.775626659798294
.013797364241502172
.002830882188726838
43848310192280584e-22
.033834181834930706
6.557437906155042
.7063501891453854
.05574949580865426
.06424838471443682
.06453293301972318
4.912715002413985
.7143859954805798
.3985762982235127
.006073312464997004
3.0767359877156544
.4541024951673764
.003190479501986536
.07281928941893966
.0046939666328405984
.0020669730865957464
.009886098982545978
.00019667496851853656
.0027071743607819682
.3042434950982548
16.96399778828426
.0001623014529272771
.005680496990238544
.00668404814378929
.005924642836684085
11827182794791465e-22
.0001715657140050874
.014040714035571
.0012519376504101266
.010925871169228687
21941488244142672e-21
.0021783880748999763
.002826892976849683
.00035747580722294566
.005376884157873199
33749932222162276e-21
.005924460879484252
.0060501418577203125
.020423754025961183
.00036564484200308757
.11573310798995731
.007494440008705458
.0008696656370530363
.0508979739072031
.2664399752123716
.0011647310753600789
.6318392529258392
.008582292843194337
11.99549907947302
11.307003571331856
1.2695437807610945
.006546842441391009
.06231261716598189
.06927634356860636
.23135391725155746
.11992515137499768
29.76583170565762
23.14991396815547
7.8646214957194065
.0021626953166594166
.0004956538458480862
.0015243767241181032
.006047593721608271
3.130935319700178
7.605865002801374
.019817529719750912
22.804269012876958
3.1461364004959234
10.039768075995516
21.329440348915366
.0013842197566020945
.009041618235519102
.0007256721299644192
2.16697215397405
.000303657766966256
.0026521567685543947
.010926240244278131
.00035010937375804424
.918305796638437
.705253827513824
27728225006329482e-21
.008603732146918045
.8370270527766129
.7506176716473558
3.5192254016899422
.00016828750396771273
5597947773661707e-20
.6183682544238086
.8407958529079937
.07365596120940995
.010094261807129917
.29474612680647244
1.5575166993928866
1.4533011845252184
2.034494466185542
1.6598563129521828
2.1653161840244284
.026913581624498063
.037187075463365145
.00922281809035286
.00018413416988034145
6.458679697057926
6.0286194991979905
.5351060177157464
.015930917194978227
.004463559857258143
663386759582276e-19
.0005578266028231563
.09801988537967063
.02019344750828426
.0006903447131635324
.4473917786951011
5216910325524526e-20
.00024976005801475437
.03566044767297095
21131111992144015e-21
0
0
0
0
0
0
0
0
0
0
0
0
0
0
0
0
0
0
0
.7156913230066464
0
0
0
0
.5558241345262763
1246.6014730273484
.004423292780540731
.10466200613128211
.020303674288949775
.22785529822189501
.11160065089112951
.6350080779733576
.13587180421458236
.42834023269226645
.006527871332976519
3.028408287264803
3.2983065428216705
.01685627816352155
.039937661970810966
.8443993959981289
.5305789345793523
.25406737063324303
.4540447340446335
.019402094440892987
.019402094440892987
.21924566460895323
4286791578911988e-20
.019402094440892987
.019402094440892987
.019402094440892987
.019402094440892987
.019402094440892987
.019402094440892987
.019402094440892987
.019402094440892987
.019402094440892987
.019402094440892987
.019402094440892987
.019402094440892987
.019402094440892987
.019402094440892987
.019402094440892987
.019402094440892987
.019402094440892987
.019402094440892987
.019402094440892987
.019402094440892987
.019402094440892987
.019402094440892987
.019402094440892987
.019402094440892987
.019402094440892987
.019402094440892987
.019402094440892987
.019402094440892987
.019402094440892987
.019402094440892987
.019402094440892987
.019402094440892987
.019402094440892987
.019402094440892987
.019402094440892987
.019402094440892987
.019402094440892987
.019402094440892987
.019402094440892987
.019402094440892987
.019402094440892987
.019402094440892987
.019402094440892987
.019402094440892987
.23411836002179148
.009243154846235951
.019402094440892987
.009243154846235951
.17106956097517662
.08591976741861936
.019402094440892987
.019402094440892987
.031617200763205754
.019402094440892987
.019402094440892987
.019402094440892987
.019402094440892987
.019402094440892987
.019402094440892987
.019402094440892987
.019402094440892987
.019402094440892987
.019402094440892987
.15398843795599151
.019402094440892987
.019402094440892987
.019402094440892987
.019402094440892987
.019402094440892987
.019402094440892987
.019402094440892987
.019402094440892987
.019402094440892987
.019402094440892987
.019402094440892987
.019402094440892987
.019402094440892987
.019402094440892987
.019402094440892987
.019402094440892987
.019402094440892987
.019402094440892987
.23411836002179148
.23411836002179148
.17106956097517662
.019402094440892987
.019402094440892987
.019402094440892987
.019402094440892987
.17106956097517662
.05626929314346682
.20577559691729427
.019402094440892987
.23411836002179148
.019402094440892987
.019402094440892987
.019402094440892987
.019402094440892987
.019402094440892987
.031617200763205754
.019402094440892987
.019402094440892987
.1476441287059782
.019402094440892987
.21924566460895323
.019402094440892987
.019402094440892987
.009243154846235951
.019402094440892987
.019402094440892987
.019402094440892987
.11946230722339712
.019402094440892987
.019402094440892987
.019402094440892987
.019402094440892987
.019402094440892987
.019402094440892987
.019402094440892987
.019402094440892987
.019402094440892987
.019402094440892987
.019402094440892987
.019402094440892987
.019402094440892987
.019402094440892987
.019402094440892987
.019402094440892987
.019402094440892987
.019402094440892987
.019402094440892987
.019402094440892987
.019402094440892987
.019402094440892987
.019402094440892987
.11946230722339712
.019402094440892987
.019402094440892987
.019402094440892987
.019402094440892987
.019402094440892987
.019402094440892987
.019402094440892987
.019402094440892987
.019402094440892987
.019402094440892987
.21924566460895323
.190283238222923
.15398843795599151
.019402094440892987
9999999999984827e-28
.19999592502963232
.19999592502963232
.15398843795599151
.15398843795599151
.21924566460895323
.21924566460895323
.21924566460895323
.21924566460895323
