3.0452680406160115
.010210332274488074
.0005644270470783736
3367141158696673e-20
10123832083797451e-28
.0019126591453810858
6.2062669566432245
.7315224884261566
.043540560090311355
.013074323414498762
.06340901020927817
.7213846464652957
.6891695731736076
.05877820954957166
.0009807068751678189
.007784366585238908
.0011943682118206122
.0021043929305002394
.07053376041321116
.004854988528314326
.0021348258118782182
.0023309397402456974
5278216818742076e-20
.0018064179121429673
.06950863325697307
3.8789743142163995
5936353233524354e-21
.00542383883226354
.006431385435282004
.005756538653753624
11500164171529773e-22
.0001664029732148075
.013618178804582765
.0012140275120433588
.010597091110728533
3159862145315312e-21
.0023577917798672876
.0027409884433278217
5535107346488629e-20
.005207138415366434
50669332954407586e-22
.0057550210167432786
.005754648248321316
.020526236437266858
.0006041713512408828
.11178955052914948
.007375768274646264
.0005300707942359189
.029572656133166446
.06472123674739365
27474372427243164e-22
.1376217250614067
19844552489431888e-21
8.48308551449089
8.075276342099906
1.0635326114319046
.006297993099997231
.000646436073757601
.000716386033583337
.18758580474335954
.10173806774473713
9.396426125119845
7.425885160596775
2.611628360835903
.0015193764009218047
.00030952122083236926
.0014846720619692316
.005661874489786085
.006969467900274129
3.5755406985055407
.0008328203937899392
9.396426125119845
3.0494410947715695
9.396426125119845
8.628574262500715
.0013400161534077558
.008815800480059985
.00015781580888644842
2.124350027503782
.00019776175778752969
.0017155821963012255
.010629632775626141
5772167087021382e-20
.6521595706365207
.04985606124430307
18304146883924182e-21
.0006153710725492486
.3567260776699491
.3304181060627247
2.5019118046319653
.00014397647303683846
.0003597455737892033
.6341758254642001
.7836007802733708
.1162851882183776
.00022202359065146858
.1619103355330039
1.1771737460919947
1.0171248383846676
.06785146130268617
1.3624530033959712
2.0806549556615295
.019929425695948286
.02370712753460881
865995130101385e-19
.0001436963113188362
3.903970870034663
4.283398091539995
.45850699954882507
.0029196091376443908
.00013127781760475426
1742193846758495e-21
499924680554108e-22
.05424542007081475
.014932238347649467
.00037618461827054045
.3526304631253257
3185471159504901e-20
.0001817423398075012
.025806459390648327
6932319427748923e-22
0
0
0
0
0
0
0
0
0
0
0
0
0
0
0
0
0
0
0
.0574160569132698
0
0
0
0
.2432839565846946
1209.088679806544
.004290186835279376
.10151251186304357
.01969269511741527
.22099866531121404
.01895510888186129
.40186064239047564
.012927710208480806
.3839208444948652
.004488945572067986
2.2297809167426244
2.2981636945388124
.0020213101740038887
.0047305025136473
.5166186653640521
.3362945034896756
.18635716951391448
.3317534587094692
.01881824565476551
.01881824565476551
.04758404657429086
2214437865978462e-25
.01881824565476551
.01881824565476551
.01881824565476551
.01881824565476551
.01881824565476551
.01881824565476551
.01881824565476551
.01881824565476551
.01881824565476551
.01881824565476551
.01881824565476551
.01881824565476551
.01881824565476551
.01881824565476551
.01881824565476551
.01881824565476551
.01881824565476551
.01881824565476551
.01881824565476551
.01881824565476551
.01881824565476551
.01881824565476551
.01881824565476551
.01881824565476551
.01881824565476551
.01881824565476551
.01881824565476551
.01881824565476551
.01881824565476551
.01881824565476551
.01881824565476551
.01881824565476551
.01881824565476551
.01881824565476551
.01881824565476551
.01881824565476551
.01881824565476551
.01881824565476551
.01881824565476551
.01881824565476551
.01881824565476551
.01881824565476551
.01881824565476551
.01881824565476551
.10906834607117677
20565649274814855e-21
.01881824565476551
20565649274814855e-21
.11676273235827297
.07374722614634621
.01881824565476551
.01881824565476551
.00032350176364240286
.01881824565476551
.01881824565476551
.01881824565476551
.01881824565476551
.01881824565476551
.01881824565476551
.01881824565476551
.01881824565476551
.01881824565476551
.01881824565476551
.015570393575396777
.01881824565476551
.01881824565476551
.01881824565476551
.01881824565476551
.01881824565476551
.01881824565476551
.01881824565476551
.01881824565476551
.01881824565476551
.01881824565476551
.01881824565476551
.01881824565476551
.01881824565476551
.01881824565476551
.01881824565476551
.01881824565476551
.01881824565476551
.01881824565476551
.10906834607117677
.10906834607117677
.11676273235827297
.01881824565476551
.01881824565476551
.01881824565476551
.01881824565476551
.11676273235827297
.0012352786893691067
.12055300025141177
.01881824565476551
.10906834607117677
.01881824565476551
.01881824565476551
.01881824565476551
.01881824565476551
.01881824565476551
.00032350176364240286
.01881824565476551
.01881824565476551
.10877306882377379
.01881824565476551
.04758404657429086
.01881824565476551
.01881824565476551
20565649274814855e-21
.01881824565476551
.01881824565476551
.01881824565476551
.09499697919199966
.01881824565476551
.01881824565476551
.01881824565476551
.01881824565476551
.01881824565476551
.01881824565476551
.01881824565476551
.01881824565476551
.01881824565476551
.01881824565476551
.01881824565476551
.01881824565476551
.01881824565476551
.01881824565476551
.01881824565476551
.01881824565476551
.01881824565476551
.01881824565476551
.01881824565476551
.01881824565476551
.01881824565476551
.01881824565476551
.01881824565476551
.09499697919199966
.01881824565476551
.01881824565476551
.01881824565476551
.01881824565476551
.01881824565476551
.01881824565476551
.01881824565476551
.01881824565476551
.01881824565476551
.01881824565476551
.04758404657429086
.12032568937653113
.015570393575396777
.01881824565476551
9999999999969558e-28
.12080217872990068
.12080217872990068
.015570393575396777
.015570393575396777
.04758404657429086
.04758404657429086
.04758404657429086
.04758404657429086
