0
40.07156805890826
.15669000110572828
.286470883878039
11.302961607719917
.38150703122350293
5.779280519333799
.2105508028060949
.0028679731602284726
.3438421354436092
.026487550105168536
7.905798527024739
.7769770912764908
.6127739779566053
.008350551978307242
7.542456597459311
1.1134823904614728
.003966881532074799
.0742599048593789
.004317391501715169
.001760386359510633
.04038951565563649
.00014000311848433414
16304354470990607e-21
.26834271555740663
0
0
.005231634266082945
.00686848597798388
.006367443938750062
.0023844504669329964
.00017171180406295655
.01422619348670894
.0012501758668132389
.011079886322823787
3679349618073435e-20
.0005097733836730666
.0028959551515593727
.0005034531415008502
.005486997428331692
16232091495903135e-21
9.556748713237509
14.531727348734425
.006113416068131349
56959595113667555e-21
.12141795771459286
.0072414120354898
.006879197045219819
.4181830647392024
0
.4109269495562397
0
3.861490741166906
18.27347846695555
0
0
.00699974468885424
2.9389724064883294
14.020065039940135
0
0
42.951855186902705
28.387442571602513
8.793785388610976
.0025819145864562363
.0006369043988547616
.0013751656661882576
.006742343579096704
0
0
0
23.285264755897526
3.3014022734451793
9.251141588087053
16.611814541680868
.0014909459947255968
.008671319191073225
.00042869282583832654
2.0760555983694955
.0003881363203838038
.003309487356341138
.011231189648753647
.0015129993669339425
.9715948451926135
1.4052839138693924
.00013798427014456065
.026155080648343442
1.2915503279267515
1.5901416553486134
3.373813529828374
.003345421025012498
.00044852410627482033
.6338061032703906
.7497101414468758
0
.45520848482329
.820871491221309
1.9456790493423397
2.6625833781512127
0
5.452757688353884
2.0570563273500206
.5056345973693273
1.1263207636449233
.9416905441785682
.0009329365070306822
50
8.41984261091001
.4471323724176548
.0651677571760853
0
0
0
5.100145905776432
.01011598347543509
.00046804235931714055
.5367302301647272
.001339648698002861
.0002453687834060239
.015345406503955968
0
0
0
0
0
0
0
0
0
0
0
0
0
0
0
0
0
0
0
0
1.8637281531245888
0
0
0
0
.6279301906286443
1329.727301329195
.004425074331673175
.10680765424798931
.020281833313061184
.224655494265246
.5666996877921437
.9694443415136563
1.3784592936343827
1.4609674617007111
.00756726721262042
5.664434074233289
6.040794012345607
.15275510689203967
.34395903582794757
5.4225583020589365
3.834504933356571
0
0
.02
.02
1
8
.02
.02
.02
.02
.02
.02
.02
.02
.02
.02
.02
.02
.02
.02
.02
.02
.02
.02
.02
.02
.02
.02
.02
.02
.02
.02
.02
.02
.02
.02
.02
.02
.02
.02
.02
.02
.02
.02
.02
.02
.02
.02
.02
.02
.5
4
.02
4
.25
.1
.02
.02
3
.02
.02
.02
.02
.02
.02
.02
.02
.02
.02
1.5
.02
.02
.02
.02
.02
.02
.02
.02
.02
.02
.02
.02
.02
.02
.02
.02
.02
.02
.5
.5
.25
.02
.02
.02
.02
.25
2.5
.35
.02
.5
.02
.02
.02
.02
.02
3
.02
.02
.2
.02
1
.02
.02
4
.02
.02
.02
.15
.02
.02
.02
.02
.02
.02
.02
.02
.02
.02
.02
.02
.02
.02
.02
.02
.02
.02
.02
.02
.02
.02
.02
.15
.02
.02
.02
.02
.02
.02
.02
.02
.02
.02
1
.3
1.5
.02
1e-12
.33
.33
1.5
1.5
1
1
1
1
