3.016913996454154
.004928068313854991
.00014345416496138431
9638950316446083e-21
3843933330557654e-28
.0006219945681186826
6.415826728452038
.7345628432923459
.04051929509792904
.021181239883022524
.06557278977384443
.752589505978698
.7164010002018627
.05987376784575668
.0009206292288301039
.008985888589339417
.0013536830706970546
.00188982312207428
.06998896725986238
.004800638632465752
.0019573024764973084
.003360913237079665
7258426716573152e-20
.0016437617406005192
.09169741679558326
3.8851874237221904
4572437441372682e-21
.005563949390541406
.006352866553256851
.006039617312112001
13207826883870106e-22
.00016165744090536048
.013393152937375242
.0011765127203648173
.010431118102175351
36129171640953172e-22
.0025439416065136736
.0027247018258146323
54736794654439e-18
.005150012771271513
5628195082687313e-21
.006037863539450618
.006037464612861757
.02046708484771646
.0005490022113473198
.11122034799869068
.007289775902596671
.0004664783850306133
.025734091817134312
.06100953204283632
2541520312757704e-21
.14162531550704124
22325617459120225e-21
8.75161052081894
8.351704715018199
1.1926353633697222
.006500570503168365
.0006809385597363885
.0007550113035147123
.18447942982317178
.11043459856572588
9.774480047277947
7.8021516357840595
2.666944830704746
.0014946577776098061
.0002849778167620324
.001357643722630707
.005894384678061949
.007049442680449886
3.5861772826889875
.0007184216868802817
9.774480047277947
3.108976923425654
9.47219687501488
9.016064015760525
.0013996502487170904
.009522730187318603
.00017199269960118754
2.077054734320698
.00018160506255472092
.0015149927177838666
.01070195210670572
7609808459039761e-20
.6502538610002104
.04287482378601314
1863296051358274e-20
.0006224795627978621
.327548934294298
.2998129465532907
2.444559788792383
.0001585387483957273
.00044412430218146356
.6466027771048126
.7706026252924535
.09982362297020315
.00018854588534217295
.16244637517359095
1.1933485946636184
1.0259294613138936
.06591649713035187
1.2543931426264572
2.0237533832793666
.018618698485552476
.023910259229116992
9412955804166483e-20
.00014787079607023087
3.744725080646571
4.372173833770017
.46386102837977883
.002923553103733903
.000123701712163767
1816836807541025e-21
5077360624451497e-23
.05035727274723731
.015287393619484958
.0003723967215210112
.3618266936679988
3067046012859191e-20
.00016178222189431026
.024052043863768153
7270219619059942e-22
0
0
0
0
0
0
0
0
0
0
0
0
0
0
0
0
0
0
0
.07910325537653742
0
0
0
0
.1546966344451587
1251.8664588009567
.004165968562114445
.10055363965424487
.019094250995849448
.2115010181222015
.017739922712893846
.3939283012593216
.0135701565954111
.38627933421121624
.004285650523965073
2.125934930301679
2.251279853234823
.002207976406182492
.004848986668522792
.5014070686528911
.36286177026416927
.17851125534061876
.3489744756845426
.018828920148508517
.018828920148508517
.048952745241790156
27887370990426354e-26
.018828920148508517
.018828920148508517
.018828920148508517
.018828920148508517
.018828920148508517
.018828920148508517
.018828920148508517
.018828920148508517
.018828920148508517
.018828920148508517
.018828920148508517
.018828920148508517
.018828920148508517
.018828920148508517
.018828920148508517
.018828920148508517
.018828920148508517
.018828920148508517
.018828920148508517
.018828920148508517
.018828920148508517
.018828920148508517
.018828920148508517
.018828920148508517
.018828920148508517
.018828920148508517
.018828920148508517
.018828920148508517
.018828920148508517
.018828920148508517
.018828920148508517
.018828920148508517
.018828920148508517
.018828920148508517
.018828920148508517
.018828920148508517
.018828920148508517
.018828920148508517
.018828920148508517
.018828920148508517
.018828920148508517
.018828920148508517
.018828920148508517
.018828920148508517
.11062564999545983
23055156711742716e-21
.018828920148508517
23055156711742716e-21
.11759334849807723
.07395662611236267
.018828920148508517
.018828920148508517
.00035232599431640413
.018828920148508517
.018828920148508517
.018828920148508517
.018828920148508517
.018828920148508517
.018828920148508517
.018828920148508517
.018828920148508517
.018828920148508517
.018828920148508517
.016247216966202058
.018828920148508517
.018828920148508517
.018828920148508517
.018828920148508517
.018828920148508517
.018828920148508517
.018828920148508517
.018828920148508517
.018828920148508517
.018828920148508517
.018828920148508517
.018828920148508517
.018828920148508517
.018828920148508517
.018828920148508517
.018828920148508517
.018828920148508517
.018828920148508517
.11062564999545983
.11062564999545983
.11759334849807723
.018828920148508517
.018828920148508517
.018828920148508517
.018828920148508517
.11759334849807723
.0013262101509809788
.12175532111265064
.018828920148508517
.11062564999545983
.018828920148508517
.018828920148508517
.018828920148508517
.018828920148508517
.018828920148508517
.00035232599431640413
.018828920148508517
.018828920148508517
.10939165306269322
.018828920148508517
.048952745241790156
.018828920148508517
.018828920148508517
23055156711742716e-21
.018828920148508517
.018828920148508517
.018828920148508517
.09540187207749155
.018828920148508517
.018828920148508517
.018828920148508517
.018828920148508517
.018828920148508517
.018828920148508517
.018828920148508517
.018828920148508517
.018828920148508517
.018828920148508517
.018828920148508517
.018828920148508517
.018828920148508517
.018828920148508517
.018828920148508517
.018828920148508517
.018828920148508517
.018828920148508517
.018828920148508517
.018828920148508517
.018828920148508517
.018828920148508517
.018828920148508517
.09540187207749155
.018828920148508517
.018828920148508517
.018828920148508517
.018828920148508517
.018828920148508517
.018828920148508517
.018828920148508517
.018828920148508517
.018828920148508517
.018828920148508517
.048952745241790156
.12135357467179808
.016247216966202058
.018828920148508517
9999999999969804e-28
.12193781503453754
.12193781503453754
.016247216966202058
.016247216966202058
.048952745241790156
.048952745241790156
.048952745241790156
.048952745241790156
