-.10164084577285991
-.1285625841638483
.0002338068032918503
.00106271652677774
-.015271802712110216
-4083510097245449e-22
1879244030055909e-21
.0012911729820530063
-17005236534537034e-21
-44237031706288565e-21
-.00035025838269732803
-25712957273464e-19
6498285942404476e-21
-.00047467386972122456
29373381901729358e-21
.06556739971695273
.0012967392753529716
2830939435830303e-21
-27522330566368897e-22
7986000727453936e-21
.0004564930178146535
-.0011332339774203575
-43257571225451464e-21
-.0014218116878325611
-.035270500342458454
36696136456543468e-22
38898824861251695e-22
3404628352496382e-21
1926341333410958e-21
-4572557679184483e-20
384996846045315e-20
433301128121385e-20
-3910320485249533e-21
40990241787046165e-22
13651025772239123e-22
2883505534408266e-21
25705831423564713e-22
2865745019902506e-21
7202696624987458e-21
397175871882411e-20
.0023943757213740124
.001964834109407346
-.0036465446635444766
1054521682936423e-21
-1039851744139108e-21
-4349895861860342e-20
-4535871392393638e-20
.0034642652279578156
-.0009706001827134174
.001423681859302367
7642733986382875e-20
-.0005078349365631909
-.0023385454354614755
.00039958125988649945
-.0005841709881008793
-800228710964629e-22
.0009121747085987407
.0012663901798472996
-.000547680227469957
-7763225015505302e-20
.030869225576984072
-.02353766080862397
.021377436710292595
.0012958588749391443
-25708877727256608e-21
741532940058788e-20
.0005745329561409584
-.006662198792391353
.0009857731004666984
-7228069295186723e-20
-.0014906280937732655
.001683315066395305
.015357099050292564
.006673249649187993
5370318013590085e-21
-10734123350430027e-22
3042098651107194e-21
.0005351190498187093
34814176504149162e-22
.0012968731157221012
-6588076455850443e-22
.000500679925018357
-.017906985006836105
-.022640579092374487
.0012992908342263861
.000114688089195815
.192702995015917
.011061122979990918
.2767270868671897
-.00030183795704696203
-.0001351260749356152
.0022990513244897466
-.04123955494570111
-4082048297033809e-20
-.0004877476689338005
-.011733628362215195
-.004226543466186131
-.0037847840333976937
5954840292706435e-20
-.12497655641925741
.07152880194938073
-.004853314492946712
.006088017865132809
.002844796690493867
-.00013510297947151795
-.003586263984303946
.13093809382353258
-.0004948173924407115
-.0005144914434856797
-.0011193649707671592
13809449808730134e-22
.009156184174618193
-.25620694615921835
7841775950729487e-20
3183768074491777e-21
.006165425020225597
.0012983550000999267
-.0011987009483710508
.0015788703484495845
13121003935630132e-22
0
0
0
0
0
0
0
0
0
0
0
0
0
0
0
0
0
0
0
-.03876015061390057
0
0
0
0
-.011837943463708239
-7958746096158299e-22
15256734061247804e-22
4442670320661711e-21
54063578374208905e-22
0
-.14387686414694356
-.2833586349129727
-.00045477640183229346
.0021977734386846204
.753460095184016
.006528170969480811
.009344924674249147
.0026213747192135885
.00806715099712049
.001215514373476728
-.0018764913487880038
-.00268424324207743
-.00019214445589534298
