1.519606060020186
.5194709145807827
.008911680375574393
.0014118857216489117
2993161741845674e-21
.02838950592981614
6.943337098750111
.6806618834669202
.05552920015652066
.05609060438476889
.06864872592896602
4.991883127892975
.7794927121953891
.360833587406333
.0061365552682385045
2.3739965503870835
.21494439976857752
.0035445202049899545
.07590574560745729
.004824824163295744
.0018964724907883314
.010332833608517878
.00015076831845524665
.0027271673237798965
.29948814931088735
18.01548113101104
.00013912586951409482
.005694730571704269
.006018788814385253
.005346784401388696
15543740360239314e-22
.00017625092529315113
.01381136361989609
.0012183087523636664
.009804059268623098
2059118009639949e-20
.002189851776937035
.002760081020959493
.0003402580294054052
.005409804778932897
3464012241712802e-20
.005415196426325345
.005586049783289339
.021730586820607124
.00034785161377229263
.10816316075250289
.007923493627544348
.0008495103739170011
.04807527992413988
.25841389986005214
.0010095170946693933
.6322101255142821
.008430818602413803
12.25150893079852
11.423354290380404
1.404566147976269
.006624068369207199
.056750287549528274
.06236944011807574
.2068728257280481
.13110337798184435
29.73858586639752
23.50468859706919
8.214062241073428
.002379421502448312
.00040711443103410986
.001444895361406437
.005983360639082745
2.3533401160509246
7.113102757187979
.01684998875313466
21.9507292934225
3.6603064398275613
9.309960327239411
20.539655494230782
.0012838057139171978
.009168315462931065
.0006406436384615517
2.0748501965304302
.00032943784706638055
.002792964476736967
.011658851569655609
.0003760958502346913
.909873688921247
.6691102070369453
27473653723789273e-21
.007845406579262427
.8776350152228126
.788587722030936
3.3752930745501635
.0001761100766545385
5795588333497127e-20
.6591679231099692
.7768023704521042
.07805692847495556
.009830819071783561
.2863964897646419
1.586936826537224
1.4759580881349115
1.8841302344086897
1.5922689143010778
2.0089902698012745
.02680184968649508
.03293322089749145
.008767329705828452
.0001646963252056606
6.173599747875737
6.026224984423805
.5564768915071562
.016878008248214418
.0031560675388640396
505344398582032e-19
.00046803150948279893
.08614858472915257
.022614395498598627
.0008317536586225715
.42308649478192784
4903034487421799e-20
.00024438115488496136
.0337874578708462
18347250234144982e-21
0
0
0
0
0
0
0
0
0
0
0
0
0
0
0
0
0
0
0
.7420338523039304
0
0
0
0
.5558141101321623
1300.6199110917612
.00433570220021675
.10485768702737389
.019098063547070804
.21897831453441624
.10689341610080318
.6185988450881504
.13231186301648218
.37886090696426933
.0060979720414219086
2.894448649619595
3.2914092219171662
.015200607639892139
.042462500391522835
.8259735548920376
.5650051198628288
.23734093585637067
.406836031077969
.019401301517576637
.019401301517576637
.2187981354935288
4224984116537391e-20
.019401301517576637
.019401301517576637
.019401301517576637
.019401301517576637
.019401301517576637
.019401301517576637
.019401301517576637
.019401301517576637
.019401301517576637
.019401301517576637
.019401301517576637
.019401301517576637
.019401301517576637
.019401301517576637
.019401301517576637
.019401301517576637
.019401301517576637
.019401301517576637
.019401301517576637
.019401301517576637
.019401301517576637
.019401301517576637
.019401301517576637
.019401301517576637
.019401301517576637
.019401301517576637
.019401301517576637
.019401301517576637
.019401301517576637
.019401301517576637
.019401301517576637
.019401301517576637
.019401301517576637
.019401301517576637
.019401301517576637
.019401301517576637
.019401301517576637
.019401301517576637
.019401301517576637
.019401301517576637
.019401301517576637
.019401301517576637
.019401301517576637
.019401301517576637
.23387928122466234
.009168111663833777
.019401301517576637
.009168111663833777
.17098219089500982
.08590221204249937
.019401301517576637
.019401301517576637
.03142417055280473
.019401301517576637
.019401301517576637
.019401301517576637
.019401301517576637
.019401301517576637
.019401301517576637
.019401301517576637
.019401301517576637
.019401301517576637
.019401301517576637
.15351724788103605
.019401301517576637
.019401301517576637
.019401301517576637
.019401301517576637
.019401301517576637
.019401301517576637
.019401301517576637
.019401301517576637
.019401301517576637
.019401301517576637
.019401301517576637
.019401301517576637
.019401301517576637
.019401301517576637
.019401301517576637
.019401301517576637
.019401301517576637
.019401301517576637
.23387928122466234
.23387928122466234
.17098219089500982
.019401301517576637
.019401301517576637
.019401301517576637
.019401301517576637
.17098219089500982
.055982753917179766
.20562847864077136
.019401301517576637
.23387928122466234
.019401301517576637
.019401301517576637
.019401301517576637
.019401301517576637
.019401301517576637
.03142417055280473
.019401301517576637
.019401301517576637
.14758380075055058
.019401301517576637
.2187981354935288
.019401301517576637
.019401301517576637
.009168111663833777
.019401301517576637
.019401301517576637
.019401301517576637
.11942569577306644
.019401301517576637
.019401301517576637
.019401301517576637
.019401301517576637
.019401301517576637
.019401301517576637
.019401301517576637
.019401301517576637
.019401301517576637
.019401301517576637
.019401301517576637
.019401301517576637
.019401301517576637
.019401301517576637
.019401301517576637
.019401301517576637
.019401301517576637
.019401301517576637
.019401301517576637
.019401301517576637
.019401301517576637
.019401301517576637
.019401301517576637
.11942569577306644
.019401301517576637
.019401301517576637
.019401301517576637
.019401301517576637
.019401301517576637
.019401301517576637
.019401301517576637
.019401301517576637
.019401301517576637
.019401301517576637
.2187981354935288
.19016662462162884
.15351724788103605
.019401301517576637
9999999999984803e-28
.19986110671278423
.19986110671278423
.15351724788103605
.15351724788103605
.2187981354935288
.2187981354935288
.2187981354935288
.2187981354935288
