43.83122158461115
.3288196091238632
1.166974753003423
48.58335602531314
1.2917418069884472
8.174770358947999
.858103674613934
.1768458250855162
1.4122255635270884
.0698522185217464
22.025909534846484
.7467154299300057
1.583483324815368
.020272247944032096
9.133332913685495
11.582662731884563
.010263072177095477
.08240790291763972
.01700224652747271
.006975839664878275
.04508848218114799
.012957191177505658
.009541480140401931
1.5383300719347435
29.59335838384364
.005031417464083987
.006042305524493076
.007206900866699688
.006300399703857224
.0051116808337111274
.00017420733751719733
.015461780167511248
.0012959244495458434
.011470060244544025
.00029292418643707397
.004970603988904339
.002856297197773206
.0025075171825786426
.008804150884484097
.00021110464407235322
18.883263734480764
18.623315441090522
.029725544437257112
.0037027657872323295
.13617931619050505
.011104745761786624
.008669095609029415
.6346035005426294
5.425639416882023
4.787414597853591
3.9124169340266644
4.9845155074456935
21.455574123313497
20.20634609936723
2.0051361632954876
.007070514191693704
9.948561649561995
163.4507413201386
.34950785308622606
.17122638290420197
56.989196237921036
51.25844681023919
17.680125025806344
.005909207556650835
.00218363836010384
.0018063594937329948
.010762479890419981
79.57839129955705
78.71855669888681
.03919875768807458
28.48287754643055
3.4373616478119686
103.8099098359186
33.61892902410105
.001478344861237635
.010537814390248347
.004943572794310861
2.6847163934957945
.0010584470721898167
.00940225226142001
.01137222189596389
.00821246885895674
10.301797528934825
24.06360055070245
.009485265340708144
.05471249717003431
26.640066939871705
137.7764973250003
7.487172885937711
.015150522776640326
.009595337432733327
5.242393537004017
1.6058713112039582
12.026966137892318
10.628992339304217
6.344428904272402
8.050245325320393
6.645006938244468
4.0318915753646225
65.8097445787497
2.1492544976035353
7.457139112999495
5.611480202399758
2.7003573742730462
.003434979052759116
65.87605974078298
8.777923342193306
2.2839406130576303
.4687878664399974
.017385818394198622
.00017665195093827054
50.829110204241694
106.87976089711334
.09073386193060758
.003347462540832478
.6502561687500112
.006475135346340504
.007080850228621109
.19665989240696477
4295790616011665e-20
0
0
0
0
0
0
0
0
0
0
0
0
0
0
0
0
0
0
0
3.4351621022417116
0
0
0
0
4.52495114607375
1328.6941555253788
.004647832438900824
.10624454251750401
.019960166295326095
.2196564687082442
.8210484300013784
1.1397337714900142
1.5573107546177587
19.15499898703358
.015669557658552997
6.251443606173912
6.3356225864362745
.36928713496344356
.8258097857518543
82.96602743024728
87.54529676308898
50.140620198440786
88.0918600015806
3.5015239669649754
2.2596899502823558
1.652630649261755
1.7219345608229968
2.797721596758156
1.8596319263653358
2.627655521998723
2.056467581971056
1.8638801224166106
2.1292161861374437
2.040833215979897
1.9426148338010845
1.3355226546604855
2.046270588452323
1.533744573981381
2.7012308973361066
1.9847603025367655
2.299120980410731
2.4748641154518403
1.7881059583429662
2.603597903879682
2.8190492090040764
2.5567271895594037
2.116802498301571
1.8482224152018498
2.3935242761686157
.02416719590364003
1.7664398637704664
2.406992863668624
5.894749473502336
2.092392575994032
2.032526238493416
1.292769069628197
3.289880716937414
1.4190343478456522
1.5230677736607043
3.1661141911901587
1.2582106283336805
2.038131438179929
1.5552896025103002
2.024394904799748
1.4927693573990324
1.812769651802691
2.7149556515261786
2.1688535831174534
2.3080336716947163
1.857446481798273
2.1985080880925585
1.6613325858912795
2.192099622399819
2.4999915723659027
3.1074989320446673
2.4081227155283633
2.1095903221510133
2.0299550607664187
3.291533368715815
2.5318761482633643
1.072942479803459
2.6901989272043183
2.9035486470519105
2.166448308077364
1.1849535267109614
1.6916499706987003
1.7056469184696548
1.9227445226837743
1.5247806433776334
2.470685319957772
2.1672375917983557
1.836175992907463
1.6987593981387004
2.6587287839634675
2.4793497525560824
1.7984611011451728
2.302875822570128
2.4560142354926513
2.1036611180695233
2.4822891074559066
2.200940938126576
1.9798361714631874
2.944692221117543
2.1606153812200746
1.886204677061344
1.2905596737582774
1.6040707475189808
1.5742841404108199
.7034750547205169
.1779015606425559
2.046584422284949
.01154565094670647
2.626708958636642
2.05600267230762
2.4515201291609796
1.9200341459657422
.19842146701141825
1.5050571907567605
.2052274763657614
1.1699079940622343
3.3004806682979115
1.7904709304450652
1.9007440961110669
1.8279706458750105
2.2495593803651883
1.8594171536880866
2.1031276907122995
2.1134772365109917
2.4234322535717046
.00953406918489012
1.9062228634287035
1.9890745752642212
1.4300884424496474
2.2735762989750508
1.8066726287343566
1.2985200587862882
2.262415260472452
1.8717320066969678
2.2160080432249547
1.9481086306546953
.6936010429172643
1.7015176437133432
4.733363708916921
6.512167642323011
1.5338898030244477
2.081623755394198
2.67908893699251
2.552026058632826
2.758484920380731
1.9854788732840836
.008375659262283909
1.5028834667815532
1.3499889384622308
2.790670462831487
2.4398146830503813
1.844273310771703
1.974585055191917
2.2012662683923834
1.9643388673152042
2.7014735076151566
2.2681823437248867
2.4894140297794345
1.6392403875411439
1.7183886574883473
2.2605316201183436
1.3114059115080487
.22824495177812842
2.2513524700415353
5.534083740389171
1.5572012050927944
1.7834438392476928
1.9902385351935157
2.2592578782969452
1.0123089817774138
1.663272979035738
2.1446505365328203
2.075966866876993
2.1667636620253545
1.4111568480687915
2.1066261831776685
2.5645073505246927
1.827528761253576
2.54679131003797
1.482249928868455
1.139218993854923
1.4654131162107766
2.012345007345145
2.122865535303487
2.198062242270389
2.660918345808106
1.3307477549808666
2.3275161262371826
2.231716066417909
2.40753705293432
2.6061648879219845
1.7400271590858702
1.9908132579731406
3.1963490065951494
1.8033170100954161
2.1051247343824944
.023113802278118205
2.0839159861463306
.05993919093205618
2.003316587760873
1.8391928907681032
.5616901414912213
1.47585472654663
2.158658598450058
1.248997269303599
.04760064378493386
1.9989485947680974
1.164944913522326
1.566218497911044
2.205436828047069
1.9030692728380878
1.5609193639457697
2.4221058923604932
2.9993208569225778
2.7555240373588847
.6742812985018827
.012191026076273984
1.9458093977099111
2.153480356394937
1.896147386001074
.04759534833746783
2.363680428913897
1.823970049670683
2.2234928009275423
1.2179190112401617
1.2349389472187389
.006370480716619831
.003995588976431249
2.2784844842312175
.5940344441138601
.14309836719913355
.8116458220412288
.20425893199281608
2.175597695330165
.10280506841351321
.09953644687060069
1.821359804837632
.6094864534594528
7.940916663815585
2.108236386315382
2.1228533062337958
2.4510160019879863
2.3464417920922886
2.2746136576326177
2.194453584508679
.12129835377805531
.1686606928152304
1.922533051623083
2.9759645968397512
1.0560424786416518
1.9709273068235384
2.306969103513176
1.9681247674477027
.010363992651642435
.29343966569178676
2.7486034330373914
3.543171899850453
4.408187012727934
4.2626380447497
2.538359021706522
.011390388104761078
2.7523291525688642
1.310636902703054
.015394780670404219
.011324097950150578
.15691105632199334
.012313612728237569
1.842796319288238
2.789844267824455
.01
1.791420757773296
.014493801424057779
.0070804816470619964
1.9004095780758645
.00853138038932756
.007166697811620282
2.1886778636849336
.007178568018076663
2.220511451513752
2.176822914093487
1.6826944796227092
1.634099714548868
.009558488437681362
2.0067224589380963
2.2331985045932696
2.5830020463582404
2.4067499629382296
2.1402546396011353
2.8087106463937297
.010910441377804721
1.4607866566978287
.01090613338343065
.008595654177578935
.009755899249231818
.013016654350395175
.010362290764714115
1.438149282467742
.08751974487860055
.0709308410473622
.009225007983603655
1.3791160794143404
2.2209058529417915
.08959127259399172
1.8580319546417945
1.4748489208803175
.06663478774580933
2.264476181613874
1.6226859890991396
1.7889168858563105
2.8120561578811523
.009406205286490266
1.627852894689678
2.841492670295734
3.3361857780313118
.8141294911025609
1.5882217747030463
2.1911090967454547
1.4608931860571333
2.2216578502838353
1.7939658236307452
1.6672570851928104
2.1532356237836576
.00869683588205805
.2070148138005797
.18594299906028497
2.028450417107996
1.4260828040266555
1.986337876156041
1.6856827769348224
1.4204345454983403
2.3368799823726687
2.302868346667209
1.8192908018026763
1.998334957481247
2.1048830708534125
1.832147886336837
.006375074267164418
1.6310788247151482
2.0783690273702935
1.7234764547729
2.3837677022853323
3.25809381592891
1.8006836821775867
1.9705326425866023
1.871393714653214
2.2178896860170836
.11497701917011044
1.8683377811205804
2.368991812568556
2.2733753107251973
1.651062459481829
2.4687438125914034
1.6664917052644221
.2340609532385609
.14672832486078033
.12954393761596417
1.6243859355145875
2.0546726095507237
1.8885578856829608
2.4692051645217745
1.4276579824933449
1.808295131212282
1.5517117569619798
2.089497263659946
2.4207314280562358
1.6283440147800754
2.210701222966249
2.4409448927395454
1.9945272907447613
2.138163921679793
3.032182447914389
2.1351084054385683
2.1010524745584482
1.917988243499797
1.4363711615217507
1.9903427750376963
1.6222703840550128
2.221737575007214
1.868039823594633
1.516584269101228
2.220553239872499
1.804238612577482
2.283074957365041
1.3013631566545225
2.2643375674521677
1.6226021299998252
2.454200030601575
1.7306413680830501
2.1579670233653125
1.7560612653078422
1.9961692776617992
16.345599063561334
16.609797136626863
2.6371464815386423
2.106205025709095
1.794555679704746
1.3406736838821365
1.4573821594582521
1.5058949963054427
2.646036079771937
1.6670481078521686
1.772596559640802
2.1360831210213402
1.9287815814260452
2.910227870609549
1.8321633613829766
1.8633126466417105
1.4814131180687136
1.817623245588884
1.5196041287358284
1.8792676533285197
1.3262310996207989
2.0081565206842926
2.1842812608752014
1.2559057294407139
1.8708897375072708
1.583659477142834
2.2320336425999354
1.9539692528656134
2.6450217772983122
1.9370278137889443
2.1170812156375862
2.670257260940744
1.2158581714434797
2.5067050194170033
10.95801462874591
1.8234857909648825
1.654451029748695
1.6188610817394378
3.491914441197496
1.9712830591256367
2.091057519271637
2.9914351344507004
1.6065424748235344
1.818353164347808
2.838384323347012
1.3685357111752647
3.116567036654749
2.5645130535198106
2.523006412976276
1.9699828685992975
1.4087035337296612
1.6825157875285022
1.7296915571258697
.2826501722864536
2.690229590731787
1.7024372860600758
2.481553485848965
1.6500919107827865
1.9470332702041182
2.572464582121825
2.0684958902927217
2.214335203609736
2.007043285418072
1.5872892175657856
1.389978727890716
1.9719787080360613
2.5947007785934733
1.7090550192098621
1.932146158677656
1.4711065673834876
1.6522006817034445
2.574432980202139
2.8753139676020014
1.9704851965562593
2.1470809393386334
1.9215487921455212
2.303741252123703
1.6311435724319694
1.1792737788152918
2.209104380403315
1.8141791300030639
1.5944228843592323
2.3589304997318403
.17408675723272093
1.046582977098469
.12346696870483402
.9747536361084813
.1047313864066427
.8267602504817125
.09437755268695504
2.100528683871517
.16517595359557252
2.6569567666187157
.08310893347533446
1.0031169223867387
5.458234888575155
.35043019582116547
.11555577054498835
1.2953628177153083
.07107285543539309
.20216461273408715
.04172131966829614
.8800502865772478
.06904882175157567
1.1209738795127466
.0995488682796407
1.3169731597297396
.18058406914017466
.8975721163160788
.055083824670545366
.6874900844489574
.060917925414567156
1.4195086346214427
.00020764410003921936
.0004061175943166423
.11327903857132224
.12375132470426634
