6105534911604896e-27
40.79334322546504
.14853581841021474
.3211635905208746
11.602174232507926
.35251276604884973
5.607800696733744
.21347843463847846
.002881569903267573
.315709120678528
.02701628678478601
8.747269484117494
.7558987108055595
.6085138460985464
.008650784207847406
7.72947302091733
.9786033284909444
.004133403812186322
.07498165461706402
.00443435319717996
.0018257591673493207
.039215569520013024
.0001367639595371759
21544109406027948e-21
.303340464942729
4363821483453682e-23
11424978264198261e-30
.0055889108424114365
.0066322171013062994
.005734692468454549
.0023776314209022044
.00017712842406206097
.014390809310336945
.0013229669408290688
.01039121443163022
34768217171659484e-21
.0004860241999542603
.002910827369459362
.0005044465970266059
.005209199585382853
17231897718745652e-21
9.394096337434979
13.702847888038399
.005968527240070709
5920019910093438e-20
.1215722679874414
.00788980508483943
.00761758001157381
.40255425108692505
7754674739709704e-26
.45614246214515364
26896870610711238e-27
3.7581211564892
17.791168606276518
15389107054903994e-25
20951852821410688e-26
.0069810795864483485
2.823448465954708
14.085945442203167
27223029055412045e-27
2244650612194052e-26
41.552558819882776
27.854765389573302
9.439058718089534
.0024188590604626433
.0005919386549688316
.0013999556916627156
.006829418954306645
5316231147648563e-24
0
7881759983977755e-27
24.35148991507488
3.6132897219339664
9.589252892973217
17.153807592015177
.0014772057442095166
.008721301855448923
.0004302343596436015
2.1428205605637536
.00040407947590413446
.0037039055087138544
.010591843916688118
.001647544627110479
.8980383169632296
1.520444086356966
.00012755283580470316
.026008108241631116
1.3100710584570092
1.6866700893323636
3.1042897025974985
.003635349123945338
.00046296939886286725
.698487370514942
.7749021515184339
10410006308841221e-27
.45824481637337816
.7892235768476328
2.28943702461471
2.8233478944789954
33706093001300636e-26
5.745186346075258
2.1162167242206444
.4995218317538938
1.1674992277269927
1.0050368087589938
.0007992954453658122
49.99999999991859
8.016975680678094
.46046530228749744
.06829402965328439
6160377966806372e-28
6216499710530951e-30
34908927633899814e-25
5.068667215621555
.010776461773423033
.0005279094581586302
.5390786597056039
.0012315233312548523
.00023005379995631045
.014790631008276654
31112537407188905e-31
0
0
0
0
0
0
0
0
0
0
0
0
0
0
0
0
0
0
0
1.944436022504221
0
0
0
0
.6158998464397315
1299.596211264955
.004563017265608262
.1104591026739495
.019096787757641218
.2272252979232512
.5589329718207434
1.0428876676056247
1.3646113272189313
1.4169767531472977
.0077072248043136135
5.967622722738905
6.272870178866943
.14419157703354518
.36018682444151284
5.260904972651069
4.0038282009478285
10384455554910591e-26
16068761878358742e-26
.019999999999997558
.019999999999997558
.9999999999938944
7.999999999609246
.019999999999997558
.019999999999997558
.019999999999997558
.019999999999997558
.019999999999997558
.019999999999997558
.019999999999997558
.019999999999997558
.019999999999997558
.019999999999997558
.019999999999997558
.019999999999997558
.019999999999997558
.019999999999997558
.019999999999997558
.019999999999997558
.019999999999997558
.019999999999997558
.019999999999997558
.019999999999997558
.019999999999997558
.019999999999997558
.019999999999997558
.019999999999997558
.019999999999997558
.019999999999997558
.019999999999997558
.019999999999997558
.019999999999997558
.019999999999997558
.019999999999997558
.019999999999997558
.019999999999997558
.019999999999997558
.019999999999997558
.019999999999997558
.019999999999997558
.019999999999997558
.019999999999997558
.019999999999997558
.019999999999997558
.019999999999997558
.019999999999997558
.019999999999997558
.4999999999984736
3.9999999999023115
.019999999999997558
3.9999999999023115
.24999999999961842
.09999999999993896
.019999999999997558
.019999999999997558
2.99999999994505
.019999999999997558
.019999999999997558
.019999999999997558
.019999999999997558
.019999999999997558
.019999999999997558
.019999999999997558
.019999999999997558
.019999999999997558
.019999999999997558
1.4999999999862625
.019999999999997558
.019999999999997558
.019999999999997558
.019999999999997558
.019999999999997558
.019999999999997558
.019999999999997558
.019999999999997558
.019999999999997558
.019999999999997558
.019999999999997558
.019999999999997558
.019999999999997558
.019999999999997558
.019999999999997558
.019999999999997558
.019999999999997558
.019999999999997558
.4999999999984736
.4999999999984736
.24999999999961842
.019999999999997558
.019999999999997558
.019999999999997558
.019999999999997558
.24999999999961842
2.4999999999618403
.349999999999252
.019999999999997558
.4999999999984736
.019999999999997558
.019999999999997558
.019999999999997558
.019999999999997558
.019999999999997558
2.99999999994505
.019999999999997558
.019999999999997558
.1999999999997558
.019999999999997558
.9999999999938944
.019999999999997558
.019999999999997558
3.9999999999023115
.019999999999997558
.019999999999997558
.019999999999997558
.14999999999986263
.019999999999997558
.019999999999997558
.019999999999997558
.019999999999997558
.019999999999997558
.019999999999997558
.019999999999997558
.019999999999997558
.019999999999997558
.019999999999997558
.019999999999997558
.019999999999997558
.019999999999997558
.019999999999997558
.019999999999997558
.019999999999997558
.019999999999997558
.019999999999997558
.019999999999997558
.019999999999997558
.019999999999997558
.019999999999997558
.019999999999997558
.14999999999986263
.019999999999997558
.019999999999997558
.019999999999997558
.019999999999997558
.019999999999997558
.019999999999997558
.019999999999997558
.019999999999997558
.019999999999997558
.019999999999997558
.9999999999938944
.2999999999994505
1.4999999999862625
.019999999999997558
1e-12
.3299999999993351
.3299999999993351
1.4999999999862625
1.4999999999862625
.9999999999938944
.9999999999938944
.9999999999938944
.9999999999938944
