0
39.850124793063486
.15472952385560315
.30431262240633
11.998508056801594
.3633070337622724
5.93400010051965
.2052880492172601
.003193829016401151
.3206969984690185
.028829941131804374
8.780356301797317
.730610975246609
.572165451885088
.008701731985093584
7.939945332459511
1.0425125927227177
.003995169713506046
.07686867202367703
.004415982403737354
.0018588527385273634
.038479506459864025
.00013212086466400183
15684523210634053e-21
.2776094416670784
0
0
.005156502929624436
.006674001251842097
.006000311294942277
.0021711930154737933
.00018775694215003146
.014459299325297546
.0013151717668470246
.010295196850198758
3180743187805745e-20
.00045753318632125144
.002837240853085428
.0004998677567365166
.005258599603233756
1728215031755043e-20
9.22227486213473
13.626744136762655
.0059952570306998805
60765436203357795e-21
.12033928370247052
.007351491178420794
.007304609432024228
.3791393577710428
0
.46605471756100175
0
3.8326716256228446
17.93584000701861
0
0
.00703217649967931
2.925778836437378
14.121239041720123
0
0
41.55723791628898
26.9796473553117
9.037441769042093
.002497775962229917
.0005991583238038018
.0013933042155899816
.006349659054277361
0
0
0
25.36952025639039
3.5418087351694316
9.652567931922807
17.59570802393909
.0013692703079122481
.008371068104062716
.00043310436241156025
2.1087121986368365
.00039996991289156683
.0035552885042865754
.011779657207128414
.0016195222357902929
.9083484582320197
1.5453247148875462
.00012551736687953276
.026262966076984293
1.288394746034314
1.592057608502196
3.1299738762391267
.003633749714814221
.0004286378017917105
.6035141547749321
.8042745819592625
0
.46610389640410577
.741228143067066
2.27145102456069
2.754312472553281
0
6.159772193312325
2.0698652824063855
.5483770771014659
1.0784292900093209
.9686761154681849
.0008276259784569975
49.12365990888143
8.370357628289822
.45343973393911036
.06904298800564301
0
0
0
5.054355813160059
.009713290690121678
.0005167255916493894
.5056310527765958
.0013354957872772316
.00023178574252487205
.01630428269395993
0
0
0
0
0
0
0
0
0
0
0
0
0
0
0
0
0
0
0
0
1.8919725753368144
0
0
0
0
.6027107027152799
1354.8783503606837
.004465587611978527
.10209734847717193
.02018614230545438
.22609645569690684
.5546885239185221
1.0040707826776805
1.3152702359343986
1.4754548673330918
.007715125936134853
5.840121443495679
5.805876445361174
.1413718053163084
.3442831051392418
5.358955267269896
3.607939016422822
0
0
.02
.02
1
8
.02
.02
.02
.02
.02
.02
.02
.02
.02
.02
.02
.02
.02
.02
.02
.02
.02
.02
.02
.02
.02
.02
.02
.02
.02
.02
.02
.02
.02
.02
.02
.02
.02
.02
.02
.02
.02
.02
.02
.02
.02
.02
.02
.02
.5
4
.02
4
.25
.1
.02
.02
3
.02
.02
.02
.02
.02
.02
.02
.02
.02
.02
1.5
.02
.02
.02
.02
.02
.02
.02
.02
.02
.02
.02
.02
.02
.02
.02
.02
.02
.02
.5
.5
.25
.02
.02
.02
.02
.25
2.5
.35
.02
.5
.02
.02
.02
.02
.02
3
.02
.02
.2
.02
1
.02
.02
4
.02
.02
.02
.15
.02
.02
.02
.02
.02
.02
.02
.02
.02
.02
.02
.02
.02
.02
.02
.02
.02
.02
.02
.02
.02
.02
.02
.15
.02
.02
.02
.02
.02
.02
.02
.02
.02
.02
1
.3
1.5
.02
1e-12
.33
.33
1.5
1.5
1
1
1
1
