1.4957835127202606
.8068771220227595
.012606114637103698
.002607482392759017
4088103110801694e-21
.03307936452245199
6.978821761301942
.6957949401799689
.05556344721055928
.07539999932755174
.0664988156043038
4.990426845232273
.7267612315746738
.37593268142325775
.0054379952370661785
3.433748354894603
.4752244502965856
.003022562011586848
.07607597391012373
.00449099129801372
.0019926449819136494
.010165311400317813
.00018817113334347902
.0030239506704691664
.28054748110338146
17.35718293025911
.0001679683660771429
.005781920879528041
.006779941333814973
.0059050856852907955
12959291415278808e-22
.0001741663277384654
.013984903709455161
.0012605402784864308
.0104297070165656
2302969387479601e-20
.0022502826932762426
.002672563372077902
.00031462073395761527
.0052926696990276785
3214954740136802e-20
.005910169169897983
.006263919906296039
.01994892685805649
.0003172915312359772
.11370677580724133
.007944244000259131
.0008898259526267427
.05246310048415845
.26087181263872944
.001126958331671898
.5682795018559256
.009526518103114374
11.590864201138276
10.829185322442132
1.2996755620489355
.0067715745243134545
.06459075732926559
.07225217184617329
.2195596968624996
.1236114208306743
30.056219830396525
23.03326654536543
8.445790706706438
.00245600276419377
.0005224566006764733
.0014298775180481562
.006366139901331043
3.1356332141769965
7.565297317381664
.018687698926498016
21.57191464121941
3.2198948225613298
8.98960192078561
20.22404881931321
.001473768397972845
.009075574995945674
.0006523895837029626
2.2314979461178335
.000324705411270434
.002872848020558908
.01070458452426285
.00041256382831629025
.9428532559886478
.7215190818287607
25462180327224833e-21
.00968041913459551
.8495222885155999
.7631824734129512
3.502600886487566
.00015128639501307828
5358957773626706e-20
.6008649067470443
.7782271976908763
.07274168797417181
.011181506526037775
.27019160738193493
1.4902470901914513
1.4040713202084463
2.137961140042116
1.5640601670852738
2.0266879101238056
.02420694118482976
.0318223741171215
.00989188590143533
.0001798374023575016
6.343838432230314
5.90852299427082
.5464815775523019
.016500857209290398
.004054096917075875
6448863203488838e-20
.0005156530177542253
.0860276234488763
.02034151934542981
.0008084042753044459
.4490667158451813
44105073187597474e-21
.00023230735857601614
.03893150861052518
23169692661267388e-21
0
0
0
0
0
0
0
0
0
0
0
0
0
0
0
0
0
0
0
.7230522382363154
0
0
0
0
.5176718675208211
1344.0721543253137
.004669089201532204
.10714820600173477
.01959295699826082
.2037802918483
.10698097691461593
.6295041422740446
.13957584220192704
.3998489707887677
.006404769745916768
2.8422645417350236
3.3357935518713098
.016901154752743938
.04027963752512616
.7919507082770773
.5363758598169222
.23933437630005033
.412852821622972
.01941054748848819
.01941054748848819
.22407293355962957
5041990816151009e-20
.01941054748848819
.01941054748848819
.01941054748848819
.01941054748848819
.01941054748848819
.01941054748848819
.01941054748848819
.01941054748848819
.01941054748848819
.01941054748848819
.01941054748848819
.01941054748848819
.01941054748848819
.01941054748848819
.01941054748848819
.01941054748848819
.01941054748848819
.01941054748848819
.01941054748848819
.01941054748848819
.01941054748848819
.01941054748848819
.01941054748848819
.01941054748848819
.01941054748848819
.01941054748848819
.01941054748848819
.01941054748848819
.01941054748848819
.01941054748848819
.01941054748848819
.01941054748848819
.01941054748848819
.01941054748848819
.01941054748848819
.01941054748848819
.01941054748848819
.01941054748848819
.01941054748848819
.01941054748848819
.01941054748848819
.01941054748848819
.01941054748848819
.01941054748848819
.23668173230103665
.010081568789566979
.01941054748848819
.010081568789566979
.17200353682695674
.08610709693734303
.01941054748848819
.01941054748848819
.03374966828155236
.01941054748848819
.01941054748848819
.01941054748848819
.01941054748848819
.01941054748848819
.01941054748848819
.01941054748848819
.01941054748848819
.01941054748848819
.01941054748848819
.15910172549315255
.01941054748848819
.01941054748848819
.01941054748848819
.01941054748848819
.01941054748848819
.01941054748848819
.01941054748848819
.01941054748848819
.01941054748848819
.01941054748848819
.01941054748848819
.01941054748848819
.01941054748848819
.01941054748848819
.01941054748848819
.01941054748848819
.01941054748848819
.01941054748848819
.23668173230103665
.23668173230103665
.17200353682695674
.01941054748848819
.01941054748848819
.01941054748848819
.01941054748848819
.17200353682695674
.05941632774226501
.20735015292549294
.01941054748848819
.23668173230103665
.01941054748848819
.01941054748848819
.01941054748848819
.01941054748848819
.01941054748848819
.03374966828155236
.01941054748848819
.01941054748848819
.14828864285355267
.01941054748848819
.22407293355962957
.01941054748848819
.01941054748848819
.010081568789566979
.01941054748848819
.01941054748848819
.01941054748848819
.11985321277879948
.01941054748848819
.01941054748848819
.01941054748848819
.01941054748848819
.01941054748848819
.01941054748848819
.01941054748848819
.01941054748848819
.01941054748848819
.01941054748848819
.01941054748848819
.01941054748848819
.01941054748848819
.01941054748848819
.01941054748848819
.01941054748848819
.01941054748848819
.01941054748848819
.01941054748848819
.01941054748848819
.01941054748848819
.01941054748848819
.01941054748848819
.11985321277879948
.01941054748848819
.01941054748848819
.01941054748848819
.01941054748848819
.01941054748848819
.01941054748848819
.01941054748848819
.01941054748848819
.01941054748848819
.01941054748848819
.22407293355962957
.1915305681102959
.15910172549315255
.01941054748848819
9999999999985033e-28
.20143849411424353
.20143849411424353
.15910172549315255
.15910172549315255
.22407293355962957
.22407293355962957
.22407293355962957
.22407293355962957
