.5376106437827253
.008353488043331912
.0017039245905454072
26183057882533516e-22
.02276029449156617
6.63741315125229
.6957950565495038
.05460612569315916
.06648303044994558
.07065097097022856
4.747955321223315
.68565502549231
.3479243261349342
.00515843501889541
3.1425132450998396
.38147131900446934
.003345249706118755
.07605958714456486
.00455674129097876
.0020195947969166503
.009180625770962887
.00018595732554189107
.002717921538231582
.28787868441597775
17.411781875316468
.00012899998378746501
.005578522880283158
.006124711267572972
.005515921257491651
12281753992302894e-22
.00017745346073331985
.01411965100072043
.0013355330398872572
.010384432338800311
21630723612535676e-21
.0020739691125033774
.002967589905038856
.00030392558133986506
.005154321566805072
3340893441549095e-20
.005520587141178177
.0062779034272407224
.021131278835136005
.00031515587359087636
.11270530965475836
.007881556523956862
.0008524718641592732
.038096871722285784
.2727502183757612
.0010240852253675908
.5836464809702977
.008616795547463082
11.908318093529486
11.166115601326933
1.2944890633322592
.007072235259364917
.05766978848901405
.06372034744817223
.20842438168650962
.12620311725455444
29.76003432028005
23.218318267102095
7.959255159527413
.002460704437800706
.0005180265588809939
.0013570511074737957
.006143751862755215
2.5711984001128854
7.12860512516816
.018541892255591465
23.27535407016767
3.3683377717791063
9.395954452068848
21.863530498464392
.0014504638551957648
.010045542954268308
.0007509309248142675
2.048333277454919
.0003285091748309702
.0027552380944748604
.011170795968982591
.00039274972219780787
.9462079686470866
.6540796582117878
24239336139482005e-21
.006770968850325535
.8583202462492787
.7675171350534881
3.3173051037359786
.0001498645935861674
6315850805319974e-20
.6180971880751739
.8262165983398252
.08341473143738545
.009971277036122538
.29402796010694277
1.665984551220245
1.5513582890926285
1.728816076775019
1.5157470898871834
2.030853327718328
.02293822241557288
.035484141005073494
.009363194908365798
.00016244731408189534
5.899262329513476
6.072920532656646
.5246858473287508
.016815124594400835
.00397789156380981
53101822010269225e-21
.0004348157335651675
.08904253343140493
.019220797458225615
.0008263151688723494
.4143162486542157
4281395630250806e-20
.00022001512204226646
.03576444585152125
1979206653044985e-20
0
0
0
0
0
0
0
0
0
0
0
0
0
0
0
0
0
0
0
.736401232410083
0
0
0
0
.5116679504637524
1245.279814682553
.004597293227991278
.10479132543146928
.017060503038916045
.23194399185081688
.11271509315337924
.6818651504551756
.134140963450798
.40743965294557793
.005993442831014834
2.840332867102038
3.259993368718349
.01639637699174822
.042216351033081925
.8704310140141422
.6006838236878325
.2538878227214795
.43054487782430917
.019401925719501025
.019401925719501025
.21915044491776073
3872043632271397e-20
.019401925719501025
.019401925719501025
.019401925719501025
.019401925719501025
.019401925719501025
.019401925719501025
.019401925719501025
.019401925719501025
.019401925719501025
.019401925719501025
.019401925719501025
.019401925719501025
.019401925719501025
.019401925719501025
.019401925719501025
.019401925719501025
.019401925719501025
.019401925719501025
.019401925719501025
.019401925719501025
.019401925719501025
.019401925719501025
.019401925719501025
.019401925719501025
.019401925719501025
.019401925719501025
.019401925719501025
.019401925719501025
.019401925719501025
.019401925719501025
.019401925719501025
.019401925719501025
.019401925719501025
.019401925719501025
.019401925719501025
.019401925719501025
.019401925719501025
.019401925719501025
.019401925719501025
.019401925719501025
.019401925719501025
.019401925719501025
.019401925719501025
.019401925719501025
.23406747719229645
.009220132466588872
.019401925719501025
.009220132466588872
.17105096705542527
.085916031681666
.019401925719501025
.019401925719501025
.03157258096971655
.019401925719501025
.019401925719501025
.019401925719501025
.019401925719501025
.019401925719501025
.019401925719501025
.019401925719501025
.019401925719501025
.019401925719501025
.019401925719501025
.1538881174765606
.019401925719501025
.019401925719501025
.019401925719501025
.019401925719501025
.019401925719501025
.019401925719501025
.019401925719501025
.019401925719501025
.019401925719501025
.019401925719501025
.019401925719501025
.019401925719501025
.019401925719501025
.019401925719501025
.019401925719501025
.019401925719501025
.019401925719501025
.019401925719501025
.23406747719229645
.23406747719229645
.17105096705542527
.019401925719501025
.019401925719501025
.019401925719501025
.019401925719501025
.17105096705542527
.05620652064540144
.20574428626913
.019401925719501025
.23406747719229645
.019401925719501025
.019401925719501025
.019401925719501025
.019401925719501025
.019401925719501025
.03157258096971655
.019401925719501025
.019401925719501025
.14763129019590235
.019401925719501025
.21915044491776073
.019401925719501025
.019401925719501025
.009220132466588872
.019401925719501025
.019401925719501025
.019401925719501025
.1194545161231079
.019401925719501025
.019401925719501025
.019401925719501025
.019401925719501025
.019401925719501025
.019401925719501025
.019401925719501025
.019401925719501025
.019401925719501025
.019401925719501025
.019401925719501025
.019401925719501025
.019401925719501025
.019401925719501025
.019401925719501025
.019401925719501025
.019401925719501025
.019401925719501025
.019401925719501025
.019401925719501025
.019401925719501025
.019401925719501025
.019401925719501025
.1194545161231079
.019401925719501025
.019401925719501025
.019401925719501025
.019401925719501025
.019401925719501025
.019401925719501025
.019401925719501025
.019401925719501025
.019401925719501025
.019401925719501025
.21915044491776073
.19025842019199019
.1538881174765606
.019401925719501025
9999999999984813e-28
.19996723230907515
.19996723230907515
.1538881174765606
.1538881174765606
.21915044491776073
.21915044491776073
.21915044491776073
.21915044491776073
