45.96312582487771
.3199851575430763
1.2036607015818575
47.720591442085876
1.317727526566413
7.508797714067818
.8352483533254514
.18461716236521192
1.3973199476330413
.08147484857423863
22.940214396797003
.7501318255790888
1.5429501548378728
.019344907536952914
9.261035450342144
11.612805443919298
.010992905606004149
.08381143157603028
.016621584161910265
.006841130991149761
.044125866424969094
.014573212796784842
.009903551397143114
1.6317680340506933
29.249593523425258
.0050529184425708315
.00613146246587906
.0067230798144369275
.005879035439327896
.005304888622427521
.00018425616260149075
.014723279529168274
.001393290278552869
.010797216774587443
.0002899382192811873
.004235301846036995
.003144081419232686
.002457233251884032
.00836529986879358
.0002193597589375558
17.704410041611464
17.648412588246742
.0298121599720966
.0037577576802797098
.14262491117996767
.010497773491855258
.009489045833327358
.5696562738542192
5.603293039338094
4.852548020293505
3.599678078550259
5.0117418806545695
21.108077645311365
20.610922535614087
1.8882537193006395
.008040754399088334
9.48693419112961
163.05588274518706
.3377785317280269
.17578145246909666
54.068254405098486
54.689086981560216
18.86026450917705
.006266319457640642
.002304303343715145
.0016367115638832818
.010486796670614282
85.77446392823458
79.61588102487842
.04176436682754063
29.602373448543112
3.500629652910722
106.3842363708246
34.686383412406606
.0015571326052854345
.011188560248548406
.005834435753735887
2.5017206941876635
.0011302035543588262
.009615821404479363
.01172123466168397
.008274274511867874
11.045469106152696
23.37389008647178
.009841592060430551
.054295099532949476
26.998629909978757
136.0029708214065
7.663485580868486
.016834995403869953
.010132127013421343
5.4447603676719725
1.5960147195274108
13.108273423890603
10.876374926058753
6.504468459991889
8.035619513806521
6.82027393059838
3.6164098685414534
64.2249219286318
2.1143415285667793
7.725050179088861
5.636113520334887
2.823826896112219
.0030873966728742004
61.19624850447943
8.650327243186524
2.0857834978682073
.46350864541777426
.017971842922366883
.00017232164769345664
57.60471856894912
105.48814212882723
.0885756864157734
.0033767619462206633
.5854028661690578
.006501412783133287
.00686863549676965
.1829450356047212
4416117758318192e-20
0
0
0
0
0
0
0
0
0
0
0
0
0
0
0
0
0
0
0
3.3207525622253846
0
0
0
0
4.376493630639842
1283.6662016811174
.004739007142337943
.10802157161764898
.017586401768117692
.2390937839924706
.8615271530202526
1.2445913929393184
1.602917971511455
18.42289642752016
.015358128234191007
5.970675921454871
6.474245887854983
.3646473575520748
.8851926359503467
86.66201276825772
92.90413525568378
47.391604392282055
77.90326116239491
3.5868156131542683
1.9417104634521714
1.6714617497666215
1.7562913205292472
2.697648728871227
1.6356454699804563
2.58039971919045
2.0521736148872183
1.8748057665318265
2.3298525943131305
1.9461164272405471
1.853717364893222
1.403608441875524
1.8968616197041128
1.5539981036317165
2.5184677334944765
1.8978186021538024
2.2281133168734
2.269849521370399
1.8364765735324333
2.446322180252348
2.824620537502187
2.543641090958366
2.0431706034210397
1.8092812893777783
2.616800206898288
.02460204360993136
1.8413696199031606
2.33427602476176
5.73417263461345
2.050220918599279
2.0467349270300157
1.2576787091720854
2.92242455395091
1.3706898990921934
1.5718765237462098
3.0562412795158056
1.2293908377253773
1.9592720115097613
1.5753382045873408
2.119829919644395
1.507703703380554
1.883609506483311
2.6208036583423953
2.0685605815034407
2.161464286848023
1.7891184761530643
2.2992004410691744
1.7339657806618647
2.282875094455729
2.713080716269111
2.8946447637171135
2.410845126476466
2.0444289018072412
1.975105641350317
2.947555765817328
2.421514817027642
1.0689062051740605
2.6000357044681945
2.8346270150301547
2.1802638320277086
1.197167060984988
1.667307799552889
1.6563537835650213
1.9793816436171423
1.5304611241655828
2.5160086152982157
2.2264979190479215
1.9083455948334893
1.7838883654171753
2.521340038805167
2.69241959071033
1.8960866732819563
2.267689749919159
2.3566920924519548
2.1545039607840235
2.4646459140593113
2.3566516816523904
1.9327961784684569
3.0839427566241975
2.1733531026311184
1.8698402777823844
1.2375557987250871
1.5439832572318195
1.4955636478552032
.7410328923814761
.18504124917017628
2.1940819988168854
.011262513657189433
2.5161242048907644
2.342565318502731
2.3892356704630626
1.7868144074553671
.19535757315070734
1.4811720319333546
.20318201447935114
1.163042452609286
2.9961068360442407
1.7713045371507403
1.9345886403885428
1.9216192625038937
2.190164937674264
1.6764817979209379
2.063553097955722
2.1406274650148975
2.3724862517322443
.009655300376229756
1.9039875522020016
1.9829425728942223
1.3974359887562702
2.1713306286546
1.844140876008733
1.334829285326576
2.304493835057418
1.980234698566468
2.0025952385223764
1.9695970875743225
.7554704215539292
1.7518772013087276
4.694009791965231
6.229827809165313
1.5408675145243564
2.0876577280204476
2.5684119951565703
2.600724698533737
2.7779878552410335
1.914098891746315
.008492529945303636
1.5961983399542632
1.4128621219925694
2.8087232268280578
2.2732038546198385
1.8492110078265045
2.0061950195206166
2.293468067078463
2.0316121047837155
2.7107991025529192
2.072507685568694
2.4024330511410215
1.8506761136519165
1.67088682367721
2.2204454803400338
1.2657025001704465
.21223513052902884
2.2773575606670353
5.7585031233492066
1.4968671654552663
1.6990419922333693
2.0642663823745915
2.3978003745895706
.9572875516542823
1.6924462970664615
2.1265369011362014
2.1056376102144805
2.224199924240762
1.3853658487789722
2.0674346476273104
2.678020198175561
1.8035945784053606
2.505240531914993
1.5067149675576217
1.2445665667335868
1.5717911344490452
1.9383600076644607
2.272723871746437
2.348172029999111
2.892830753617243
1.304020071228235
2.293838701510642
2.305857161485529
2.3350705672461887
2.448423827599866
1.759930294718457
1.8748770035554905
2.9830199839565656
1.9147680298945051
2.079879066623943
.02294983070068099
2.1291167857712905
.062172800420548666
1.932295504737084
1.876905592537271
.5336615158046454
1.447096787812594
2.192055644382954
1.263032926446173
.048285001117152226
2.0023525341373816
1.1384987804095592
1.5234668077211386
2.2061313788035437
1.9613397135014856
1.6404835284018415
2.3915412935176152
3.3736693979140693
3.0076350534184386
.6753681244677029
.01061128794559931
1.9402561792333668
2.2026438558955364
1.8742891173832659
.04758584461146639
2.2458750222293444
1.6977045211315498
2.1083292706424963
1.2905974096906951
1.3005075837202407
.006854287178433421
.0046017418633115
2.483794732489934
.5844075898824194
.14341017926763833
.7822512211858831
.2079159109982454
2.316713784055314
.11221507391516765
.09642021172274605
1.7438385865011092
.582027692866802
7.89157350685902
2.179913483473855
2.2110007208120233
2.439782083456444
2.335510911537393
1.9750499484397597
2.011755925322688
.12572310339120796
.16742058054890918
1.9446688115053739
3.043286483526961
.9907398234581906
2.0310287009292094
2.3861035541652456
1.9748923858532195
.010088924009073961
.2837633206908671
2.9136271920229624
3.4532243340488273
4.335595644821965
4.062779626834306
2.454192898225157
.0110489801473998
2.9478009636195592
1.44115559964521
.015523491205764578
.010232363385614333
.16808941550336323
.012457875727012726
1.9410973443870794
2.9991323845535165
.01
1.8191571221741192
.014011853172605494
.007028728766178984
2.0150616761010056
.008950501126321765
.007966974505490417
2.129612092927029
.007319790737010816
2.3279241717323718
2.280852369752062
1.7361965678229996
1.6678502641462771
.009514212751016337
1.9164339605261451
2.39692641693412
2.511469795114599
2.471944973960175
2.342372013762027
2.699601603411334
.011058297779120221
1.394472049674914
.011219169471035441
.009762698251437258
.010353378630599956
.012553346107465902
.01025962259561131
1.4600771629088667
.08969278058476107
.06627761265629803
.009576644017025083
1.3871813021151325
2.2998253803127575
.09266505716774008
2.008400997900306
1.4675321539542252
.06376476842900224
2.183716284467294
1.755563905403673
1.7213782870707466
2.923901395112429
.008762200901065732
1.642413927190399
2.478291641057129
3.4013139485372403
.8004153560146052
1.6539222169586307
2.086147152611268
1.566733015679611
2.29121429498063
1.8064352870403608
1.879481876826999
2.121629397173767
.009166246604734455
.2098748790832729
.20173015266657462
1.8876562711494786
1.4832223644573912
1.8810147411262115
1.6930341673529448
1.4682768196819609
2.2615841309553617
2.1554123486227517
1.8736119455933957
2.0124510793025747
2.165479042136717
1.8801553354175236
.006377688983683889
1.6016955202530037
1.9751387022760136
1.9287825322889434
2.071904928009111
3.088569794350306
1.7942935734328156
1.9690191990836108
1.8717189056929826
2.1720449486643902
.11564889461126626
1.9268827139710756
2.3154836333986006
2.275965180657697
1.6253139359798907
2.5171313861253144
1.6272955997267369
.22357051182094526
.14905971819903616
.12432099635783916
1.72542144135744
2.093016506096675
1.890222852163339
2.3969496900386673
1.375600813884327
1.8817024792425665
1.5855178789107616
2.0423871368976334
2.4378458496251763
1.68418263122467
2.2375484488011925
2.4409196962671134
1.9641981793385401
2.2049307710325112
3.3749018811008398
2.1548155348743854
1.9136475073501011
1.90583930911441
1.341289167507176
2.0543449190007954
1.5291709409324667
2.1660955941952635
1.7884773694843075
1.6231544539965754
2.2919195920959403
1.7483066153673923
2.2746058884944107
1.3562091963801657
2.478026541138847
1.5598993358771591
2.4275386738963984
1.7351377958166139
2.1428525973043344
1.6609478390102557
2.066526212171412
15.556246561323308
17.14920955962206
2.4289152069619426
2.135304225374827
1.759833123614751
1.3694905010484972
1.662138485277503
1.5830661675833333
2.5371188710418053
1.6888188514017075
1.789647138212808
2.2027350654209576
1.8990418040165333
2.7862522263954745
1.6934390131452153
1.7333440083456348
1.4990364019172475
1.772209302417364
1.5266390339741924
1.7997165378124547
1.4075911879883394
1.9938041514538878
2.186822986399352
1.2329829653358888
1.844873885701442
1.6087088705359203
2.524429991212125
1.870605843981978
2.983036100793378
1.9030773860126633
2.0154826940562094
2.4727480824250665
1.312616477765353
2.5504680076398247
10.903485957329918
1.8367547472492232
1.647542563960505
1.5911159641963886
3.490388300428826
1.9004570426197787
2.011756998277608
2.8536930495125654
1.4929005487196332
1.8601291624361889
2.7698150901367447
1.3665270071076536
3.2326235342588583
2.576907839281249
2.4722982923961445
2.01799817709643
1.4658102900958607
1.753433134480098
1.7393312302059472
.2813025298279125
2.8102435278440954
1.7688389816911587
2.4688534203298698
1.651439358978468
2.0383578845215062
2.5030291377183156
2.062148954056926
2.1075222773303666
1.8874637942413732
1.7283557649454073
1.4710507974735436
1.907142706929168
2.378528063329584
1.7694861287005959
1.7387430195206868
1.5179319001621903
1.7195709639328813
2.669258554951481
3.038793883897379
1.9682363265639988
2.133924819765165
1.8589786599647051
2.21399158157268
1.5755991667114861
1.2984533545353578
2.0696469115404597
1.8117411486291346
1.7922531855326367
2.3378373970322945
.16678512355653685
.9662636805447608
.11735415816958117
.999177038386808
.10728991972943301
.9373530542187294
.08718908819385343
2.150967192348552
.17173367426897435
2.508217558524472
.08424502410638078
.9772995619138138
6.072523150055702
.340067190772276
.11311659013877468
1.2848060671540522
.07023561238830854
.2222976073450705
.04126709438268094
.8852433212762328
.07105943480867377
1.1158661228854
.10040757891407215
1.389644779684209
.1747591040236916
.9619173235305633
.04762450940057909
.6871527777359862
.055875726811311754
1.4493215306700702
.0002095772688014178
.00040548415536932164
.10996330039052211
.12304492312391233
