0
39.58711635845081
.1648151283384981
.30518444395911853
11.530363326783363
.35335031023285285
5.80281005297818
.2024371460778962
.003226087500612576
.32498126074464956
.027480055211818896
7.950307731986069
.7352822172373832
.5468130708658933
.00845122450444756
8.461741114667324
1.015289335273878
.0043886183706423176
.07703427606239387
.004455447852328897
.001797540366242078
.04233541152834664
.00015632717090770346
19288080294632338e-21
.28036490916941154
0
0
.005361280396246737
.006021013453369455
.006196610753195317
.002324029069660516
.00017948954743082012
.014479621529421493
.0013413856068563766
.010813849568747497
36015872322733334e-21
.0005072989060400638
.0028294691421372566
.0005233558942215298
.00543586632825162
15662651111786744e-21
9.368981574720557
14.230109051737566
.005913783703382822
5548823302272739e-20
.12508153619738022
.007208842790577517
.007571260202030534
.3897477634676951
0
.4245907162611438
0
3.9644529355015283
19.10037394075294
0
0
.007130206707814599
2.6001665817315605
13.600625761452632
0
0
42.09044426660836
27.372356211192407
9.167199984203366
.002449314176072276
.0005891707626373528
.0014430158364567437
.006472094333814114
0
0
0
24.530926620092778
3.3630032070528806
9.394822652196156
17.301206915112115
.001494997945851477
.00815743672211308
.0004555945874636635
1.9516664120681269
.0004168760825192905
.0036404366304774154
.011550665207621349
.0016706247450208522
.9455668387156653
1.5256591936353985
.00011358655475294134
.025666997112404714
1.2749639228128111
1.6008921711876845
3.064368370929104
.0034546583194662397
.0004270972903414855
.6478868041790296
.8025091330773246
0
.4769260773828724
.7707699350171408
2.205103971189768
2.7434388730325097
0
6.03013899052842
2.0933215660326487
.5237694525355329
1.139496314166509
.9150681324837334
.000778963091020576
50
8.035046206520091
.47488662853038677
.06779684804533981
0
0
0
5.151359030036114
.010132525688684646
.0005553346926456846
.5009929434462278
.0012958334805798812
.00023242579411240287
.015378921291053652
0
0
0
0
0
0
0
0
0
0
0
0
0
0
0
0
0
0
0
0
1.893033435735074
0
0
0
0
.6348533051539994
1335.5694662032683
.004500482894165946
.10256788771192898
.019496611550302773
.22914168128116438
.5380834811147976
.9902102854241486
1.501149808198892
1.3483740424541086
.007854156010626123
6.033092607187892
6.092100674159243
.14517189518549173
.36168603345573513
4.958939777757223
3.734886877193091
0
0
.02
.02
1
8
.02
.02
.02
.02
.02
.02
.02
.02
.02
.02
.02
.02
.02
.02
.02
.02
.02
.02
.02
.02
.02
.02
.02
.02
.02
.02
.02
.02
.02
.02
.02
.02
.02
.02
.02
.02
.02
.02
.02
.02
.02
.02
.02
.02
.5
4
.02
4
.25
.1
.02
.02
3
.02
.02
.02
.02
.02
.02
.02
.02
.02
.02
1.5
.02
.02
.02
.02
.02
.02
.02
.02
.02
.02
.02
.02
.02
.02
.02
.02
.02
.02
.5
.5
.25
.02
.02
.02
.02
.25
2.5
.35
.02
.5
.02
.02
.02
.02
.02
3
.02
.02
.2
.02
1
.02
.02
4
.02
.02
.02
.15
.02
.02
.02
.02
.02
.02
.02
.02
.02
.02
.02
.02
.02
.02
.02
.02
.02
.02
.02
.02
.02
.02
.02
.15
.02
.02
.02
.02
.02
.02
.02
.02
.02
.02
1
.3
1.5
.02
1e-12
.33
.33
1.5
1.5
1
1
1
1
