61363246709086214e-28
39.587116358412025
.16481512832991937
.30518444395318073
11.530363325800861
.35335031023079966
5.802810053018585
.20243714608817595
.0032260875006087037
.3249812607535552
.027480055212553464
7.9503077323787785
.7352822172372656
.5468130708926502
.008451224504805354
8.46174111466062
1.015289335789203
.004388618370369875
.07703427606238494
.004455447852330732
.0017975403662428078
.042335411528331826
.00015632717099268604
19288080293610237e-21
.2803649091927066
4281755485149974e-23
11572189183961893e-30
.005361280396270676
.0060210134533682305
.006196610753194877
.002324029069619189
.0001794895474307981
.014479621529419716
.001341385606856211
.01081384956874617
36015872324507584e-21
.0005072989060682079
.0028294691421369062
.0005233558942450565
.005435866328250921
1566265111344079e-20
9.368981574566055
14.230109051715822
.005913783703456302
5548823302390224e-20
.12508153619733384
.007208842790577153
.007571260201996913
.3897477634675194
8081812622754489e-26
.42459071646631613
26931425636260057e-27
3.964452935395769
19.10037394069503
16764989741814066e-25
20544261938751782e-26
.007130206707813373
2.600166581695699
13.600625760919964
2870393078300986e-26
25382749107652588e-27
42.09044426637697
27.37235621141887
9.167199985103002
.002449314175944031
.0005891707625989456
.00144301583645071
.0064720943338289275
5590830366528219e-24
0
7269281941582815e-27
24.530926619947632
3.3630032070529574
9.394822657020475
17.301206916927562
.0014949979458512596
.008157436722155291
.00045559458755159237
1.9516664120698919
.00041687608249114315
.003640436630231607
.011550665207620901
.0016706247449042404
.9455668386447411
1.525659193508188
.00011358655474862733
.025666997112336276
1.2749639227056628
1.6008921709713888
3.064368371085642
.0034546583194177247
.00042709729032714436
.6478868045020391
.8025091330744246
10187624316536658e-27
.4769260773446038
.770769934974024
2.20510397111389
2.743438873959665
32056552551279116e-26
6.030138990163711
2.0933215660663964
.52376945248595
1.1394963140894072
.9150681324618591
.0007789630910043315
49.99999999991818
8.035046206499093
.474886628535726
.06779684803957807
616689838888724e-27
6758610933448894e-30
35102467552940433e-25
5.151359029594013
.0101325256902735
.0005553346926868358
.500992943452981
.0012958334804831723
.00023242579409491916
.015378921293578736
3416271143784468e-30
0
0
0
0
0
0
0
0
0
0
0
0
0
0
0
0
0
0
0
1.8930334357286465
0
0
0
0
.6348533054578356
1335.5694662031044
.004500482894165394
.1025678877119164
.019496611550300382
.22914168128113627
.5380834810921044
.9902102854213984
1.5011498081746553
1.3483740424317887
.00785415601060822
6.033092607183062
6.092100674152422
.14517189517802478
.3616860334381686
4.958939776485568
3.7348868762146883
9636653908476555e-26
16313659552624625e-26
.019999999999997548
.019999999999997548
.9999999999938637
7.999999999607275
.019999999999997548
.019999999999997548
.019999999999997548
.019999999999997548
.019999999999997548
.019999999999997548
.019999999999997548
.019999999999997548
.019999999999997548
.019999999999997548
.019999999999997548
.019999999999997548
.019999999999997548
.019999999999997548
.019999999999997548
.019999999999997548
.019999999999997548
.019999999999997548
.019999999999997548
.019999999999997548
.019999999999997548
.019999999999997548
.019999999999997548
.019999999999997548
.019999999999997548
.019999999999997548
.019999999999997548
.019999999999997548
.019999999999997548
.019999999999997548
.019999999999997548
.019999999999997548
.019999999999997548
.019999999999997548
.019999999999997548
.019999999999997548
.019999999999997548
.019999999999997548
.019999999999997548
.019999999999997548
.019999999999997548
.019999999999997548
.019999999999997548
.019999999999997548
.4999999999984659
3.999999999901819
.019999999999997548
3.999999999901819
.24999999999961647
.09999999999993864
.019999999999997548
.019999999999997548
2.999999999944773
.019999999999997548
.019999999999997548
.019999999999997548
.019999999999997548
.019999999999997548
.019999999999997548
.019999999999997548
.019999999999997548
.019999999999997548
.019999999999997548
1.4999999999861933
.019999999999997548
.019999999999997548
.019999999999997548
.019999999999997548
.019999999999997548
.019999999999997548
.019999999999997548
.019999999999997548
.019999999999997548
.019999999999997548
.019999999999997548
.019999999999997548
.019999999999997548
.019999999999997548
.019999999999997548
.019999999999997548
.019999999999997548
.019999999999997548
.4999999999984659
.4999999999984659
.24999999999961647
.019999999999997548
.019999999999997548
.019999999999997548
.019999999999997548
.24999999999961647
2.499999999961648
.3499999999992483
.019999999999997548
.4999999999984659
.019999999999997548
.019999999999997548
.019999999999997548
.019999999999997548
.019999999999997548
2.999999999944773
.019999999999997548
.019999999999997548
.19999999999975457
.019999999999997548
.9999999999938637
.019999999999997548
.019999999999997548
3.999999999901819
.019999999999997548
.019999999999997548
.019999999999997548
.1499999999998619
.019999999999997548
.019999999999997548
.019999999999997548
.019999999999997548
.019999999999997548
.019999999999997548
.019999999999997548
.019999999999997548
.019999999999997548
.019999999999997548
.019999999999997548
.019999999999997548
.019999999999997548
.019999999999997548
.019999999999997548
.019999999999997548
.019999999999997548
.019999999999997548
.019999999999997548
.019999999999997548
.019999999999997548
.019999999999997548
.019999999999997548
.1499999999998619
.019999999999997548
.019999999999997548
.019999999999997548
.019999999999997548
.019999999999997548
.019999999999997548
.019999999999997548
.019999999999997548
.019999999999997548
.019999999999997548
.9999999999938637
.2999999999994477
1.4999999999861933
.019999999999997548
1e-12
.3299999999993318
.3299999999993318
1.4999999999861933
1.4999999999861933
.9999999999938637
.9999999999938637
.9999999999938637
.9999999999938637
