.01948583503068615
-.005952554338454111
.0011084054152854792
.0002856035654900904
-.015753911260532574
.0004772209146918282
-4098783108941853e-20
-.008747328597565643
.0006939597988283768
22562224046286624e-22
-.000334860672377193
-5187747856013311e-20
-46685982412693145e-21
-.00017539158474108924
.000667454629955465
-.0033021000276620698
-.008773069589131856
-2409146474570517e-20
138570639111734e-20
-20378829952569327e-21
-7234252828207825e-20
.009405536218854519
-4171066889474969e-20
.007963075590425566
-.022431892716473573
-44659466013953975e-21
-4931117602139627e-20
15256998321652865e-21
3022962764885449e-20
-1985630516172622e-20
-24121751536969895e-21
7243659068410059e-21
-8859756767876166e-22
-186789090300275e-20
-2429369671887405e-20
11369482501933734e-21
-4124907475920192e-20
-10853689885445479e-21
11477488964387274e-21
23259054120211346e-21
.000987189656928349
-.0001110860825824768
-373393279736525e-19
1780450669198243e-20
-.008571094161342196
14096710715542332e-22
-46027830675416234e-21
-.057721836099356646
.008834398139419672
-.0074463531357728706
.00017600576644406625
.008134062812393173
-.0008863206484312595
.0003507441772255787
.00017420530147741657
-.00013415212299785283
-.007012981304527672
.005075402897743394
.000632577585556973
.0007403465537042761
.013036196923659489
-.010484873060674572
-.025467173581884057
-.008698474288769749
-.004817284599462452
-.00017377956665946066
.00949034675997819
-.011368558567767369
.0005314754465540049
.009448662859019859
.008484135315287645
.0006795996906033806
-.01139096669233261
.013445866970577326
-4296160927160923e-20
8439106268116889e-22
1566806822595453e-20
.0006114114433586782
-.0027464835987319855
-.007674433122057745
-4908040237464445e-20
.0011471399165503395
-.021316792180678855
-.01720335863685795
-.0027477416394236565
39858316135011226e-21
.18383505248356055
.18107400057064876
.2547859074593121
-.00811897323782232
-.0027461987778627317
-.005460382024948757
-.047408492127403716
.0008039297636164484
.057762982706082294
-.019529589993262052
.0017707775935711836
.003022089702520532
.0012290391186506155
-.11675359078381504
.0736865607639024
.05626274327370152
.09207308540051701
.009956969787622368
.00038573345001921176
-.02530509074261904
.10361927989320217
-.0005556178561031995
-.10746532900231127
-.002449967054632185
.0007087324959143656
.0002755397572315158
-.00980769182056075
9851535408172321e-20
-.004290528738826533
-.007895188870673203
-.025843428460206458
-.00470619504687948
.0001939524400814821
45925773487950124e-23
0
0
0
0
0
0
0
0
0
0
0
0
0
0
0
0
0
0
0
-.04135275316390108
0
0
0
0
.306198133896777
-5209253698057081e-20
-4290097364293542e-22
-19631402757153246e-21
-11016366714921178e-22
-3353845640837245e-28
.2655213578587821
-.2521825081026958
.0005883827624360491
.0028550406206602854
.7536659091963535
-.023982362486296167
.0035914361585084017
.0015822184243693546
.006397075750492316
-.00885763623893591
-.011126773540798322
.0005383709484961825
-6306411353413803e-20
