4790130863728057e-22
-.0011023662520798058
-1304422063245224e-22
-.00017495324845178092
31376728047836214e-23
-2789871679593945e-22
-.00011399284235102863
-32776711387828654e-23
5853424004663471e-21
-15352044964581336e-23
-.0002532650243154574
-1431397713794588e-21
-.0003319990621247006
-17048075934563473e-23
-11003062959025785e-23
-21763167886254773e-23
-.00040216835248165704
.00012582918466475575
1518639478257378e-22
158590772164378e-22
-.0011914289636146495
270927564267122e-22
-2539637536672529e-21
-126004926301939e-21
.0005395811231181524
-.0003322184043699156
-45971850946669686e-21
.010089009146911266
-.1585710648080908
.0005583299602261297
.0034386553810322506
-.00022934893850430158
-.00022926805596967242
4774879347773075e-21
0
0
-.00023379488281135132
-.0017733975839297122
.022872134625604564
-6762325237732316e-22
.10167163016295791
-.0003265123463212443
-23949435650902133e-23
0
0
-196322497945147e-21
-.0011025055790386694
10476177501835082e-23
-.00014045068972593663
-4237595774288563e-23
2594632244904085e-23
-37288108566486857e-23
-2730721979103151e-22
-12021403878619864e-23
-4750566261669109e-23
-2899873061158487e-22
.0014173634080511426
-.0007789842665569163
-.16338001269538097
-.0011022623320718307
-40765233514574057e-23
-50517101385638e-21
16280891357004665e-23
9021043907292505e-23
24031146214865386e-22
.012403620329633958
-6590377867157806e-23
7410696358099992e-23
-3191156808171776e-22
.0003109599929289103
6924780294506394e-23
-.15809339141800813
-.00011574536721213618
-.00144216602500879
0
0
0
0
0
0
0
0
.003500342526122516
-.0009174255963096263
-.011265462645414372
-.00016815283364310471
-.0021447609751377604
-.0005890478239812209
.0013048177413943264
0
0
-.0007419282630105023
-.00010819142089293562
-.00020866933286237908
-.00110784845393796
-1525546443845312e-21
-.0003562889764802937
.0006774661953054227
.007163382197365293
-.005778117328059167
-.001102449904092264
-.16226849818820807
-24299512361122867e-22
-.00017172398988598786
.0008406083019412698
.0005304806194154211
-.16253070299300715
-.0003322334462750196
-52207054748822e-18
-.0023148549896119647
-.00015744281906197706
.0006864133449620485
.01071789872524893
-.00020146083896327284
-.000545597681309884
-.000735797933543952
1268156727117379e-22
.001325248619609804
-28327998046101887e-23
-.0618402529065487
-.001055707957281597
0
0
0
0
0
0
-.0017087208171035
-.00031370289914805946
-.05133320745360669
0
0
0
.01865435724751127
.00041803238169905484
-.00016336140633847922
-.0002501641515095748
.003448185985373016
.017278306560563946
7749346174879965e-21
-4087837019586493e-22
.00017319159975768175
4668689515741564e-22
.0025153132339507003
2702102719467631e-20
.002442474528578604
-.00012320385373637576
-.0006100272586683365
.007201924884484535
-5639639770638241e-23
-.0025762404391107465
-2463514675076675e-22
0
0
7956595247765372e-22
-.00022937921597189202
-.0008667709381354083
-.0010902917661365756
-.0002992513435070904
-57257998234590526e-21
-.0008839939250189096
.07976195360205911
.0005930200109834885
.0005298735239066167
-6878537393242381e-22
-21014801089604678e-21
.00011524058417777245
23585719611356017e-21
-.00013191165594134897
43331371092000655e-23
.00023685904003877085
-.00031960005293953493
.0091401886985272
.01364230665142735
-.0005919095312493078
-.12310284508352753
-.005991239609466027
.061983538415965635
-.00011648148706274574
.07173993627864059
-.0008580250412632444
.0003330399530505454
.003495746051754874
.14041403447263442
.0012868222764837638
-.0029329638664297476
-.00528645687843023
.0008342643008012782
-.004195163150490037
-.006218812153396597
-.16095543236773588
-8992066536602731e-20
-4943084743663606e-22
0
0
0
.004103877614703618
-.006601432845805629
-.0030621539501493717
-40733481680596417e-23
.020284157949979623
.00031403602551949826
.00041133366648573493
-.004146451126242015
0
.04896174273606345
-.0001142712720338918
18870772348761627e-21
.0008639015913716349
.010788762184924583
-.0005130785052141841
.031609851900948734
-.36107896119961397
-.04038262054785376
-.009226651726550154
-.002088591574682596
-.005770919700909494
-.0010719606854487488
.003973610945280098
-.0026358400814798072
-.16354440107701074
-.00070605822237009
-.00189867269953471
-.00013436902409950629
-.0017180202736323076
-25276569470843392e-21
-.00010270332577917573
-.00037161896621772594
-.0010014589957110535
.00018487074589828884
-.0006286456272024509
-.00016072175384841642
832133807027487e-21
-.000830442066211095
-.0005353896399584679
.0617264475930108
.00034390449314983896
-.0034284301145878714
-.006468074920415712
.0798164997439559
.0005100900017720692
-.05630069079529527
.08323844423890642
0
-.004966576247628974
-.004368527233388947
.0017391374476865879
-.009411502944073455
-.004870154918061577
0
-.005910650758694591
.02340346634018914
-.014064991484448473
-.004441076613080721
0
-.0024467122825581225
-.004327040886698291
0
-.004612873177067852
-.052742865690415856
-.0007635086387127685
-.0011014977213205349
0
-.005116322617564761
.0011702987817225083
0
0
0
0
0
-.003442609911976328
0
-.004763687778407825
-.0069235659164786825
-.0038952054687129466
-.003942979533592775
-.003962484394054438
-.0002959617329696889
.0693750184081529
-.000409888256973439
.017472205463622326
.0011697214520624201
-4626993353020614e-23
-7215267387340457e-20
-15925227387568438e-21
-.16109775820378444
-10456199106087741e-21
-5122958107631098e-20
3039920141867257e-22
0
0
-.16382020543470652
.01024379009672716
.016407160098504375
-.1449300955529952
.014777022751481612
.0062294164037930986
-.09158194166173927
-12287952658915832e-21
-.00010539553630672164
.07764448376007665
-.0023145095615652255
0
-.004816585360652989
-.00130643609005116
-6744550414831506e-24
0
0
0
0
0
5574327422498785e-20
-3845073974627799e-23
.0015341450483247
-.0003321651683100182
-.16212961705810844
-.0008108737791899089
-18428026592700237e-22
3512510627684056e-22
0
-.1627039167461501
-.0002711665213019465
-.0012943300871444614
-.0008958394086701286
.0009068494907121742
-.057107562677028184
-.15939245662668405
-.0020019739597649383
-.0003333641966636288
7647140056896493e-23
-16183708144285942e-23
-.0005913617525092624
-.00033220720060345887
-.0003410517849674824
-.00033211193668163976
29585773939849746e-23
-.00033333304685151377
22869430143757624e-23
-.0011029938602039788
26311479618581323e-24
-.15875128812091918
217947424594705e-21
-2783917933753197e-22
.0004873198914979391
-35118458998268826e-23
.0011745924005390233
18242060111617943e-23
16242957553955313e-23
0
0
0
0
-.16093001841275464
-.0559874183998319
-62101092176642665e-25
-44323995684984266e-21
-.00013739643494940537
-.00013291266098000392
-.00011875479628719491
-.0001190953150971333
5637401853519092e-23
618569597922982e-21
20138401281960412e-21
-13848497024441312e-24
28036869402255277e-23
.0005683922464787275
.0005230842248987441
-.00030065869247489224
-.0011024367307371666
-.0011023535225413409
-.03790438484820634
.07284955970108944
-.18218185774704584
.0009018683194996301
-.0010964415353477328
-.0007471674248537572
.07786910803875807
-.0002113405158320431
-.16289287921839068
-11558489614643982e-21
-13027403017665758e-23
0
0
0
0
0
0
0
0
0
0
0
0
0
0
0
0
-.16225364956801724
-.00033217448402778456
.0010735775384679036
.0004869299142765157
16502075119959993e-22
-13318061920493305e-22
-.00023009674515694402
-.00012009977095967081
-.00033218161101829317
-.017007099197274576
-.1626026922743359
3252287397676946e-22
-14121349640582807e-21
-5744275912091586e-21
0
0
0
0
0
0
0
0
0
0
-6944113682656325e-21
-.00033222256290739004
-.00023032670443549379
-.0005737022521365127
-.00012850967338126827
39888368840581673e-23
9066777183866022e-23
-.00033643049852469156
-402847239042188e-23
-8125522538108794e-23
-52447692658821315e-24
-7957430589105887e-22
-.00033219342899328994
0
0
0
0
0
-6358166269051975e-23
-29340201311814733e-24
-.0003321955372884769
-4549907079183764e-23
.0038791535227029332
-4608292342638808e-23
-.0004200017578485206
.00016687765650351177
2010072783065512e-22
.00029510431490915813
-.0032613913311538437
-.16095749818016553
-.0011023540525510191
-13371311053371922e-23
0
0
