40.1626384540149
.16923179919953643
.25971897843265523
12.912577230445091
.38905226131872267
5.679172369211455
.18766684611784376
.003900464239527923
.3034820961492978
.02851253441633306
8.002810080185093
.7511516897704605
.5326466406071467
.008004561739600204
8.447202215191744
.9108155115345947
.00443781642122481
.0775264691995011
.004734864752028584
.001905782332024199
.040476141319910515
.00011592895856739105
13846228847372882e-21
.3058264161911448
0
0
.00529764727161839
.006376518249720726
.005765448382559242
.0027353043325067388
.0001829698360289141
.013747861960749933
.001107165264662622
.01012425286337155
3243831626425635e-20
.0005333365636450387
.002891287710441368
.0004724803282407774
.005727340989556426
16615581628767538e-21
8.307951376824631
14.200182920158245
.0073068940628804565
695831278578788e-19
.11243038772528026
.0075143082181753085
.007713940934437807
.38443856948102534
0
.41187756101963097
0
4.06954447623328
18.662584210982757
0
0
.007056739821347688
3.1150596585488417
16.223835146142576
0
0
41.65059945722634
25.906826240426508
8.360829797917525
.002545436897036287
.0004934424974267587
.001462456650417125
.005844824573287365
0
0
0
23.206301299099216
3.461473662628882
8.277819307402106
17.558709757000564
.0014938804855745328
.007823921998586105
.00044344970298718827
2.037256273247854
.0004124120721072469
.003241230468777544
.011578886197976474
.0018676217022615045
.8555661432742395
1.3673946793319367
.00013383546894921096
.024227228183952086
1.2626405051289094
1.7066150328235834
3.1741784879045905
.0037107397088500774
.0004330590994821916
.6829565681188946
.7674630371262159
0
.45015413569562923
.7753990132239658
2.0819136887862832
2.505081920799322
0
6.011421319685421
1.9759198968468508
.6337268334050694
1.020104086708736
.9459787627523412
.0008862633183186481
44.59265271276189
8.404410634162852
.4513087020401581
.07004470300639482
0
0
0
4.871194212576903
.011049790203662231
.0005165088353754894
.4833300998346406
.0013813775528298225
.00025551673009445496
.016078264484320058
0
0
0
0
0
0
0
0
0
0
0
0
0
0
0
0
0
0
0
0
1.6962063804511158
0
0
0
0
.5769926687591651
1321.7258310909885
.0043160696181308
.10261128876396101
.02020139112048919
.2202260031829142
.4529057221923954
.9741003910998663
1.353967179257556
1.5217040721159867
.007793988524673236
5.701278840096128
6.3000061353457335
.12670015184169267
.36106807324616313
5.490133486668994
3.885331472370364
0
0
.02
.02
1
8
.02
.02
.02
.02
.02
.02
.02
.02
.02
.02
.02
.02
.02
.02
.02
.02
.02
.02
.02
.02
.02
.02
.02
.02
.02
.02
.02
.02
.02
.02
.02
.02
.02
.02
.02
.02
.02
.02
.02
.02
.02
.02
.02
.02
.5
4
.02
4
.25
.1
.02
.02
3
.02
.02
.02
.02
.02
.02
.02
.02
.02
.02
1.5
.02
.02
.02
.02
.02
.02
.02
.02
.02
.02
.02
.02
.02
.02
.02
.02
.02
.02
.5
.5
.25
.02
.02
.02
.02
.25
2.5
.35
.02
.5
.02
.02
.02
.02
.02
3
.02
.02
.2
.02
1
.02
.02
4
.02
.02
.02
.15
.02
.02
.02
.02
.02
.02
.02
.02
.02
.02
.02
.02
.02
.02
.02
.02
.02
.02
.02
.02
.02
.02
.02
.15
.02
.02
.02
.02
.02
.02
.02
.02
.02
.02
1
.3
1.5
.02
1e-12
.33
.33
1.5
1.5
1
1
1
1
