1.0418263994954604
.015015377793433515
.04294884289474721
1.6009342615350357
.0467802181564756
.3167755186750461
.032726759193190326
.008615266135022906
.05643399683853708
.002910082480527184
.7259976656130688
.028912926834516538
.09198398164236062
.0008463927636643435
.39355152091580825
.4012572637373523
.00044399107524676197
.0026778423151044744
.0006021807767269151
.00027547040112235163
.0014652997183979266
.0006756144900700752
.0003311884710828096
.07204131397509629
.837152547267506
.0002660707846851142
.00020477801051418517
.00025407191011145866
.00028420644827398836
.0002744176065248205
8560369225901736e-21
.0004419316368094534
6118180195885086e-20
.0004741994730778996
11974449981117403e-21
.00020020632952167262
9825368930641945e-20
7569656817570562e-20
.00031929347901117156
8603227688428718e-21
.7792895031885221
.6107912587125954
.0010064698869007615
.0002170761256397764
.0058939123756240625
.00035310479004209595
.00036678636932019397
.020624905550970015
.20823031343880882
.1699691919074516
.14943516504557752
.17626530535180937
.6139541920201098
.6077048682266056
.07133726200446071
.00033950596818907826
.3350810797695526
5.563047942970082
.012119283610942205
.0065401380558060464
1.7714297338059657
2.3748887971276984
.6142219920328708
.00020337281666612657
.00014330437852341126
6303932306562127e-20
.0004093216079715797
2.9261960520549644
3.543245636896425
.001672703231663756
.9838455728901763
.15118310666275028
3.3915490759648965
1.05411351520925
5324163946080982e-20
.0004250845508877475
.00023625222349530844
.09073421159558671
5013086203193005e-20
.00032557543489777544
.00042308576970672996
.0004141271640006475
.3935372684200324
.9802187769311129
.0005547917446229191
.0023482236060869462
.8548547337853143
4.632672095537469
.22234591786225044
.0008239587057678228
.0003296932304712912
.2748274426901674
.05061017492696049
.6558317855754964
.3776579717662926
.21709011030266206
.31346939607966817
.22092412814440576
.20565462993310435
2.3843986803294217
.07176947777070351
.3060889316112729
.17979875056010142
.08332565350243142
.00016921320608213262
3.2305137887318405
.1971888996190751
.07051922941407739
.015495649748426592
.0005778679999928279
855169885623537e-20
2.0752428058189154
3.715149226349352
.004257031948755213
.00013692812799611268
.028762337007116293
.0002806450826727429
.00034584818574942295
.006139502354259969
16258370669406754e-22
0
0
0
0
0
0
0
0
0
0
0
0
0
0
0
0
0
0
0
.10577813473183528
0
0
0
0
.1696739317984222
41.8413940863825
.0002036571907872898
.003509786873116561
.0008345194112741457
.0068066821672527495
.03577048649782469
.03797310357399834
.05633431338576182
.6075419161483182
.0004535221698278543
.19271029721179217
.20759164450988699
.01670084478248992
.030517487806210948
2.737829249739997
3.040524121997417
1.916979845122867
4.600956823175262
.17868416543605586
.12045214970551403
.053813210681844664
.06179686989225868
.1308964815344269
.07931104181463652
.08126790145515995
.07077197253038621
.06134728988963954
.08358883483060227
.07430106501876946
.07045242971850353
.06260531097877381
.07183109116400938
.053270774390003245
.08522755269387748
.07968479815739574
.13917772847757998
.08101031962528263
.07416080494523172
.08617516985863034
.09275653408908953
.09184005499253264
.07197649702370379
.06812128120840379
.08555402798945587
.0008574071731951853
.07550243856148448
.08880841113449729
.20953615459539027
.06509972664894176
.07772810106013175
.06080420266517076
.12210770570142919
.04910561411714327
.058737273980777764
.15196436660303733
.049355044947638725
.07420574057042365
.05127066306822417
.077768390393098
.054189053672316884
.07763770648461364
.09062570449413819
.08189514044734526
.10787887304997022
.07947516525321036
.0720578615777341
.09668336937033366
.07470399755309731
.1013869050594471
.11412845241077305
.1018801834052167
.0657542259714995
.06691651722414442
.13355417452887147
.08573571957956908
.03906855354455353
.12057978780543681
.15647137394396463
.06788617070515719
.06382078010710386
.06406054032272443
.060858656272925936
.06726595069110144
.052459568133846744
.07725741725515435
.07840707475342008
.06900872963693629
.061802947607969214
.0886724094309646
.09593996911446921
.08985669687323922
.09376607083918709
.08676515173274232
.0876443817880182
.10048029010693389
.0909465344129725
.08220197243317602
.13835228614734482
.07411551482606388
.05876645692885126
.04763657693218227
.06299493214113425
.053817270013786646
.03892998086252333
.008926036330861859
.08717220644533742
.0004426727984761296
.0979495514398934
.0728391167406965
.08060750803131529
.0671913566669251
.006721150592438564
.04983976538963312
.007319356566622615
.05144647861232826
.1740398659078691
.05548126351241982
.05999927967697715
.0732439449574205
.09412048382253235
.07258001507847799
.07793697776429712
.07010890420924264
.09898962718348997
.0005994697854045838
.06857431892538085
.06391450847940315
.051885952001163464
.08065539496974143
.0681027928244823
.049281299867019256
.0736126307274275
.08007049265259913
.0845517701917204
.06962133516113084
.03116650703264545
.05495461894977868
.19835460335320892
.2255515192806306
.05248028525854963
.0811845440502817
.08317460755336005
.12125169384384171
.08785940302885306
.07557446132498907
.0003995305805186157
.08859094168467947
.07066220164145087
.08986384557636654
.1126297376356608
.06493821232476059
.06215564101943676
.07563176820124988
.06462700385316737
.14630021241695296
.09610664032830858
.07843881803651845
.06356541134027464
.058866470240102046
.08360878118196045
.041661232008073534
.008246641951617664
.0916167288592584
.18599913154007558
.06500792938371633
.07215809772319999
.07248288252262451
.12057494694531394
.036602556914434765
.0820107053222903
.09851660796453696
.07795202788313968
.08619793713353292
.04636486069073692
.08421133925087465
.08666327227399333
.05991205036802594
.08015157265537091
.051660496291417106
.04994916043354828
.06313810282182994
.07143131540368747
.0873373019861498
.08736229382929042
.12399831510312351
.06074237797635714
.09467647509988972
.07249828416153663
.09256392387001161
.08314232881609811
.09216445733279165
.08185297428944477
.1929249214527734
.06847508937052896
.07089347558937709
.001032280196435868
.06378232580679333
.0019390251676746364
.06756841466275107
.061380526722502625
.020491885455444645
.045893280770204985
.10722569291037902
.08050808253971153
.0015612385846554353
.06645820436163545
.04697296692176417
.055983701892580624
.08342361963116768
.0784354835993161
.049368131960312645
.08737467465994783
.15949407589388054
.14223989027317288
.03590549433820758
.0004504285795924993
.11153857117114574
.07361953322031475
.07657921016573932
.0015671788560559679
.13317229751361756
.05455133890381255
.07576605739595477
.045597986266242105
.0650654251966946
.0002132629340069213
.00019167869218867918
.08818466298618527
.018109170323003892
.004721466747459773
.02925740578612033
.00948575200452724
.07692629685843858
.004589183641984967
.003385216571267957
.07464543930163407
.02029966611989231
.3027472493008207
.07409139243678263
.08223466004582622
.11067448851373478
.07785404062278117
.08942203160740608
.07550441906579589
.006449831989399068
.00778206073277265
.07143213142564561
.10375604935359789
.036822944540005766
.08534554962751877
.08178520680131673
.06826331586557491
.00031278737384587697
.009900487490975848
.117007399158906
.1295257712929018
.17193487291064224
.18576575884426488
.0848150556922085
.0003580674754539674
.1308211542237117
.05458520038889395
.0004957904009023582
.0005094896283751886
.006870477101879221
.0004770923363163118
.06402747432844216
.11515687145659771
6939086658991614e-33
.0653899592111981
.0005787896803532867
.00022529767924366376
.05834252997601598
.0003062059568302109
.00027410328826790004
.08811380243039177
.00023667877274464124
.08140434307856527
.10119883990533585
.06054619960254122
.09132237617977566
.000397170334499478
.06735871392058787
.1295074532460817
.0787032582232313
.07916747889231056
.10027231827781549
.10667045486563644
.0003784754244143921
.05011726328073561
.00038535346354197353
.0005087108628428147
.0003527268477004416
.0005555696663532712
.0004368245750769633
.05123716946768157
.0032950479937617783
.0026062606322940856
.00032094681725729847
.05889800260267134
.08619465837387243
.003763969512600785
.06246089576800768
.051545982152520105
.0037072980681910513
.08343975841983839
.08477622345408245
.056562726238906756
.10447983479336205
.0003343948176941257
.06074697442307061
.09022767924157239
.11227607276245771
.02751025304273815
.062219177041439255
.07606902219146978
.07415051647133736
.10853320164065479
.06339106744495367
.06602150376399628
.09414810396712409
.0004317676012129154
.007011287807684173
.008524399545579178
.07524517662243199
.0572522063145696
.06155257902547068
.05402133476820592
.04603109285622463
.07154893545241545
.1078609410114864
.0764647670953629
.07800876082780757
.0846225028483132
.05598579316720168
.0003136280352473478
.06793870607885967
.06862835643987998
.08421687609963245
.10129653826528197
.10809563791156282
.06246458508436475
.06973341383371351
.05972563393547187
.08347989193374636
.0036086446086593263
.06697196775264842
.0840597627650437
.1084340113483617
.052510948238656416
.10470861890770819
.05722924841106245
.00798087491704531
.007971162395496483
.005016620343340274
.05666592149890401
.06699335751356049
.06512048553383734
.09626308978932606
.06590140823187882
.08274537275872872
.05460301161770655
.07992192528299386
.09243309838198226
.060823715586284195
.08298520713715386
.07550916134072433
.09104983333486528
.14406600470825823
.11879009621650384
.0954931297202585
.07371304463308029
.0629611507049142
.0719787086778622
.1062728345540963
.05529633125534275
.0937247500845412
.06624791014101429
.0627367763539585
.11098024375157543
.09653005729390839
.0840738406779745
.0760767484586903
.0860882352263988
.05265426114776166
.1277773709825464
.06526694138987618
.07013041433426427
.058316290536918725
.07414458483505666
.7041681395684326
.8502335908377602
.12935136426890512
.07951219489558474
.08920888143426352
.05296557370346933
.051275606853639286
.05102798679500309
.0985670822608047
.06949291889649703
.09324819890394517
.1115015107677126
.06741547662699504
.12334507860231056
.07110639044367983
.0742613279049535
.05273788435332197
.07164096105198538
.05574038175963818
.08386611849006718
.04617746384890428
.07677643475802533
.07493669646331363
.04855574581398513
.07817679380124905
.061983307706980864
.07891003124690396
.07117302989301959
.11422240474327777
.0798319790598517
.07714001278550972
.12103126830064329
.04392515785449567
.11571354404379496
.3831070468782831
.07639238342270287
.0680808306233952
.06666695895353379
.12354034798623797
.0705531131194039
.11810609598974386
.11941195045274759
.06638828391220518
.06789282139604694
.11061396438641175
.07422371108364871
.11372793309458933
.08820185916458688
.10180859319079524
.07135359689337634
.05648611910044189
.05668157822765609
.05831712531249925
.014138014788742128
.0862445474388623
.058554065420218536
.08865732115919917
.061780523001864186
.06787572183316196
.10107595998825808
.07163816760803145
.06768304237704127
.076912592475854
.0627414967232442
.043838890255349795
.07239146126147539
.10936740738171472
.06412482436384609
.06375559169912295
.06504422867074071
.06501051618222843
.10665719297824271
.11779266152899846
.06776491011142138
.0726138256478951
.08476789981547474
.1141187573736119
.05599786924141487
.05348660263795538
.07439270575329256
.07103535817616433
.06207490484527477
.07401464341762595
.008756450724274771
.06033839077069492
.004017019625775674
.03492366769413361
.00445367555366821
.03435271966815043
.0036113743973976192
.07484401573553784
.005848397253067822
.08525290263291405
.002931050084380502
.03251916205299296
.24148856506775507
.017047037236563343
.004020966608547374
.04795568306625174
.002301291051230712
.008315556528236168
.0014011413946759578
.031799948415674004
.005161556140242073
.035943513317716114
.0033159617052625507
.04811395859520677
.006607009275962499
.03875962086162735
.002974363089525658
.025561027943649117
.0021531098123553243
.06768454934710669
7312418774159249e-21
16174315033796858e-21
.0069125429054838474
.005632141031397639
