15608247086426725e-21
-.019641924677020348
.0002956817457756573
-.010266559511282487
-.028477130928872284
39287591240261206e-24
.00025559852592643175
-2962253620171131e-22
-.010968106800554229
.008326665612398748
.008599555852730595
.01719706765735763
-8320988925243348e-23
2203051845468236e-23
-29033418889457183e-22
.00928081039019047
-17639725468887592e-23
.0002557086662195651
-.022129130808707185
-.0008014573222262663
-.02167165190505207
.002610550340381851
.009014452877619407
.0028058671058298246
-.015995887677922885
-.031312543449548653
-.014757992072947588
-.019706779620638944
-.0007764327021605395
.0004630803514536613
.00025576602504068187
2020242945638188e-23
.0006370061743029939
-.00014078579743209078
