-.008769112075391723
-.1889651198322476
.0003829154959304223
.0006161105325559055
-.014053595328112503
-4987545650149067e-21
30995430579654035e-23
-.020763296279435975
-.010666916044672643
.00025673741996994694
-.0003534244254662349
-35184969403951423e-22
3418084232507482e-21
-5140114068200513e-22
-.010137365217788203
-.03522312847104738
-.020686131765095907
.009151051732265306
7665237860957356e-24
4911397651225392e-21
.008684411067829701
-.02900363794711383
.00025761488579218177
-.012835118290123588
-.03962784881667031
10559455397244304e-23
-6895629393072933e-20
38103862233577477e-23
3229711638525979e-22
-2762461562047641e-22
2390929830108712e-23
-1268995381114015e-25
14168494353465296e-24
-8411002537829434e-24
-4314239460086262e-24
-9240217454437812e-24
-10302541305185614e-25
26667983912204548e-24
-13409510974706612e-24
27661570513142004e-24
.008270937517474675
-.03067354556940838
22124928147734996e-21
12559490970781057e-24
-5881094724441977e-22
-.010278979361380823
-6065672631420153e-22
-.03489121127068644
-.022050304516753962
-.1886010704278881
-.020512365112199293
-.021005341850322306
.002466582033456547
.0005545367896036435
-.00011150821199194818
-.027559453559860173
-.019271178691963577
-.0051235347527442306
23638274221798968e-21
.0002697783265229837
-.0074378825447493
-.057538052050265236
-.0073408862830096205
-.028582478317257944
-7440200381135128e-22
22952159684334216e-22
-9025066184283959e-21
-.008182467869039525
.00037973111834726993
-39621766920668585e-21
.013198437723281338
-.0025671106736127264
.010296140700764038
-.029597266950946045
-6577488124493756e-23
3011374316381753e-22
-.00010040594428021329
6785924386045402e-20
-8627177130916208e-20
-.020685655592970382
-7175841734569847e-20
-.035891008907791164
-.022354023915936418
-.07362323874499177
-8717329149058307e-20
.00013972026086205838
.17026404385816207
-.008843615465726982
.23285463808472232
-.032549186129521034
-858262476060498e-19
-.0321657438725734
.032725762651876975
-.0005840410478494495
-.010952695141772368
-.01791934694808866
-.010637061196452099
-.0010698498115379817
.00023766281544601085
-.13122244162825672
.06891215775136195
-.0352857042964327
-.02870585889106163
-.03558848496973057
-.03336447525231512
-.029457780393859708
.11112947573390998
-.0002611495586304934
-.009255258030004035
13054610668645708e-22
18316097708116683e-23
-.018246192845081218
.1860155975853681
-.01049356588881903
-.11401742204939491
-.002018488573777007
-.03588031786768808
-.02910506976093862
-.010446208128004454
6683490619100943e-23
0
0
0
0
0
0
0
0
0
0
0
0
0
0
0
0
0
0
0
-.052457209395317915
0
0
0
0
-.08635860322480281
30443187698401846e-23
-29423910837710854e-24
.0003042059752309833
23168936050203484e-24
0
-.03155685915408901
-.2798538564460322
-.00020327184472760865
.0019049706286269823
.7648979255827812
-.07747713039494204
-.022656412080227076
.002924313251325351
.016747022203579962
.009635075588891298
-.01129368092623828
.00023733232180627768
-.002080682423276555
