.0013845800390894175
.001695664017942582
19274432371096076e-23
-.04971636022021106
32552427108371094e-22
12080459913904467e-23
.0008147158700118453
13155661460182633e-22
.0017020907284135648
3321153154106986e-21
.0017681735654029554
3528645608791373e-21
.0013840946564532412
.0013837126294639172
354377048372671e-20
.001383985175645413
.0003748618140682027
-.0023994239764046454
.001677870623154256
11389149097043365e-22
.002048323789484867
33969744552983534e-22
-22581909064877763e-22
3646033446781193e-21
.0008074439403758532
.0012967086659844676
-4581465038575207e-20
-.008534571073287155
-.15447495603146483
.002350663024839418
.005868284467332281
.0013838084021194558
.0016972554966226507
.0013934461918606548
0
0
.05727669246202587
-.0010857398559389522
-.004152976778310833
.001677854438091268
-.023125348842260494
.0006658087917574274
7352138322139453e-22
0
0
.0016778411694927389
.0016955311577663138
8103838405824063e-22
-.0024007247955679495
-7937229388325387e-24
9480795675132661e-22
.0013837682209578176
.0013838365789163416
35963381508996675e-22
15602699038128068e-22
.0013839830754786763
.004187247579067123
.01925246719545645
.006314438780055205
.0015026563825831655
39131066787323015e-23
47192928268381585e-23
.0013837409724139613
35361112479780627e-22
.001921670178675625
-.02939249321086733
.001383763794187559
.0013838614892592543
.0013835611587559907
-.04954027441434829
.0013840180581248048
-.15446691799591034
.0016964309300541026
-.04003160022674968
0
0
0
0
0
0
0
0
.016110085067352273
.007368668625669561
.047876544275149764
-.04974892939881885
.0004103761245827671
.0016955819931691132
.009193159565177354
0
0
-.04979237221539386
-.002538899613820852
.0017857932307014201
-.0021701445296693303
.0016755405164069952
.001472947245485285
-.0012787786136106796
.008646008141877931
.03542326363366294
.00169518983577464
.0028884989270887727
.0016790129884691146
.001421443140984871
.19633603436124736
-.002194379227700094
-.05491901763886442
.0008929358631495643
.0016455570944329918
.001505129263579743
.0012044257385524996
.011458783408878832
.01346154953340518
-7389633647251982e-20
.0016961031773901369
.0022940890928043836
.0020570589446716695
-.0496171088931568
.0013834705559094727
-.05150571003160951
.0015606329554684099
0
0
0
0
0
0
-.0010361698598630943
.000720635318698067
.06236527245502359
0
0
0
.034452380499585336
-.003360986584857703
.0018497145989356926
.001185558168302639
.005148933978168307
.010898273497617267
.0013942426784305983
.001947667168526686
.002584441161808177
.0016532948465628452
-.02326427482734534
11177542083874634e-22
.05283959579301839
.001397134017592064
.002132042115822904
.0016912909900203494
.05713986132838429
.0030767268354575787
3860930682895545e-21
0
0
.0016969818221613104
13893224172154226e-22
.0012829347033802545
-.0002005340882096636
.0009310696125401016
-.0025285273147046803
-.002686092429081754
.014656659250496092
-.049712228446445246
-.04972130424431336
2232825967614857e-21
291515854296978e-20
-.049385949141535865
.0015019294491951227
481142710713246e-20
.001696258336192947
-.04928612279583347
.0016829795557016544
-.045956831559120254
.02692025920309157
.0016782714703474338
-.12703241052125763
-.002673971371647294
.019548549730846812
.0016952890423003952
.009732817400307901
.0021621302372519247
.018554667883722172
.024649678929606313
.08526830120245985
.017238781190139038
-.15823867440922126
.06861714018518099
-.04779860134579113
.0024542997510495898
-.090262148864344
.0021340928225421765
.0013849342492612284
.0015029644377729727
0
0
0
-.003557077711659666
-.0018957200486082856
.006852127537434877
.0019071462507782716
.003574583097573598
.006095811286114587
-.07152787799612954
.04510822043789443
0
.017435772683912415
.0016779577441333076
.0028108194966597303
-.009277256664222295
.013861038391557664
.0015602564347281579
.040089918314189725
-.3644055636063944
-.1051598030918552
-.0006811774867500006
-.0002676650073806765
-.004318944714803356
.0010886015032898677
-.18196072278399636
-.00039018187234538356
.02304239211779281
.0021661411253514713
.19651831826185837
.0012609818045873752
.000524415227879351
.0011047965298407601
.0018218067542940936
.0007267006457049366
-.0025032716971463355
-.002348314004534801
-.0019446510058576184
.0013537057008943141
.0015035389004338375
.0024541867156894653
.0076270546918753455
.08162339288366546
.007287500565558815
.012007268119643729
.033488438376957815
-.08367207689147546
.0016941010367682943
-.1086162057156723
.01879068825882734
0
-.053927459427470285
-.058630330922907176
-.1052339312598662
-.056926985292392936
.018925626714627237
0
-.0580044136038951
.02767773854294114
-.06438183529285048
.00040390067795711396
0
-.05174007861501223
-.05376030127274949
0
-.053348045228522184
-.05655341002152139
.002313533688400797
.0015028323349887108
0
-.05026280140811297
.05716763265954701
0
0
0
0
0
-.05351657455902541
0
-.059176778554267624
-.004643094697747107
-.05642115551818298
-.05064257124513112
-.053054786939142666
.002147043946134351
.017416357537040003
51985535516137895e-21
-.10896797101540776
.0016954833196654458
.057139871739883386
-.05662775659355319
.001662305710697278
.016160333561046205
.0015500802170076327
-5699478546936698e-20
36842614189065138e-22
0
0
.0017673639314906924
.02252036065815995
.01936558520466311
-.15496853638809327
.03344268839241679
.020392155999264566
.16277468688200214
.008257677958411997
7696402039982271e-21
.008954855333842125
.0016811807692070388
0
.0006479896025811527
.0010396291554171013
.0016960357138109852
0
0
0
0
0
.0016845315786904753
-7007228708293665e-22
-.04644988257876995
3158896729299616e-21
-.04978295025573484
-.003885900779283835
.0019141488195047894
.0013838775741940085
0
-.04954213285040092
.006190360865977748
.0016307006138022307
.0019394107712073499
.0011320290480127148
.10780434595851512
.001793345469786973
.05326091466850755
.0015001131899792476
36948147280522927e-22
.0016964076047686876
.0016953474459967862
.0016961020618559738
.04726557211869154
.0002252275787447794
.0016776551421429809
.00164995865465327
.00167781772846276
.0016952424684333039
.0016960321574214733
-.000476318815803802
24374813025763294e-22
.0013839179998201073
.01644576946593976
.0016932535773488818
.0019147950235858
2632602064274397e-21
.0013838230899668024
0
0
0
0
-.6033571627655573
-.6031840935048488
.0016633955175310404
-27252783575292002e-21
.002100260532811268
.0016472803780387922
.0021088612519503808
.002118353673983219
8429069147316238e-22
.0013846518805229711
.0016890318191891522
33447532180349e-19
43882450024107873e-23
-.0021740267256599886
-.04971495441728367
.0006661895937834517
.0016524302516660065
7404624118405723e-22
.004176330960022166
.0738577822047571
-.004125520635555973
.019292562852520685
.0018812849591418094
.00164250665346021
.02785123759582529
-.0010412370265358345
-.049261247719646226
.00212311195952305
.001383922934350744
0
0
0
0
0
0
0
0
0
0
0
0
0
0
0
0
-.15880487704323315
.0016945558306883776
-.011481427254949595
-.0022743287764669866
.0006085235697633029
19495442481808497e-22
.0006096163587419705
-.0025357969695236566
3591692752020348e-22
-.3104077962709314
-.5998872064542456
6581091213114311e-22
-11524648433086258e-21
.0013772403511160443
0
0
0
0
0
0
0
0
0
0
.0008500148897817439
.0015012359838988474
.0016960864287613568
.047811091451207446
.0020440189015814934
34501394470948582e-22
.001678009144479811
.001672899891567995
.0016959679987629895
.0013837131871735858
.0013838638105807826
9376585378688957e-22
.0008929686536533652
0
0
0
0
0
.0015023891072575317
7314707356975308e-22
.0021616502567176777
.001383938279576689
.021186433145459316
.001678229141710765
.0017920025786230115
.057139910264450956
9431049626178548e-22
-.008960903013821934
-.0038140229429167727
.01615954252710161
.0016957392476604476
.0013839877634779854
0
0
