-.0013138723254490581
42743188468050533e-23
7947640796279459e-22
-.0001133095446848571
-.0013774696227677194
-13271543256097773e-23
32384798965073165e-21
-.0015448688662028627
-4583451190401874e-20
-.0013191154387140827
.002189310137098009
-.0015415223503954586
7261514147621814e-23
45510368426983014e-23
10317956298801707e-23
278066466933736e-21
-6012499617589765e-20
-.0019618334195451925
.013325668743572555
-12147316262611968e-23
-.001292880759988854
6440219273110314e-22
-.0013012795609252587
-5385447546458039e-20
-.0740192324417995
-.00131683526029818
-.00012969978033579887
.023507014013243607
-.07336779544049503
.020166898315796253
-.07016137240927629
-.0015773155347559773
.020186278601725317
-.04430820891470815
0
0
-.07362526809402008
.021110545764601037
.008636866441981512
.020152737095559016
.04607538799728446
-.0012267724675535333
-.0009536181739309312
0
0
-12937480362585478e-23
-.0013780329400502852
-.0007884010668165019
.00015469902782699736
3206080101514759e-22
-.001219453687165094
-.0013048468491763312
5020099583589895e-22
5917012028319563e-23
-1097057923913356e-22
6302436370087338e-22
.00207904811748086
.021307309027531255
.13046156991703844
-.0011224447459394424
41555326438217765e-24
4660030634682958e-23
-.0012712532696816392
13079519632904466e-23
-.0006402707280319399
.011397645060832006
-.0013044399322844496
-.0013023251093481295
-.0014052956255289056
.02099447060587706
34289662963901614e-23
-.07323631096920068
.014571900702409853
-.04569485834512863
0
0
0
0
0
0
0
0
.021168396004989806
.013636889970198988
.029580143428562466
-.0029490323623756606
.009016326643187291
-.0004890594461038255
-.06591372701493492
0
0
.020072064574780595
-.07231164373714508
-.07255179499523462
.021049129878733756
-18187888023668376e-22
-8531486012732352e-20
-.0019922899594048316
.010078044324083974
.012877869176692248
4238342380310118e-22
-.006090922699126597
-.0006938262143203387
.014573918188516251
.007021766275046462
-.07377842295460833
.02104180826730181
1806927140186304e-22
-.0011616632129564095
-.0010277919846028334
.019946833357826876
.017231004198053256
.0226762362877103
-.0007954517547572178
.014203144014623097
-.07213392586497969
9531859741692032e-22
.007432354306572334
1335679087235696e-22
-.1358303576306956
.020267398540913348
0
0
0
0
0
0
-.0010921094111598442
.0021170348140523744
.013047694516532045
0
0
0
.08917028054373302
-.0006683538983643391
-.0012138790007228443
.0017226212315406774
.00302595021708247
.02044064182776081
-.000801079483666251
-.0007392785963277146
-.0003880142359105808
-.001281503407701164
.015905529616586696
.00026836672302858457
.01929546167558404
.012628099795922556
.009123170395396594
.012919352133220211
-.0012945217090099127
.010586679512135261
-.0007993087631899884
0
0
-.07496444687096147
.012525524426256667
.00023305309138792196
-.0026925373029684577
.0025375728373006586
.0028890453123096363
.00033404092781866626
.021025019086036514
9885698711094592e-20
-.0010346062496814827
.0036729181117437426
.0007431721841421894
.021673345123397855
-.07262725354641603
.020112114289162895
.014253109657161055
48463345733930864e-21
-.0005971862793324825
.10738602180261461
.1423149872853654
.013055919601516523
-.17434634337528118
-.009685308609859018
-.0019476943846152238
.012865568146637784
.022119295108059555
.007367918704665391
-.1594540061175894
.0009146821264455464
.0982744824023141
-.1605580792095232
-.004707382733359195
.009846980999255536
-.042472983423594915
.0888475927541747
.00919722755165727
.011300028136686114
-.0006585087276545014
.0016982490413643973
0
0
0
.1293186153720545
.013030630126062256
.017184912826590362
3120390539868009e-20
-.13511628305955037
-.07676230953132439
.1028026317340801
-.0003721580406146714
0
-.14555952440903114
5827016139077995e-22
.01627058574804761
-.0741270526699733
.010652233426741771
.020234687369140237
.03181974253155203
-.3193129677067767
-.0915923570102065
-.026903899881822273
-.004138892894363453
.009273787559048874
-.00027651059173829654
-.1343584084013618
-.0028198538629146336
-.0017538409569389341
.007727355760908703
.005749647994627504
.015553227501986278
.01342385477794216
-.07297608761251258
.002310827055396418
-.0736936726224048
-.07617964197039956
.019105729853852463
.021344519523509423
54004101508151704e-21
.014434348809963419
.020659834420702183
.015085468028889083
.006964615526949121
.01907935948492811
.015554077079994512
.007803390308752878
.016311322983492877
-.0010670469453690234
-.05838398356168599
-.011287945485455031
0
.016433225283677626
.016639156132388765
-.044426953002386284
.007522438287703407
.014072008851089059
0
.014502896849607136
.014854769415805448
.008082432859329268
.017267744637977797
0
.018274023650923964
.016332545091437466
0
-.0035838932318189567
-.0739044824243162
-.0722492852306921
.0014355475731541178
0
-.0038302774271010503
.010389512220845894
0
0
0
0
0
.01659840935974616
0
.01611035839643052
.013496111939565257
.016315897352300254
.01668477129200128
.01714009053042531
.00940028621309815
.022990677165382487
-.07514410917763076
.00022265886793880135
.010389878464834815
-.0004199022234824264
.011489803243592413
28341468685338988e-21
.013974141610331274
.020100658810585984
.020055265546742106
-.0009638628081392044
0
0
.019459550894555592
.13549999674553295
-.12286704930614693
-.018301255175199652
.0693070421098281
.01525931844594008
.010547212646938576
-.16012909819645246
706204158098464e-19
-.04181422549904537
.0014205874223119019
0
.014439085970207021
.0007088555624615382
15277628455984853e-23
0
0
0
0
0
.0038733546210936607
.0036038407064125284
.006753153569107107
-.0012181285014243926
.02049661828994418
.09841878896071461
-.0008420624169815841
-.0009777875664265128
0
.02057839075405222
-.07240245651672081
-.0017644759737539691
-.07451939148438236
.009060229191659436
-.0012171973768790407
-.0009786481381058908
.021038835789963455
-.0013541681456584135
-.0013587799870953014
-.001359023818369708
-4619025833694324e-20
.020110688492713375
.000295136636513582
.0031243875819429254
609000888388843e-23
-.0015155110082775245
-.0012173869709211165
-.001356902234556553
12175427048938522e-22
-.07414832025562089
-.0007556462181481724
-.0012180861858691416
.016580520784425887
-15797148212182905e-24
41287520474441903e-23
-.0005988290546586385
-56194030745479e-21
0
0
0
0
.02110946100215442
.020097398278810127
-.0009787019302176967
-.0005252336757630701
.01457342227686543
.0005005208872030585
.006992040378458205
.03913001235796258
.003595960383811456
-.00016128407543958726
-2707465507122156e-20
14650587016751094e-23
22625737247662272e-24
-.044932569621055324
.013997746051070384
.020123565426100838
-.0007976988150515014
8333748273572562e-23
.019979812196290712
.013827189436419654
-.0024814614827915918
-.12164065824879233
.020094499611859877
.020046035594656644
-.0008087991173971625
-.0004536747636779856
.020647635718095355
-3607891770075058e-20
-.0003924098606239704
0
0
0
0
0
0
0
0
0
0
0
0
0
0
0
0
-.001147599139281419
-66966524736335365e-25
.021562618204558404
-.0735728927915828
-.0005218066438948119
.0033692666900288592
.01222068749752546
-.0017181135531173393
-.0013334968835635919
.034848045087569994
.014596397862488595
46024632369368246e-23
-.001449383400786577
-.0004081476723819913
0
0
0
0
0
0
0
0
0
0
-.0021837303216068835
-.0013608656756244398
.020108132627740007
-.0017961959414974132
-.0006350079719746148
7401376524805513e-23
-.0013455938700569162
-.0016257373380323963
37829976742810003e-23
-.0012161686737603864
13872931032030062e-23
-.0008008924245621094
-.001322998669328047
0
0
0
0
0
5850474868693336e-22
651282888215094e-21
-.00127610120251554
-.0009674156740523091
.018572456454352678
.01456957617502808
-.07513010939001545
-.00019457859119048745
5536171189169787e-22
.012495904276882864
.010281323708417141
-.0008116264182134078
-.0004015385574718709
-.0012993669443003807
0
0
