0
39.59075499418098
.1455832763208429
.31236343989066545
11.752623102866306
.34410689660162397
5.483169154378563
.21719314568716347
.003294431955480283
.3039647996872998
.026869631771981647
7.887250264042499
.7488629548497056
.578123302551532
.008574977301729294
8.282289148433692
1.0185437199312186
.004094395669970581
.07171783909710851
.004157266840813312
.0019752620798404517
.040080366007026656
.0001334286968738558
16331041458940288e-21
.28172246350053143
0
0
.005474816945959092
.0060879221353867755
.0058323151237779135
.002445654950721844
.00019792930135393257
.01332837249862312
.0013654209835975734
.010507491665573868
3603651835853695e-20
.0005130154023507157
.0028915690789347824
.0004929051082398815
.005265327573089065
16779162598768346e-21
9.4851290792177
14.134078053487938
.006386302947558028
6169861619254345e-20
.12119301434259913
.007302947182790509
.0074712888527850435
.3774382194837322
0
.4696227833560309
0
3.960471153786819
17.73291979056488
0
0
.007289128222053089
2.852618767497731
15.159476436916572
0
0
40.55830807621945
27.427290452932635
9.390666730286208
.0024715002751297503
.0006184519740976541
.0014111429277091552
.006485665390940796
0
0
0
24.911094839016894
3.52823609793307
9.323377999338604
18.690656823953002
.0014123273092126166
.008213849660265796
.0004199026760902211
2.0571088600179817
.0004043688934874509
.003919746249170133
.011031173196888509
.0016812111027507772
.9047010687505767
1.5094577158751243
.00013694849608082685
.027244550144846683
1.367418916492836
1.571570728930238
3.18420814842661
.003526060537168785
.00043258260664639174
.6192498913180929
.7994965166803811
0
.5096663877808701
.7934749615691572
2.1532034190148384
2.6780782286129807
0
5.598344236420035
2.081219943600476
.4899296075318915
1.0930674489175682
.9300796869990199
.0007106976622063266
50
8.140824593880602
.4433211674072304
.07037221447387906
0
0
0
5.18114999432231
.010039452106712286
.0005022703221626173
.5071341167354035
.0013168546782364738
.0002404421574729393
.014909254181058509
0
0
0
0
0
0
0
0
0
0
0
0
0
0
0
0
0
0
0
0
1.8150872535927973
0
0
0
0
.5787448190885709
1294.9806823652962
.004500000635518116
.10901961012914628
.018415982839685437
.22561487986302345
.5409496670810282
.997489934871148
1.4371445086111423
1.4181761147856198
.007474531816957897
6.039154698502716
6.334836711273159
.1426906569224842
.37224405823245327
5.389256632377988
3.765292702492228
0
0
.02
.02
1
8
.02
.02
.02
.02
.02
.02
.02
.02
.02
.02
.02
.02
.02
.02
.02
.02
.02
.02
.02
.02
.02
.02
.02
.02
.02
.02
.02
.02
.02
.02
.02
.02
.02
.02
.02
.02
.02
.02
.02
.02
.02
.02
.02
.02
.5
4
.02
4
.25
.1
.02
.02
3
.02
.02
.02
.02
.02
.02
.02
.02
.02
.02
1.5
.02
.02
.02
.02
.02
.02
.02
.02
.02
.02
.02
.02
.02
.02
.02
.02
.02
.02
.5
.5
.25
.02
.02
.02
.02
.25
2.5
.35
.02
.5
.02
.02
.02
.02
.02
3
.02
.02
.2
.02
1
.02
.02
4
.02
.02
.02
.15
.02
.02
.02
.02
.02
.02
.02
.02
.02
.02
.02
.02
.02
.02
.02
.02
.02
.02
.02
.02
.02
.02
.02
.15
.02
.02
.02
.02
.02
.02
.02
.02
.02
.02
1
.3
1.5
.02
1e-12
.33
.33
1.5
1.5
1
1
1
1
