6139585199924675e-27
39.590754994141356
.14558327631389695
.3123634398844544
11.752623101895653
.3441068966000482
5.483169154417477
.21719314569746478
.003294431955484767
.3039647996954832
.026869631772693036
7.8872502644248925
.7488629548495871
.5781233025790816
.008574977302092297
8.282289148427074
1.018543720417686
.004094395669729379
.07171783909710021
.004157266840814889
.0019752620798411565
.04008036600701241
.00013342869694274142
1633104145817975e-20
.28172246352480657
4220820183009189e-23
13256419173642533e-30
.005474816945983772
.006087922135385531
.005832315123777526
.002445654950677684
.00019792930135390825
.013328372498621484
.0013654209835974045
.010507491665572577
3603651836028875e-20
.0005130154023776846
.002891569078934424
.0004929051082616395
.0052653275730883894
16779162600448632e-21
9.485129079063562
14.134078053467505
.006386302947637288
6169861619381463e-20
.1211930143425516
.0073029471827899435
.007471288852751147
.3774382194835666
9555311087696576e-26
.46962278356778736
27866146203678448e-27
3.9604711536819424
17.732919790512394
15361990187003894e-25
2057200915194234e-25
.007289128222051826
2.8526187674588277
15.159476436242924
29069524315590974e-27
24485820618630972e-27
40.558308076011706
27.42729045311339
9.390666731186728
.0024715002750131457
.0006184519740617072
.0014111429277029548
.0064856653909562325
515113195557369e-23
0
7713854837677065e-27
24.911094838887845
3.5282360979331404
9.323378003868745
18.690656825566208
.001412327309212413
.008213849660313587
.00041990267615874097
2.0571088600199876
.00040436889346254164
.0039197462489320494
.011031173196888126
.0016812111026437864
.904701068688071
1.5094577157615248
.0001369484960766444
.027244550144774633
1.3674189163896244
1.5715707287399507
3.1842081485691307
.003526060537124333
.00043258260662270426
.6192498916094935
.7994965166777419
11864893710922302e-27
.5096663877421085
.7934749615283031
2.1532034189452403
2.678078229541143
33420147749055443e-26
5.5983442361253335
2.081219943632487
.4899296074890017
1.093067448849706
.9300796869766618
.0007106976621927704
49.99999999991814
8.140824593858722
.4433211674124263
.07037221446842779
6209477004585618e-28
634489639432077e-29
30111276206701783e-25
5.181149993904469
.010039452108318095
.0005022703222044369
.5071341167425204
.001316854678144987
.0002404421574567502
.014909254183563085
30575732312477317e-31
0
0
0
0
0
0
0
0
0
0
0
0
0
0
0
0
0
0
0
1.8150872535869165
0
0
0
0
.5787448193502192
1294.9806823651372
.004500000635517564
.10901961012913289
.018415982839683175
.22561487986299575
.5409496670594673
.9974899348686016
1.4371445085890118
1.41817611476141
.007474531816947871
6.039154698491492
6.334836711261156
.14269065691606508
.3722440582162972
5.389256630878999
3.765292701421391
10376730165876416e-26
1680329031471879e-25
.019999999999997544
.019999999999997544
.9999999999938605
7.999999999607066
.019999999999997544
.019999999999997544
.019999999999997544
.019999999999997544
.019999999999997544
.019999999999997544
.019999999999997544
.019999999999997544
.019999999999997544
.019999999999997544
.019999999999997544
.019999999999997544
.019999999999997544
.019999999999997544
.019999999999997544
.019999999999997544
.019999999999997544
.019999999999997544
.019999999999997544
.019999999999997544
.019999999999997544
.019999999999997544
.019999999999997544
.019999999999997544
.019999999999997544
.019999999999997544
.019999999999997544
.019999999999997544
.019999999999997544
.019999999999997544
.019999999999997544
.019999999999997544
.019999999999997544
.019999999999997544
.019999999999997544
.019999999999997544
.019999999999997544
.019999999999997544
.019999999999997544
.019999999999997544
.019999999999997544
.019999999999997544
.019999999999997544
.019999999999997544
.4999999999984651
3.9999999999017666
.019999999999997544
3.9999999999017666
.24999999999961628
.09999999999993861
.019999999999997544
.019999999999997544
2.9999999999447438
.019999999999997544
.019999999999997544
.019999999999997544
.019999999999997544
.019999999999997544
.019999999999997544
.019999999999997544
.019999999999997544
.019999999999997544
.019999999999997544
1.499999999986186
.019999999999997544
.019999999999997544
.019999999999997544
.019999999999997544
.019999999999997544
.019999999999997544
.019999999999997544
.019999999999997544
.019999999999997544
.019999999999997544
.019999999999997544
.019999999999997544
.019999999999997544
.019999999999997544
.019999999999997544
.019999999999997544
.019999999999997544
.019999999999997544
.4999999999984651
.4999999999984651
.24999999999961628
.019999999999997544
.019999999999997544
.019999999999997544
.019999999999997544
.24999999999961628
2.4999999999616276
.3499999999992479
.019999999999997544
.4999999999984651
.019999999999997544
.019999999999997544
.019999999999997544
.019999999999997544
.019999999999997544
2.9999999999447438
.019999999999997544
.019999999999997544
.19999999999975443
.019999999999997544
.9999999999938605
.019999999999997544
.019999999999997544
3.9999999999017666
.019999999999997544
.019999999999997544
.019999999999997544
.14999999999986185
.019999999999997544
.019999999999997544
.019999999999997544
.019999999999997544
.019999999999997544
.019999999999997544
.019999999999997544
.019999999999997544
.019999999999997544
.019999999999997544
.019999999999997544
.019999999999997544
.019999999999997544
.019999999999997544
.019999999999997544
.019999999999997544
.019999999999997544
.019999999999997544
.019999999999997544
.019999999999997544
.019999999999997544
.019999999999997544
.019999999999997544
.14999999999986185
.019999999999997544
.019999999999997544
.019999999999997544
.019999999999997544
.019999999999997544
.019999999999997544
.019999999999997544
.019999999999997544
.019999999999997544
.019999999999997544
.9999999999938605
.29999999999944743
1.499999999986186
.019999999999997544
1e-12
.32999999999933144
.32999999999933144
1.499999999986186
1.499999999986186
.9999999999938605
.9999999999938605
.9999999999938605
.9999999999938605
