3.06719333377145
.009232270603094993
.0004866630504991058
3254608689604763e-20
9896574941370583e-28
.0019543045350382602
6.164301396086253
.7442848767942197
.04418848351346445
.014376720168382998
.06465995418380112
.719783962883007
.6887312567353981
.05469411999400879
.0009086997894267458
.004463944506525766
.000547826596337577
.0021998106521950336
.06747951767856748
.004602933949600236
.0021700114837932285
.001848896445759812
4256738527640469e-20
.0019136981725591778
.059917486384988956
3.7858971270410207
4430165423194351e-21
.005768557297831267
.005618486291586283
.00552820695303796
1282893214354864e-21
.00018615251679545905
.012535292799802894
.0012836813602556316
.009882296905944471
33767005072087644e-22
.0024551113055558903
.0027179935832824824
5026284837208579e-20
.00493689133706541
543328301502021e-20
.005526527153694215
.0055261506356658885
.020413810855359673
.0005942986906824064
.11099016113616197
.007438147493261946
.0005255788407557684
.025301777082828113
.07940742106003285
24382848208247056e-22
.11128974884003273
1883861341174769e-20
8.401287310819109
7.948049485651204
1.1425950718311573
.006736936472931292
.0005808932445030927
.0006392365924238914
.18056733645637638
.11370220235106457
9.104088883047332
7.139503247518423
2.6114489105988556
.0016097551135727931
.00032935175558798614
.0013670206630433317
.0059125502178101275
.006088840894044837
3.4783170022443843
.00078937098274399
9.104088883047332
3.3182200899892456
9.104088883047332
8.282619092203145
.0013253132147555953
.009042002987570439
.0001245504758722161
2.0759247181115947
.0002148360422371531
.002077197613919219
.010502669157113651
57807655177276734e-21
.6615760384363887
.029325103319440018
22931521596661294e-21
.00036964214255232053
.35543360085672066
.32887070627089365
2.500498011847424
.00017110870897956348
.00040658143037169443
.6441554446459833
.7721320217106634
.1292176784448895
.00023193139473339682
.15931889390521922
1.1637100306548547
1.008506962504291
.06403508650153798
1.3641386329894811
2.0531872700276157
.020338683447366133
.026697466320608394
7713103982392675e-20
.00010638293630612031
3.85775100178525
4.236791178881642
.4505952060203553
.003279373673379451
.00010954268985907435
15216406123211488e-22
4304672161777058e-23
.05902431576533201
.01571793452114426
.0004617182864703013
.3397482209992991
3577423996567256e-20
.00016686651711460707
.024706862799314198
6233261401601482e-22
0
0
0
0
0
0
0
0
0
0
0
0
0
0
0
0
0
0
0
.08106642245025926
0
0
0
0
.26660540925316145
1217.9290438079472
.004232249597068282
.1025329190844651
.017320227765679236
.21219074434262838
.01759926514362851
.3953687377642316
.012589961215669175
.376759664239789
.004734897016321594
2.21663089441324
2.3145422883082367
.001913479628213565
.00492549153591552
.4931465197782252
.3530424653136266
.19349776141561317
.3131915473069161
.01880999555272727
.01880999555272727
.04655257500348149
24798173901306114e-26
.01880999555272727
.01880999555272727
.01880999555272727
.01880999555272727
.01880999555272727
.01880999555272727
.01880999555272727
.01880999555272727
.01880999555272727
.01880999555272727
.01880999555272727
.01880999555272727
.01880999555272727
.01880999555272727
.01880999555272727
.01880999555272727
.01880999555272727
.01880999555272727
.01880999555272727
.01880999555272727
.01880999555272727
.01880999555272727
.01880999555272727
.01880999555272727
.01880999555272727
.01880999555272727
.01880999555272727
.01880999555272727
.01880999555272727
.01880999555272727
.01880999555272727
.01880999555272727
.01880999555272727
.01880999555272727
.01880999555272727
.01880999555272727
.01880999555272727
.01880999555272727
.01880999555272727
.01880999555272727
.01880999555272727
.01880999555272727
.01880999555272727
.01880999555272727
.10787925818607388
1895270903993999e-20
.01880999555272727
1895270903993999e-20
.1161244727251231
.0735857103791739
.01880999555272727
.01880999555272727
.0003033375977742057
.01880999555272727
.01880999555272727
.01880999555272727
.01880999555272727
.01880999555272727
.01880999555272727
.01880999555272727
.01880999555272727
.01880999555272727
.01880999555272727
.015067519918461258
.01880999555272727
.01880999555272727
.01880999555272727
.01880999555272727
.01880999555272727
.01880999555272727
.01880999555272727
.01880999555272727
.01880999555272727
.01880999555272727
.01880999555272727
.01880999555272727
.01880999555272727
.01880999555272727
.01880999555272727
.01880999555272727
.01880999555272727
.01880999555272727
.10787925818607388
.10787925818607388
.1161244727251231
.01880999555272727
.01880999555272727
.01880999555272727
.01880999555272727
.1161244727251231
.0011700834655395565
.11963145015734085
.01880999555272727
.10787925818607388
.01880999555272727
.01880999555272727
.01880999555272727
.01880999555272727
.01880999555272727
.0003033375977742057
.01880999555272727
.01880999555272727
.1082971382271851
.01880999555272727
.04655257500348149
.01880999555272727
.01880999555272727
1895270903993999e-20
.01880999555272727
.01880999555272727
.01880999555272727
.09468506727908421
.01880999555272727
.01880999555272727
.01880999555272727
.01880999555272727
.01880999555272727
.01880999555272727
.01880999555272727
.01880999555272727
.01880999555272727
.01880999555272727
.01880999555272727
.01880999555272727
.01880999555272727
.01880999555272727
.01880999555272727
.01880999555272727
.01880999555272727
.01880999555272727
.01880999555272727
.01880999555272727
.01880999555272727
.01880999555272727
.01880999555272727
.09468506727908421
.01880999555272727
.01880999555272727
.01880999555272727
.01880999555272727
.01880999555272727
.01880999555272727
.01880999555272727
.01880999555272727
.01880999555272727
.01880999555272727
.04655257500348149
.11953684198503872
.015067519918461258
.018809995833018043
9999999999969336e-28
.11993129958943494
.11993129958943494
.015067519918461258
.015067519918461258
.04655257500348149
.04655257500348149
.04655257500348149
.04655257500348149
