1.4937109993790023
.7315759072837069
.011468583993950992
.002778630373496329
4666047080881777e-21
.033094793959494356
6.524462210402303
.717003778580677
.05717831700414196
.06528858144301383
.06589430120131004
5.067222312215976
.7144360538106541
.3793579510389631
.005875935009447424
2.882376422115779
.3476485398466508
.0033601312482690556
.06974568613815574
.004456976810536925
.0021079176897510106
.008684444902178654
.0001790996733945055
.002903150511653066
.28905608609620215
16.389658939232753
.00015606113229613743
.006036906991905998
.005849096087093302
.005693974308888201
1321569525716574e-21
.0001921037957398095
.012936067174218642
.0013249916738280337
.010198232771435833
23576880793851807e-21
.0022847704006658653
.0028057204038509655
.0003322547340864811
.0051025373314914965
3699177151946312e-20
.005698935712136802
.005808045928839692
.02028976816160661
.00035317357475770896
.11499705638590722
.0075666286672585225
.0008677639281507701
.04317478052908415
.31846798697687834
.0012398599138968812
.5595145090159915
.009734129871520142
12.014768908987334
11.171331201776981
1.3693425812433273
.007017982941683469
.0642251361919942
.07091716997027979
.22062113802106278
.13270080127821754
30.083853341613302
23.44810256935249
8.26394813768678
.0022896725989556073
.0005219849162517354
.0014031637352144824
.006237753849811709
3.5658696855213967
7.285659149427487
.022255899481609717
23.719368862319843
3.4273832417943995
9.53779459748741
22.312463650637696
.001370257394795033
.009296133901567557
.0006258313324732047
2.1112974491005687
.00033096224930576106
.003195683539725543
.010805403059159422
.0003858693102750781
.9290574168608462
.6861822272848059
3492646845072054e-20
.00853106975156255
.8464325161322068
.7539863936553717
3.4393139619547926
.00019884916802684878
49291073083022116e-21
.6318692376966918
.8463256456622172
.08078372432026953
.011327895848766558
.29433007976364395
1.6251975568042707
1.5166661360761367
2.1209465935448666
1.6104734345709144
2.1382554976161012
.026899810387038214
.04127468542224895
.009482739218030842
.0001350999808601821
6.432451484430042
6.013571524458269
.5338518958976459
.018460048978173924
.00427661599942715
6793515260904178e-20
.0006607617758834089
.10870394117701784
.021139857103565137
.0008378027927855623
.43354869666266627
57909913003017756e-21
.00022939828975307653
.033850661781735576
2192456773748834e-20
0
0
0
0
0
0
0
0
0
0
0
0
0
0
0
0
0
0
0
.7580564239528187
0
0
0
0
.5452394128574269
1256.8662979500791
.00436755483425907
.10581090177863266
.017873956337750477
.2189744933476155
.10979277414476168
.6350595218187869
.14460260074808629
.4300634546204654
.0063168985390810615
2.9589367188421747
3.281821018664887
.01690543035823985
.04395178781200247
.8484461647669499
.5894317634016425
.27070299065457426
.4386277057379823
.019411352077536775
.019411352077536775
.2245379131790416
51694941247869316e-21
.019411352077536775
.019411352077536775
.019411352077536775
.019411352077536775
.019411352077536775
.019411352077536775
.019411352077536775
.019411352077536775
.019411352077536775
.019411352077536775
.019411352077536775
.019411352077536775
.019411352077536775
.019411352077536775
.019411352077536775
.019411352077536775
.019411352077536775
.019411352077536775
.019411352077536775
.019411352077536775
.019411352077536775
.019411352077536775
.019411352077536775
.019411352077536775
.019411352077536775
.019411352077536775
.019411352077536775
.019411352077536775
.019411352077536775
.019411352077536775
.019411352077536775
.019411352077536775
.019411352077536775
.019411352077536775
.019411352077536775
.019411352077536775
.019411352077536775
.019411352077536775
.019411352077536775
.019411352077536775
.019411352077536775
.019411352077536775
.019411352077536775
.019411352077536775
.23692712839475885
.010167941583290228
.019411352077536775
.010167941583290228
.172092680075375
.0861249446005186
.019411352077536775
.019411352077536775
.033962245686741756
.019411352077536775
.019411352077536775
.019411352077536775
.019411352077536775
.019411352077536775
.019411352077536775
.019411352077536775
.019411352077536775
.019411352077536775
.019411352077536775
.1595975328078001
.019411352077536775
.019411352077536775
.019411352077536775
.019411352077536775
.019411352077536775
.019411352077536775
.019411352077536775
.019411352077536775
.019411352077536775
.019411352077536775
.019411352077536775
.019411352077536775
.019411352077536775
.019411352077536775
.019411352077536775
.019411352077536775
.019411352077536775
.019411352077536775
.23692712839475885
.23692712839475885
.172092680075375
.019411352077536775
.019411352077536775
.019411352077536775
.019411352077536775
.172092680075375
.0597265554649077
.20750061627157007
.019411352077536775
.23692712839475885
.019411352077536775
.019411352077536775
.019411352077536775
.019411352077536775
.019411352077536775
.033962245686741756
.019411352077536775
.019411352077536775
.14835012171940676
.019411352077536775
.2245379131790416
.019411352077536775
.019411352077536775
.010167941583290228
.019411352077536775
.019411352077536775
.019411352077536775
.11989047820023646
.019411352077536775
.019411352077536775
.019411352077536775
.019411352077536775
.019411352077536775
.019411352077536775
.019411352077536775
.019411352077536775
.019411352077536775
.019411352077536775
.019411352077536775
.019411352077536775
.019411352077536775
.019411352077536775
.019411352077536775
.019411352077536775
.019411352077536775
.019411352077536775
.019411352077536775
.019411352077536775
.019411352077536775
.019411352077536775
.019411352077536775
.11989047820023646
.019411352077536775
.019411352077536775
.019411352077536775
.019411352077536775
.019411352077536775
.019411352077536775
.019411352077536775
.019411352077536775
.019411352077536775
.019411352077536775
.2245379131790416
.1916496906233837
.1595975328078001
.019411352077536775
9999999999985082e-28
.20157631185910696
.20157631185910696
.1595975328078001
.1595975328078001
.2245379131790416
.2245379131790416
.2245379131790416
.2245379131790416
