1.4937109993790023
.731341616985447
.011462642969238794
.002777996096022416
4663653025749659e-21
.03308745883624018
6.52446300212995
.7170037882454177
.05716020161147294
.06528192622648327
.0658943039191219
5.06712489923683
.7144360464607626
.37935074889697995
.005875832730381993
2.882373029688348
.3476832676257692
.003358934943740235
.0697456864749553
.004456977308463568
.0021079179137984266
.008683624465232017
.00017910153901477002
.002902095514015971
.28902777682303726
16.38962961528141
.00015600873077175687
.006036907427427465
.00584909641109256
.005693974123968475
1321561142331603e-21
.0001921037957398095
.012936067174218984
.0013249916728648521
.010198232771435833
23576427214512247e-21
.002284770444160794
.0028057204009036703
.00033224874798667487
.005102537325544481
3699102561447547e-20
.005698899554398885
.0059054178593821675
.020289746236621022
.0003531735743715565
.11499705615919324
.007566639150172971
.000867783823981234
.043175782921355606
.31834417751869837
.0012399849996893653
.5595142624166247
.009734133891082148
12.014770955184256
11.171331191068608
1.3693425813986426
.007017983300681391
.06422525488494756
.07092285006600109
.22062113803279457
.13270080142345148
30.083853341613302
23.448086203221333
8.264095774326247
.0022889842271719765
.0005217896774117072
.0014031635383009793
.006237754927484431
3.5658879999660837
7.285667799902687
.022255959955417147
23.719368911011163
3.4273832555372183
9.538775532645266
22.312464305672954
.001370257390918542
.009296133543989237
.0006258314001114752
2.111297560501169
.00033083979170692315
.003194516244956513
.010805402563783772
.00038568993276686417
.928735641482956
.6859271538938988
34907948528407135e-21
.008530964406864574
.8461323993770177
.7537151519225376
3.439291530165001
.00019882244961866522
5043033800029233e-20
.6319320745835938
.8462815179477043
.08075580521552285
.011324044831072147
.29427097053980633
1.6252010326256698
1.5166662524808254
2.1209525711985164
1.609779134264299
2.1382555338967753
.026885996022972394
.04125677474799523
.009482737906498931
.00013510158480301436
6.432597179530418
6.013417077162573
.5338522476202219
.018453423273189273
.004276629730168406
6793538941259106e-20
.0006604856540700891
.10865310626557984
.021139866475849617
.0008374941401973553
.4335486916719401
5788185355125272e-20
.0002293227282407867
.03385067666685028
2192463344353568e-20
0
0
0
0
0
0
0
0
0
0
0
0
0
0
0
0
0
0
0
.7580562961634976
0
0
0
0
.5452912037019397
1256.8662979500791
.00436755483425907
.10581090177863266
.017873956337750477
.2189744933476155
.1097687516347156
.635059564241867
.14460267569647245
.43005971965648565
.0063167421378776045
2.9744610639922633
3.2950248712419645
.016905447927105015
.043951836259773634
.84844516490553
.5894310878438662
.2707022632636558
.4386265543932411
.019411352077536775
.019411352077536775
.2245379131703833
5168004140611396e-20
.019411352077536775
.019411352077536775
.019411352077536775
.019411352077536775
.019411352077536775
.019411352077536775
.019411352077536775
.019411352077536775
.019411352077536775
.019411352077536775
.019411352077536775
.019411352077536775
.019411352077536775
.019411352077536775
.019411352077536775
.019411352077536775
.019411352077536775
.019411352077536775
.019411352077536775
.019411352077536775
.019411352077536775
.019411352077536775
.019411352077536775
.019411352077536775
.019411352077536775
.019411352077536775
.019411352077536775
.019411352077536775
.019411352077536775
.019411352077536775
.019411352077536775
.019411352077536775
.019411352077536775
.019411352077536775
.019411352077536775
.019411352077536775
.019411352077536775
.019411352077536775
.019411352077536775
.019411352077536775
.019411352077536775
.019411352077536775
.019411352077536775
.019411352077536775
.23692712839362418
.010167943142370718
.019411352077536775
.010167943142370718
.17209268007533937
.0861249446005184
.019411352077536775
.019411352077536775
.03396224782824147
.019411352077536775
.019411352077536775
.019411352077536775
.019411352077536775
.019411352077536775
.019411352077536775
.019411352077536775
.019411352077536775
.019411352077536775
.019411352077536775
.15959753289002715
.019411352077536775
.019411352077536775
.019411352077536775
.019411352077536775
.019411352077536775
.019411352077536775
.019411352077536775
.019411352077536775
.019411352077536775
.019411352077536775
.019411352077536775
.019411352077536775
.019411352077536775
.019411352077536775
.019411352077536775
.019411352077536775
.019411352077536775
.019411352077536775
.23692712839362418
.23692712839362418
.17209268007533937
.019411352077536775
.019411352077536775
.019411352077536775
.019411352077536775
.17209268007533937
.059726556790199926
.20750061627136462
.019411352077536775
.23692712839362418
.019411352077536775
.019411352077536775
.019411352077536775
.019411352077536775
.019411352077536775
.03396224782824147
.019411352077536775
.019411352077536775
.14835012171939613
.019411352077536775
.2245379131703833
.019411352077536775
.019411352077536775
.010167943142370718
.019411352077536775
.019411352077536775
.019411352077536775
.11989047820023431
.019411352077536775
.019411352077536775
.019411352077536775
.019411352077536775
.019411352077536775
.019411352077536775
.019411352077536775
.019411352077536775
.019411352077536775
.019411352077536775
.019411352077536775
.019411352077536775
.019411352077536775
.019411352077536775
.019411352077536775
.019411352077536775
.019411352077536775
.019411352077536775
.019411352077536775
.019411352077536775
.019411352077536775
.019411352077536775
.019411352077536775
.11989047820023431
.019411352077536775
.019411352077536775
.019411352077536775
.019411352077536775
.019411352077536775
.019411352077536775
.019411352077536775
.019411352077536775
.019411352077536775
.019411352077536775
.2245379131703833
.19164969062329038
.15959753289002715
.019411352077536775
9999999999985082e-28
.20157631185895453
.20157631185895453
.15959753289002715
.15959753289002715
.2245379131703833
.2245379131703833
.2245379131703833
.2245379131703833
