1.486078280777132
.7600549657109873
.011760992740146805
.0028697206796255885
5087205223974407e-21
.033911834551822326
6.526027994627067
.7166533471366249
.05709410439739498
.0661949417123195
.06588903722561419
5.146553265475692
.7145881775045537
.3852051641805187
.00595930779033646
2.9393521085792194
.35485381816436085
.0033615052068505877
.06975653243898929
.00445606435602792
.002107522749780292
.008798207989803923
.00018126042731208097
.002902469388549607
.2929727849225975
16.31622707799377
.0001568383171634202
.006038099764461198
.005850231947554087
.005694760192676475
13218747161201592e-22
.00019213312333151098
.012938042171564438
.0013251953192934267
.010199789686833834
2394464259546081e-20
.0022829425684592875
.0028061529331131958
.0003371077793431407
.0051033548764326635
3757324645122957e-20
.005700292823425907
.0059099215114823845
.02026487764705931
.0003518432710054503
.11501767456394452
.007566459975732761
.000869764307483432
.04332926131843402
.32077672483687525
.0012783806900754646
.5601698148378492
.010033646900253539
12.03514851015978
11.185335022786667
1.3700892736323835
.007019270761474844
.0656955995177838
.072549219735728
.22075363087075217
.13276275353341965
30.18562292297157
23.539763633281247
8.287493303625576
.0022901336675122137
.000522756204663371
.0014023266430847519
.006243660153517631
3.6582898157388244
7.310196655938805
.0224413927268796
23.723044293653853
3.4279192052609346
9.540177476540741
22.31584091488929
.0013704859807487893
.009296523783002763
.0006259379653207066
2.1113647689408426
.0003310940876127597
.003197001836113008
.010806803060271217
.0003906275637778727
.9286565512304896
.6921809085396958
3497674526875581e-20
.008628123646720519
.8482116697780316
.7550952963368257
3.443319820152679
.00019941876652578908
5061790253716073e-20
.6320254494209934
.8459274620333083
.0803815829919626
.011528606860708716
.29472648630448117
1.6261056874554272
1.518351444434433
2.1369775685534593
1.6101691768856061
2.138631262874859
.02694141687187165
.04139954471656153
.009699565423113078
.00013517384780504927
6.447607742488296
6.02290022388709
.534061161591527
.018576993063182095
.004314085815480659
6853668899344636e-20
.0006864471727914543
.1091221065036182
.021162329563067343
.0008385333825926808
.4340483503145596
58084717824789465e-21
.00022929669180765856
.03388869501379827
22096471518248654e-21
0
0
0
0
0
0
0
0
0
0
0
0
0
0
0
0
0
0
0
.763689040295372
0
0
0
0
.5458260883400426
1257.0581787308752
.004368221611491568
.10582705550833574
.017876685083603232
.21900792331293997
.11065119040522771
.6364731785569863
.14628259387792217
.430231173241017
.006319449733188802
2.98397970136035
3.3050619911356995
.017074985362494754
.04439565849431291
.8497612065898021
.5902854629875087
.27084012763282544
.4388501862950792
.019414315531484917
.019414315531484917
.22625830516267795
54935579215923286e-21
.019414315531484917
.019414315531484917
.019414315531484917
.019414315531484917
.019414315531484917
.019414315531484917
.019414315531484917
.019414315531484917
.019414315531484917
.019414315531484917
.019414315531484917
.019414315531484917
.019414315531484917
.019414315531484917
.019414315531484917
.019414315531484917
.019414315531484917
.019414315531484917
.019414315531484917
.019414315531484917
.019414315531484917
.019414315531484917
.019414315531484917
.019414315531484917
.019414315531484917
.019414315531484917
.019414315531484917
.019414315531484917
.019414315531484917
.019414315531484917
.019414315531484917
.019414315531484917
.019414315531484917
.019414315531484917
.019414315531484917
.019414315531484917
.019414315531484917
.019414315531484917
.019414315531484917
.019414315531484917
.019414315531484917
.019414315531484917
.019414315531484917
.019414315531484917
.23783305501517193
.01048316657512192
.019414315531484917
.01048316657512192
.17242137733243298
.0861907064410807
.019414315531484917
.019414315531484917
.03474889238686549
.019414315531484917
.019414315531484917
.019414315531484917
.019414315531484917
.019414315531484917
.019414315531484917
.019414315531484917
.019414315531484917
.019414315531484917
.019414315531484917
.16143527764589952
.019414315531484917
.019414315531484917
.019414315531484917
.019414315531484917
.019414315531484917
.019414315531484917
.019414315531484917
.019414315531484917
.019414315531484917
.019414315531484917
.019414315531484917
.019414315531484917
.019414315531484917
.019414315531484917
.019414315531484917
.019414315531484917
.019414315531484917
.019414315531484917
.23783305501517193
.23783305501517193
.17242137733243298
.019414315531484917
.019414315531484917
.019414315531484917
.019414315531484917
.17242137733243298
.06087718980858234
.2080556851959547
.019414315531484917
.23783305501517193
.019414315531484917
.019414315531484917
.019414315531484917
.019414315531484917
.019414315531484917
.03474889238686549
.019414315531484917
.019414315531484917
.1485767576069097
.019414315531484917
.22625830516267795
.019414315531484917
.019414315531484917
.01048316657512192
.019414315531484917
.019414315531484917
.019414315531484917
.1200278203497526
.019414315531484917
.019414315531484917
.019414315531484917
.019414315531484917
.019414315531484917
.019414315531484917
.019414315531484917
.019414315531484917
.019414315531484917
.019414315531484917
.019414315531484917
.019414315531484917
.019414315531484917
.019414315531484917
.019414315531484917
.019414315531484917
.019414315531484917
.019414315531484917
.019414315531484917
.019414315531484917
.019414315531484917
.019414315531484917
.019414315531484917
.1200278203497526
.019414315531484917
.019414315531484917
.019414315531484917
.019414315531484917
.019414315531484917
.019414315531484917
.019414315531484917
.019414315531484917
.019414315531484917
.019414315531484917
.22625830516267795
.19208903588875884
.16143527764589952
.019414315531484917
9999999999985159e-28
.20208468166794702
.20208468166794702
.16143527764589952
.16143527764589952
.22625830516267795
.22625830516267795
.22625830516267795
.22625830516267795
