1.505165374453351
.6908017049394811
.011031499829091337
.0026469576015539327
4095504221711042e-21
.03190100764309254
6.52210696355918
.7175223188040943
.05724115496397432
.06396034720073751
.06590164448118398
4.9488578004145145
.7142087465635714
.370628298629433
.005751089308499142
2.7971319848622773
.3369701017888454
.003354187921070714
.06972939633239851
.004458340427943106
.0021085077679909815
.00851710249371903
.00017595236115471166
.0029005590039362676
.2833011064132484
16.499458372519296
.0001545946649942454
.00603511389372996
.005847392203805837
.005692793931897286
13211128465893765e-22
.00019205979239829142
.012933103873201861
.001324686120481719
.010195896763737278
23028079559176596e-21
.0022874808459958126
.002805071427111556
.0003249951150590693
.005101310703538372
36124130706406556e-21
.005696905036545218
.005859548819837601
.02032719571792984
.0003551671194692583
.11496616503646205
.007566857625172618
.0008646991903294818
.04293815500125463
.31460497605393056
.0011844892442919638
.5585300838049305
.00930135607855935
11.984260951481511
11.15023650194458
1.3682111626622293
.0070160559502966
.06207925851573233
.06854666009739176
.2204203371101462
.1326069873291449
29.931128340621985
23.310036498723886
8.229046837936654
.0022867410549438708
.0005201709380797449
.001404420561095715
.006228689108689113
3.4281123599687535
7.247834534802115
.02196658072886896
23.71385257162166
3.426579059737271
9.536443789064526
22.30740892114075
.0013699138667086282
.00929553976425339
.0006256726070856689
2.111197578088742
.00033036714341759256
.0031899184971687145
.01080329900876944
.0003783885853289044
.9286111407239815
.676377206367615
3479429187864615e-20
.008386190475529959
.8427959199505531
.7514306561226495
3.4332151581825165
.0001979358150503311
5108710330394817e-20
.6317773605408878
.8467915585780565
.08129843121392631
.011021145112371499
.2935486245459145
1.6238398934810807
1.5141351917151344
2.0958628409919497
1.6088447914220005
2.1376914605808173
.026796256188012707
.041035615864673726
.00916638896267268
.00013497341273759503
6.409250817025869
5.999098093849659
.5335324660664377
.018264576472306348
.004218185053365252
6699332173927635e-20
.00062297555797381
.10792993258088197
.021106137919624623
.0008357043950452417
.432799554223243
5756550275647309e-20
.0002293046355313152
.03379357669517512
21655938271492492e-21
0
0
0
0
0
0
0
0
0
0
0
0
0
0
0
0
0
0
0
.7496399262706026
0
0
0
0
.54446993108129
1256.5783985685127
.004366554396632735
.10578666459983747
.017869862106737855
.2189243347736157
.10843991004138637
.6329424958997997
.14211766978441912
.42980945255560726
.0063125828987080496
2.972623922718359
3.2905384063101453
.01665393416620471
.04329348945902261
.846467878787774
.5881475490439951
.27049082116499124
.438283522918554
.019406905688714348
.019406905688714348
.22198064560899572
471567833842202e-19
.019406905688714348
.019406905688714348
.019406905688714348
.019406905688714348
.019406905688714348
.019406905688714348
.019406905688714348
.019406905688714348
.019406905688714348
.019406905688714348
.019406905688714348
.019406905688714348
.019406905688714348
.019406905688714348
.019406905688714348
.019406905688714348
.019406905688714348
.019406905688714348
.019406905688714348
.019406905688714348
.019406905688714348
.019406905688714348
.019406905688714348
.019406905688714348
.019406905688714348
.019406905688714348
.019406905688714348
.019406905688714348
.019406905688714348
.019406905688714348
.019406905688714348
.019406905688714348
.019406905688714348
.019406905688714348
.019406905688714348
.019406905688714348
.019406905688714348
.019406905688714348
.019406905688714348
.019406905688714348
.019406905688714348
.019406905688714348
.019406905688714348
.019406905688714348
.23557408057459628
.009712584867919436
.019406905688714348
.009712584867919436
.17160058147058563
.08602635033621127
.019406905688714348
.019406905688714348
.032815022761940316
.019406905688714348
.019406905688714348
.019406905688714348
.019406905688714348
.019406905688714348
.019406905688714348
.019406905688714348
.019406905688714348
.019406905688714348
.019406905688714348
.15687882063477931
.019406905688714348
.019406905688714348
.019406905688714348
.019406905688714348
.019406905688714348
.019406905688714348
.019406905688714348
.019406905688714348
.019406905688714348
.019406905688714348
.019406905688714348
.019406905688714348
.019406905688714348
.019406905688714348
.019406905688714348
.019406905688714348
.019406905688714348
.019406905688714348
.23557408057459628
.23557408057459628
.17160058147058563
.019406905688714348
.019406905688714348
.019406905688714348
.019406905688714348
.17160058147058563
.058040487075545724
.20667040509421528
.019406905688714348
.23557408057459628
.019406905688714348
.019406905688714348
.019406905688714348
.019406905688714348
.019406905688714348
.032815022761940316
.019406905688714348
.019406905688714348
.14801065911376032
.019406905688714348
.22198064560899572
.019406905688714348
.019406905688714348
.009712584867919436
.019406905688714348
.019406905688714348
.019406905688714348
.11968466448515519
.019406905688714348
.019406905688714348
.019406905688714348
.019406905688714348
.019406905688714348
.019406905688714348
.019406905688714348
.019406905688714348
.019406905688714348
.019406905688714348
.019406905688714348
.019406905688714348
.019406905688714348
.019406905688714348
.019406905688714348
.019406905688714348
.019406905688714348
.019406905688714348
.019406905688714348
.019406905688714348
.019406905688714348
.019406905688714348
.019406905688714348
.11968466448515519
.019406905688714348
.019406905688714348
.019406905688714348
.019406905688714348
.019406905688714348
.019406905688714348
.019406905688714348
.019406905688714348
.019406905688714348
.019406905688714348
.22198064560899572
.1909922526196766
.15687882063477931
.019406905688714348
9999999999984969e-28
.20081580297978902
.20081580297978902
.15687882063477931
.15687882063477931
.22198064560899572
.22198064560899572
.22198064560899572
.22198064560899572
