12306435255004564e-22
9961669433863096e-23
-311431156087202e-21
11154435939291493e-21
9668243796442888e-23
-9429535480722634e-23
8077625594664131e-21
-46703337671645163e-23
-6958206479772979e-20
15611621028533087e-23
.00012797985499819035
-1241675281815033e-21
-15781864547315803e-23
59097433228451336e-24
-4242198279069232e-23
6668236566535534e-23
56473326532321445e-21
.5255912521245085
3529147551802114e-22
-18866632072825942e-24
.3817059217528159
55029839736171226e-24
-30656322251065913e-22
-7691023196572712e-20
-12399336189176915e-22
-11626879777102958e-23
-.07604652893459439
.4907920759255103
.3308982263849855
.6567621400689581
-.03758783412281823
-6468258206915656e-23
11658634074647435e-22
2686817428050384e-20
0
0
-7626159811501637e-21
.028725288035208234
-.05158542105466566
-.0005428749707379504
.5417122148934582
.5201840452959235
-967831737743595e-22
0
0
-6948530994849493e-23
8887576823296e-20
-7619190220796876e-20
.3307675449982217
8603786269813862e-24
-9392820240820869e-23
5440942565971629e-23
1899178150257502e-23
-1170455301219533e-23
4466388786887724e-23
-12411422116114238e-23
.5100150937267306
.5282962778859503
.46303198494231174
-52993080172092044e-24
-4587982835109838e-24
-4362097595430161e-24
22267947066953297e-24
59265958312829354e-24
3172151337141667e-21
.5392729858351197
-9727097211985874e-23
55910981791270076e-24
-33574036620150196e-23
-.08454259063244463
-7666275536808508e-20
.3309032018169447
38108752729223087e-22
.47422006760266566
0
0
0
0
0
0
0
0
.5204198984552794
.4817884710348229
.5196069795306064
-.11694981154543206
-.0784192306789967
-52938919860164644e-24
.5633172453665598
0
0
-.09585925863495935
6240950933137911e-20
-.04515300587185605
.6568360648289231
-18813672294727485e-22
-2917428374194254e-20
.38080843215217713
.3902372349828948
.6207504370715495
-416394433166079e-22
-.076077989872276
-1353748184225746e-20
-16256982032035544e-22
.3884486168303757
33343039926961925e-22
.5280558376963648
2866858191722613e-23
-.07605962142689945
-.09669489791667325
-.07618739796847164
.5275562064208482
.6690008990752124
-8529521661950291e-20
6969389233141006e-22
.00032466938916966164
4308458739460055e-23
.5264398319549128
-18491598578090192e-23
.44763682051737064
-.07600301942068055
0
0
0
0
0
0
-.001257276633242538
-.0688861234124327
.48529882763227017
0
0
0
.927211523218847
.5189953591032463
-3996510939031898e-20
-.00015653156690262923
.003030432875686595
.5136293598255183
9815141494992394e-21
-10813017391765997e-23
.0004258418187952959
10151786350254355e-22
.48691004894515433
-6144185180733033e-23
.005483178735872294
313083642905084e-19
18644999780528815e-21
.4010922924235538
-10620991235494759e-23
.5153195894391683
4051084670723247e-23
0
0
7923549343786255e-22
-47662022597847065e-24
-.000858885072117446
-.000270350780516492
-2926771739078035e-20
-9819446066514718e-20
7615215754598059e-21
.4624768422423353
.5308710563592024
.3387780983780954
-28548694452136956e-23
-6385097833000006e-23
.6564402941676585
34733790222973573e-22
-24817155621785333e-24
5228833244581755e-22
45132805953341135e-22
5141699376271572e-21
.5644720511462652
.5242539327594741
-.07600473541396029
.3962092524774588
.5234366261805308
.5254632743247578
46129238365214796e-23
.5649352982715701
.0001819750565481373
.5308599017918326
.5124784893371589
.6058432243066774
.519507672983694
.5149743619679188
.5253351739097349
.4726849797168665
-.07993036394639165
.518024092305316
19650356674086018e-23
.33812720626269244
-.09669513347006192
0
0
0
.49165857835348503
.4838750003684042
.4779859144325263
-.09667751949868876
.5249936140535706
.5107210511161056
.49138101184403016
.5272336968493969
0
.6376272889986766
7766653912382932e-22
.5172133308846376
.5308795627188929
.00924206580376187
-5193900435952174e-22
.03519653894126707
.16446181552383302
.5161459533932016
.5291625479410622
-.0018638680131344092
-.004968387702720556
-.0003532840904649739
.44929332145213285
-.002718893513340311
.5287581143587631
-.00033611423827160556
.000606138352111091
.3884775808124707
-.0012831090850639647
9111592299681919e-20
-4163804083710823e-20
-.00023081385129356286
.3309008074331671
.38095309814674916
-.09556076874989769
-.00011266766346134932
-.07600441126947094
-.07599688583255149
.0031805427725611723
.5848194732050309
.47956063537700594
.5247527120431531
.5217569474298748
.520650014150761
.3378451799890747
-.0579764753899442
.5264049923343739
0
-.07078694144769529
-.07030068060216824
.5199404173320619
.4800751030958499
.5479261191240469
0
-.07207871112928536
.024571661785165295
.4776555436529761
-.07929327094683931
0
-.06839480915606709
-.07077290250536146
0
-.06982026704364334
.37208647762758157
.0003657078520067283
-.0007753197166618439
0
-.07996120610416867
.0017171457311838084
0
0
0
0
0
-.07001809484719516
0
.487245769002424
.5108573548118468
-.07048845222429014
.48731180553741993
-.07944069873843444
29915958964395953e-21
-.05742671867996431
-.12169549141205671
.527825993961023
.002156597229057826
29356548242693353e-24
.5199169060953328
-.07602247086952038
.5306403964261823
-.07601514301570002
-.07606139551025433
6212780341659895e-23
0
0
.517234977144209
.5326152553540366
.5433500556652119
.35950480895781095
.524640883192441
.5354279468768097
.5991218267142939
.5411593394095582
8559732011364141e-21
.5389243777837426
-.09670534061358403
0
.512441340608194
-4695841259366121e-22
9047497884378768e-24
0
0
0
0
0
-39727190606323145e-21
-3600309698191441e-23
.5399816804232552
-7966567090008148e-23
.5305709431213043
.33037082077735047
-2000527500526939e-21
13227239961291026e-23
0
.5196008526263576
.5302314651087195
-.0001926009981783575
-44093198173331225e-22
-7259616437488284e-20
.5187372312570054
.5259852357502818
.5186619826591432
-1655696829647474e-20
5768132476626222e-24
-1326581585085857e-22
1898798293295161e-20
-13420593459999e-20
.4103452421674581
6682724746257906e-22
-13996754887715013e-23
-16611230766364673e-22
-2432710553465235e-23
-88546018447606e-20
14261216016962232e-23
.4747652223473245
-9622723061626014e-23
-3043252520546974e-23
.5285248650584426
-46276893360029543e-23
.5306424069569858
13379611762264879e-24
-8057869287620541e-23
0
0
0
0
-7174801400861258e-21
.520650915913792
-12154389008465866e-21
-21630588634704444e-21
-11530056071979191e-22
-8994429074580151e-22
-7674850512636682e-20
-776481933551502e-19
32152203993702667e-23
9073157072858856e-22
26342953529717126e-21
-9504317005506408e-23
-958233392747972e-22
-.09586150164670929
-.11774379487228202
-7810967239633251e-20
-5181458970862157e-23
1877727348378162e-23
.530811258910816
.46124114729558785
.507163036377352
.38306758013367603
5087702019330831e-21
-8361199732072725e-20
.5302043075240125
.5210469712616846
.46231971363633056
-.07601789592403232
-2405476330968703e-23
0
0
0
0
0
0
0
0
0
0
0
0
0
0
0
0
.5283331900656643
-15956122328867895e-21
.48736086857055233
.38083646258506376
21247114071660097e-22
-26140219038337544e-21
-26265467544718505e-22
-925569700901656e-19
59553825703795744e-24
.5021143844776502
.5312289502466644
-10830841704487836e-23
-14027753666685009e-21
-67472902377621075e-22
0
0
0
0
0
0
0
0
0
0
2814296497842459e-21
7568518425521195e-23
-12515630348669505e-23
7626291289510505e-20
-1174619814412238e-20
7335972771114342e-23
-7431932518527056e-23
-4639852533232127e-21
42138974421146114e-24
-1299176704276031e-22
-6261654986383872e-23
-6596581407241134e-22
-8585310137145414e-23
0
0
0
0
0
-12235134448735686e-23
-5834084803951375e-23
-47790016332817706e-24
15470768663706596e-23
.5161463874469777
39266226147360505e-23
.5309740722827113
-6166548530537628e-23
-6861447849982428e-23
.5310557819183933
.38890035422987274
-11276769506871216e-23
11952517171157442e-23
-557889136921777e-22
0
0
