0
38.893546809044636
.1618408968406028
.2939463011610607
10.867234783994093
.37135288318412196
5.758276728155902
.202856677718369
.002639871743374044
.34437654315923877
.027787509920498582
7.60245001298111
.7373295495313446
.6523050315637325
.0089520935448158
8.168194366323121
.9933541392169392
.0039873299418786
.07817506969417057
.004470607712602568
.001803108971097544
.04144046773708712
.0001349749221844856
2281001662615306e-20
.2782757680776666
0
0
.004992478293037857
.00656577736397001
.006174753267853087
.002263530863086361
.00018207294857460884
.014747616641220493
.0012076504593556041
.010728941233011527
35467422969569205e-21
.0004396535837997927
.0029477039055335074
.0005022663935054523
.00560178995670629
14075622771815911e-21
9.167122271613133
14.013201949740171
.005718998412173965
60216504552871584e-21
.119727655653364
.0077654489908219205
.007008568784850962
.4047163947488059
0
.4342083387124223
0
3.73789843598859
17.62851004662015
0
0
.006932942581749838
3.1498421139923174
15.484363901399673
0
0
44.26002159573284
28.810079705617678
9.381623097797485
.0024743257804228196
.0005969744112223035
.001496607198995486
.006693911685791389
0
0
0
22.03926776964146
3.370528227113432
9.012469655400096
17.20075362553466
.0014859852821883371
.008507128302151702
.0004193860876237376
2.171472380059753
.0003954175914857782
.0034441513670453614
.010723626939339908
.001566600752167943
.8610375644739267
1.3520715910892798
.0001267554383681992
.025133318732916198
1.3085548174997648
1.6318719137573012
3.4594725199551966
.0034599854980633064
.0004412044203039153
.5725002561220399
.765955160541445
0
.4767344182538617
.7990128963260927
2.0489674842203165
2.6876678546447152
0
5.943336156389602
2.1417724670031353
.5294661104311007
1.1351331154035604
.9599444789229629
.0007794713072019579
50
8.523871417971174
.4489860952204189
.06186406785377564
0
0
0
4.95092352877323
.009585879313622127
.0005294382821789539
.5277118170600957
.0013415182815084655
.000256217798296616
.016251858540757478
0
0
0
0
0
0
0
0
0
0
0
0
0
0
0
0
0
0
0
0
1.922429278113573
0
0
0
0
.5873177334502699
1296.5844812760256
.004794541217618801
.10103025743254458
.02033120302357599
.22770928857681982
.5729661203801918
.9951073085481194
1.386053908368874
1.3159257199137997
.007637690335539156
5.3867651711384275
6.465206881029757
.14821024117167486
.35324316321676247
5.486185344349252
3.924299502618044
0
0
.02
.02
1
8
.02
.02
.02
.02
.02
.02
.02
.02
.02
.02
.02
.02
.02
.02
.02
.02
.02
.02
.02
.02
.02
.02
.02
.02
.02
.02
.02
.02
.02
.02
.02
.02
.02
.02
.02
.02
.02
.02
.02
.02
.02
.02
.02
.02
.5
4
.02
4
.25
.1
.02
.02
3
.02
.02
.02
.02
.02
.02
.02
.02
.02
.02
1.5
.02
.02
.02
.02
.02
.02
.02
.02
.02
.02
.02
.02
.02
.02
.02
.02
.02
.02
.5
.5
.25
.02
.02
.02
.02
.25
2.5
.35
.02
.5
.02
.02
.02
.02
.02
3
.02
.02
.2
.02
1
.02
.02
4
.02
.02
.02
.15
.02
.02
.02
.02
.02
.02
.02
.02
.02
.02
.02
.02
.02
.02
.02
.02
.02
.02
.02
.02
.02
.02
.02
.15
.02
.02
.02
.02
.02
.02
.02
.02
.02
.02
1
.3
1.5
.02
1e-12
.33
.33
1.5
1.5
1
1
1
1
