44.79259571467997
.32286438974827864
1.1201104710561844
49.700430377503274
1.3181904240067104
8.346208526749777
.7830243796036649
.18284454661500152
1.385991147383423
.07819990847735457
22.099076895447595
.7782474072581583
1.5712407474778822
.020274665622966512
9.395641889649506
12.176130379779883
.010548760668794612
.08395021981284075
.01665889127188243
.006312285942667128
.043420088499060205
.014278377847243591
.009420074491998446
1.6295981058171178
29.096069123289972
.004987828841115355
.0062698960724139234
.00682564715143853
.0064121883855966216
.005177715379546605
.00018297017144298168
.014182099202101528
.0012887387458300516
.010963880100690928
.0002970644182650375
.00481541389425291
.0028804548333448794
.0024531727066303007
.008555464427578431
.00021737111388641267
17.77656251790003
18.724780881431496
.02847666861364489
.0038997654420087893
.1491738549926938
.010282930739569693
.009483365979413438
.6174745275430314
5.234905692148179
4.907550016921972
3.76518058779867
4.9231714680529075
21.518221317811204
20.496496025914805
1.9870091620358106
.007502074537613248
9.970017564123223
159.30566789905728
.3500743758677315
.1765153093582469
53.91121244473662
54.858018424358114
17.946965518431842
.005809414641267679
.002251528304234639
.001668560278154594
.010921249189742752
77.31728114949637
73.64313572874234
.040699286667922045
29.783202771470865
3.391497299283429
104.48872919550857
33.929935620545876
.001566302851482452
.010228304593566604
.004930111572899322
2.658997003769904
.001062092121751975
.009703013422458984
.011153191567889003
.008154273470029115
10.371938617934466
22.755674214740186
.009240676653077469
.0562156912045039
26.925280253400487
125.32967936051791
7.4432053054911425
.015097313350997826
.009802219506549692
5.177216284745143
1.6612914089112196
11.810113446479328
11.010168134938544
6.380657863366875
7.642322636303003
6.833434428866274
3.9083278990140484
65.99305488136423
2.08421103677939
7.753167103817992
5.240076509941383
2.653293235485256
.003369764850206226
64.71157770307451
8.13881163948667
2.2074157301124027
.4674046851771818
.01678256855296313
.00017946109906650368
55.81706455721033
109.57672072091994
.09492161677253855
.0033723459169265934
.6293188751886748
.006812344199893678
.0069181421417313345
.189160846543786
413823946611359e-19
0
0
0
0
0
0
0
0
0
0
0
0
0
0
0
0
0
0
0
3.380137313960197
0
0
0
0
4.268980799555368
1334.855646026815
.00482423107523348
.10195485591756902
.02028976927707657
.22709789557375165
.8409281013060655
1.0937893308946955
1.5537649446288373
18.999851707175722
.01602963748511134
6.189282767891218
6.740413358845694
.3807520474731031
.8173884410750655
81.2730976856123
90.72668029328678
51.437937390917355
82.96537443284176
3.2763134667858456
2.1954750046795284
1.5897282833756203
1.6132709238490497
2.9018669214367865
1.8135319861888441
2.6582412632099164
2.166584937334191
1.930242284956452
2.2122769415616106
2.087050735204646
1.9337160581428956
1.4167351655870182
2.0283861177222153
1.5734457013366023
2.6374994323059644
1.914591685357637
2.1011904094587144
2.2160684608973504
1.8234751352839496
2.348112116051668
2.708011099661468
2.6338678851692534
2.1235662432067075
1.8324104626218412
2.458023509806659
.024528192339238593
1.8516753009915414
2.2869947026018376
5.964087534926062
2.105542195401248
2.069673598629626
1.382367098420264
3.1595757499219035
1.427181264054858
1.4630750757425792
3.19592703399539
1.3127574580191692
1.9610157359350695
1.5412038679680555
1.982365422415549
1.4475569786915559
1.7868175011589982
2.836868414690471
2.0565110215610143
2.2656893794729545
1.835087524606755
2.2317935325705904
1.6463463487105756
2.2355924136717054
2.5086646724700574
3.043897573865141
2.5819143971466607
2.018107035903798
2.143729652597991
3.170151909656449
2.5813185005601467
1.0626202437708263
2.691277826853309
2.909120062978578
2.136548540437405
1.154128989732472
1.7060732917426156
1.8230009956129223
2.0028204210813145
1.5936519906710824
2.424304362513263
2.3159742569543975
1.8198113369258215
1.7781395548642163
2.5873519136207563
2.522755359611687
1.849867693161502
2.316281602759516
2.4728667563886377
2.067977884169438
2.4189974808674526
2.3380542059601144
2.075248706561223
2.9726153743727806
2.1404682702214015
1.9460878106296615
1.3204155225567362
1.6484232950546598
1.4628335968326143
.6972566137594878
.18115759492293013
2.0619689093112434
.012106103383335606
2.4269854088958445
2.0804301806020757
2.3950941733890234
1.871687522817976
.20502013694757681
1.4560260175512156
.2089599656392942
1.193439684408538
3.024031290822318
1.6944175884355572
1.674049701510264
1.8662465042033733
2.2127832502245655
1.7387288048367118
2.0587321126921636
2.1980257985304585
2.4196799652097156
.010089507735871786
1.8386182911046365
1.9261756409961217
1.5045879653831604
2.3436237137464473
1.799491945548513
1.4502023292813855
2.222327848973505
1.887654659838215
2.120574598289097
1.995258086012365
.767380848746995
1.8033612602732123
4.696400518668923
6.534196015743554
1.5479842987641503
2.098532813689955
2.6023203076859014
2.5709246645314114
2.9014676780473914
1.9209171266999088
.00892563113406086
1.4947514830039823
1.3026454270403651
2.7778622580611163
2.3956787272797864
1.7985029430072947
1.9919255685992656
2.2809255286173213
1.9678103676398917
2.685031042362339
2.157476086557416
2.391862409094652
1.703614360405569
1.5912742220686655
2.2689970058279267
1.2423359303132089
.22880652276366367
2.2835528970476875
5.430349755816713
1.5046511269015934
1.7994945941508678
2.0019422639998616
2.308983453989346
.9917672945440188
1.7022042722146837
2.1969487884296828
2.2406010687992213
2.170771889976569
1.5147619372317909
2.079977010272851
2.743013032899419
1.773003783387157
2.5996814554294607
1.4624045683149622
1.2979236985798017
1.4708326660552293
1.9653263354069903
2.182219397202224
2.269424394278755
2.679034134161357
1.2832728767370203
2.3912208875083816
2.1554829801271342
2.385014094621435
2.4664310060028436
1.6913962792688002
1.953464345140997
3.078385175521512
1.8119750778597608
2.052616464912808
.024693126380631196
2.055061318253685
.059490557288841166
1.9598712600594015
1.753616301366653
.5514258572047398
1.3635096261672641
2.0719273672954723
1.2704107181834614
.04755109777513614
1.9851916568184935
1.1331757841077466
1.6995694889017683
2.239409378038642
1.995106350513504
1.4984743010037684
2.54378007681139
3.179028677498586
2.7094958970369802
.6516772056271586
.011640793065528624
1.9328629221830118
2.264244104097554
1.8390295180478877
.04925775291243105
2.365284346031319
1.7238176389624895
2.249810873117166
1.24013054237388
1.2431719384995583
.006342209749918193
.004436250171137325
2.341348642594824
.568598010012068
.14891769772411978
.8110865425953809
.19083445633962146
2.3136934406121057
.10350967607897166
.09362237627161242
1.8068010817502491
.6197950441171403
8.671609853332775
2.1300619095942124
2.1134113880428425
2.5307134578373023
2.386690031536256
2.222296887156116
2.123085129603674
.1195077076133663
.17692631765394856
1.8919810930146337
3.121889826554449
1.0257284832140965
2.018054276825175
2.486835804592989
2.0360050620392305
.009910951790740209
.2810671104857824
2.934202059110245
3.429464464844996
4.447001152821082
4.412094103990762
2.488038618570185
.011198708202839766
3.0727815252952038
1.2539381105165428
.015007972165595136
.010853608899771177
.1538064932382592
.012221133243306617
2.0019356979662564
2.7487649687699798
.01
1.7513582998037234
.01364892781460722
.007670945736052148
1.8984607273003398
.009225966937081003
.007642056758032202
2.3063645701314455
.007260901514663136
2.4063048083220187
2.2134186304314905
1.5144660383745128
1.583136499931906
.009917424577160865
2.0113916337067472
2.361755414495143
2.457910710926091
2.395574646550149
2.257772699630528
2.5777755045477893
.011254146191084818
1.4143703692798852
.01080461533073401
.009250168415080112
.010398863752350905
.011947638406044507
.009753097353030062
1.4421139099088052
.08601303169502543
.06626480396717428
.00924953648499218
1.337460959988299
2.0749485950451603
.09053401528519728
1.927785371507891
1.5365711358803316
.06669705820250414
2.2941804944425863
1.703036956538501
1.6359363206344715
2.7331819813880918
.009200643335477654
1.622954376616909
2.6423410021656877
3.3264432700588897
.8042525536041841
1.697476984840767
2.184783415450576
1.5858352656817047
2.1822340919546726
1.6936589357588003
1.7777397015545857
2.123538128789415
.00874704567917171
.21561165994842763
.19625918508667517
1.9129880307900067
1.4044448585848461
1.936608965357637
1.6997710376398252
1.5081145100010926
2.0525364939932036
2.093138607497293
1.7934147968462546
1.9760140195556255
2.1134020519779986
1.8847373722910497
.00657343311625548
1.6573587391181528
2.0128965403995256
1.7672955331645919
2.316992100449378
3.1963217220258238
1.7526971332148058
1.9994605683475568
1.9207674464596363
2.2891936781368885
.11583287450617939
1.831332486914738
2.2800684072983364
2.3490170801899586
1.4587426132973982
2.4612554029754077
1.6630702567848374
.23556290190207804
.15164265849809375
.12921780041162073
1.764968025088531
2.1525734426846195
1.9907219277897414
2.392391678281255
1.3900552815769693
1.869706527969277
1.471795670375703
2.061863488126356
2.2177303064293965
1.7166621073114312
2.0770767436663253
2.258612934072076
2.1482737433532977
2.0715159308144795
3.2342361420062207
2.2088536190760517
1.977704825134927
1.7986387570419704
1.477884935656586
1.9231401270775783
1.5332314326164136
2.108097773075062
1.8004113621146274
1.5961505159031266
2.2047447923901675
1.7823257725271244
2.2498303291908175
1.3552598361106598
2.3018384668965775
1.5537159608190312
2.5049057750365766
1.7913285719204366
2.050056779896079
1.5997485110828744
1.9831852765763103
16.480277009846812
16.6295216656648
2.5307703591864263
2.216579528879519
1.9013675047910552
1.3938890717711594
1.4985350350398252
1.5040986598663255
2.5886418810331375
1.738737337442639
1.578143128194518
2.3765680357157692
1.8886508473695631
2.880535884426381
1.8334693644082085
1.9026897502331044
1.4367945116848708
1.8235848462634747
1.5589039330484846
1.8073053327823585
1.2978275527340881
2.0726845975924815
2.3524305304134914
1.2179522941882648
1.7606762053224754
1.5639465605500944
2.299124079479972
1.9176901925045817
2.665522459027509
2.010758137241633
2.0500881976580176
2.6501260109770115
1.2756095607720879
2.458941415977605
10.812883657107093
1.8724935383018437
1.6573975181436376
1.6590921696145013
3.5460408931458485
2.0938163896025084
1.9701344884783982
2.9265749243222245
1.518577288590324
1.7524314376467633
2.69537626434845
1.504575748054648
3.2987166753680395
2.4488749028330536
2.6900160089513623
1.9617920724219382
1.3181152317197031
1.7563016527526694
1.6740768062463438
.28089928017913907
2.6610998232332714
1.695126629876637
2.4314568385515085
1.671377486058797
2.0298724016790874
2.4029328979420534
2.0586758993457526
2.083316768742052
1.8882786985533033
1.594352331011998
1.432096199067412
2.0605911866748587
2.640942265538159
1.8768145669381882
1.8269512149236415
1.5373793885149627
1.6688348891585685
2.515491743663812
2.975376328953418
2.0854223966463876
1.9932885426788607
1.8539638036014594
2.383945860568691
1.6553567154196276
1.241908665652022
2.129079099641683
1.7884915572361835
1.556663044356891
2.3993950537165145
.15309170630347188
1.004384284816829
.11990315786760196
.9442783097120496
.10598672834968784
.8842945656491527
.09121375097814327
2.0800721306735976
.16965764474512016
2.569496040207262
.08100224864428511
.957098977395262
5.65657706616312
.34954386965994216
.1057775379495419
1.319950731114331
.06837251658038505
.20321313601119198
.040489453865483964
.8612456872971469
.06843898609205937
1.0874255157519284
.10834864122753861
1.3459330807453824
.18236596111625863
.9214145608551629
.052061233428067975
.668814822180582
.061786408846789216
1.5165414971916023
.000211000372239969
.0004145222966116728
.11438068421486916
.12918775860198345
