1.4951740840503527
.689564669941286
.010867722348279416
.002187442598745137
3799818319534241e-21
.03131811677200594
7.119202415220372
.7342299642964859
.05760021999900924
.06579496553358578
.06922067845188518
5.0734850406366565
.7255306582095478
.4053243602644191
.00588197327310523
3.2439443097800087
.3847326263545777
.003451471314639969
.07493758761621251
.0048884839290601325
.002003748935092162
.009335870058456743
.00018416078621687047
.0027262989322022315
.2926193299742265
15.784219408669376
.0001615206823798232
.005631783711006081
.006235981851781476
.005550681570060542
13074921608299442e-22
.00017973324183261023
.013272646081088699
.001222802007187721
.010236860238840783
21427923963965607e-21
.002366011933031359
.002887582201395872
.00034330183597896624
.005122866714796987
3727586583844796e-20
.005559883073959295
.005830330989528487
.02158639179295448
.0003054611122250609
.10790670188956143
.007555797774434348
.0008558614746336909
.043661408400151216
.3063532426437023
.0010709872125119013
.5390006110865255
.00971259790516673
11.923238822483977
11.082181437714585
1.3949768673813818
.006619448650251856
.06058900290354124
.06681333557983567
.2118513585631928
.12904117149117378
30.064345545995298
23.48120519300635
8.379647532759074
.0022728505994600626
.0005350972682093548
.0013541558632366637
.006236704790780892
3.8899931972672355
7.788556710897377
.02349563853466027
22.700413028164448
3.5690655521637273
9.261183094425737
21.358110587630716
.0014097133731777612
.00907588117303598
.000687934814499669
2.1200215302457472
.00032410300331199213
.0029550576177722796
.010664392977894227
.00037522198593753264
.9512438920296278
.6506768676897721
2937771759387501e-20
.006938992432235932
.8837653618958116
.7908231754703099
3.4440901393165695
.00016535373089266342
5211234215449535e-20
.5831416917113006
.8021396009986629
.08312203172745049
.010905981474305913
.27419262187636734
1.5936738078603452
1.4933089087035356
2.1278326958204277
1.530676605896212
2.0295069675902186
.024731495957991585
.03550511806285602
.00926640380567468
.00016599805975471443
6.2581518778512555
6.127957930370328
.555083687457702
.018731337312740674
.004644973076869282
6844121724457279e-20
.0006264643149380994
.09504829524231148
.02126420892044632
.0008654519636419531
.4465879018414935
48098181234496654e-21
.00022412524073558981
.03635574535371728
23811438260113177e-21
0
0
0
0
0
0
0
0
0
0
0
0
0
0
0
0
0
0
0
.7715171964920986
0
0
0
0
.511196056108955
1251.4638769488558
.004524963231775235
.10375796916222982
.01910220256678623
.2144060274488147
.10933294973645492
.6470127030065812
.13874915403160107
.40879307148331107
.00623329028082791
2.9489845658830136
3.1712888360451204
.017537356091969984
.04257463136593198
.8218689962882896
.5934591166006814
.24310760805179452
.4216143196394713
.01941078407681293
.01941078407681293
.22420954613388577
5084152750398816e-20
.01941078407681293
.01941078407681293
.01941078407681293
.01941078407681293
.01941078407681293
.01941078407681293
.01941078407681293
.01941078407681293
.01941078407681293
.01941078407681293
.01941078407681293
.01941078407681293
.01941078407681293
.01941078407681293
.01941078407681293
.01941078407681293
.01941078407681293
.01941078407681293
.01941078407681293
.01941078407681293
.01941078407681293
.01941078407681293
.01941078407681293
.01941078407681293
.01941078407681293
.01941078407681293
.01941078407681293
.01941078407681293
.01941078407681293
.01941078407681293
.01941078407681293
.01941078407681293
.01941078407681293
.01941078407681293
.01941078407681293
.01941078407681293
.01941078407681293
.01941078407681293
.01941078407681293
.01941078407681293
.01941078407681293
.01941078407681293
.01941078407681293
.01941078407681293
.2367538640698635
.010106995169933911
.01941078407681293
.010106995169933911
.1720297448055518
.08611234471067004
.01941078407681293
.01941078407681293
.03381203687675074
.01941078407681293
.01941078407681293
.01941078407681293
.01941078407681293
.01941078407681293
.01941078407681293
.01941078407681293
.01941078407681293
.01941078407681293
.01941078407681293
.15924731452645913
.01941078407681293
.01941078407681293
.01941078407681293
.01941078407681293
.01941078407681293
.01941078407681293
.01941078407681293
.01941078407681293
.01941078407681293
.01941078407681293
.01941078407681293
.01941078407681293
.01941078407681293
.01941078407681293
.01941078407681293
.01941078407681293
.01941078407681293
.01941078407681293
.2367538640698635
.2367538640698635
.1720297448055518
.01941078407681293
.01941078407681293
.01941078407681293
.01941078407681293
.1720297448055518
.05950733742965013
.207394385505253
.01941078407681293
.2367538640698635
.01941078407681293
.01941078407681293
.01941078407681293
.01941078407681293
.01941078407681293
.03381203687675074
.01941078407681293
.01941078407681293
.14830671822817149
.01941078407681293
.22420954613388577
.01941078407681293
.01941078407681293
.010106995169933911
.01941078407681293
.01941078407681293
.01941078407681293
.11986416957780134
.01941078407681293
.01941078407681293
.01941078407681293
.01941078407681293
.01941078407681293
.01941078407681293
.01941078407681293
.01941078407681293
.01941078407681293
.01941078407681293
.01941078407681293
.01941078407681293
.01941078407681293
.01941078407681293
.01941078407681293
.01941078407681293
.01941078407681293
.01941078407681293
.01941078407681293
.01941078407681293
.01941078407681293
.01941078407681293
.01941078407681293
.11986416957780134
.01941078407681293
.01941078407681293
.01941078407681293
.01941078407681293
.01941078407681293
.01941078407681293
.01941078407681293
.01941078407681293
.01941078407681293
.01941078407681293
.22420954613388577
.191565588606348
.15924731452645913
.01941078407681293
9999999999985044e-28
.20147900982710115
.20147900982710115
.15924731452645913
.15924731452645913
.22420954613388577
.22420954613388577
.22420954613388577
.22420954613388577
