1.4951740840503527
.6895628761638543
.01086605442089951
.0021874390328268066
37997934462070116e-22
.03131805825031519
7.119202422222269
.7342299646498117
.05759053356967299
.06579492475952999
.06922067845107062
5.073485094918196
.7255306581723622
.4053243645755024
.0058819736202774696
3.2439444651097835
.3847298311451912
.0034508502292456868
.07493758760033319
.004888483929957869
.00200374893545292
.009335864918828287
.00018415934596397634
.0027257817290902778
.2926191648338134
15.784218945483643
.0001614906364113705
.005631783715238148
.006235982045283091
.005550681469680549
13074921383540916e-22
.00017973324183261023
.0132726460810887
.0012228020072013724
.010236860238840783
2142792419453671e-20
.0023660119345300375
.0028875822014425155
.0003433018394141406
.005122866714050783
37275866282855296e-21
.005559882977377143
.005830305785743914
.021586390391921603
.0003054611122072572
.10790670188703101
.007555797833659802
.0008558619541029935
.04366143333991729
.30629231463355105
.0010709792633932064
.5390007443314745
.009712596001848588
11.923238652665875
11.082181444905753
1.3949768680708878
.0066194487971991045
.060589000364495146
.06681327939397795
.21185135869679866
.12904117157089487
30.064345545995298
23.481201398622463
8.379633798146422
.0022724945396952996
.0005349957532654207
.00135415589809127
.0062367048329302925
3.8899936016439898
7.788556848166616
.023495639727104212
22.700412631499645
3.569065559763394
9.261114626062012
21.358113537340653
.0014097133725791266
.009075881138427496
.0006879350400020856
2.1200215903917705
.0003240417305817451
.002954504058229826
.010664392699502638
.0003751493058634849
.951078772907033
.650558305510862
2937145927307694e-20
.006938981997459709
.8836082501722564
.7906795403053263
3.444067661601897
.00016535194921756492
52730529155167415e-21
.5831375092214792
.8021256707062053
.08310727076617387
.010904065810431718
.27416678852685616
1.593673932138602
1.4933088774679126
2.1278328023603676
1.5304214386819703
2.029506968684719
.024726582936824722
.03549938039065396
.009266403279647673
.00016599811295798175
6.258155540030752
6.127880246405973
.5550837402497512
.018727916885026574
.004644973430905943
6844122259057388e-20
.0006263661670520751
.09503123211225807
.021264209804210163
.0008652897157394405
.4465878925558021
48089194260444834e-21
.00022408835611347256
.03635574587281927
2381144019915034e-20
0
0
0
0
0
0
0
0
0
0
0
0
0
0
0
0
0
0
0
.7715173162194954
0
0
0
0
.511192532599024
1251.4638769488558
.004524963231775235
.10375796916222982
.01910220256678623
.2144060274488147
.10932078790494605
.647012726705728
.13874915753951567
.4087932614175956
.006233260441756962
2.9567728202626253
3.1775003276363742
.01753737924514323
.04257468826303585
.8218690388490442
.5934591672854657
.24310731901454172
.4216138366336111
.01941078407681293
.01941078407681293
.22420954608520963
5084129652695226e-20
.01941078407681293
.01941078407681293
.01941078407681293
.01941078407681293
.01941078407681293
.01941078407681293
.01941078407681293
.01941078407681293
.01941078407681293
.01941078407681293
.01941078407681293
.01941078407681293
.01941078407681293
.01941078407681293
.01941078407681293
.01941078407681293
.01941078407681293
.01941078407681293
.01941078407681293
.01941078407681293
.01941078407681293
.01941078407681293
.01941078407681293
.01941078407681293
.01941078407681293
.01941078407681293
.01941078407681293
.01941078407681293
.01941078407681293
.01941078407681293
.01941078407681293
.01941078407681293
.01941078407681293
.01941078407681293
.01941078407681293
.01941078407681293
.01941078407681293
.01941078407681293
.01941078407681293
.01941078407681293
.01941078407681293
.01941078407681293
.01941078407681293
.01941078407681293
.2367538640682464
.010106993100898659
.01941078407681293
.010106993100898659
.17202974480551497
.08611234471066986
.01941078407681293
.01941078407681293
.033812035171761554
.01941078407681293
.01941078407681293
.01941078407681293
.01941078407681293
.01941078407681293
.01941078407681293
.01941078407681293
.01941078407681293
.01941078407681293
.01941078407681293
.15924731426610603
.01941078407681293
.01941078407681293
.01941078407681293
.01941078407681293
.01941078407681293
.01941078407681293
.01941078407681293
.01941078407681293
.01941078407681293
.01941078407681293
.01941078407681293
.01941078407681293
.01941078407681293
.01941078407681293
.01941078407681293
.01941078407681293
.01941078407681293
.01941078407681293
.2367538640682464
.2367538640682464
.17202974480551497
.01941078407681293
.01941078407681293
.01941078407681293
.01941078407681293
.17202974480551497
.059507336206141424
.2073943855050145
.01941078407681293
.2367538640682464
.01941078407681293
.01941078407681293
.01941078407681293
.01941078407681293
.01941078407681293
.033812035171761554
.01941078407681293
.01941078407681293
.14830671822816108
.01941078407681293
.22420954608520963
.01941078407681293
.01941078407681293
.010106993100898659
.01941078407681293
.01941078407681293
.01941078407681293
.11986416957779934
.01941078407681293
.01941078407681293
.01941078407681293
.01941078407681293
.01941078407681293
.01941078407681293
.01941078407681293
.01941078407681293
.01941078407681293
.01941078407681293
.01941078407681293
.01941078407681293
.01941078407681293
.01941078407681293
.01941078407681293
.01941078407681293
.01941078407681293
.01941078407681293
.01941078407681293
.01941078407681293
.01941078407681293
.01941078407681293
.01941078407681293
.11986416957779934
.01941078407681293
.01941078407681293
.01941078407681293
.01941078407681293
.01941078407681293
.01941078407681293
.01941078407681293
.01941078407681293
.01941078407681293
.01941078407681293
.22420954608520963
.19156558860624603
.15924731426610603
.01941078407681293
9999999999985044e-28
.20147900982692848
.20147900982692848
.15924731426610603
.15924731426610603
.22420954608520963
.22420954608520963
.22420954608520963
.22420954608520963
