5993263604260832e-22
19582241240489806e-24
-13954587611591429e-23
.03571999410836443
11461522979239228e-25
-13137197638804005e-25
634550566152691e-20
-4200582841210195e-22
7740605333171113e-21
13173484820556273e-23
9805069385402821e-20
-1466096814971573e-21
2762145661183501e-22
-8962910969765077e-25
2389727541171379e-25
-12018552996030255e-25
-.00011391887132457625
-.03062435523592786
-.1939976094376006
-6114264048504959e-24
-.07295834495382432
2996042106773134e-24
-33736519528491626e-22
-493111510055635e-21
.032193813392829035
-55089580969253764e-24
.03523236860092366
-.08554250765414458
.006851960408206107
-.19474401267733274
.03580837974895254
9762615812595536e-23
10821364828584374e-22
84645052676301e-19
0
0
.03439435254118346
-.17049263093559347
.03181150813603867
-4758106849641627e-22
-.0015601031387487622
3417707800722854e-20
-32952680871921324e-24
0
0
-11478944494167672e-24
-57207899646276755e-25
1971414044693489e-22
.03414466258295397
827751189560657e-24
-20084026716520897e-25
10642024086223624e-25
-5868299765370484e-26
-6256845394366694e-25
5769730667749028e-25
-34763945348330504e-25
.004949058332320055
.005052585800772944
-.041547278059585496
5912151552289054e-23
-15138379550979172e-25
-25313919651947756e-25
-23828506273838354e-25
11414072274105177e-24
-.19405899506317512
-.12090858043693745
-2932889115157526e-24
12698725615710227e-23
-3578137328167459e-22
-.18376840866820257
30290810929130895e-23
.011762369857063323
3283354521746592e-21
.009279713934253279
0
0
0
0
0
0
0
0
.015423239851164195
-.055901691922840585
-.11919919017581132
.00017603745040516784
-.1864637491893769
-1307559195279059e-22
-.04263135544522677
0
0
10525733067156436e-21
-.01726887511483201
-.19424267064854267
-.19271586995187642
-1822094584087488e-21
9489371133388519e-20
-.006562948480668362
-.166477292295075
-.07113110022126445
10522497823065086e-21
.014588703846196201
-.19401150546107054
-9065403346702327e-22
23394206245109023e-23
1353001784279532e-20
.07759391738726777
-3738978026287421e-23
-5437921823958556e-20
-.061342850481117706
-.0025126952004166404
-.04593522795010215
-.038531285823160365
-7129996020293807e-20
.03500354464900822
-.011870271228934838
-.19463808723431444
-.10418342036845164
-2311329577841085e-22
-.11379962278741487
.03576612426897075
0
0
0
0
0
0
-.10047696035222714
.018082162155349395
-.039984655361174785
0
0
0
-.11969377574488732
.244910567620058
-.06841856283307517
-9873397105643756e-20
.0033210424656213203
-.027257483850043306
1118662064288677e-20
8613678364587656e-23
.0004910615056086403
8860776192344778e-22
.038005456292588904
-27915799983464857e-24
.0056796597141628375
11769581553111718e-21
-50142984904224585e-21
-.0018523285564072433
-5096549577086391e-23
-.043507141478159345
-10488439678301819e-24
0
0
-.19399739033156274
8771033613569632e-23
-.00012734943317710198
-.00021753769258560355
43991859337050865e-21
-9644334041602084e-21
-626662516807919e-20
-.07118013596906513
.035797786663964826
.03558485197608607
-.19406980178029196
-7172391849948324e-23
.0005149657144394499
.03573875517881955
-.1940720432718303
-.19399773144402271
.035805135706881534
.03573781731402797
-.17548882480443254
-.03273066768877124
.03537887844934644
-.32232922596464914
-.046414395998131935
-.047205267657584316
-.19399768445235158
-.04587256851000447
-.09925497363652161
-.043213387532197146
-.17571087271714342
.039430306075064925
-.050253819156156655
.007371025154100866
-.04324139789685133
-.030711069506002123
-.0050032587755580536
.12745355477549
-.19453150006175696
.03577269575001933
-.06134300790788659
0
0
0
-.03870970069784947
-.20204428586005432
-.046634239971838354
.00011380901537758577
-.067191386637535
-.07447751819652146
-.12070006889358695
.00840410929321722
0
-.05816022501698719
-.1939976763699148
-.04822929214772619
-.042056705572998294
.009987626156726263
.03591582283194235
.03538195630288731
-.10577132175127113
-.1390921208623129
.00505779952574021
-.0138405036969721
-.016624910785522414
-.04758598604944053
-.03752141254798524
-.01438984984881408
-.021829938534478097
-.012652579192119729
366290012736163e-19
.02446746876907523
-.0008358057433151292
-.1849854384196348
4302674397227339e-20
-.18547596664350227
.03410009207991855
.008968063050191766
.012492737407791199
-33546706163354287e-21
13206312914673411e-22
12729467483414683e-21
-.4605815578379867
.10426172773864355
-.06874485087718163
-.18866085204809693
-.05994928361051837
-.01859712636890241
.03577444298389531
-.03266885077537086
-.043862058628527274
0
-.015710621264276758
-.046466969969882366
-.17870512159575114
-.20486723265647647
.006381965631239625
0
-.048233382566305445
.028006995655154847
.25503648826502445
.03209433014098319
0
.03347489431743742
-.015533059827654815
0
.03257300266244541
.014853197198617642
-.012245895423003866
.02360325861887434
0
-.07418419342602645
-.0016064325165559704
0
0
0
0
0
-.07361797220409788
0
.26537519844822566
-.202052981530372
.26594130490134005
-.1986952245994848
.03229780348731854
9336885610443871e-20
-.04214237692482673
-.04014627044804024
.009866949634835349
-.3246930868111276
-38968261207575035e-24
-.1944447999697012
-1781704715800229e-20
4382730969009482e-21
-.016892262852093824
-.027435729464972594
-9437074175416203e-24
0
0
-.19596198570694848
-.06107479855870936
-.03523875488599625
-.19853905372824066
-.02675804835092862
-.04349868829309411
.052913697913889876
-.05021276611578291
7107683988125352e-21
-.0400305094465871
-.06134284043497821
0
-.1903851607279358
-.012201656157524091
-13262815930656466e-23
0
0
0
0
0
4354244385181651e-20
10325800667226413e-24
.010451196307877325
10319611444817624e-24
.022256309208138453
.034676685075141475
-14406357293645718e-22
-.19399783355794015
0
.010285692739338307
-.051273022776607516
-.19443849489020662
698877905412752e-20
.023951436476941135
.014652493087697744
-.07211008493361944
-.06800973307521735
-19776589701039574e-22
-7766327970732501e-25
-4388387918291115e-24
-5721603732759202e-23
-.0001141095445331675
21379303514544945e-21
11081487989516024e-21
-10425836839789213e-23
-1848467777693177e-21
10516321322946804e-21
-851139344121633e-21
3638850161540787e-23
-.09982221132946097
-11402839981585522e-24
-8968641731254696e-25
-.04186223053574412
10170557089238132e-21
-.19399799658538228
11502211385815527e-24
-13207112928977364e-25
0
0
0
0
.003797124106604859
.0037954587519005846
-.1940099829977463
-.19401777375411947
4703930178977669e-21
-6629315091232224e-22
13193634177953775e-23
.023942943181130088
-9512250304637034e-23
8862616912935244e-22
30845367549263e-18
-3577714397969525e-24
-552411023030393e-23
.03219526910103419
9468463963014676e-21
-.09922993102189243
-.01238198116218222
8745707888549016e-21
-.04773426205242143
-.048248037509705605
.24741579309574402
-.04714999259066254
17330585050503064e-21
-11881493468094227e-21
.007364252000105472
-.04145802307715017
-.04357341779243825
-7692511063521779e-21
3107092802918983e-23
0
0
0
0
0
0
0
0
0
0
0
0
0
0
0
0
.009350196702882393
11403298442504693e-24
-.08766517316819968
.004963594570445948
2119022872994839e-21
-6055237205161876e-22
20602408477825933e-23
-8551027960754688e-21
13776750621045552e-25
-.09005954654533081
-.04801866285052253
-5591274754962272e-24
-6359297426743059e-21
-68562358247062315e-22
0
0
0
0
0
0
0
0
0
0
-9120171202721554e-21
-14827199202092827e-24
-5198889515768017e-23
.00012632691793216833
-.19401075952418048
-6340629127344934e-24
-3697831158791952e-24
-45200504442866795e-22
36108381993795266e-25
5217629105839074e-24
-386162778368826e-22
-27130433505881426e-23
-5075850066585885e-24
0
0
0
0
0
-8213900443071794e-24
13431988009830036e-24
8080373700363656e-26
-.1939976912925885
-.011102808577826034
29464263199483057e-23
.010937146248053009
-7402527769848468e-23
-3926947003146944e-24
-.054609211837055645
-.045340503193784805
4434523872124217e-21
6420607634694064e-23
-2882114568359496e-24
0
0
