0
39.672170141494036
.1627371954159815
.3173513138589437
11.662258286968745
.39284061565686135
5.981664782488122
.2022654739281345
.0030396544621145187
.3266965562560149
.026875034899036445
8.119180866977489
.7359837623806931
.5638732514898375
.008675664175331683
7.9754689617218375
1.0590368889109874
.00402245497156786
.07530980530526424
.004574859012752788
.0017803876507994614
.04348484061709219
.0001359119636675661
12706888380985148e-21
.28976023594221945
0
0
.005229185315832966
.006474268472136291
.005793425895286591
.0023874909254830265
.00018685238802065585
.014577653512011497
.0013983044894904444
.010692303821534604
35806870244050306e-21
.00044996568750224695
.0028234617626263386
.0004976853560865374
.005150036916316531
16108830512718028e-21
9.0795167707041
13.871208706883838
.005661369165923725
6199974168111981e-20
.12218852733700909
.0076033561362343115
.007258088331455835
.3944955910246571
0
.4520951179058974
0
4.0525832923328755
18.35756358862755
0
0
.0072468674188614825
2.8565395694951987
14.3936887634121
0
0
42.72851336895969
27.187232454093976
9.11781354198324
.002546299439542639
.0006062912447915673
.0014243707288207487
.006793682923694863
0
0
0
24.308506129229368
3.5011486113416757
9.853239271316212
17.323552252908282
.0014992174049600292
.00835842498190152
.0004454140441116445
2.203310649063174
.00038717575720922394
.0036965480420261413
.01117206549346229
.0017468668625065136
.92413744472583
1.6859625658534416
.00012836062994357503
.027068899090716098
1.3082693194256716
1.7285951687833059
3.1818444027869206
.0033454617832713055
.0004390584054377224
.6297395942645857
.8020097678809506
0
.4830515824615027
.8256079130158427
2.099536750468832
2.687393245704936
0
5.391433908597509
2.005303589550016
.5108651712417493
1.085909294024338
.90799067885737
.0007488186256026191
49.16112610170013
8.235789962371683
.4525346151915598
.07124504117265305
0
0
0
4.954957659112371
.010501322845544723
.0005403418131580964
.5269312087928905
.0012865597379284534
.0002501744843530467
.015428298992737505
0
0
0
0
0
0
0
0
0
0
0
0
0
0
0
0
0
0
0
0
1.6833732214935202
0
0
0
0
.6106066799765266
1438.796746319403
.004559909744795543
.10556660089262349
.01753519973785017
.230555144238553
.5084884818974875
1.0346334118979401
1.369853015651784
1.3921060833371532
.007643644231440017
5.732878036786243
6.096830031319595
.1424113616226323
.37622413797731774
5.172482105703252
4.065483465399057
0
0
.02
.02
1
8
.02
.02
.02
.02
.02
.02
.02
.02
.02
.02
.02
.02
.02
.02
.02
.02
.02
.02
.02
.02
.02
.02
.02
.02
.02
.02
.02
.02
.02
.02
.02
.02
.02
.02
.02
.02
.02
.02
.02
.02
.02
.02
.02
.02
.5
4
.02
4
.25
.1
.02
.02
3
.02
.02
.02
.02
.02
.02
.02
.02
.02
.02
1.5
.02
.02
.02
.02
.02
.02
.02
.02
.02
.02
.02
.02
.02
.02
.02
.02
.02
.02
.5
.5
.25
.02
.02
.02
.02
.25
2.5
.35
.02
.5
.02
.02
.02
.02
.02
3
.02
.02
.2
.02
1
.02
.02
4
.02
.02
.02
.15
.02
.02
.02
.02
.02
.02
.02
.02
.02
.02
.02
.02
.02
.02
.02
.02
.02
.02
.02
.02
.02
.02
.02
.15
.02
.02
.02
.02
.02
.02
.02
.02
.02
.02
1
.3
1.5
.02
1e-12
.33
.33
1.5
1.5
1
1
1
1
