1.5152528555777802
.6853170778791452
.012529856829216814
.002554637772985233
4175271446942414e-21
.03335606742450987
7.034289278073062
.7112085859765342
.05984413288443945
.06513128130021356
.06742216993763189
4.85452295042063
.702269398653259
.3408655492604812
.005563515945846313
2.992320179221051
.36834951089245216
.003354388795604279
.0732008423347531
.00492772879769525
.001917024948674067
.009456094661128234
.0001761387889528346
.0026117683436379176
.297802590515851
15.847557889690245
.00017100581831615839
.00579238693778955
.006221241157583873
.00565336923717358
13384791812925511e-22
.0001812747905695814
.014142481721124827
.0013563123114895665
.010373135905922355
21650585603898684e-21
.0021032583001282914
.002738384613659102
.00031007607573818884
.004988635104257014
3330170377488938e-20
.005661751495235378
.005947775239970999
.01959112063335026
.00035902682834597837
.11583106787146594
.007886480075150016
.0008330615502355894
.04609037321900241
.31585885571303124
.001038304038751731
.5956500847899038
.009056749752603057
12.289681802680144
11.431489257364184
1.3977616861656352
.006978144531620253
.05964041656228411
.06603739992096273
.2223981671046269
.13288247181706134
29.796628592296262
23.583796378693826
7.973085655008297
.0024032067423271626
.0005255878232554129
.0014074014071113466
.006558941462371563
3.538871208217243
7.5594112038713845
.02234025550374966
23.009208547420414
3.400076689289594
9.538551260376174
21.547355636295844
.0014541587582759007
.009293340705267066
.0007163643684316388
2.2437713897253233
.00032187105677374125
.0030576164935938632
.010939510460604849
.00041950248975912397
.9728871663535656
.595502043256069
3157201563490576e-20
.006099875220204911
.8393386190545068
.7534163141715788
3.394463187482061
.00016697999143003268
6685559500590053e-20
.609113047544324
.8646751732858856
.08629514170316425
.010723032748351275
.31270085571944106
1.6932735317263177
1.5667323026395295
2.056461609264325
1.5243070694356458
2.060505708266365
.027218894861061375
.038886509671278144
.008624078428871721
.00015354208391308322
6.22256774827108
6.066721645162992
.5470228000485414
.01905461554865806
.004498142950353036
7032948056022345e-20
.0006320576238454208
.10187268737638878
.022179881059971047
.000916233563559261
.4483240449439294
5473079386549029e-20
.0002487208967779015
.035448627593094445
23741220784453842e-21
0
0
0
0
0
0
0
0
0
0
0
0
0
0
0
0
0
0
0
.7677913667134737
0
0
0
0
.5429709483292677
1395.847997836357
.004423794329441985
.10241538901954572
.017011765913672122
.22367296652533222
.1016908537899683
.6491758734645675
.13539905113963013
.4172393927934016
.006204041815085274
2.9322390185088603
3.272827266252697
.01536772775976225
.04056411116071805
.8325209293887245
.650955966887055
.2688834021759164
.4463335678213604
.01940299074774928
.01940299074774928
.2197526118684566
4357104664599033e-20
.01940299074774928
.01940299074774928
.01940299074774928
.01940299074774928
.01940299074774928
.01940299074774928
.01940299074774928
.01940299074774928
.01940299074774928
.01940299074774928
.01940299074774928
.01940299074774928
.01940299074774928
.01940299074774928
.01940299074774928
.01940299074774928
.01940299074774928
.01940299074774928
.01940299074774928
.01940299074774928
.01940299074774928
.01940299074774928
.01940299074774928
.01940299074774928
.01940299074774928
.01940299074774928
.01940299074774928
.01940299074774928
.01940299074774928
.01940299074774928
.01940299074774928
.01940299074774928
.01940299074774928
.01940299074774928
.01940299074774928
.01940299074774928
.01940299074774928
.01940299074774928
.01940299074774928
.01940299074774928
.01940299074774928
.01940299074774928
.01940299074774928
.01940299074774928
.23438889273459715
.009328280191754287
.01940299074774928
.009328280191754287
.17116837205852045
.08593961516910478
.01940299074774928
.01940299074774928
.0318364117479902
.01940299074774928
.01940299074774928
.01940299074774928
.01940299074774928
.01940299074774928
.01940299074774928
.01940299074774928
.01940299074774928
.01940299074774928
.01940299074774928
.15452271467426804
.01940299074774928
.01940299074774928
.01940299074774928
.01940299074774928
.01940299074774928
.01940299074774928
.01940299074774928
.01940299074774928
.01940299074774928
.01940299074774928
.01940299074774928
.01940299074774928
.01940299074774928
.01940299074774928
.01940299074774928
.01940299074774928
.01940299074774928
.01940299074774928
.23438889273459715
.23438889273459715
.17116837205852045
.01940299074774928
.01940299074774928
.01940299074774928
.01940299074774928
.17116837205852045
.05659464145208049
.20594201633474385
.01940299074774928
.23438889273459715
.01940299074774928
.01940299074774928
.01940299074774928
.01940299074774928
.01940299074774928
.0318364117479902
.01940299074774928
.01940299074774928
.1477123491094028
.01940299074774928
.2197526118684566
.01940299074774928
.01940299074774928
.009328280191754287
.01940299074774928
.01940299074774928
.01940299074774928
.11950370388795253
.01940299074774928
.01940299074774928
.01940299074774928
.01940299074774928
.01940299074774928
.01940299074774928
.01940299074774928
.01940299074774928
.01940299074774928
.01940299074774928
.01940299074774928
.01940299074774928
.01940299074774928
.01940299074774928
.01940299074774928
.01940299074774928
.01940299074774928
.01940299074774928
.01940299074774928
.01940299074774928
.01940299074774928
.01940299074774928
.01940299074774928
.11950370388795253
.01940299074774928
.01940299074774928
.01940299074774928
.01940299074774928
.01940299074774928
.01940299074774928
.01940299074774928
.01940299074774928
.01940299074774928
.01940299074774928
.2197526118684566
.19041513657452983
.15452271467426804
.01940299074774928
9999999999984856e-28
.20014842416805545
.20014842416805545
.15452271467426804
.15452271467426804
.2197526118684566
.2197526118684566
.2197526118684566
.2197526118684566
