1.5152528555777802
.6853173635069908
.012532040106291928
.002554640429796515
4175272103648376e-21
.0333560792012489
7.034289276557944
.711208586253291
.05985582275305546
.06513128344045026
.06742216992486105
4.854522939389596
.7022693986530629
.3408655484806982
.005563515606798856
2.9923198552990695
.3683306541663588
.003355098800932186
.07320084235515624
.004927728797659094
.0019170249486600525
.009456095050187503
.00017612968484217382
.002612354917449259
.29780260105047157
15.847557708722068
.0001710436949961697
.005792386935547606
.006221240947257047
.005653369356857968
13384791784961735e-22
.0001812747905695814
.014142481721124827
.0013563123115904012
.010373135905922355
2165058555411418e-20
.002103258301714383
.002738384613975867
.00031007607506161275
.004988635105206171
3330170370694949e-20
.005661751485103031
.005947775303793126
.01959112589597867
.00035902682832375624
.11583106787170108
.007886480071478635
.0008330562048588138
.04609007718952057
.31593267248435897
.0010382511353729843
.5956502190103237
.009056749298540046
12.289681622612596
11.431489255145845
1.3977616861178526
.006978144356807783
.059640418872282934
.06603743374676299
.2223981670907306
.13288247176056986
29.796628592296262
23.58379539768924
7.9730040313541215
.002403637399054134
.0005257051463441676
.0014074013807952104
.006558941355451506
3.5388710122363536
7.5594111648526745
.022340254476373327
23.009208139837835
3.400076681295788
9.538055763246712
21.54735716207302
.001454158759563527
.009293340690254335
.0007163644727070194
2.2437713130749097
.00032194242424271315
.00305828799095667
.010939510796680194
.0004195964490846194
.9730797374669228
.5956249386866668
31580574376351805e-21
.00609989951489678
.839512070427909
.753573139442736
3.3944860434601747
.00016698577942253723
6613279826491379e-20
.6090824167505847
.8646951246210518
.08631313682123433
.010725222107868195
.3127365535904683
1.6932730822038327
1.5667323572720788
2.0564615333171696
1.5246415039873036
2.0605057056122233
.027225742920728248
.03889477171041866
.00862407862646626
.00015354135880675022
6.22252823347012
6.066807474708611
.5470227185702601
.019058648134954136
.004498142677226579
7032947715966212e-20
.0006321877468054473
.10189606900502271
.022179879702827858
.0009164338470605033
.44832405499634964
5474420126418858e-20
.00024876852142332066
.03544862636601384
2374121899143629e-20
0
0
0
0
0
0
0
0
0
0
0
0
0
0
0
0
0
0
0
.7677913363160034
0
0
0
0
.5429446709818081
1395.847997836357
.004423794329441985
.10241538901954572
.017011765913672122
.22367296652533222
.1017044436884356
.6491758658341501
.13539904179969173
.4172396783689983
.006204095925102865
2.9260621774132756
3.2677722872911157
.015367706086262404
.04056405336282467
.832520888299061
.6509559114808452
.2688833367126962
.4463334361499529
.01940299074774928
.01940299074774928
.2197526118684817
4357104817334368e-20
.01940299074774928
.01940299074774928
.01940299074774928
.01940299074774928
.01940299074774928
.01940299074774928
.01940299074774928
.01940299074774928
.01940299074774928
.01940299074774928
.01940299074774928
.01940299074774928
.01940299074774928
.01940299074774928
.01940299074774928
.01940299074774928
.01940299074774928
.01940299074774928
.01940299074774928
.01940299074774928
.01940299074774928
.01940299074774928
.01940299074774928
.01940299074774928
.01940299074774928
.01940299074774928
.01940299074774928
.01940299074774928
.01940299074774928
.01940299074774928
.01940299074774928
.01940299074774928
.01940299074774928
.01940299074774928
.01940299074774928
.01940299074774928
.01940299074774928
.01940299074774928
.01940299074774928
.01940299074774928
.01940299074774928
.01940299074774928
.01940299074774928
.01940299074774928
.23438889273459756
.009328280196376281
.01940299074774928
.009328280196376281
.17116837205852045
.08593961516910478
.01940299074774928
.01940299074774928
.031836411750743504
.01940299074774928
.01940299074774928
.01940299074774928
.01940299074774928
.01940299074774928
.01940299074774928
.01940299074774928
.01940299074774928
.01940299074774928
.01940299074774928
.15452271467447093
.01940299074774928
.01940299074774928
.01940299074774928
.01940299074774928
.01940299074774928
.01940299074774928
.01940299074774928
.01940299074774928
.01940299074774928
.01940299074774928
.01940299074774928
.01940299074774928
.01940299074774928
.01940299074774928
.01940299074774928
.01940299074774928
.01940299074774928
.01940299074774928
.23438889273459756
.23438889273459756
.17116837205852045
.01940299074774928
.01940299074774928
.01940299074774928
.01940299074774928
.17116837205852045
.056594641453704006
.2059420163347439
.01940299074774928
.23438889273459756
.01940299074774928
.01940299074774928
.01940299074774928
.01940299074774928
.01940299074774928
.031836411750743504
.01940299074774928
.01940299074774928
.1477123491094028
.01940299074774928
.2197526118684817
.01940299074774928
.01940299074774928
.009328280196376281
.01940299074774928
.01940299074774928
.01940299074774928
.11950370388795253
.01940299074774928
.01940299074774928
.01940299074774928
.01940299074774928
.01940299074774928
.01940299074774928
.01940299074774928
.01940299074774928
.01940299074774928
.01940299074774928
.01940299074774928
.01940299074774928
.01940299074774928
.01940299074774928
.01940299074774928
.01940299074774928
.01940299074774928
.01940299074774928
.01940299074774928
.01940299074774928
.01940299074774928
.01940299074774928
.01940299074774928
.11950370388795253
.01940299074774928
.01940299074774928
.01940299074774928
.01940299074774928
.01940299074774928
.01940299074774928
.01940299074774928
.01940299074774928
.01940299074774928
.01940299074774928
.2197526118684817
.19041513657452983
.15452271467447093
.01940299074774928
9999999999984856e-28
.20014842416805548
.20014842416805548
.15452271467447093
.15452271467447093
.2197526118684817
.2197526118684817
.2197526118684817
.2197526118684817
