.04988477033816632
.024474545997053617
.0004061876014417489
.0012696643714744564
-.014811763021317573
-68480456011199865e-22
6857212964405597e-22
.00026498223671879103
.0002664244556916694
731933277343612e-21
-.00022933432083408362
-35924822540086377e-22
3347655677362789e-21
-.0005720264701980409
.004773012612003531
.02648018557996653
.0002832140484525185
-.0005182028956935479
15670210464876334e-23
4484120291275498e-21
-6115205901401247e-20
.13050119054001294
15911273453124792e-22
-.0025197078821233543
-.03046362482908818
10613012317742421e-22
-.0005243792749922379
40668387204542326e-23
13471466467956286e-22
10454274546765005e-23
32876217710071835e-23
230263363695978e-21
4143269133820234e-22
14952966534328696e-23
17688541761406343e-23
3204602259468214e-22
8085458592377904e-23
32449260222157136e-23
13024357702840738e-23
331037051245477e-21
.004749666427436198
.023276586407053313
.00011646439844792185
33523641533772246e-23
-30023438466703877e-23
22564152935529863e-22
-7576380157049123e-23
.0035207618335002886
-.0003536366146397686
.04797721494538604
-.00028216008966168476
-.0004815426258764637
.007506785914173311
.000747358525833298
-.00024176258951424476
10255752151515024e-22
.0004858649033833131
.008622805194491639
-.0010389495214991658
-.0008242319559815262
-.02820987561648259
-.026406568993703007
.042531703114248344
.0002836820656327801
.008360424619597713
.008306398828985491
-.0005790431539608286
-.006118798437234235
.0005294454261867421
.008318283704350057
.00523776001687066
.00527131576895621
.07768381690762075
.009098149307035125
521092405112901e-22
-1831943423766619e-22
.0002562032591909573
-.0006858087268415346
-.0004161521654610657
.056079560833467115
.0002886112832450059
-652058349561711e-20
.004132875306519322
-.0008239944133554356
-.0004168676460850939
-.0007003005839770761
.22789434195410938
.019020019427597908
.2867226036921036
.004652661319835708
.00030834138111594166
.023347141844866505
.013164971928122434
.00013778023897679316
.004192349842531076
.0010947265393615928
-.000964694175021205
-.00032993065024310283
-.00030109334075504316
-.10922814920888603
.07207791450306285
.007614947922342955
.02619955301694653
.008727207629785114
-.00036153290661959116
.04790153882023333
.17563049297583808
.008116382417659388
.002589701065480912
.12514641259624515
3907568508374239e-22
.016615670505555756
.013813906584147693
780843128383587e-19
.020616069392271365
.10372351586391719
-26555568080929463e-22
.13093579539822248
.00490937232021998
20532145604641865e-23
0
0
0
0
0
0
0
0
0
0
0
0
0
0
0
0
0
0
0
-.038918913432351196
0
0
0
0
-.005137420941124323
7520234968331158e-22
37822428118693734e-23
5392790081321049e-22
338919970135418e-21
0
.02219829921611876
-.2770911347238653
-.00019587542324540165
.0028300467767584524
.7808053066244242
.012886121599847186
.01524877311222047
.002799806909020398
.015700077449934152
.0049433172399815295
.004741785356128045
33447052057812705e-21
-.0003749551755296694
