.654064415853606
.009474487590697796
.0018998756560676326
3886802400842309e-21
.02655802653675226
6.778933161548235
.708965539721527
.05746048552696256
.07366804237005768
.06657227603672355
4.93317945262699
.7424092475810485
.38896968600433185
.005560724696669358
3.230439615255874
.511062900090928
.0031784769062991863
.07225499877837807
.004638990821631787
.0018914450997300379
.01015905263034256
.00021249014649450632
.002732039329291787
.28882958568104705
17.070498504684764
.00015872232950520627
.005829857885575465
.0065999765925853415
.006214996230618987
13586478036767426e-22
.00016666110697928052
.013807724393116172
.001213171534242227
.010753984857575529
23409530823863678e-21
.002368937417982561
.0028099260913446813
.0003327374890167411
.005317472907157634
3574513077944799e-20
.006217153826518864
.006313271019069835
.020335766639459428
.0003277854665760185
.11511336531951184
.007435670404044361
.0007949451664170836
.046297455817490715
.2754930434873671
.00114903968883481
.5690538235566898
.009503093496306987
12.336626174358212
11.442302642310622
1.3939830469496333
.00675135854442245
.0649699644183638
.07226518661723572
.22252094874949713
.1275170823767204
30.0965210366633
23.65316812796537
7.889656911967145
.0023325936185018643
.0005077930833822205
.0013927450307748437
.006313672732985431
3.1957067622696105
7.479523833711284
.018888048359580766
22.0327546285303
3.2075389030353167
9.996247408754147
20.63967459727132
.001445356049652173
.00974526994725979
.000681890261501255
2.114087504239241
.00030938003213627454
.002608111985542546
.010999881582553104
.0003705872536646772
1.002209197446252
.6935068751057595
3253053642275005e-20
.008924441976932776
.8297305546263825
.7403568952108183
3.496895171561848
.00018634943138650355
8458344601193519e-20
.6818632903232599
.8229101392968835
.06802125576617649
.009670958194162454
.2976853899523659
1.5721386813945981
1.467708310852464
2.047879598921127
1.6667150097470893
2.10916870117917
.02812796357328956
.04198534260307436
.009874662200211881
.00019394031807495226
6.43529600566479
6.212581403672805
.541973822474091
.0174001381303301
.004193667578610692
6846216561167006e-20
.000619770950352406
.10310170541592169
.021287870185661292
.0007721772731344947
.45921888614624656
5652415513449813e-20
.00024095120671488177
.03404018441469306
22279766208212476e-21
0
0
0
0
0
0
0
0
0
0
0
0
0
0
0
0
0
0
0
.7516727181395843
0
0
0
0
.6074387208004398
1290.6147640990184
.004294915400311189
.10366601885472751
.019685264407722183
.21804748796603726
.11332855782659605
.6201470199340268
.1414306859275252
.4123446891073424
.0064669593822434404
3.050467676998384
3.388583747651022
.018077046553032494
.04040593038027213
.8169503218631394
.5736352140969532
.23564239253624997
.46397270913286315
.019411720926673016
.019411720926673016
.22475123087423163
5158682077671918e-20
.019411720926673016
.019411720926673016
.019411720926673016
.019411720926673016
.019411720926673016
.019411720926673016
.019411720926673016
.019411720926673016
.019411720926673016
.019411720926673016
.019411720926673016
.019411720926673016
.019411720926673016
.019411720926673016
.019411720926673016
.019411720926673016
.019411720926673016
.019411720926673016
.019411720926673016
.019411720926673016
.019411720926673016
.019411720926673016
.019411720926673016
.019411720926673016
.019411720926673016
.019411720926673016
.019411720926673016
.019411720926673016
.019411720926673016
.019411720926673016
.019411720926673016
.019411720926673016
.019411720926673016
.019411720926673016
.019411720926673016
.019411720926673016
.019411720926673016
.019411720926673016
.019411720926673016
.019411720926673016
.019411720926673016
.019411720926673016
.019411720926673016
.019411720926673016
.23703969844255018
.01020380025016518
.019411720926673016
.01020380025016518
.1721335600033717
.08613312752014819
.019411720926673016
.019411720926673016
.034056785140792134
.019411720926673016
.019411720926673016
.019411720926673016
.019411720926673016
.019411720926673016
.019411720926673016
.019411720926673016
.019411720926673016
.019411720926673016
.019411720926673016
.1598246684958311
.019411720926673016
.019411720926673016
.019411720926673016
.019411720926673016
.019411720926673016
.019411720926673016
.019411720926673016
.019411720926673016
.019411720926673016
.019411720926673016
.019411720926673016
.019411720926673016
.019411720926673016
.019411720926673016
.019411720926673016
.019411720926673016
.019411720926673016
.019411720926673016
.23703969844255018
.23703969844255018
.1721335600033717
.019411720926673016
.019411720926673016
.019411720926673016
.019411720926673016
.1721335600033717
.059866790448010646
.20756962606619656
.019411720926673016
.23703969844255018
.019411720926673016
.019411720926673016
.019411720926673016
.019411720926673016
.019411720926673016
.034056785140792134
.019411720926673016
.019411720926673016
.1483783131204481
.019411720926673016
.22475123087423163
.019411720926673016
.019411720926673016
.01020380025016518
.019411720926673016
.019411720926673016
.019411720926673016
.1199075651756902
.019411720926673016
.019411720926673016
.019411720926673016
.019411720926673016
.019411720926673016
.019411720926673016
.019411720926673016
.019411720926673016
.019411720926673016
.019411720926673016
.019411720926673016
.019411720926673016
.019411720926673016
.019411720926673016
.019411720926673016
.019411720926673016
.019411720926673016
.019411720926673016
.019411720926673016
.019411720926673016
.019411720926673016
.019411720926673016
.019411720926673016
.1199075651756902
.019411720926673016
.019411720926673016
.019411720926673016
.019411720926673016
.019411720926673016
.019411720926673016
.019411720926673016
.019411720926673016
.019411720926673016
.019411720926673016
.22475123087423163
.19170432240099938
.1598246684958311
.019411720926673016
999999999998505e-27
.2016395201307743
.2016395201307743
.1598246684958311
.1598246684958311
.22475123087423163
.22475123087423163
.22475123087423163
.22475123087423163
