37110777555091547e-22
.06255750559758819
-8386492294459029e-21
-18111190537467338e-21
.056979569510421615
.056964029999498525
-10213699091441862e-24
-36173689883964336e-23
-.00012038305927945538
-.0003519532245151883
.007035909357454861
.01108037794244738
-5568420574181878e-23
1145986189578759e-22
-37782039149712907e-22
-.0022926093813207863
-2616094096123875e-22
13350424031549413e-22
-.001619313405539457
-.2282034128353916
-.20323465607874527
-.0022999548556968
-.2040503519507092
-.22859952638318692
.0014365590960993626
-.0015655182494939113
-.004468234627798994
-.0026568344519318186
-.00197558363847603
-.0038848388925631274
8437758569571397e-23
15776998066802502e-23
-.0007514444016968931
.0003111978531318166
