3.0223074919797637
.003965089762787649
.00012961806010444458
7733252708658919e-21
34716962899111183e-29
.0005641278670046556
6.539467005247317
.6997828790592635
.040798636815886066
.020403048906837622
.06812118018093351
.7592682354230126
.7227601503459629
.05595173402297108
.0009359834249998469
.006278687858304454
.0006955178903947343
.0019391158109997694
.07262142797856024
.0048213787805546065
.002043946219912983
.0027940109670630976
6136048444156893e-20
.001691403859858343
.08395497883601827
4.166696486548156
462535569453711e-20
.0051699766313943706
.00610366053027558
.005842194880375007
12764397863859638e-22
.00016902405807465615
.013783108019421146
.0012010326884261864
.009568273755384195
33921294937763864e-22
.0023158736384504036
.0026814898631934885
5202074398962985e-20
.00477734510738835
51830476063987826e-22
.005840462257700375
.005840001420298251
.019588260828537346
.0005597793816671569
.11322061373338661
.007758728098954143
.00046911155348431006
.024727407065083105
.0707593877130788
2508947393873575e-21
.12343600798456396
22127889496968e-18
8.860884380123322
8.472845240759126
1.2015312819121606
.007058069036045491
.0006842836063853696
.0007513131841790237
.16983178776688823
.11834854914236143
9.702566773603152
7.642424562531278
2.763956283447572
.0015635370950629402
.00028429864289246024
.0013888514147318636
.0058322530126399125
.00850798639555523
3.891708735707011
.000921063762931267
9.702566773603152
3.3077312692925562
9.286571495799251
8.822474747583822
.0013864927160024325
.009314013613544135
.00013996046003483334
2.015730892042187
.00019393840233044552
.0017355653150820842
.011310302586268363
7593063038704534e-20
.6251377033500817
.018664333274261626
14844171929140044e-21
.00023318894187750349
.36616143443203375
.33992136743559015
2.544609711206308
.00013550963517300503
.00039810760167320527
.6252990153803281
.7672318283150964
.1196502332173262
.00021195023876843507
.16392633564928205
1.240981893628867
1.070106491535204
.0769087012766608
1.2326066526463755
1.8752382892997852
.01738410859502815
.022484227229552553
8494025623155102e-20
.00012704566677100034
3.564916151832205
4.3637370209023505
.4551829603887887
.0031272898459122835
.0001290205874390426
17110502313172037e-22
51444773620457575e-24
.05120896724898336
.015415057464290529
.00042524939501116906
.34110504210216935
3076668774401588e-20
.0001682477430999863
.02639445188435441
785783166830397e-21
0
0
0
0
0
0
0
0
0
0
0
0
0
0
0
0
0
0
0
.09982155871671107
0
0
0
0
.3049657402126357
1222.4033302043927
.004141808040625714
.10065217203059688
.01773392094061209
.20780325921265563
.01857333289552084
.4114607746281604
.012881287386412237
.35348385415362604
.005046922125060667
2.11004130787664
2.238296482986284
.002014353895259544
.0052044099157486515
.5266445686581882
.37152477252848304
.188182183055968
.31178427764447175
.01882688918407842
.01882688918407842
.048688614469490174
28937879463002356e-26
.01882688918407842
.01882688918407842
.01882688918407842
.01882688918407842
.01882688918407842
.01882688918407842
.01882688918407842
.01882688918407842
.01882688918407842
.01882688918407842
.01882688918407842
.01882688918407842
.01882688918407842
.01882688918407842
.01882688918407842
.01882688918407842
.01882688918407842
.01882688918407842
.01882688918407842
.01882688918407842
.01882688918407842
.01882688918407842
.01882688918407842
.01882688918407842
.01882688918407842
.01882688918407842
.01882688918407842
.01882688918407842
.01882688918407842
.01882688918407842
.01882688918407842
.01882688918407842
.01882688918407842
.01882688918407842
.01882688918407842
.01882688918407842
.01882688918407842
.01882688918407842
.01882688918407842
.01882688918407842
.01882688918407842
.01882688918407842
.01882688918407842
.01882688918407842
.11032761864127395
22381375186460833e-21
.01882688918407842
22381375186460833e-21
.11743488900455479
.07391674829204187
.01882688918407842
.01882688918407842
.0003459542915134268
.01882688918407842
.01882688918407842
.01882688918407842
.01882688918407842
.01882688918407842
.01882688918407842
.01882688918407842
.01882688918407842
.01882688918407842
.01882688918407842
.016114784712184593
.01882688918407842
.01882688918407842
.01882688918407842
.01882688918407842
.01882688918407842
.01882688918407842
.01882688918407842
.01882688918407842
.01882688918407842
.01882688918407842
.01882688918407842
.01882688918407842
.01882688918407842
.01882688918407842
.01882688918407842
.01882688918407842
.01882688918407842
.01882688918407842
.11032761864127395
.11032761864127395
.11743488900455479
.01882688918407842
.01882688918407842
.01882688918407842
.01882688918407842
.11743488900455479
.0013072732299523608
.12152567096010757
.01882688918407842
.11032761864127395
.01882688918407842
.01882688918407842
.01882688918407842
.01882688918407842
.01882688918407842
.0003459542915134268
.01882688918407842
.01882688918407842
.10927371353735744
.01882688918407842
.048688614469490174
.01882688918407842
.01882688918407842
22381375186460833e-21
.01882688918407842
.01882688918407842
.01882688918407842
.09532472018091517
.01882688918407842
.01882688918407842
.01882688918407842
.01882688918407842
.01882688918407842
.01882688918407842
.01882688918407842
.01882688918407842
.01882688918407842
.01882688918407842
.01882688918407842
.01882688918407842
.01882688918407842
.01882688918407842
.01882688918407842
.01882688918407842
.01882688918407842
.01882688918407842
.01882688918407842
.01882688918407842
.01882688918407842
.01882688918407842
.01882688918407842
.09532472018091517
.01882688918407842
.01882688918407842
.01882688918407842
.01882688918407842
.01882688918407842
.01882688918407842
.01882688918407842
.01882688918407842
.01882688918407842
.01882688918407842
.048688614469490174
.12115736330235
.016114784712184593
.01882688918407842
9999999999969782e-28
.12172095566204129
.12172095566204129
.016114784712184593
.016114784712184593
.048688614469490174
.048688614469490174
.048688614469490174
.048688614469490174
