3.0223074919797637
.003965140834943181
.00012962912881722235
7733339781478058e-21
43414841748050946e-29
.0005641347356772008
6.539467004123424
.6997828790414065
.04080183077050705
.02040305546746517
.06812117995720239
.7592717404312898
.722760151140597
.05595199198120638
.00093598754324865
.0062805398050915975
.0006956307712986807
.0019392752682877057
.07262142797123367
.00482137878006596
.0020439462197067706
.0027940118937064755
6135239183005751e-20
.001691548191503038
.08395500677613016
4.166722833033214
4625789444005437e-21
.005169976630848686
.006103661893524071
.0058421948783668725
12764397864661039e-22
.00016902405807465615
.013783108019421115
.001201032690684733
.009568273755384195
33921451754977477e-22
.002315873638343938
.0026814898702841473
5202098174740036e-20
.00477734510736135
5183071763604527e-21
.005840462258142886
.005840001424151971
.01958825603599379
.0005597793818615913
.11322061375192251
.00775872807577745
.0004691181038402428
.024727748421201037
.07076590693905681
25090779524556558e-22
.12553137393737043
22131932606831485e-21
8.860882290183335
8.472845230044245
1.20153115141895
.007058073352525449
.000684308668387215
.0007513465317884932
.16983176791597623
.11834854903553008
9.702566773603152
7.642436531143038
2.7638890488553765
.0015636544738087798
.00028432312004731937
.0013888525294953658
.005832252353010506
.00850806642138206
3.8917119521561885
.0009210709046921307
9.702566773603152
3.3077313205569903
9.285329151452096
8.942255631138643
.0013864925132531525
.009314020044148101
.00014246918987269105
2.015732900523993
.00019395483812945178
.0017357129323216953
.011310302576404543
7593718697683563e-20
.6251892142473345
.018666044229691998
14851169135391459e-21
.00023319067529646193
.36619195022300194
.33994987024543255
2.5446220855958597
.0001355611766971274
.00039812317659874264
.6252181261757529
.7693871875938035
.11964827810217112
.00021197040670051096
.16393513151899988
1.2409821042850153
1.0701064696965574
.07690912593256045
1.233107655840805
1.8752380149134764
.01739227996901879
.022494544281773325
849433696051163e-19
.0001270477261152899
3.5649661362363614
4.363774636699284
.4551829567938511
.003127558131874827
.00012902132923793704
17110583197426384e-22
5147807656901917e-23
.051232761078062385
.015415016817341344
.00042528445830875846
.34110496353603226
3078096542355868e-20
.000168260963587424
.026394369488807093
7857873198271578e-22
0
0
0
0
0
0
0
0
0
0
0
0
0
0
0
0
0
0
0
.09982153975234176
0
0
0
0
.30492785683183965
1222.4033302043927
.004141808040625714
.1006521720305969
.017733920940612092
.20780325921265563
.018574424951962046
.41146074749334344
.012881297801733672
.35348333578331875
.00504726280963309
2.1100397877556514
2.2382954737060423
.0020143558847820595
.0052044147569620365
.5266447114298536
.37152485757658615
.18816373091268193
.31175382594076934
.018826889184078422
.018826889184078422
.04868861853288539
36187424566088464e-26
.018826889184078422
.018826889184078422
.018826889184078422
.018826889184078422
.018826889184078422
.018826889184078422
.018826889184078422
.018826889184078422
.018826889184078422
.018826889184078422
.018826889184078422
.018826889184078422
.018826889184078422
.018826889184078422
.018826889184078422
.018826889184078422
.018826889184078422
.018826889184078422
.018826889184078422
.018826889184078422
.018826889184078422
.018826889184078422
.018826889184078422
.018826889184078422
.018826889184078422
.018826889184078422
.018826889184078422
.018826889184078422
.018826889184078422
.018826889184078422
.018826889184078422
.018826889184078422
.018826889184078422
.018826889184078422
.018826889184078422
.018826889184078422
.018826889184078422
.018826889184078422
.018826889184078422
.018826889184078422
.018826889184078422
.018826889184078422
.018826889184078422
.018826889184078422
.11032761887553001
22385471456846846e-21
.018826889184078422
22385471456846846e-21
.11743488901150848
.07391674829208356
.018826889184078422
.018826889184078422
.00034596697950558614
.018826889184078422
.018826889184078422
.018826889184078422
.018826889184078422
.018826889184078422
.018826889184078422
.018826889184078422
.018826889184078422
.018826889184078422
.018826889184078422
.016114796943423708
.018826889184078422
.018826889184078422
.018826889184078422
.018826889184078422
.018826889184078422
.018826889184078422
.018826889184078422
.018826889184078422
.018826889184078422
.018826889184078422
.018826889184078422
.018826889184078422
.018826889184078422
.018826889184078422
.018826889184078422
.018826889184078422
.018826889184078422
.018826889184078422
.11032761887553001
.11032761887553001
.11743488901150848
.018826889184078422
.018826889184078422
.018826889184078422
.018826889184078422
.11743488901150848
.0013072903739294085
.12152567100065115
.018826889184078422
.11032761887553001
.018826889184078422
.018826889184078422
.018826889184078422
.018826889184078422
.018826889184078422
.00034596697950558614
.018826889184078422
.018826889184078422
.1092737135394279
.018826889184078422
.04868861853288539
.018826889184078422
.018826889184078422
22385471456846846e-21
.018826889184078422
.018826889184078422
.018826889184078422
.09532472018133357
.018826889184078422
.018826889184078422
.018826889184078422
.018826889184078422
.018826889184078422
.018826889184078422
.018826889184078422
.018826889184078422
.018826889184078422
.018826889184078422
.018826889184078422
.018826889184078422
.018826889184078422
.018826889184078422
.018826889184078422
.018826889184078422
.018826889184078422
.018826889184078422
.018826889184078422
.018826889184078422
.018826889184078422
.018826889184078422
.018826889184078422
.09532472018133357
.018826889184078422
.018826889184078422
.018826889184078422
.018826889184078422
.018826889184078422
.018826889184078422
.018826889184078422
.018826889184078422
.018826889184078422
.018826889184078422
.04868861853288539
.12115736332062443
.016114796943423708
.018826889184078422
9999999999969782e-28
.12172095569202296
.12172095569202296
.016114796943423708
.016114796943423708
.04868861853288539
.04868861853288539
.04868861853288539
.04868861853288539
