3.0094891535511934
.004071473841028591
.00013298088915484157
7983127361195588e-21
0
.000574809190067739
6.543208480083218
.6997641708259046
.04111874558297315
.020572561811691054
.06813566817413384
.7597251135182925
.7229670713713462
.055983881828308754
.000936519345015499
.00638949764453418
.0007074124613953133
.0019561552683330687
.07264101715389003
.004820232781885128
.0020434649802183037
.0028177993389573316
6184149702754459e-20
.0017067696099961188
.08467851299758791
4.178732771379951
4670278304465813e-21
.005172168375747789
.006105563733840283
.005843639799114919
12767465725707795e-22
.0001690673955306363
.013786642180423303
.0012013423559241623
.009570727039847073
3393955833285309e-21
.002315456402956201
.002682182833797881
52048976456771384e-21
.0047786270006951685
5184467686922574e-21
.005841902486067308
.0058414356316071545
.019589184911547475
.0005581194540299195
.1132531698107996
.007760267884167131
.0004696806706729826
.02476444732910614
.0719387642046842
26195533653902404e-22
.13483696781554097
23110453968797172e-21
8.887587659241564
8.500330698416033
1.2037489178554688
.007060176247089753
.0007103886433822669
.0007800485891801803
.17020234764414172
.11854085449813972
9.873477952650752
7.772690612005687
2.81035395535497
.0015759814867416216
.0002869723585312022
.0013891122588931843
.00583482804972281
.008698739670178474
3.9033381867552386
.0009242797714488993
9.873477952650752
3.308604124700725
9.284182219448988
9.460470082453474
.0013868770883841018
.009316373314374533
.00015356551788395202
2.015985799279169
.00019568838656182076
.0017513079676889371
.011313043829737145
7724759674224427e-20
.6302694662459745
.019288866502510847
14916380484046727e-21
.0002393840745547362
.3709529134026143
.3444603357219354
2.5538689828081487
.0001350139019831522
.000397359702936027
.6251487554567721
.7778094123665475
.12004304225400966
.00022002759981121244
.16550536100918345
1.2475097438231137
1.0754110013118496
.07735340171559404
1.2361177161014936
1.876049797950209
.0174397179752418
.02255960149804123
8826121474167191e-20
.0001270191111406045
3.5695833401405457
4.378944560092477
.4560327559507435
.0031909749315489145
.00012979963065354923
17227795630293725e-22
54049383082510336e-24
.05144746536362327
.015480563910708026
.0004303552366986872
.3418217337790139
3089532640490154e-20
.0001696354214387015
.026509420493371575
7907956753668329e-22
0
0
0
0
0
0
0
0
0
0
0
0
0
0
0
0
0
0
0
.10212149946735849
0
0
0
0
.30868322934629083
1222.7167539700497
.004142869998688692
.10067797921060034
.01773846791143893
.20785653989212446
.01892700365491228
.4130941950795768
.013150325793796913
.3540049273046554
.005069670684840035
2.1185678297395527
2.2475018999078142
.002051692594879606
.005301200777312201
.5301143313674735
.373835719365727
.18902606892274756
.31319382852049427
.01883171639156214
.01883171639156214
.04931669780483575
0
.01883171639156214
.01883171639156214
.01883171639156214
.01883171639156214
.01883171639156214
.01883171639156214
.01883171639156214
.01883171639156214
.01883171639156214
.01883171639156214
.01883171639156214
.01883171639156214
.01883171639156214
.01883171639156214
.01883171639156214
.01883171639156214
.01883171639156214
.01883171639156214
.01883171639156214
.01883171639156214
.01883171639156214
.01883171639156214
.01883171639156214
.01883171639156214
.01883171639156214
.01883171639156214
.01883171639156214
.01883171639156214
.01883171639156214
.01883171639156214
.01883171639156214
.01883171639156214
.01883171639156214
.01883171639156214
.01883171639156214
.01883171639156214
.01883171639156214
.01883171639156214
.01883171639156214
.01883171639156214
.01883171639156214
.01883171639156214
.01883171639156214
.01883171639156214
.11103699635249337
23379894761571182e-21
.01883171639156214
23379894761571182e-21
.1178118226461141
.07401155803360339
.01883171639156214
.01883171639156214
.00035916165914116167
.01883171639156214
.01883171639156214
.01883171639156214
.01883171639156214
.01883171639156214
.01883171639156214
.01883171639156214
.01883171639156214
.01883171639156214
.01883171639156214
.016427460906069627
.01883171639156214
.01883171639156214
.01883171639156214
.01883171639156214
.01883171639156214
.01883171639156214
.01883171639156214
.01883171639156214
.01883171639156214
.01883171639156214
.01883171639156214
.01883171639156214
.01883171639156214
.01883171639156214
.01883171639156214
.01883171639156214
.01883171639156214
.01883171639156214
.11103699635249337
.11103699635249337
.1178118226461141
.01883171639156214
.01883171639156214
.01883171639156214
.01883171639156214
.1178118226461141
.001349458813020722
.12207211062043805
.01883171639156214
.11103699635249337
.01883171639156214
.01883171639156214
.01883171639156214
.01883171639156214
.01883171639156214
.00035916165914116167
.01883171639156214
.01883171639156214
.10955421441900193
.01883171639156214
.04931669780483575
.01883171639156214
.01883171639156214
23379894761571182e-21
.01883171639156214
.01883171639156214
.01883171639156214
.09550818217726216
.01883171639156214
.01883171639156214
.01883171639156214
.01883171639156214
.01883171639156214
.01883171639156214
.01883171639156214
.01883171639156214
.01883171639156214
.01883171639156214
.01883171639156214
.01883171639156214
.01883171639156214
.01883171639156214
.01883171639156214
.01883171639156214
.01883171639156214
.01883171639156214
.01883171639156214
.01883171639156214
.01883171639156214
.01883171639156214
.01883171639156214
.09550818217726216
.01883171639156214
.01883171639156214
.01883171639156214
.01883171639156214
.01883171639156214
.01883171639156214
.01883171639156214
.01883171639156214
.01883171639156214
.01883171639156214
.04931669780483575
.12162417101826714
.016427460906069627
.01883171639156214
999999999996991e-27
.12223693197539329
.12223693197539329
.016427460906069627
.016427460906069627
.04931669780483575
.04931669780483575
.04931669780483575
.04931669780483575
