3.0394068947480246
.0038258182423075134
.00012521620566897815
7408344831335424e-21
1848399689825692e-28
.0005499655792091265
6.534464781424569
.6998054045264638
.04037732743437081
.02017892387325272
.06810186798923791
.7584610363271558
.722484134618644
.05589429605205317
.0009350280735621866
.005974496722852134
.000662132111983511
.0019167305905841907
.07259530739416677
.004822902031348228
.0020445858617868747
.0027625498702259646
607093368700026e-19
.0016712307419838822
.08299830868252818
4.150854139618985
4566712916812748e-21
.0051670477521610445
.0061011340480508006
.00584026712986999
12760304276243659e-22
.0001689662640826825
.013778394930915424
.0012006197444564403
.009565002102734952
3388808181558912e-21
.0023164178674341717
.00268056580202543
5196966495979902e-20
.004775635645108548
51797684553385e-19
.005838540663522602
.005838085562938345
.01958718280361227
.0005619882718536113
.11317719960304226
.007756673109295246
.00046841024429855783
.024680617642001072
.06922047952775436
23436014278500353e-22
.11709900401243924
20666014462128365e-21
8.825363801255392
8.436223631253366
1.1985664614180986
.0070552890876424456
.0006500586076749456
.0007137436768084193
.1693367046790089
.11809141988459836
9.474574736693
7.4688505472435525
2.7020128112116266
.0015471575771679531
.0002807851982606128
.0013885197999714048
.005828754787140714
.008260508555095891
3.8761011880596365
.0009168331925786534
9.474574736693
3.306567657947382
9.287509266970376
8.46046979162748
.001385978763919234
.009310902868760126
.00013251668244010446
2.01540315987089
.00019164069846060842
.0017148974825602623
.011306644441585979
7421250334389009e-20
.6184037385486449
.017866225969818458
14768718229744533e-21
.00022520795043157494
.35988469879872714
.3339728652390947
2.5322124689663665
.00013635302021011602
.0003989508917009197
.6253529923455112
.7608970252686116
.11908445322836117
.0002015598309798529
.1618342282901807
1.232231979249591
1.0630330890055864
.07631898869204573
1.229362288381926
1.8741459118847823
.017333953767058263
.0224144898739741
8059422368110215e-20
.00012709595459973317
3.559132483129743
4.343511018614933
.454050815663502
.003044483175337445
.0001279883557505248
16954911457568092e-22
47734337095127346e-24
.05096245602229351
.015326799430747313
.0004185274737028763
.34014928961515783
3063769750221365e-20
.0001664220903683573
.026239494352749675
779133175980019e-21
0
0
0
0
0
0
0
0
0
0
0
0
0
0
0
0
0
0
0
.09681141657683831
0
0
0
0
.29987070043081365
1221.9853543420736
.004140391833924894
.10061775607527408
.017727857188400118
.20773220513065507
.018112146989259982
.40929334339408
.012530378209896727
.3527614007033405
.005016850879552108
2.0986970027862086
2.226059000272523
.0019655504756381187
.005077911366883051
.5220235157926245
.3684447583497199
.18698251057459817
.3097819719518125
.01882045171368951
.01882045171368951
.04786314078180334
15892502220678747e-26
.01882045171368951
.01882045171368951
.01882045171368951
.01882045171368951
.01882045171368951
.01882045171368951
.01882045171368951
.01882045171368951
.01882045171368951
.01882045171368951
.01882045171368951
.01882045171368951
.01882045171368951
.01882045171368951
.01882045171368951
.01882045171368951
.01882045171368951
.01882045171368951
.01882045171368951
.01882045171368951
.01882045171368951
.01882045171368951
.01882045171368951
.01882045171368951
.01882045171368951
.01882045171368951
.01882045171368951
.01882045171368951
.01882045171368951
.01882045171368951
.01882045171368951
.01882045171368951
.01882045171368951
.01882045171368951
.01882045171368951
.01882045171368951
.01882045171368951
.01882045171368951
.01882045171368951
.01882045171368951
.01882045171368951
.01882045171368951
.01882045171368951
.01882045171368951
.10938837101639401
20897218622231294e-21
.01882045171368951
20897218622231294e-21
.1169339438749288
.0737904630678187
.01882045171368951
.01882045171368951
.000328639941637664
.01882045171368951
.01882045171368951
.01882045171368951
.01882045171368951
.01882045171368951
.01882045171368951
.01882045171368951
.01882045171368951
.01882045171368951
.01882045171368951
.015706695479710042
.01882045171368951
.01882045171368951
.01882045171368951
.01882045171368951
.01882045171368951
.01882045171368951
.01882045171368951
.01882045171368951
.01882045171368951
.01882045171368951
.01882045171368951
.01882045171368951
.01882045171368951
.01882045171368951
.01882045171368951
.01882045171368951
.01882045171368951
.01882045171368951
.10938837101639401
.10938837101639401
.1169339438749288
.01882045171368951
.01882045171368951
.01882045171368951
.01882045171368951
.1169339438749288
.0012525461582521687
.12080053722217075
.01882045171368951
.10938837101639401
.01882045171368951
.01882045171368951
.01882045171368951
.01882045171368951
.01882045171368951
.000328639941637664
.01882045171368951
.01882045171368951
.10890064876886606
.01882045171368951
.04786314078180334
.01882045171368951
.01882045171368951
20897218622231294e-21
.01882045171368951
.01882045171368951
.01882045171368951
.09508053410434097
.01882045171368951
.01882045171368951
.01882045171368951
.01882045171368951
.01882045171368951
.01882045171368951
.01882045171368951
.01882045171368951
.01882045171368951
.01882045171368951
.01882045171368951
.01882045171368951
.01882045171368951
.01882045171368951
.01882045171368951
.01882045171368951
.01882045171368951
.01882045171368951
.01882045171368951
.01882045171368951
.01882045171368951
.01882045171368951
.01882045171368951
.09508053410434097
.01882045171368951
.01882045171368951
.01882045171368951
.01882045171368951
.01882045171368951
.01882045171368951
.01882045171368951
.01882045171368951
.01882045171368951
.01882045171368951
.04786314078180334
.1205374391226713
.015706695479710042
.01882045171368951
999999999996961e-27
.12103604249332076
.12103604249332076
.015706695479710042
.015706695479710042
.04786314078180334
.04786314078180334
.04786314078180334
.04786314078180334
