3.0394068947480246
.0038259097597510426
.00012523956225507662
74084453957249794e-22
3613730335068553e-28
.0005499770153819754
6.534464779382533
.6998054044296665
.04038440502397492
.020178935945088235
.06810186769715162
.7584666170401284
.7224841356904692
.05589470680481491
.000935034545431545
.005976573899348908
.0006621818175820766
.0019170833095172204
.07259530738542426
.004822902030497836
.0020445858614280056
.0027625515688583296
6069289772003377e-20
.00167154974652371
.08299835963288643
4.150928173789118
45676905485103555e-22
.005167047755559007
.00610113713522214
.005840267120812589
12760304285857536e-22
.00016896626408268256
.013778394930915386
.0012006197506878606
.009565002102734955
33888331530425324e-22
.00231641786687824
.0026805658215888185
5197004356586032e-20
.004775635645007111
5179806935743097e-21
.005838540662390235
.005838085531153729
.01958716134333017
.0005619882720537709
.11317719964049473
.007756673076206224
.0004684379723180012
.02468207232763047
.06923467963971776
2343738808584128e-21
.12189460595192608
2067277525402248e-20
8.825360752971049
8.436223631782896
1.1985661687128282
.007055298903946028
.0006501084384288191
.0007138135989927096
.1693366602264143
.11809142001112768
9.474574736693
7.468886074904156
2.701881612579586
.0015474177619830118
.00028083931689843166
.0013885222448014362
.005828753932829414
.00826071901900787
3.8761102602169166
.0009168531948363011
9.474574736693
3.3065677749973474
9.284958274040426
8.739154165289646
.0013859782987720357
.009310917512974385
.00013823857066178492
2.0154077269025676
.00019167703069790525
.0017152237687815732
.011306644405610817
7422682716120202e-20
.6185179629277866
.017869895130914696
14785426105543456e-21
.0002252116216164213
.35995204080353205
.33403557985652527
2.532243039214243
.00013647934779084938
.00039898360071187304
.6251869010715524
.7661739117764579
.11907495377513483
.00020160254676391244
.16185286245590724
1.2322325896481614
1.06303303940484
.07632013663969922
1.2305607484435974
1.8741451000933895
.017353527454140667
.022439241055177094
806004073256144e-19
.0001271041130463193
3.559342383610281
4.343595584039458
.45405081597517544
.0030450688519693824
.0001279903508776298
16955124642393597e-22
47803488181092797e-24
.051019380189473974
.015326678363461573
.00041860395930202966
.34014907863627364
30671861993843815e-21
.00016645144322762436
.02623925656023243
7791442404073797e-22
0
0
0
0
0
0
0
0
0
0
0
0
0
0
0
0
0
0
0
.09681130912481795
0
0
0
0
.29979478266549664
1221.9853543420743
.004140391833924896
.10061775607527414
.017727857188400125
.20773220513065516
.01811453789690016
.40929316037985014
.012530402083540807
.35275765289215366
.005017664592354227
2.0986934626245253
2.226056647768098
.001965555126389756
.005077922704543898
.5220238365115109
.3684449496150097
.18693335822954968
.3097008684638727
.018820451713689516
.018820451713689516
.04786315021137063
31070038858496596e-26
.018820451713689516
.018820451713689516
.018820451713689516
.018820451713689516
.018820451713689516
.018820451713689516
.018820451713689516
.018820451713689516
.018820451713689516
.018820451713689516
.018820451713689516
.018820451713689516
.018820451713689516
.018820451713689516
.018820451713689516
.018820451713689516
.018820451713689516
.018820451713689516
.018820451713689516
.018820451713689516
.018820451713689516
.018820451713689516
.018820451713689516
.018820451713689516
.018820451713689516
.018820451713689516
.018820451713689516
.018820451713689516
.018820451713689516
.018820451713689516
.018820451713689516
.018820451713689516
.018820451713689516
.018820451713689516
.018820451713689516
.018820451713689516
.018820451713689516
.018820451713689516
.018820451713689516
.018820451713689516
.018820451713689516
.018820451713689516
.018820451713689516
.018820451713689516
.10938837157227453
2090406438138507e-20
.018820451713689516
2090406438138507e-20
.1169339438915938
.07379046306791917
.018820451713689516
.018820451713689516
.00032866520276410375
.018820451713689516
.018820451713689516
.018820451713689516
.018820451713689516
.018820451713689516
.018820451713689516
.018820451713689516
.018820451713689516
.018820451713689516
.018820451713689516
.015706723118288766
.018820451713689516
.018820451713689516
.018820451713689516
.018820451713689516
.018820451713689516
.018820451713689516
.018820451713689516
.018820451713689516
.018820451713689516
.018820451713689516
.018820451713689516
.018820451713689516
.018820451713689516
.018820451713689516
.018820451713689516
.018820451713689516
.018820451713689516
.018820451713689516
.10938837157227453
.10938837157227453
.1169339438915938
.018820451713689516
.018820451713689516
.018820451713689516
.018820451713689516
.1169339438915938
.0012525821550228968
.12080053731896086
.018820451713689516
.10938837157227453
.018820451713689516
.018820451713689516
.018820451713689516
.018820451713689516
.018820451713689516
.00032866520276410375
.018820451713689516
.018820451713689516
.10890064877383743
.018820451713689516
.04786315021137063
.018820451713689516
.018820451713689516
2090406438138507e-20
.018820451713689516
.018820451713689516
.018820451713689516
.09508053410534746
.018820451713689516
.018820451713689516
.018820451713689516
.018820451713689516
.018820451713689516
.018820451713689516
.018820451713689516
.018820451713689516
.018820451713689516
.018820451713689516
.018820451713689516
.018820451713689516
.018820451713689516
.018820451713689516
.018820451713689516
.018820451713689516
.018820451713689516
.018820451713689516
.018820451713689516
.018820451713689516
.018820451713689516
.018820451713689516
.018820451713689516
.09508053410534746
.018820451713689516
.018820451713689516
.018820451713689516
.018820451713689516
.018820451713689516
.018820451713689516
.018820451713689516
.018820451713689516
.018820451713689516
.018820451713689516
.04786315021137063
.12053743916638325
.015706723118288766
.018820451713689516
999999999996961e-27
.1210360425649524
.1210360425649524
.015706723118288766
.015706723118288766
.04786315021137063
.04786315021137063
.04786315021137063
.04786315021137063
