45.02506538782161
.33284080420129664
1.0993734941356816
49.722149461949655
1.391782653695461
7.809945700734146
.8068347748945071
.18412605233623255
1.3034223600438233
.07871849141214131
21.721955309076982
.8527869807294991
1.4115350555283217
.020519418176266107
10.484949997785321
11.172891657839322
.01172872360706563
.08404736370859915
.017340494291677958
.006744429834566288
.04972267819815016
.014210752050753795
.009850731689322576
1.755464928202644
30.72558383828417
.005129414605642027
.0062883237207759825
.006600408630961346
.005713033580623427
.005798124157057723
.0001830809902259962
.014411106411671868
.0012720985131682463
.01019722769238358
.0002653415459606793
.004603909074610983
.002922700962531111
.0026059641055182934
.00898521605266193
.00019946076158057315
17.238936959118995
18.1174935868013
.03080865451350204
.0040793389744149195
.1360128711699346
.010581491755345208
.009165582622679287
.6409744289783574
5.407967014683473
4.925295074314873
3.812401655046451
5.0180425133845
21.85089694480644
20.77346116131051
2.0454903650322773
.007511444726843929
9.116579670229449
156.94364264944159
.32750995690346935
.18133387479497137
51.74879773160662
49.42035297876363
17.14162483488074
.005883991346736437
.0019085808001373604
.0017413606306801905
.01060851569856506
84.7778773705714
85.29974071481625
.039892086135205916
27.76737549120132
3.8058699404042997
103.35641022126272
33.46391445820393
.0013787497773383537
.010201650161910342
.00509197420329466
2.5334142210110726
.0011653614909241901
.009468921287008516
.012239140308134668
.008244549395349363
10.97879947993843
25.419787597369616
.009980257078834957
.057652835395255835
27.01043330331997
135.42285238444035
7.580599005293763
.016159161605524
.00919826119947184
5.541433017359484
1.553736708863303
13.292235681997733
11.332327620490984
6.288740358615826
7.938264289751131
6.555949318835112
4.17900215927239
58.64699149082653
2.0932274203052654
7.340160667280018
5.063893355481122
2.6934265616310302
.003276570050069504
60.847847384513585
8.593722090985988
2.2877373790123046
.49099561151854065
.01677947652699761
.0001792088619144411
57.63306842783292
114.91263535621631
.10287664906682574
.0034015400712126514
.598602755246639
.007039844921634014
.007695136718628338
.18195545804481142
4466889326178198e-20
0
0
0
0
0
0
0
0
0
0
0
0
0
0
0
0
0
0
0
3.4779241883456073
0
0
0
0
4.487714474473383
1340.7553198567248
.004469496230743916
.10809345644402044
.01968740450713462
.22573569544912492
.8240209507780235
1.09442877201774
1.5778398715279043
17.907879781051754
.015573727894628074
5.991887641961491
6.424645617705839
.3461211200580956
.9032262942979611
74.70603832368548
85.60789964900968
45.798336380976245
80.64977448731507
3.309061931350506
2.111381774356278
1.58884941065539
1.7523778722872971
2.5049878858075028
1.4823122135396363
2.51095832820383
2.027637721839056
1.9105201182658937
2.2773756420225357
1.979300148672948
1.8348424754157489
1.3947749926831716
2.1598403211107087
1.6316508397756988
2.560760897371124
1.91491428440974
2.4668840373882968
2.3160694317676604
1.9576072390606187
2.488887488599044
2.7822092106333383
2.7412728448402364
2.1564056387048587
1.7296035395334886
2.556153260791359
.02391738944912703
1.9220932955082686
2.2565141008202505
6.186913323773155
1.9593330768224273
1.9462927352837627
1.389164364371871
2.93890533317182
1.355373613120127
1.6216514383724636
3.1004909105373066
1.2763869351649662
1.8754769638644022
1.5532080385408922
2.1089256138208614
1.4747248780526736
1.931574594630686
2.637693378484943
1.9624784821124084
2.019072316152326
1.9147308360110393
2.2567491112823963
1.9547533465025766
2.3994248910992204
2.8100093087110407
3.0498375769705377
2.361138385094866
2.1774044096414196
2.1152215399124876
2.889894943231232
2.5223227507980046
1.0512763655143351
2.4776950783168834
2.8499204149431203
2.118375911137587
1.2525355187838276
1.9153642758259317
1.7610598101238943
2.072155979686527
1.4475169274736361
2.4086198253799878
2.1510835939674284
1.9579014164909905
1.658135282484862
2.5767682636054734
2.5609917959920723
2.134447212018458
2.2748650002012742
2.500642036408723
2.165460627040549
2.6728036780078845
2.4552205744895836
2.092239603180292
2.778142889251882
2.244300131574124
1.9728574248810742
1.3535516982393068
1.5850270485068125
1.6594510869487928
.6994160727873043
.18632165215587707
2.1063196102598027
.011900665261144253
2.3764398248274743
2.172774867248824
2.5950959075029125
1.850058707098179
.19494274474494497
1.4987759652920924
.21110274096264792
1.2201494180038415
2.712247339017375
1.68298488382349
1.819499000212019
1.9534902642308507
2.1578245744518965
1.7408968073536206
1.843746288686586
2.0538404193290547
2.606790041989262
.010730793598490681
1.8994700473943615
1.9449403640254266
1.5268519492025248
2.294210258430012
1.8689986987023877
1.4225786464862773
2.280976666627149
2.0131513724369503
2.0367685929114443
2.099886623341495
.7739723305709952
1.8591972738965952
4.238308294296954
6.35023240799816
1.5843459363500023
1.9978228451931994
2.8110941976560677
2.5956295629069053
2.8176324727418853
1.7526718213260069
.009014171155631535
1.4732816773073412
1.406113497932109
2.6725864829307273
2.340066641700292
1.9479100282681843
1.927964144190827
2.221012920098385
2.0093926500035315
2.611432568514764
2.0487015165522795
2.29498837357235
1.6923621012671732
1.5978042554432945
2.109088748207367
1.2123178613887182
.21579923619302402
2.115300552716881
5.600059419633761
1.5104883153769675
1.7569397075705997
2.1030246751427257
2.4757804198910476
.9806273068085386
1.8798969706447806
2.0356700883882475
1.988040875143504
2.4172142232006486
1.5127491024935111
1.9222886958562853
2.5427597563420696
1.7698461269099919
2.306654289125706
1.4521076769400951
1.2337502483046827
1.5513895963146014
1.9638140838384244
2.258946069714139
2.327696028406121
2.8449146039355786
1.2315840417956103
2.526682193263497
2.4121085449104904
2.2497008148320172
2.4131756227537724
1.9078186787657103
1.8788532512847884
2.6996619808974063
1.8378222680847787
1.9563423308059191
.025981446586427513
2.016334208935775
.06290838007954355
1.8167548855447977
1.8553301623120926
.5510090589918438
1.3502355727075814
1.9963074492059858
1.3426809844942513
.04941622283134331
2.1027529694120197
1.041383406541943
1.7709953427899685
2.186218572526001
1.9853855738034973
1.4660015056188707
2.467899014778718
3.362147097705719
3.1089190328889305
.6911306165857839
.011414783962427804
2.1356993904143415
2.1968098324067227
2.0065471080198987
.04496015249986428
2.323775481446829
1.7023009311521835
2.2764834213460086
1.268817405028236
1.3599465051643036
.006414416941838442
.00412782781347109
2.264887215516685
.5426412234641766
.12790856370717385
.908383149618065
.20256752581270612
2.336869201147418
.11604772208626703
.09830530592613229
1.9683553020326396
.5747593180928648
8.412785197196335
2.1370011847238826
2.340558494865853
2.348786648374611
2.3841991855948854
2.0350072462498856
2.1252365911486617
.12372530401707611
.17071246864999595
1.886725966247736
3.2012299558536523
1.0286428786600277
1.8887987329382154
2.488332106711429
1.898761996611683
.010394008404614869
.2624084763867402
2.869308109976282
3.564415869365146
4.394254164566886
4.560995811699254
2.540898999833581
.011546073941865619
2.9636178923636702
1.375841597004894
.014309902656715232
.010305162063911218
.14987143006731937
.011728606684041649
1.9512623119735093
2.7219310615758596
.01
1.7932554764787942
.014374654823827375
.006858744337380658
1.8656915593736825
.009660626205044784
.008002502876497593
2.3649490595028864
.0072849330621007095
2.387145605643812
2.302518892773203
1.7140290300078465
1.712428840066876
.00908314151583065
2.282912750432031
2.625396510228024
2.4461077607943946
2.4522931963539616
2.367128849261984
2.829132762711125
.011789132795319117
1.3968766642982486
.011742816858548909
.009742875323858723
.010474352764728802
.013037866881016736
.009682332512703179
1.3404814727180074
.08790878350451552
.07125102683780121
.008836671628983533
1.4068955919391066
2.2462273522780305
.10429204962638683
1.9764599444691902
1.55343170918781
.058803928931244434
2.228922208353611
1.590249594493412
1.7049982657509453
3.098130685921792
.00876083007480255
1.5751400048977269
2.7231967112930704
3.4137055962681897
.8677775117852864
1.5900131594950444
2.1666149289480825
1.3897083641156407
2.1558427633425197
1.803976542704633
1.856468304716142
1.9871402651752474
.009416546912210853
.2183086851472493
.20665389964115918
1.7782441518667047
1.5148742107293585
1.8695121146454687
1.6465619236463431
1.4410677051261729
2.242722470864551
1.9193816147517153
1.8293237632307826
2.074218049114512
2.162738501578406
1.8341286954711382
.006472985298927693
1.712421370166408
2.0563776152249686
1.9658925096156479
2.065453016694731
3.028098588792161
1.6818207983345599
2.078532235520275
1.8783949081174536
1.9812667505374233
.12361632384705634
1.9173966581077495
2.4579864384284718
2.3934437941593565
1.502425352003931
2.4194315569092306
1.732758663689576
.2336203707183803
.16225574161265643
.1243327494803278
1.7180752243519932
2.0119192945403768
1.9437207163863197
2.3332523475038154
1.4470568383816622
2.0452894366842087
1.5466697572258474
2.0644384923532484
2.263179457635649
1.7397581261124415
2.2163870745496554
2.215032488767413
2.076830440367599
2.5585423284344633
3.299839348512499
2.2707966984565
1.777126279771429
1.8212372216614539
1.384798382766575
2.2591604422876377
1.5251218056716214
2.336402165300275
1.82590736732142
1.6652148149167454
2.19037490242129
1.5792838278413006
2.30848182811951
1.4669547736928563
2.2902112024543553
1.8137094131976452
2.460567530439684
1.7906978118357872
2.188387368896036
1.596832925319545
2.013877594746955
15.920060543271228
17.173698659092512
2.373406455124082
2.1465804924278653
1.8047756803568165
1.4058782176670734
1.4611054395496756
1.4647977691286507
2.5193725251780177
1.723499005923208
1.8587052250246714
2.123052384919213
1.8107098801971706
2.851337218998039
1.83904917251915
1.7837502567191155
1.524563820207194
2.00085020129635
1.443293547339735
1.7797026755115073
1.238142388233429
1.7120187489591576
2.2006551542567756
1.2466717841828472
1.84736545404888
1.582199987376201
2.255378798597528
1.855253157331141
2.525781197291688
1.960743558415184
2.1738553964584812
2.430289726129022
1.3466784779246317
2.638750007143687
11.173284466483084
1.885206624359722
1.6575677231602997
1.5837976985256903
3.6106190995558896
1.9631995787635226
1.787771712965856
2.7318826445553412
1.4137885148857166
2.032945893581132
2.8665189926532433
1.4402557011830301
3.4354238036373146
2.7103091949807556
2.6076380099821606
1.9597742661935584
1.5188332474657107
1.7704084607397568
1.775318095315051
.2718778046219069
2.695402873195528
1.7527844068336087
2.553779136398375
1.595837663745262
1.9435041347197726
2.4126216071196436
2.0038945336127534
2.087285430193082
1.9102696371822554
1.704017653632736
1.4011364059178164
1.9092958245663383
2.5835679153142554
1.8109449533825106
1.976455566885764
1.4516357743712565
1.7587623920424549
2.6294557299415837
2.842616021402639
2.005073301876641
2.0561884422158854
1.9248228072743754
2.2116049277896774
1.6603632357038507
1.302532659655069
2.0735286998448226
1.868263945508301
1.8011059794549455
2.4291756829572044
.16992175830150785
.8968746142793191
.11281655384413888
.9784135600689023
.09700142104465007
.8025989155358704
.09261765676282345
2.1785481165944858
.1670580509881881
2.3594142964889597
.09493792905400446
.9880368633514327
5.61454165112125
.32279525719104296
.10494174592874068
1.2128667002338052
.07052281456522794
.21861746538434157
.0418408198379593
.8500972702706149
.0814649712245122
1.0679287422235282
.10487370174773401
1.2582812643780612
.17661885863514615
1.0097048924797503
.04889787006392044
.6543531239424467
.06317631966637112
1.386208489392756
.00021362124783577696
.00039348511578755934
.10230285970960504
.13050613452000503
