6174688740979174e-27
39.20737297366604
.16102455044780592
.3229553219747554
10.986981442881872
.3722436220965392
5.57110199486992
.20847856129646716
.0024893268253174975
.32752075040695483
.026805945541202456
7.971922513953032
.7343771052986009
.6285904873322664
.00883820157977752
8.342531003282572
1.0412823425667397
.004052777921200276
.07303562510997705
.004621742352298778
.0017877044988280754
.04130390247693393
.00013805651216397977
25694135228119018e-21
.26925866327462195
4027757351285123e-23
1340953533441191e-29
.005187510321979513
.006476269781118587
.006336503980379668
.0024851183918603802
.00018526272721883246
.015218242250200475
.0013496739784009404
.010949752927325276
3689009497286857e-20
.0004798098229573902
.0029442318430439865
.0005089579987388957
.005510504756403625
15017988226455395e-21
9.842665581825182
14.310562839243438
.0058530631474250005
5879216937571996e-20
.11741999129975723
.007553308125262707
.007335950783399371
.4044883172879586
7567879494026094e-26
.4441578279811312
27545916917630085e-27
3.7523964220345465
17.534354563679237
141007980366648e-23
1978534127803653e-25
.0067300658571192995
2.9226015783920323
13.182497790060566
24329853470346542e-27
22557627841010637e-27
43.80599732057038
28.880144746678845
8.878376221472811
.0024169346794686306
.0005787861227231238
.001398386913463194
.007104108200304939
4994164152016497e-24
0
7918954327953885e-27
25.3712476545976
3.3917480517825234
9.474180042948815
17.21655113109658
.0014444932437297497
.008412232935546736
.0004200922715602059
2.0492470387019948
.0004123002330437475
.0031777055853272475
.011510949201468449
.0015696979426297237
.824328537440118
1.3469670927194468
.00012275405452467507
.0247106062875023
1.3995734139038059
1.6497901917350768
3.257144001841183
.003497311840833467
.0004365058260626259
.5793838188643342
.7535101321030568
10225901869443967e-27
.47369640590350975
.7371105263585785
2.041180784641727
2.6605122076128764
3511897313250246e-25
5.933667786699916
1.9251861889836335
.5728424967457603
1.1243744768131165
.9244385335324449
.0008277003174565867
49.99999999991767
8.158216610023223
.48853078161621366
.06259841203056589
6827046649790281e-28
6400262889939773e-30
2905201776072296e-24
4.720172270052543
.009567740974442773
.0005281634934815218
.539258248970558
.0013138228319397132
.0002410393687304948
.01605799708598139
32084879613838807e-31
0
0
0
0
0
0
0
0
0
0
0
0
0
0
0
0
0
0
0
1.8336926680282588
0
0
0
0
.6332804908997277
1316.9080533171575
.004756453673869152
.10280106230423436
.01959331962154196
.22235099985031404
.5584510600707708
1.0003479710087124
1.406691116612798
1.3217944636399004
.0076684038293913254
5.819317799967637
6.490127849518775
.15124754452049924
.3622474370909021
5.261038324421398
3.838649378069397
962050116362231e-25
1729358430475053e-25
.01999999999999753
.01999999999999753
.9999999999938253
7.99999999960482
.01999999999999753
.01999999999999753
.01999999999999753
.01999999999999753
.01999999999999753
.01999999999999753
.01999999999999753
.01999999999999753
.01999999999999753
.01999999999999753
.01999999999999753
.01999999999999753
.01999999999999753
.01999999999999753
.01999999999999753
.01999999999999753
.01999999999999753
.01999999999999753
.01999999999999753
.01999999999999753
.01999999999999753
.01999999999999753
.01999999999999753
.01999999999999753
.01999999999999753
.01999999999999753
.01999999999999753
.01999999999999753
.01999999999999753
.01999999999999753
.01999999999999753
.01999999999999753
.01999999999999753
.01999999999999753
.01999999999999753
.01999999999999753
.01999999999999753
.01999999999999753
.01999999999999753
.01999999999999753
.01999999999999753
.01999999999999753
.01999999999999753
.01999999999999753
.49999999999845635
3.999999999901205
.01999999999999753
3.999999999901205
.2499999999996141
.09999999999993825
.01999999999999753
.01999999999999753
2.9999999999444276
.01999999999999753
.01999999999999753
.01999999999999753
.01999999999999753
.01999999999999753
.01999999999999753
.01999999999999753
.01999999999999753
.01999999999999753
.01999999999999753
1.499999999986107
.01999999999999753
.01999999999999753
.01999999999999753
.01999999999999753
.01999999999999753
.01999999999999753
.01999999999999753
.01999999999999753
.01999999999999753
.01999999999999753
.01999999999999753
.01999999999999753
.01999999999999753
.01999999999999753
.01999999999999753
.01999999999999753
.01999999999999753
.01999999999999753
.49999999999845635
.49999999999845635
.2499999999996141
.01999999999999753
.01999999999999753
.01999999999999753
.01999999999999753
.2499999999996141
2.499999999961408
.3499999999992436
.01999999999999753
.49999999999845635
.01999999999999753
.01999999999999753
.01999999999999753
.01999999999999753
.01999999999999753
2.9999999999444276
.01999999999999753
.01999999999999753
.19999999999975304
.01999999999999753
.9999999999938253
.01999999999999753
.01999999999999753
3.999999999901205
.01999999999999753
.01999999999999753
.01999999999999753
.14999999999986108
.01999999999999753
.01999999999999753
.01999999999999753
.01999999999999753
.01999999999999753
.01999999999999753
.01999999999999753
.01999999999999753
.01999999999999753
.01999999999999753
.01999999999999753
.01999999999999753
.01999999999999753
.01999999999999753
.01999999999999753
.01999999999999753
.01999999999999753
.01999999999999753
.01999999999999753
.01999999999999753
.01999999999999753
.01999999999999753
.01999999999999753
.14999999999986108
.01999999999999753
.01999999999999753
.01999999999999753
.01999999999999753
.01999999999999753
.01999999999999753
.01999999999999753
.01999999999999753
.01999999999999753
.01999999999999753
.9999999999938253
.29999999999944427
1.499999999986107
.01999999999999753
1e-12
.3299999999993276
.3299999999993276
1.499999999986107
1.499999999986107
.9999999999938253
.9999999999938253
.9999999999938253
.9999999999938253
