3.04767345332166
.008015526163962138
.0003653551614464765
2163480453895641e-20
497584773999908e-27
.0012972193060000665
6.22565924909244
.7294092822625106
.050913696167753104
.02125823355217421
.06459133459490109
.7045867226436251
.6770383154353244
.05861705305246
.0009147405007437859
.004393193081275939
.0005781018998646881
.0024735031238473696
.06873865278192877
.005124262280972813
.0019804267038750225
.002819400463608294
6322745243275437e-20
.002102392673463155
.07729808502648425
3.899483829240809
63717817993256455e-22
.005541415886889588
.005981987612310558
.006007043237835863
12976339209476296e-22
.00017430765305228866
.014318294342999504
.0012693933870585082
.010302265923795226
3384119884911373e-21
.002500931180043597
.0027685681213957952
5066618911922384e-20
.005169351440465617
4858476285306835e-21
.006005358307126235
.006004968275784118
.019627912799833194
.0005530618351697766
.10746890674748741
.00764086347519964
.0004873506620274471
.02449402616548606
.06832063169082792
2475855105007497e-21
.12728447606442683
19156719751661324e-21
8.341883039231336
7.980287569466823
1.1573598125593714
.006235728253409885
.0006103121468886048
.000683109538802821
.17679182623113235
.11671031198733416
9.364353955711202
7.449039079069596
2.585384923630514
.0017709657851192812
.0003347701444150698
.0013804084466828577
.006203827550923187
.007053686917243121
3.614752981454592
.0008656339228544682
9.364353955711202
3.1914351827475262
9.364353955711202
8.639936998278214
.0013564243492014364
.009149576342067518
.00015200500459062273
2.0481139888223114
.0002512663959988289
.001890460964211996
.010957999564451969
8524618151300714e-20
.7392630854119614
.05082116265261453
15139521486478252e-21
.0005839854601360567
.4301227788750044
.40346576417841123
2.5127085211992637
.00011580241223014043
.00032023339776934725
.6023670652756106
.7363522888414165
.12173531813511554
.0002482067406352603
.17059688272410792
1.1598011968958455
1.0014915286234416
.07815312027564035
1.1825407946413795
1.8953005923653445
.019043991068029616
.019954857751401163
8149408128306702e-20
.00013693100814199364
3.5618272660025028
4.330926134901723
.4769483321427334
.0034600549392617753
.00013729046070258357
17665492230339625e-22
3889211046398482e-23
.04515040852079891
.01486256085586598
.0005487385470202798
.36160668831437376
26991856403024363e-21
.0001912079200120896
.02621385792131265
7323897727582274e-22
0
0
0
0
0
0
0
0
0
0
0
0
0
0
0
0
0
0
0
.07875044368059655
0
0
0
0
.15802504311345886
1239.0353533414113
.00447519038524338
.09672212895589555
.018434708208562946
.2092027222184507
.02050321968813385
.4062995367227664
.012925005615429714
.3606848459415257
.004188141373530752
2.1294327925793137
2.36812854394556
.0020766225029150783
.004885831748250144
.4799784268681789
.35791667557208107
.17642357251979804
.3175109162895242
.01881734036359265
.01881734036359265
.047469631323493966
21291255785906508e-26
.01881734036359265
.01881734036359265
.01881734036359265
.01881734036359265
.01881734036359265
.01881734036359265
.01881734036359265
.01881734036359265
.01881734036359265
.01881734036359265
.01881734036359265
.01881734036359265
.01881734036359265
.01881734036359265
.01881734036359265
.01881734036359265
.01881734036359265
.01881734036359265
.01881734036359265
.01881734036359265
.01881734036359265
.01881734036359265
.01881734036359265
.01881734036359265
.01881734036359265
.01881734036359265
.01881734036359265
.01881734036359265
.01881734036359265
.01881734036359265
.01881734036359265
.01881734036359265
.01881734036359265
.01881734036359265
.01881734036359265
.01881734036359265
.01881734036359265
.01881734036359265
.01881734036359265
.01881734036359265
.01881734036359265
.01881734036359265
.01881734036359265
.01881734036359265
.10893723510325738
2035351619939561e-20
.01881734036359265
2035351619939561e-20
.11669253700552373
.07372948901517745
.01881734036359265
.01881734036359265
.00032110937846710475
.01881734036359265
.01881734036359265
.01881734036359265
.01881734036359265
.01881734036359265
.01881734036359265
.01881734036359265
.01881734036359265
.01881734036359265
.01881734036359265
.01551415027055699
.01881734036359265
.01881734036359265
.01881734036359265
.01881734036359265
.01881734036359265
.01881734036359265
.01881734036359265
.01881734036359265
.01881734036359265
.01881734036359265
.01881734036359265
.01881734036359265
.01881734036359265
.01881734036359265
.01881734036359265
.01881734036359265
.01881734036359265
.01881734036359265
.10893723510325738
.10893723510325738
.11669253700552373
.01881734036359265
.01881734036359265
.01881734036359265
.01881734036359265
.11669253700552373
.001227758154285905
.12045154676794333
.01881734036359265
.10893723510325738
.01881734036359265
.01881734036359265
.01881734036359265
.01881734036359265
.01881734036359265
.00032110937846710475
.01881734036359265
.01881734036359265
.10872075227329192
.01881734036359265
.047469631323493966
.01881734036359265
.01881734036359265
2035351619939561e-20
.01881734036359265
.01881734036359265
.01881734036359265
.09496270924821937
.01881734036359265
.01881734036359265
.01881734036359265
.01881734036359265
.01881734036359265
.01881734036359265
.01881734036359265
.01881734036359265
.01881734036359265
.01881734036359265
.01881734036359265
.01881734036359265
.01881734036359265
.01881734036359265
.01881734036359265
.01881734036359265
.01881734036359265
.01881734036359265
.01881734036359265
.01881734036359265
.01881734036359265
.01881734036359265
.01881734036359265
.09496270924821937
.01881734036359265
.01881734036359265
.01881734036359265
.01881734036359265
.01881734036359265
.01881734036359265
.01881734036359265
.01881734036359265
.01881734036359265
.01881734036359265
.047469631323493966
.12023888905166535
.01551415027055699
.01881734036359265
9999999999969532e-28
.12070632307492528
.12070632307492528
.01551415027055699
.01551415027055699
.047469631323493966
.047469631323493966
.047469631323493966
.047469631323493966
