6134723326669406e-27
40.123759552353455
.15358655158438234
.31632310567543664
11.206072710994125
.3508033732339355
6.132557554901056
.2054621237727605
.00269585121417768
.3291675539833566
.02889185309430304
8.21898491539583
.775501163204451
.5686973451101004
.008615707547294042
8.246908151555406
1.0765943795402917
.004125739096850606
.07480787969724216
.004604020197153271
.0018593903089777718
.04461632656127474
.00014373079003622135
1826497266976836e-20
.27864799566502524
39424838624016066e-24
12616343394043571e-30
.0052315266481290056
.0064404677786703045
.006086162300802459
.002298798917758055
.00018044490601910892
.013810909627461619
.0012982565795960248
.009970719452807347
3494243066084677e-20
.0004778471120695517
.0028836255134827397
.0004920832562636198
.005203207738713758
17256723011077297e-21
9.068770015575899
13.340813844937031
.005845399332192921
5862967472726251e-20
.12334881560809918
.007329663202216029
.007818635576991341
.37333379154383056
9250865529684765e-26
.44523878788949195
23775581277478272e-27
3.9194610445470244
18.101035044076177
1438863200512566e-24
21185839512985688e-26
.0073294931665117075
2.8103332785676
13.602406270589606
2658996021217779e-26
236060448661071e-25
44.26885133976145
26.95328618716472
8.931092336851252
.0024061413502738517
.0006075355349393634
.0013551836544187419
.0065910982062556325
52239773798588945e-25
0
7477239943845315e-27
25.072377412132
3.406401953626083
9.295068559210058
17.63124035671234
.0014183831545750345
.008486605528600906
.00046374206336747653
2.0992836159289925
.0004256764992181268
.003560186417308897
.011647440576619018
.0015773557435155609
.9049400893768674
1.4659971865413923
.00012661301132978745
.02593514806290483
1.318884114303645
1.6272555256150312
3.1652400881846177
.003403073353882961
.0004502998755313799
.5922533203412256
.7704344574859491
11194440418118558e-27
.4594102783535551
.7767749088793117
2.2314999314550654
2.7288214629713194
3264858047360343e-25
5.9278470084113515
1.9740873388158946
.5101113601537735
1.1618678972152607
.9635168685125487
.0007576857563705594
47.66382873176474
8.375286862770515
.4811022051497369
.06431458645389951
6004712751210525e-28
70232836746461455e-31
30727790843294834e-25
5.5348055308532595
.009783994729824113
.0005277649106690387
.5086079599444528
.001320079335191454
.00023984398706302187
.016309957549247533
31422928694920504e-31
0
0
0
0
0
0
0
0
0
0
0
0
0
0
0
0
0
0
0
1.86860853050876
0
0
0
0
.6133657975283076
1375.3424085538586
.004447720284899861
.10429476324535537
.018875119653569687
.2206255844666495
.5622630011640355
1.0377130392052216
1.4432949126361165
1.4214055632374547
.007747198346475522
6.291945399187518
6.0893048550771205
.14711479050695622
.3526682939276673
5.469635018019857
3.6490359151464067
10154544593789403e-26
16683468715415318e-26
.019999999999997548
.019999999999997548
.9999999999938652
7.999999999607378
.019999999999997548
.019999999999997548
.019999999999997548
.019999999999997548
.019999999999997548
.019999999999997548
.019999999999997548
.019999999999997548
.019999999999997548
.019999999999997548
.019999999999997548
.019999999999997548
.019999999999997548
.019999999999997548
.019999999999997548
.019999999999997548
.019999999999997548
.019999999999997548
.019999999999997548
.019999999999997548
.019999999999997548
.019999999999997548
.019999999999997548
.019999999999997548
.019999999999997548
.019999999999997548
.019999999999997548
.019999999999997548
.019999999999997548
.019999999999997548
.019999999999997548
.019999999999997548
.019999999999997548
.019999999999997548
.019999999999997548
.019999999999997548
.019999999999997548
.019999999999997548
.019999999999997548
.019999999999997548
.019999999999997548
.019999999999997548
.019999999999997548
.019999999999997548
.49999999999846634
3.9999999999018443
.019999999999997548
3.9999999999018443
.24999999999961658
.09999999999993865
.019999999999997548
.019999999999997548
2.9999999999447873
.019999999999997548
.019999999999997548
.019999999999997548
.019999999999997548
.019999999999997548
.019999999999997548
.019999999999997548
.019999999999997548
.019999999999997548
.019999999999997548
1.4999999999861968
.019999999999997548
.019999999999997548
.019999999999997548
.019999999999997548
.019999999999997548
.019999999999997548
.019999999999997548
.019999999999997548
.019999999999997548
.019999999999997548
.019999999999997548
.019999999999997548
.019999999999997548
.019999999999997548
.019999999999997548
.019999999999997548
.019999999999997548
.019999999999997548
.49999999999846634
.49999999999846634
.24999999999961658
.019999999999997548
.019999999999997548
.019999999999997548
.019999999999997548
.24999999999961658
2.499999999961658
.34999999999924847
.019999999999997548
.49999999999846634
.019999999999997548
.019999999999997548
.019999999999997548
.019999999999997548
.019999999999997548
2.9999999999447873
.019999999999997548
.019999999999997548
.19999999999975462
.019999999999997548
.9999999999938652
.019999999999997548
.019999999999997548
3.9999999999018443
.019999999999997548
.019999999999997548
.019999999999997548
.14999999999986197
.019999999999997548
.019999999999997548
.019999999999997548
.019999999999997548
.019999999999997548
.019999999999997548
.019999999999997548
.019999999999997548
.019999999999997548
.019999999999997548
.019999999999997548
.019999999999997548
.019999999999997548
.019999999999997548
.019999999999997548
.019999999999997548
.019999999999997548
.019999999999997548
.019999999999997548
.019999999999997548
.019999999999997548
.019999999999997548
.019999999999997548
.14999999999986197
.019999999999997548
.019999999999997548
.019999999999997548
.019999999999997548
.019999999999997548
.019999999999997548
.019999999999997548
.019999999999997548
.019999999999997548
.019999999999997548
.9999999999938652
.2999999999994479
1.4999999999861968
.019999999999997548
1e-12
.32999999999933194
.32999999999933194
1.4999999999861968
1.4999999999861968
.9999999999938652
.9999999999938652
.9999999999938652
.9999999999938652
