1.4955758076002255
.6845158151630646
.011114113749314352
.0026958063086444045
4245229046153455e-21
.030925097194765112
7.269932539359886
.6955540768805512
.056525066348573766
.0605580513522939
.06965734217138293
4.860684931503887
.739352455912559
.34240902135381945
.00549076166337612
2.8002675597457474
.36021277926554396
.0033476342994405036
.07276433030769022
.004953973306886755
.001997994408259938
.009193932670054117
.000201436226074182
.0027475874270279244
.27758603944701504
16.06706206947615
.00016473102780986646
.0057584505112372635
.0061888461774103985
.0059415303027748985
1344535046229863e-21
.00017512747836477476
.013403902216172063
.001259760577490442
.009676898467271872
2097589864423895e-20
.0022452608213587534
.002797928190649722
.0003024244061228103
.005042175577119029
3603353198237642e-20
.0059537757793095
.006450140282632486
.019843617415189054
.00033938469847845864
.11713977765376078
.007625307802537704
.0009607266567216847
.04618104088440705
.31245146598211876
.0011948232543617916
.5374992602794236
.009413246792805285
12.116138903729734
11.152976392170045
1.4178121899001364
.0070573264180784695
.059962567724652485
.0670139779269818
.22512141070407457
.13620374737357022
30.058989231996993
23.78237196070155
8.102657732966874
.002208953522674126
.0005087461288205673
.0013376442445978663
.006381309749072937
3.747158906843826
7.618749603848461
.022878942944027893
23.659493274932558
3.3093503029691402
9.723221897774453
22.278272193405638
.001376372028428909
.009499756296712332
.0007730595175282116
2.1394000076306927
.00034368022442345775
.002852260752468902
.011407436608032864
.0003528124959549537
.9609131719710736
.6803817274604513
25758003696367695e-21
.007642780814746189
.8734027632737736
.7815984963461559
3.454626879172703
.00015070967040677454
5393571768894681e-20
.6176256805983307
.8420480687163693
.07639606844840799
.010386764220276384
.3000116927280989
1.6649792252025863
1.55352606691714
2.1573064299443407
1.549599017497669
2.029042357687339
.024702273949782444
.03728557424529684
.009468985416727378
.0001653273494132897
6.30289126214829
6.1870052002292235
.5672536382256982
.017739265522594132
.004349616976424379
7123455170289885e-20
.0005644660577794438
.10091950357424767
.02073218896752165
.0008518964799481339
.43461984650048313
4943795161214655e-20
.00023727662111999598
.036118593268970114
22092014216609255e-21
0
0
0
0
0
0
0
0
0
0
0
0
0
0
0
0
0
0
0
.736040190825658
0
0
0
0
.5786059184047666
1334.8130016469868
.004316652222057098
.1012213432217036
.018318896417743053
.21412405871473336
.11317449043266892
.6574454310213466
.14430531966248614
.42400808520162725
.006299567732024546
3.1011996456435957
3.185872427751015
.01757806424250754
.04192344028037432
.8852388891090321
.5870113785572771
.26890951962813
.44201296619099967
.019410628122059417
.019410628122059417
.2241196246580334
5085838727301649e-20
.019410628122059417
.019410628122059417
.019410628122059417
.019410628122059417
.019410628122059417
.019410628122059417
.019410628122059417
.019410628122059417
.019410628122059417
.019410628122059417
.019410628122059417
.019410628122059417
.019410628122059417
.019410628122059417
.019410628122059417
.019410628122059417
.019410628122059417
.019410628122059417
.019410628122059417
.019410628122059417
.019410628122059417
.019410628122059417
.019410628122059417
.019410628122059417
.019410628122059417
.019410628122059417
.019410628122059417
.019410628122059417
.019410628122059417
.019410628122059417
.019410628122059417
.019410628122059417
.019410628122059417
.019410628122059417
.019410628122059417
.019410628122059417
.019410628122059417
.019410628122059417
.019410628122059417
.019410628122059417
.019410628122059417
.019410628122059417
.019410628122059417
.019410628122059417
.23670632243203601
.01009255060235938
.019410628122059417
.01009255060235938
.17201246894879524
.08610888544924616
.019410628122059417
.019410628122059417
.033773097066151316
.019410628122059417
.019410628122059417
.019410628122059417
.019410628122059417
.019410628122059417
.019410628122059417
.019410628122059417
.019410628122059417
.019410628122059417
.019410628122059417
.15915186654692606
.019410628122059417
.019410628122059417
.019410628122059417
.019410628122059417
.019410628122059417
.019410628122059417
.019410628122059417
.019410628122059417
.019410628122059417
.019410628122059417
.019410628122059417
.019410628122059417
.019410628122059417
.019410628122059417
.019410628122059417
.019410628122059417
.019410628122059417
.019410628122059417
.23670632243203601
.23670632243203601
.17201246894879524
.019410628122059417
.019410628122059417
.019410628122059417
.019410628122059417
.17201246894879524
.059449076890571814
.20736522898157309
.019410628122059417
.23670632243203601
.019410628122059417
.019410628122059417
.019410628122059417
.019410628122059417
.019410628122059417
.033773097066151316
.019410628122059417
.019410628122059417
.1482948031788463
.019410628122059417
.2241196246580334
.019410628122059417
.019410628122059417
.01009255060235938
.019410628122059417
.019410628122059417
.019410628122059417
.1198569469901894
.019410628122059417
.019410628122059417
.019410628122059417
.019410628122059417
.019410628122059417
.019410628122059417
.019410628122059417
.019410628122059417
.019410628122059417
.019410628122059417
.019410628122059417
.019410628122059417
.019410628122059417
.019410628122059417
.019410628122059417
.019410628122059417
.019410628122059417
.019410628122059417
.019410628122059417
.019410628122059417
.019410628122059417
.019410628122059417
.019410628122059417
.1198569469901894
.019410628122059417
.019410628122059417
.019410628122059417
.019410628122059417
.019410628122059417
.019410628122059417
.019410628122059417
.019410628122059417
.019410628122059417
.019410628122059417
.2241196246580334
.19154250394479952
.15915186654692606
.019410628122059417
999999999998502e-27
.20145230311430132
.20145230311430132
.15915186654692606
.15915186654692606
.2241196246580334
.2241196246580334
.2241196246580334
.2241196246580334
