1.4955758076002255
.684516021763787
.01111583691040906
.0026958069027077374
42452250779228016e-22
.03092510029535265
7.269932538108375
.6955540767757465
.056534885939271785
.06055805237930071
.06965734220703654
4.860684203675444
.7393524558345002
.342408970289684
.005490760659178704
2.8002672136140276
.36021448091990843
.003348259692019752
.07276433033369102
.004953973306321842
.0019979944080352726
.009193932897709346
.00020143720408398236
.002748131689474749
.27758604468970655
16.067061847206638
.0001647635298395661
.0057584505099000285
.006188845971792404
.0059415304122755605
13445350634897807e-22
.00017512747836477476
.013403902216172067
.001259760577512125
.009676898467271872
2097589548306081e-20
.0022452608211266938
.0027979281907150448
.00030242436235152577
.005042175577807139
36033526260619486e-21
.005953775856615614
.006450188845381078
.019843618316500087
.00033938469852194436
.1171397776529869
.007625307801555386
.00096072620250682
.046181019263655046
.31251592510269194
.0011948288093130137
.5374992054620451
.0094132453862653
12.116139052775196
11.152976388802971
1.417812189703612
.0070573262567152064
.05996256569386842
.06701397556407337
.22512141066085636
.13620374732493276
30.058989231996993
23.782375529379586
8.10266632765499
.0022093085203925738
.0005088476926695068
.0013376441930557995
.006381309764704133
3.747158958722423
7.618749669497242
.022878943486364482
23.659493577963136
3.3093502952052885
9.72326975121143
22.278270480802
.0013763720291212302
.009499756329404767
.0007730593572783044
2.1393999437361213
.00034374749737783075
.00285282205056765
.011407436906466426
.0003528839826317377
.9610851493295537
.6805102430853345
2576358873140759e-20
.007642791348336211
.873563024253575
.7817475533521616
3.4546495433498388
.00015071075377664144
5329577642636473e-20
.6176286269393148
.8420622287679563
.07641014170416652
.010388642106030889
.3000416822706392
1.664979028716542
1.5535260848393062
2.15730642163229
1.5498618427322552
2.029042354867464
.02470729154174041
.03729168952630871
.009468985051759542
.00016532733846820444
6.3028881060053505
6.187085169732533
.5672535873150524
.017742660981702178
.004349616886471815
7123454916736485e-20
.0005645551923445397
.10093789398977641
.020732187686723663
.0008520636174870456
.4346198551847788
49447387576961684e-21
.00023731745486501866
.03611859201648349
22092013272658334e-21
0
0
0
0
0
0
0
0
0
0
0
0
0
0
0
0
0
0
0
.7360401268531069
0
0
0
0
.5786085522854448
1334.8130016469868
.004316652222057098
.1012213432217036
.018318896417743053
.21412405871473336
.11318745575681062
.6574454068632457
.14430531423124324
.4240080452889218
.00629959380812763
3.0927556054244074
3.179424820011232
.017578045877992603
.04192339631849304
.885238850949554
.5870113369816391
.26890986255202143
.442013513659543
.019410628122059417
.019410628122059417
.22411962461916995
508583314938813e-19
.019410628122059417
.019410628122059417
.019410628122059417
.019410628122059417
.019410628122059417
.019410628122059417
.019410628122059417
.019410628122059417
.019410628122059417
.019410628122059417
.019410628122059417
.019410628122059417
.019410628122059417
.019410628122059417
.019410628122059417
.019410628122059417
.019410628122059417
.019410628122059417
.019410628122059417
.019410628122059417
.019410628122059417
.019410628122059417
.019410628122059417
.019410628122059417
.019410628122059417
.019410628122059417
.019410628122059417
.019410628122059417
.019410628122059417
.019410628122059417
.019410628122059417
.019410628122059417
.019410628122059417
.019410628122059417
.019410628122059417
.019410628122059417
.019410628122059417
.019410628122059417
.019410628122059417
.019410628122059417
.019410628122059417
.019410628122059417
.019410628122059417
.019410628122059417
.23670632243072218
.01009254920132631
.019410628122059417
.01009254920132631
.17201246894876507
.08610888544924601
.019410628122059417
.019410628122059417
.033773095827634374
.019410628122059417
.019410628122059417
.019410628122059417
.019410628122059417
.019410628122059417
.019410628122059417
.019410628122059417
.019410628122059417
.019410628122059417
.019410628122059417
.15915186634307363
.019410628122059417
.019410628122059417
.019410628122059417
.019410628122059417
.019410628122059417
.019410628122059417
.019410628122059417
.019410628122059417
.019410628122059417
.019410628122059417
.019410628122059417
.019410628122059417
.019410628122059417
.019410628122059417
.019410628122059417
.019410628122059417
.019410628122059417
.019410628122059417
.23670632243072218
.23670632243072218
.17201246894876507
.019410628122059417
.019410628122059417
.019410628122059417
.019410628122059417
.17201246894876507
.059449075976324775
.20736522898137838
.019410628122059417
.23670632243072218
.019410628122059417
.019410628122059417
.019410628122059417
.019410628122059417
.019410628122059417
.033773095827634374
.019410628122059417
.019410628122059417
.14829480317883775
.019410628122059417
.22411962461916995
.019410628122059417
.019410628122059417
.01009254920132631
.019410628122059417
.019410628122059417
.019410628122059417
.11985694699018774
.019410628122059417
.019410628122059417
.019410628122059417
.019410628122059417
.019410628122059417
.019410628122059417
.019410628122059417
.019410628122059417
.019410628122059417
.019410628122059417
.019410628122059417
.019410628122059417
.019410628122059417
.019410628122059417
.019410628122059417
.019410628122059417
.019410628122059417
.019410628122059417
.019410628122059417
.019410628122059417
.019410628122059417
.019410628122059417
.019410628122059417
.11985694699018774
.019410628122059417
.019410628122059417
.019410628122059417
.019410628122059417
.019410628122059417
.019410628122059417
.019410628122059417
.019410628122059417
.019410628122059417
.019410628122059417
.22411962461916995
.1915425039447161
.15915186634307363
.019410628122059417
999999999998502e-27
.20145230311416024
.20145230311416024
.15915186634307363
.15915186634307363
.22411962461916995
.22411962461916995
.22411962461916995
.22411962461916995
