1.4955758076002255
.6845161538472307
.011116589315872987
.0026958057770942317
42452263729449965e-22
.030925107292414454
7.269932537341276
.6955540763297375
.05653917017208074
.060558053381725555
.06965734222777796
4.8606842206531615
.739352455838387
.3424089714799862
.0054907605585653935
2.800267087650614
.3602181287806778
.003348532556949781
.07276433034111172
.004953973306303893
.001997994408028134
.009193933069243062
.00020143927758471507
.0027483691596665483
.27758604916822965
16.0670619643047
.00016477770873305812
.005758450509789922
.006188845878958418
.0059415304618125366
13445350636038663e-22
.00017512747836477476
.013403902216172067
.0012597605774433078
.009676898467271872
20975895556748685e-21
.0022452608189960713
.0027979281905077267
.00030242436337184274
.005042175578034508
36033526369634896e-21
.005953775856833157
.006450186661174214
.01984361736172493
.0003393846985112334
.11713977765319931
.00762530780141807
.0009607276102378936
.04618108723908066
.3125440460112969
.001194840964763302
.5374991470192667
.009413245541782855
12.116139318849129
11.1529763893133
1.4178121896792188
.007057326187383789
.059962565106418377
.06701398652196996
.22512141065809368
.13620374733606902
30.058989231996993
23.78237523776825
8.102681809196788
.0022094634094525
.0005088920106798386
.0013376441600886177
.006381309795675048
3.7471589123477163
7.6187496663058125
.022878943709690663
23.65949376690034
3.309350291779548
9.723370534921818
22.278269484994038
.0013763720288546264
.009499756326723575
.000773059266550976
2.1393999165162345
.0003437768497530401
.0028530669514769246
.011407437042222699
.0003529151759529122
.9611594940765396
.6805652129737398
2576574442259381e-20
.00764278830084274
.8736322381183257
.7818127436494937
3.4546607346413665
.00015070957403630258
5301094699846976e-20
.6176348320869104
.842066748159558
.07641623211566745
.010389464043133354
.300054452493797
1.6649792370440395
1.5535261101114806
2.15730645494465
1.5499608995568754
2.02904235681646
.024709193543941653
.03729394271111457
.009468984976764955
.00016532749224620134
6.302897117138813
6.187120053844593
.5672535943026056
.017744131925033598
.004349616911677901
7123454919294518e-20
.0005645878133873107
.10094479169816403
.020732187869470668
.0008521365652449624
.43461985969204114
49450958698786206e-21
.0002373351280351406
.036118592844915635
22092013368509226e-21
0
0
0
0
0
0
0
0
0
0
0
0
0
0
0
0
0
0
0
.7360400919643665
0
0
0
0
.5786140737070627
1334.8130016469868
.004316652222057098
.1012213432217036
.018318896417743053
.21412405871473336
.11319311208121217
.6574454111140908
.1443053180680094
.42400776555334835
.0062995948308243455
3.0889479856467843
3.1765144801926444
.017578039870185195
.041923381564356585
.8852388385490924
.5870113211508836
.2689098366469048
.4420134637156878
.019410628122059417
.019410628122059417
.22411962461916995
5085833149388131e-20
.019410628122059417
.019410628122059417
.019410628122059417
.019410628122059417
.019410628122059417
.019410628122059417
.019410628122059417
.019410628122059417
.019410628122059417
.019410628122059417
.019410628122059417
.019410628122059417
.019410628122059417
.019410628122059417
.019410628122059417
.019410628122059417
.019410628122059417
.019410628122059417
.019410628122059417
.019410628122059417
.019410628122059417
.019410628122059417
.019410628122059417
.019410628122059417
.019410628122059417
.019410628122059417
.019410628122059417
.019410628122059417
.019410628122059417
.019410628122059417
.019410628122059417
.019410628122059417
.019410628122059417
.019410628122059417
.019410628122059417
.019410628122059417
.019410628122059417
.019410628122059417
.019410628122059417
.019410628122059417
.019410628122059417
.019410628122059417
.019410628122059417
.019410628122059417
.23670632243072218
.01009254920132631
.019410628122059417
.01009254920132631
.17201246894876507
.08610888544924601
.019410628122059417
.019410628122059417
.033773095827634374
.019410628122059417
.019410628122059417
.019410628122059417
.019410628122059417
.019410628122059417
.019410628122059417
.019410628122059417
.019410628122059417
.019410628122059417
.019410628122059417
.15915186634307363
.019410628122059417
.019410628122059417
.019410628122059417
.019410628122059417
.019410628122059417
.019410628122059417
.019410628122059417
.019410628122059417
.019410628122059417
.019410628122059417
.019410628122059417
.019410628122059417
.019410628122059417
.019410628122059417
.019410628122059417
.019410628122059417
.019410628122059417
.019410628122059417
.23670632243072218
.23670632243072218
.17201246894876507
.019410628122059417
.019410628122059417
.019410628122059417
.019410628122059417
.17201246894876507
.059449075976324775
.20736522898137838
.019410628122059417
.23670632243072218
.019410628122059417
.019410628122059417
.019410628122059417
.019410628122059417
.019410628122059417
.033773095827634374
.019410628122059417
.019410628122059417
.14829480317883775
.019410628122059417
.22411962461916995
.019410628122059417
.019410628122059417
.01009254920132631
.019410628122059417
.019410628122059417
.019410628122059417
.11985694699018774
.019410628122059417
.019410628122059417
.019410628122059417
.019410628122059417
.019410628122059417
.019410628122059417
.019410628122059417
.019410628122059417
.019410628122059417
.019410628122059417
.019410628122059417
.019410628122059417
.019410628122059417
.019410628122059417
.019410628122059417
.019410628122059417
.019410628122059417
.019410628122059417
.019410628122059417
.019410628122059417
.019410628122059417
.019410628122059417
.019410628122059417
.11985694699018774
.019410628122059417
.019410628122059417
.019410628122059417
.019410628122059417
.019410628122059417
.019410628122059417
.019410628122059417
.019410628122059417
.019410628122059417
.019410628122059417
.22411962461916995
.1915425039447161
.15915186634307363
.019410628122059417
999999999998502e-27
.20145230311416024
.20145230311416024
.15915186634307363
.15915186634307363
.22411962461916995
.22411962461916995
.22411962461916995
.22411962461916995
