2.9897015491026666
.010827622530856102
.0006469444130522563
4163027893140409e-20
15180933887313405e-28
.0023238254086417813
6.849083936569185
.717809013372966
.04919408381918081
.011793526508082214
.06840271996820753
.7514715957304119
.713899440415537
.05333329025940542
.0009210146437587131
.0053030026959946935
.0006699988185995096
.0025164821666759703
.07051780685851242
.005112364898600812
.0020600619195399184
.0020071005992010863
47457225709735044e-21
.00207164538662309
.05941061058854893
4.0277228871308965
62597299005676315e-22
.005496128273504269
.0059577693510540035
.005777529471810138
13055307399066514e-22
.00016997167380752685
.013009266608450623
.001222425455175507
.00939200811554822
32528897917165125e-22
.0023968438402607382
.0027148080849641906
4846322583818486e-20
.004886606830729817
5682311519324026e-21
.005775754459796682
.005775303182739859
.0203927452688787
.0005631740782851075
.11326171787137636
.007511527714244008
.0005603531207516546
.025531122151145908
.09021270765303366
3111956674932167e-21
.12265903577175631
24855283282256026e-21
8.637877766900809
8.228740565832085
1.2215282911874001
.0067943845532807
.0006863767130542972
.0007627301991568823
.18833151188869565
.11921429647489805
10.137312678631112
7.964056950114815
2.8927284186487623
.0017481222578215761
.000362864345198669
.0013189247242713445
.006000538401031617
.00803790706088976
3.720352649421502
.0008769290484095089
10.137312678631112
3.2094381696682484
9.668260137237814
9.393450789276569
.0013337130035012657
.009255218597335402
.0001794687895340226
2.1019115596826228
.0002566625976560354
.0021213122701236866
.011104480990428392
6270342535772863e-20
.7567056970843345
.029669991937234783
15740599588608613e-21
.00029931980522817704
.427753802546113
.4002178699279499
2.511713513865319
.00010725209529263927
.0003373579595957477
.6136439288799371
.7794289888430492
.13364420600217844
.00028444881624552324
.17900046702469072
1.2256813468898051
1.0601396389737643
.07157066791613614
1.2351011641463538
1.9496083613853936
.01708835607765095
.02199278107437892
9678387337312291e-20
.00012427127988874555
3.6437116121121766
4.49057048470378
.4699449490775198
.0038381385866548385
.00012162109131210017
1866501293953045e-21
5151175748550975e-23
.05152033003212802
.015167286408529969
.0005352211958871672
.3444909242921064
28334147065940243e-21
.00019131476028963387
.026197814625502316
7277939324775201e-22
0
0
0
0
0
0
0
0
0
0
0
0
0
0
0
0
0
0
0
.08267555656773486
0
0
0
0
.205164547370752
1295.5155104902224
.0041895680519794835
.09824134165202854
.017779579922406485
.2078201507565323
.021578654283890483
.42228464953210226
.01423615356114946
.3710449063592336
.004418467783300244
2.3486387552030603
2.2681606714323106
.0022293518057858504
.005254698136179921
.5320556748222856
.3649570573529874
.19596648648515572
.32166463369186793
.018839170557567095
.018839170557567095
.050302471238775466
3276799463751967e-25
.018839170557567095
.018839170557567095
.018839170557567095
.018839170557567095
.018839170557567095
.018839170557567095
.018839170557567095
.018839170557567095
.018839170557567095
.018839170557567095
.018839170557567095
.018839170557567095
.018839170557567095
.018839170557567095
.018839170557567095
.018839170557567095
.018839170557567095
.018839170557567095
.018839170557567095
.018839170557567095
.018839170557567095
.018839170557567095
.018839170557567095
.018839170557567095
.018839170557567095
.018839170557567095
.018839170557567095
.018839170557567095
.018839170557567095
.018839170557567095
.018839170557567095
.018839170557567095
.018839170557567095
.018839170557567095
.018839170557567095
.018839170557567095
.018839170557567095
.018839170557567095
.018839170557567095
.018839170557567095
.018839170557567095
.018839170557567095
.018839170557567095
.018839170557567095
.11214103902856325
25611839018143447e-21
.018839170557567095
25611839018143447e-21
.11839607039847357
.07415815417162708
.018839170557567095
.018839170557567095
.0003818558808669532
.018839170557567095
.018839170557567095
.018839170557567095
.018839170557567095
.018839170557567095
.018839170557567095
.018839170557567095
.018839170557567095
.018839170557567095
.018839170557567095
.016922942930567036
.018839170557567095
.018839170557567095
.018839170557567095
.018839170557567095
.018839170557567095
.018839170557567095
.018839170557567095
.018839170557567095
.018839170557567095
.018839170557567095
.018839170557567095
.018839170557567095
.018839170557567095
.018839170557567095
.018839170557567095
.018839170557567095
.018839170557567095
.018839170557567095
.11214103902856325
.11214103902856325
.11839607039847357
.018839170557567095
.018839170557567095
.018839170557567095
.018839170557567095
.11839607039847357
.0014187921658014619
.12292047729622044
.018839170557567095
.11214103902856325
.018839170557567095
.018839170557567095
.018839170557567095
.018839170557567095
.018839170557567095
.0003818558808669532
.018839170557567095
.018839170557567095
.10998863668632892
.018839170557567095
.050302471238775466
.018839170557567095
.018839170557567095
25611839018143447e-21
.018839170557567095
.018839170557567095
.018839170557567095
.09579208504724174
.018839170557567095
.018839170557567095
.018839170557567095
.018839170557567095
.018839170557567095
.018839170557567095
.018839170557567095
.018839170557567095
.018839170557567095
.018839170557567095
.018839170557567095
.018839170557567095
.018839170557567095
.018839170557567095
.018839170557567095
.018839170557567095
.018839170557567095
.018839170557567095
.018839170557567095
.018839170557567095
.018839170557567095
.018839170557567095
.018839170557567095
.09579208504724174
.018839170557567095
.018839170557567095
.018839170557567095
.018839170557567095
.018839170557567095
.018839170557567095
.018839170557567095
.018839170557567095
.018839170557567095
.018839170557567095
.050302471238775466
.12234831456254593
.016922942930567036
.018839170557567095
9999999999970097e-28
.12303774147357226
.12303774147357226
.016922942930567036
.016922942930567036
.050302471238775466
.050302471238775466
.050302471238775466
.050302471238775466
