1.4812197869755823
.7300258523648164
.011191309932371931
.0025449206603821877
4846628236578006e-21
.031207598824969235
7.238485031711243
.7328781855401175
.0602890875407336
.07034257904463657
.07081566095712832
5.018227034411023
.7367514246824722
.35192298272192274
.005353770221497012
3.205489075464848
.36862317475396766
.003406333049329597
.07469993392707903
.004604565109260363
.0018264868120909414
.010141353755857906
.00019375942482032562
.0026967317620900286
.2978440363684934
17.497328629060082
.0001264606908810021
.005554253190085976
.006098515282421633
.005914697987690396
12332761278853451e-22
.00017925983887296827
.013720790738684317
.0012390529711851503
.010327282237452806
21279367805847815e-21
.002088459797520383
.0028810556960077545
.00032323711314941967
.0053547475635136454
3376418132988682e-20
.005916375984893107
.006165004192540655
.020555386496019953
.0003304655378944619
.1186016183139076
.007539038833535937
.0008064660968621075
.039274395736980515
.2859919611685167
.00129309332974993
.6156777332619451
.009944878005572174
12.211800995620763
11.37850671174516
1.3974837698039018
.006887416431226317
.06512051187197927
.07177811879391048
.21756075001480257
.12228090740560552
30.250402840325567
23.416819554405873
8.147319902960696
.002293222688344006
.0004928852586311656
.0014025618459990806
.006413683015345452
2.6287477617999095
6.764010408782686
.01812037517158007
23.467140542068375
3.4043690480618354
9.314388091691386
22.03791956011814
.0014371260159881472
.009405665630956394
.0007500088499348999
2.2661595364547815
.0003131491963527955
.002762782597345393
.011204750514269252
.00037741631513929757
.9389066318938036
.68980737556371
29614735040500723e-21
.008303549413768947
.8271613276498515
.7350945719579934
3.359477809615718
.00017198256730188333
4788111318600826e-20
.5988893188860054
.8118915955931659
.07921375794790865
.010913983814815006
.27759041709501203
1.6252851437666223
1.5155483193600394
1.8027673568052565
1.563363685931165
2.055001532418752
.026876489818933987
.04104217125955169
.010235188583783493
.0001400461782676253
6.080627918743407
5.948128729189503
.561256522969596
.01809626671426477
.0036313443547864753
581995078650293e-19
.0005800341200372419
.10901747742708537
.019918460213070498
.0008857410984828948
.44049507374810937
5724696708464365e-20
.00021077484869587887
.034118718713671344
20201231262154648e-21
0
0
0
0
0
0
0
0
0
0
0
0
0
0
0
0
0
0
0
.7459089670122209
0
0
0
0
.5464319613313452
1285.780184120957
.004517843125610252
.10669040768248239
.018074398019115086
.21956362210588962
.11281445940789939
.6604810824934525
.1406571979350755
.41607837578537615
.006147495628133474
2.941344600021282
3.188030776714898
.016589263749085537
.04289013982991712
.8636890262191214
.5757555148165729
.24989318552457396
.42605239197260103
.01941620210978097
.01941620210978097
.22736062559614592
57727248433847616e-21
.01941620210978097
.01941620210978097
.01941620210978097
.01941620210978097
.01941620210978097
.01941620210978097
.01941620210978097
.01941620210978097
.01941620210978097
.01941620210978097
.01941620210978097
.01941620210978097
.01941620210978097
.01941620210978097
.01941620210978097
.01941620210978097
.01941620210978097
.01941620210978097
.01941620210978097
.01941620210978097
.01941620210978097
.01941620210978097
.01941620210978097
.01941620210978097
.01941620210978097
.01941620210978097
.01941620210978097
.01941620210978097
.01941620210978097
.01941620210978097
.01941620210978097
.01941620210978097
.01941620210978097
.01941620210978097
.01941620210978097
.01941620210978097
.01941620210978097
.01941620210978097
.01941620210978097
.01941620210978097
.01941620210978097
.01941620210978097
.01941620210978097
.01941620210978097
.23841153601713297
.01069441548966308
.01941620210978097
.01069441548966308
.1726309326629205
.08623259232987703
.01941620210978097
.01941620210978097
.03526446002506596
.01941620210978097
.01941620210978097
.01941620210978097
.01941620210978097
.01941620210978097
.01941620210978097
.01941620210978097
.01941620210978097
.01941620210978097
.01941620210978097
.16261746630364754
.01941620210978097
.01941620210978097
.01941620210978097
.01941620210978097
.01941620210978097
.01941620210978097
.01941620210978097
.01941620210978097
.01941620210978097
.01941620210978097
.01941620210978097
.01941620210978097
.01941620210978097
.01941620210978097
.01941620210978097
.01941620210978097
.01941620210978097
.01941620210978097
.23841153601713297
.23841153601713297
.1726309326629205
.01941620210978097
.01941620210978097
.01941620210978097
.01941620210978097
.1726309326629205
.06162550090200099
.20840978408692515
.01941620210978097
.23841153601713297
.01941620210978097
.01941620210978097
.01941620210978097
.01941620210978097
.01941620210978097
.03526446002506596
.01941620210978097
.01941620210978097
.14872119999061634
.01941620210978097
.22736062559614592
.01941620210978097
.01941620210978097
.01069441548966308
.01941620210978097
.01941620210978097
.01941620210978097
.12011532548818324
.01941620210978097
.01941620210978097
.01941620210978097
.01941620210978097
.01941620210978097
.01941620210978097
.01941620210978097
.01941620210978097
.01941620210978097
.01941620210978097
.01941620210978097
.01941620210978097
.01941620210978097
.01941620210978097
.01941620210978097
.01941620210978097
.01941620210978097
.01941620210978097
.01941620210978097
.01941620210978097
.01941620210978097
.01941620210978097
.01941620210978097
.12011532548818324
.01941620210978097
.01941620210978097
.01941620210978097
.01941620210978097
.01941620210978097
.01941620210978097
.01941620210978097
.01941620210978097
.01941620210978097
.01941620210978097
.22736062559614592
.19236922146555968
.16261746630364754
.01941620210978097
99999999999852e-26
.2024089482461035
.2024089482461035
.16261746630364754
.16261746630364754
.22736062559614592
.22736062559614592
.22736062559614592
.22736062559614592
