3.0096752701723095
.005392747346469715
.00019667253695484493
12653376826237358e-21
43153012200417376e-29
.0007270481791005628
6.426752961626511
.6857631856732872
.0455952684992354
.021161420935335063
.06096267745219718
.7226151514599418
.6942028317518716
.058157565020944706
.0010461614214399458
.0066089028882233836
.0009689525913628981
.002276667030336481
.07318353890319138
.004716309697883726
.0019683606428106677
.0028403375199019905
61034113508247606e-21
.0020570760419062225
.08569369223720774
4.003314136349934
54522797125920764e-22
.005432335134420488
.006516046933103216
.005676510363094534
11280443974363686e-22
.0001616933971159792
.012772738980212823
.0012376670545544146
.0099582906037959
36691893962978774e-22
.002460644875815366
.0026292090987683563
5747165927403118e-20
.005208673328726976
55086198950698005e-22
.00567497663460428
.005674595650518692
.02002485586899475
.0005873073399066933
.11472956872015104
.00768114995935319
.00048201032099966836
.028171572085517727
.07207879265082748
28538668650359107e-22
.14621959015110692
22090843994959618e-21
8.593625637638898
8.21550407226519
1.1718893274847009
.006298714840051177
.0007068109253373765
.0007843621845565342
.179264685693607
.11040483404654823
9.870996397702541
7.73607363655485
2.8062465956613636
.0017270561225338494
.0003334817508983163
.0014208665600377037
.006005851286263472
.007114368785336033
3.7083840946107243
.0008211338225282269
9.870996397702541
3.0347756077110173
9.870996397702541
9.094510817784737
.0013109206301224056
.009044905938195652
.00015245924192610206
2.1256710938393057
.0002275526504506212
.0017566890208794328
.010771420813154579
7945250260472564e-20
.7104356906882164
.04659886713730719
1827613148288959e-20
.0005543947577332383
.40156245113761985
.3751807390287291
2.5247140962835544
.0001383242611619181
.00036806792246475765
.6205171980244756
.7579540933160496
.1168765006798244
.00025845915722008694
.16397790123005243
1.1996171113921528
1.0544449251564587
.06306350219800119
1.3709091750344635
2.011249627508328
.020862688428308036
.023285276572226843
8933617258373269e-20
.00015237430670004827
3.83748167441438
4.482225810359449
.46090181759645327
.0035027226200311555
.00010722051867713964
15444043707068733e-22
482099425856437e-22
.05197196922411719
.014906526261421514
.0004644045193618015
.353277489258067
3143816568355401e-20
.00020449023327593263
.02610735254843661
635393333702681e-21
0
0
0
0
0
0
0
0
0
0
0
0
0
0
0
0
0
0
0
.08272470303032821
0
0
0
0
.2787489456594389
1225.5022796912478
.004285809499372677
.09479027826593033
.0191744761969539
.22015616354404563
.021052393085350188
.41172871358916935
.013914697880162842
.3719264013081536
.004703133452036415
2.356373967397478
2.2899296329964733
.002224900114146007
.005180301047179581
.535999977838882
.34883507831226124
.17909781150377904
.32818209554228855
.018831646293783866
.018831646293783866
.04930769315339449
27546366307976875e-26
.018831646293783866
.018831646293783866
.018831646293783866
.018831646293783866
.018831646293783866
.018831646293783866
.018831646293783866
.018831646293783866
.018831646293783866
.018831646293783866
.018831646293783866
.018831646293783866
.018831646293783866
.018831646293783866
.018831646293783866
.018831646293783866
.018831646293783866
.018831646293783866
.018831646293783866
.018831646293783866
.018831646293783866
.018831646293783866
.018831646293783866
.018831646293783866
.018831646293783866
.018831646293783866
.018831646293783866
.018831646293783866
.018831646293783866
.018831646293783866
.018831646293783866
.018831646293783866
.018831646293783866
.018831646293783866
.018831646293783866
.018831646293783866
.018831646293783866
.018831646293783866
.018831646293783866
.018831646293783866
.018831646293783866
.018831646293783866
.018831646293783866
.018831646293783866
.1110266743063953
23636727225719834e-21
.018831646293783866
23636727225719834e-21
.11780634141529327
.07401018057044885
.018831646293783866
.018831646293783866
.0003596169559031405
.018831646293783866
.018831646293783866
.018831646293783866
.018831646293783866
.018831646293783866
.018831646293783866
.018831646293783866
.018831646293783866
.018831646293783866
.018831646293783866
.016423398598265145
.018831646293783866
.018831646293783866
.018831646293783866
.018831646293783866
.018831646293783866
.018831646293783866
.018831646293783866
.018831646293783866
.018831646293783866
.018831646293783866
.018831646293783866
.018831646293783866
.018831646293783866
.018831646293783866
.018831646293783866
.018831646293783866
.018831646293783866
.018831646293783866
.1110266743063953
.1110266743063953
.11780634141529327
.018831646293783866
.018831646293783866
.018831646293783866
.018831646293783866
.11780634141529327
.001349640985981248
.12206416085087615
.018831646293783866
.1110266743063953
.018831646293783866
.018831646293783866
.018831646293783866
.018831646293783866
.018831646293783866
.0003596169559031405
.018831646293783866
.018831646293783866
.10955013662199936
.018831646293783866
.04930769315339449
.018831646293783866
.018831646293783866
23636727225719834e-21
.018831646293783866
.018831646293783866
.018831646293783866
.09550551588606374
.018831646293783866
.018831646293783866
.018831646293783866
.018831646293783866
.018831646293783866
.018831646293783866
.018831646293783866
.018831646293783866
.018831646293783866
.018831646293783866
.018831646293783866
.018831646293783866
.018831646293783866
.018831646293783866
.018831646293783866
.018831646293783866
.018831646293783866
.018831646293783866
.018831646293783866
.018831646293783866
.018831646293783866
.018831646293783866
.018831646293783866
.09550551588606374
.018831646293783866
.018831646293783866
.018831646293783866
.018831646293783866
.018831646293783866
.018831646293783866
.018831646293783866
.018831646293783866
.018831646293783866
.018831646293783866
.04930769315339449
.12161738116784561
.016423398598265145
.018831646293783866
9999999999969895e-28
.12222942597234908
.12222942597234908
.016423398598265145
.016423398598265145
.04930769315339449
.04930769315339449
.04930769315339449
.04930769315339449
