1.4835748985152493
.5724766844992482
.008238676759306524
.0019498233672208907
3467917159096687e-21
.02295414865781419
6.8061023207131734
.6626782911478009
.05550493682372847
.07134574209095593
.06200687905460825
5.092163913505921
.7195727323482343
.405953663197392
.006623224312631645
3.1710361661830486
.4549079136210334
.003245002442993621
.07555400576919398
.004542495094073561
.0018988262660154542
.009338598002954357
.00018063610326139818
.002887678486865687
.29087870369255137
17.517115317331132
.00015743144081419613
.005695444192236879
.0067721591937759205
.005841391610234183
11603502987084027e-22
.00016670466978703608
.01316861926972132
.001276272571041256
.010266922048577425
25308975759018614e-21
.002277249823547276
.0027115718844622676
.00036878859838131194
.005378393284095282
3747058452669503e-20
.00584335027800005
.005884327225610013
.02000946154014108
.00035162400504243926
.11876330394961851
.007828203826771402
.0007924253359451911
.04749986213354991
.27075140194438374
.0012183575842627417
.6387444229870268
.009482701570512408
12.113203121387382
11.229767148746598
1.3692343831443714
.006544823189199315
.06799740224698628
.0757568261393963
.21438062068518693
.1269409446523798
30.219001353130007
23.589714815752362
8.179253610380917
.002310360922969547
.0004896372603448944
.0014619772714688979
.006313781533233958
3.1982065519738883
7.5809213829949185
.019940600291906693
22.774612048079238
3.1309123818019002
9.821898655490376
21.321197561488578
.0013536667207733177
.009274098595216043
.0006502526394779971
2.1682469099613897
.000325856467865206
.0025384511397192437
.011071157482206578
.0003548413804592766
.9556566952871697
.7157007177685379
268890510518838e-19
.008710671660648452
.899295112935973
.8041704078328493
3.418217247462791
.0001676950039729906
50092818359373445e-21
.6109976910897537
.8122117914862004
.06962351630974184
.010944132560770335
.28720507761934744
1.5519385360146996
1.4653121519097565
2.0254244993459984
1.6356209668555657
2.0976791794736513
.027570628455115438
.035825774608606135
.009484985836880884
.00019548059395243614
6.378384376941637
6.250535797695554
.5382213867867238
.017972741998398923
.0040084191016576355
622276941685896e-19
.0005685767695811456
.09058693404110857
.020819097338158028
.000811525160424636
.44842132739451523
50292339037563824e-21
.00026430015312707496
.03710680923876457
20882406873942715e-21
0
0
0
0
0
0
0
0
0
0
0
0
0
0
0
0
0
0
0
.7522137413207981
0
0
0
0
.5573802403623264
1263.483756276141
.00441863779014399
.09772807348189679
.019768742671011932
.22697937090093018
.11863507433204402
.6495224423767783
.14555879859808507
.42299436522984596
.006194251423689127
3.093830545857574
3.217544096105561
.018661571710657725
.04398245432205167
.8507874693919737
.5371071719061036
.24247388769478467
.446586276643214
.019415287584881705
.019415287584881705
.22682545087305436
560887077672022e-19
.019415287584881705
.019415287584881705
.019415287584881705
.019415287584881705
.019415287584881705
.019415287584881705
.019415287584881705
.019415287584881705
.019415287584881705
.019415287584881705
.019415287584881705
.019415287584881705
.019415287584881705
.019415287584881705
.019415287584881705
.019415287584881705
.019415287584881705
.019415287584881705
.019415287584881705
.019415287584881705
.019415287584881705
.019415287584881705
.019415287584881705
.019415287584881705
.019415287584881705
.019415287584881705
.019415287584881705
.019415287584881705
.019415287584881705
.019415287584881705
.019415287584881705
.019415287584881705
.019415287584881705
.019415287584881705
.019415287584881705
.019415287584881705
.019415287584881705
.019415287584881705
.019415287584881705
.019415287584881705
.019415287584881705
.019415287584881705
.019415287584881705
.019415287584881705
.23813093662097762
.010588963252207357
.019415287584881705
.010588963252207357
.17252932033873197
.0862122859716114
.019415287584881705
.019415287584881705
.03501114414531746
.019415287584881705
.019415287584881705
.019415287584881705
.019415287584881705
.019415287584881705
.019415287584881705
.019415287584881705
.019415287584881705
.019415287584881705
.019415287584881705
.162042707429258
.019415287584881705
.019415287584881705
.019415287584881705
.019415287584881705
.019415287584881705
.019415287584881705
.019415287584881705
.019415287584881705
.019415287584881705
.019415287584881705
.019415287584881705
.019415287584881705
.019415287584881705
.019415287584881705
.019415287584881705
.019415287584881705
.019415287584881705
.019415287584881705
.23813093662097762
.23813093662097762
.17252932033873197
.019415287584881705
.019415287584881705
.019415287584881705
.019415287584881705
.17252932033873197
.061259634802387816
.2082380604586002
.019415287584881705
.23813093662097762
.019415287584881705
.019415287584881705
.019415287584881705
.019415287584881705
.019415287584881705
.03501114414531746
.019415287584881705
.019415287584881705
.14865116514374155
.019415287584881705
.22682545087305436
.019415287584881705
.019415287584881705
.010588963252207357
.019415287584881705
.019415287584881705
.019415287584881705
.12007290014759019
.019415287584881705
.019415287584881705
.019415287584881705
.019415287584881705
.019415287584881705
.019415287584881705
.019415287584881705
.019415287584881705
.019415287584881705
.019415287584881705
.019415287584881705
.019415287584881705
.019415287584881705
.019415287584881705
.019415287584881705
.019415287584881705
.019415287584881705
.019415287584881705
.019415287584881705
.019415287584881705
.019415287584881705
.019415287584881705
.019415287584881705
.12007290014759019
.019415287584881705
.019415287584881705
.019415287584881705
.019415287584881705
.019415287584881705
.019415287584881705
.019415287584881705
.019415287584881705
.019415287584881705
.019415287584881705
.22682545087305436
.19223335193813354
.162042707429258
.019415287584881705
9999999999985157e-28
.20225169633880022
.20225169633880022
.162042707429258
.162042707429258
.22682545087305436
.22682545087305436
.22682545087305436
.22682545087305436
