3.0096752701723095
.005392772463746535
.00019686452105511167
126532845249864e-19
43358792741112914e-29
.0007270530751523168
6.426752961129186
.6857631838436875
.04564253864064028
.02116143081477864
.06096267750781972
.7226176798912
.6942028323035593
.058157768299620806
.0010461646845441332
.006611253836926463
.0009663153262302988
.0022792199862145383
.07318353885286133
.004716309697527815
.001968360642665703
.0028403389077880188
6084331490379408e-20
.002059418461216129
.08569373337060092
4.00333560984203
5458679186415545e-21
.005432335138867763
.006516049345305584
.0056765105108878755
11280444039876257e-22
.00016169339711597926
.0127727389802128
.001237667056046385
.009958290603795904
36692022047044188e-22
.0024606448638634613
.002629209104044042
57471857231375605e-21
.005208673327435354
5508639288484494e-21
.0056749766620493945
.005674595655046504
.020024844130144992
.0005873073399466296
.11472956873284554
.007681149936396702
.0004820277598597433
.02817258560171905
.07216523047803852
28454057444440506e-22
.14812721164526305
22093230445907826e-21
8.593625522932935
8.215504077110973
1.1718891955887267
.00629871884509102
.0007068275029051463
.0007843796808385562
.1792646651908244
.11040483419514727
9.870996397702541
7.736569210778096
2.8048634088256934
.0017287659764950289
.0003338690862776959
.0014208678011421204
.0060058504216165005
.007114425860889674
3.7083867679297615
.0008211391451890549
9.870996397702541
3.0347756819074974
9.870996397702541
9.188285368383612
.0013109204337389776
.009044907268592979
.000154591471926673
2.1256732303247885
.00022781371950975925
.0017587356614819757
.010771421263543178
7954718187711155e-20
.711199341340053
.046648690666288004
18297677911215862e-21
.0005543613019114208
.40200096735596635
.3756038816966914
2.5248498945144306
.00013831797347967794
.0003684425930988396
.6186177999084924
.7595214724169156
.11699178397526666
.0002587451977180861
.1640870829038381
1.1996212157357413
1.0544450015217897
.0630638096014743
1.3722533146352802
2.0112494014144073
.020885448309452524
.02330737219322827
8933828082813565e-20
.00015237979692030347
3.8376213399233774
4.482682029608576
.46090194354281955
.0035066490283431656
.00010722107453202376
1544411398667315e-21
48259402015759205e-24
.052024142651279505
.014906501524027536
.00046493280993269707
.3532774267224259
3147212640168824e-20
.00020470279158342025
.026107290817390383
6353965616597352e-22
0
0
0
0
0
0
0
0
0
0
0
0
0
0
0
0
0
0
0
.08272477573426006
0
0
0
0
.27796923833450876
1225.502279691248
.0042858094993726776
.09479027826593034
.019174476196953904
.22015616354404569
.02106813267786879
.4117289021544582
.013914719841528892
.3719217576956642
.004703324038980198
2.356367578112971
2.289925061106207
.0022249038045227616
.005180307443235518
.536000190733745
.3488351323919252
.17907494524985176
.3281404154245953
.01883164629378387
.01883164629378387
.0493076971846818
2767751377874176e-25
.01883164629378387
.01883164629378387
.01883164629378387
.01883164629378387
.01883164629378387
.01883164629378387
.01883164629378387
.01883164629378387
.01883164629378387
.01883164629378387
.01883164629378387
.01883164629378387
.01883164629378387
.01883164629378387
.01883164629378387
.01883164629378387
.01883164629378387
.01883164629378387
.01883164629378387
.01883164629378387
.01883164629378387
.01883164629378387
.01883164629378387
.01883164629378387
.01883164629378387
.01883164629378387
.01883164629378387
.01883164629378387
.01883164629378387
.01883164629378387
.01883164629378387
.01883164629378387
.01883164629378387
.01883164629378387
.01883164629378387
.01883164629378387
.01883164629378387
.01883164629378387
.01883164629378387
.01883164629378387
.01883164629378387
.01883164629378387
.01883164629378387
.01883164629378387
.11102667457791159
23639282003802825e-21
.01883164629378387
23639282003802825e-21
.11780634142410051
.07401018057050476
.01883164629378387
.01883164629378387
.0003596254402018437
.01883164629378387
.01883164629378387
.01883164629378387
.01883164629378387
.01883164629378387
.01883164629378387
.01883164629378387
.01883164629378387
.01883164629378387
.01883164629378387
.01642340924788094
.01883164629378387
.01883164629378387
.01883164629378387
.01883164629378387
.01883164629378387
.01883164629378387
.01883164629378387
.01883164629378387
.01883164629378387
.01883164629378387
.01883164629378387
.01883164629378387
.01883164629378387
.01883164629378387
.01883164629378387
.01883164629378387
.01883164629378387
.01883164629378387
.11102667457791159
.11102667457791159
.11780634142410051
.01883164629378387
.01883164629378387
.01883164629378387
.01883164629378387
.11780634142410051
.0013496532509657804
.12206416090038945
.01883164629378387
.11102667457791159
.01883164629378387
.01883164629378387
.01883164629378387
.01883164629378387
.01883164629378387
.0003596254402018437
.01883164629378387
.01883164629378387
.10955013662467127
.01883164629378387
.0493076971846818
.01883164629378387
.01883164629378387
23639282003802825e-21
.01883164629378387
.01883164629378387
.01883164629378387
.09550551588661409
.01883164629378387
.01883164629378387
.01883164629378387
.01883164629378387
.01883164629378387
.01883164629378387
.01883164629378387
.01883164629378387
.01883164629378387
.01883164629378387
.01883164629378387
.01883164629378387
.01883164629378387
.01883164629378387
.01883164629378387
.01883164629378387
.01883164629378387
.01883164629378387
.01883164629378387
.01883164629378387
.01883164629378387
.01883164629378387
.01883164629378387
.09550551588661409
.01883164629378387
.01883164629378387
.01883164629378387
.01883164629378387
.01883164629378387
.01883164629378387
.01883164629378387
.01883164629378387
.01883164629378387
.01883164629378387
.0493076971846818
.12161738119056961
.01642340924788094
.01883164629378387
9999999999969895e-28
.12222942600922772
.12222942600922772
.01642340924788094
.01642340924788094
.0493076971846818
.0493076971846818
.0493076971846818
.0493076971846818
