.005134202853139249
.00014283854205695312
8389257227360198e-21
3212431809075685e-28
.0005614368026741703
6.245833540665888
.7455592256659744
.04319734150001227
.027960093355591333
.06498354449502011
.7343537281287169
.7028914879062603
.062090677856121365
.0009997246692860077
.007899094437701707
.0011734032230236715
.0021918863948643496
.07057883635346907
.004390427611204955
.0019808133640873333
.004021290120008591
818069457008592e-19
.0017581736892975579
.10565992900023652
3.666005198567362
4988908844069317e-21
.0054672030154192365
.0060428672939287645
.006111895628325041
1307142764383647e-21
.00015255983215902672
.013273598692489154
.0012166771252471167
.010289358625422873
33797262436317464e-22
.002562609371433362
.00268992177899748
58235965203766746e-21
.005481098486545136
5220106737965967e-21
.006110148695421287
.0061097281040206316
.01875022641339053
.0005293384874901378
.1098734613135903
.007756739725421627
.000459628215586169
.026236447615071583
.06958430312805183
2663442128792156e-21
.14884142025349203
23236760435655853e-21
8.572321435949025
8.20132403481354
1.1434141596100194
.006371580450307233
.0007116708541764538
.0007870965966723706
.17540364275082873
.11123615670334812
9.874656594743463
7.805794585643819
2.7792071859860705
.0016602848507553671
.00031998700609568134
.0014657750111419494
.005853609848791313
.00653773615430701
3.3569002260233143
.00072579791558157
9.874656594743463
3.0909333258953473
9.769177435673093
9.246165475765137
.0014046941670465187
.008559512143081406
.00016271440567773335
2.124514064055419
.00019543752028865476
.001805411200549488
.01065229200751056
.00010656644604532723
.6701278475191111
.03544512289869365
13838262914411329e-21
.00042101045610991745
.4089711097262397
.3805974383078019
2.681842901331215
.0001128529214402981
.00044069981738509967
.592086940205806
.7493390885313237
.1159739393084397
.00022557113421401597
.1645456075857915
1.2207013059321699
1.0565572237228649
.06339975936346104
1.22614815223638
1.9119900782540298
.017953656834502604
.01816954992488587
.00010138918392839025
.00014323305217683776
3.5865293602462
4.5158514475722455
.4446740470789827
.003239769456894049
.00011079125144995086
15707971954019156e-22
43039736879275536e-24
.04370581730148428
.014287270764003641
.00045322001822460466
.34772157862641523
2360663491613299e-20
.00018663196311035152
.023585519292963545
6805015535447362e-22
0
0
0
0
0
0
0
0
0
0
0
0
0
0
0
0
0
0
0
.10453575469770025
0
0
0
0
.20583298365562913
1267.3270592156448
.00441640825277541
.09911731891984797
.01964556410988656
.22029415159924648
.019127355523837784
.435687419386837
.01372003614376033
.3555656218154805
.004953045518065483
2.1144294365267475
2.3484942241895745
.002244080095443463
.005207461605663529
.5457247174833706
.3470306833166012
.16647249824205462
.33110526520002637
.018831749685371643
.018831749685371643
.04932119516478789
25889020337435694e-26
.018831749685371643
.018831749685371643
.018831749685371643
.018831749685371643
.018831749685371643
.018831749685371643
.018831749685371643
.018831749685371643
.018831749685371643
.018831749685371643
.018831749685371643
.018831749685371643
.018831749685371643
.018831749685371643
.018831749685371643
.018831749685371643
.018831749685371643
.018831749685371643
.018831749685371643
.018831749685371643
.018831749685371643
.018831749685371643
.018831749685371643
.018831749685371643
.018831749685371643
.018831749685371643
.018831749685371643
.018831749685371643
.018831749685371643
.018831749685371643
.018831749685371643
.018831749685371643
.018831749685371643
.018831749685371643
.018831749685371643
.018831749685371643
.018831749685371643
.018831749685371643
.018831749685371643
.018831749685371643
.018831749685371643
.018831749685371643
.018831749685371643
.018831749685371643
.1110419114311999
23642734453177277e-21
.018831749685371643
23642734453177277e-21
.11781442643538796
.07401221228526736
.018831749685371643
.018831749685371643
.00035984928354526743
.018831749685371643
.018831749685371643
.018831749685371643
.018831749685371643
.018831749685371643
.018831749685371643
.018831749685371643
.018831749685371643
.018831749685371643
.018831749685371643
.016430077740500527
.018831749685371643
.018831749685371643
.018831749685371643
.018831749685371643
.018831749685371643
.018831749685371643
.018831749685371643
.018831749685371643
.018831749685371643
.018831749685371643
.018831749685371643
.018831749685371643
.018831749685371643
.018831749685371643
.018831749685371643
.018831749685371643
.018831749685371643
.018831749685371643
.1110419114311999
.1110419114311999
.11781442643538796
.018831749685371643
.018831749685371643
.018831749685371643
.018831749685371643
.11781442643538796
.0013504752124355302
.12207588866342861
.018831749685371643
.1110419114311999
.018831749685371643
.018831749685371643
.018831749685371643
.018831749685371643
.018831749685371643
.00035984928354526743
.018831749685371643
.018831749685371643
.10955615135943836
.018831749685371643
.04932119516478789
.018831749685371643
.018831749685371643
23642734453177277e-21
.018831749685371643
.018831749685371643
.018831749685371643
.09550944860465976
.018831749685371643
.018831749685371643
.018831749685371643
.018831749685371643
.018831749685371643
.018831749685371643
.018831749685371643
.018831749685371643
.018831749685371643
.018831749685371643
.018831749685371643
.018831749685371643
.018831749685371643
.018831749685371643
.018831749685371643
.018831749685371643
.018831749685371643
.018831749685371643
.018831749685371643
.018831749685371643
.018831749685371643
.018831749685371643
.018831749685371643
.09550944860465976
.018831749685371643
.018831749685371643
.018831749685371643
.018831749685371643
.018831749685371643
.018831749685371643
.018831749685371643
.018831749685371643
.018831749685371643
.018831749685371643
.04932119516478789
.12162739696008282
.016430077740500527
.018831749685371643
9999999999969916e-28
.12224049868544665
.12224049868544665
.016430077740500527
.016430077740500527
.04932119516478789
.04932119516478789
.04932119516478789
.04932119516478789
