.8358490509663576
.011503935571218307
.002241107144358279
43459333849853095e-22
.03173733489329204
6.5892007732079705
.7199146071833183
.055513639225714395
.08779536628029275
.06603119519471091
4.820510779379696
.728076806596816
.40278973227986203
.005969609571193795
3.1086284468335847
.46691862412220403
.0033621075448206465
.07283524066137735
.0042329548832698
.0019132960311200777
.011262872183604543
.000216929908785383
.0026363338032743813
.3093859354996144
15.909754567387873
.00017238630131700633
.005724730455241491
.006271066251729054
.006287495361777719
1344250713610807e-21
.00015722864428225158
.013679836589516636
.001254152267928979
.010604245230491718
22196703906268396e-21
.0023819794544307064
.002773036929102329
.00035484199833059153
.005657788188901359
33134003407084976e-21
.006289295852340532
.006344715851605707
.018371990062716614
.00031829902896993075
.11368732361787316
.007912854967953225
.0008099934700954793
.049233639170829666
.28929664376080294
.0011069252068198158
.5422425119850014
.009313474439092808
12.06452059848331
11.270637946547591
1.343939074909048
.0066090802092170185
.06452942180638438
.07166030416729742
.2114805011678345
.12842419416653825
29.97089662403435
23.62612628039053
8.029452197072981
.002385906030849453
.0005247449071832732
.0014888674010207557
.006285240964728849
3.572084372267608
7.51999397240069
.02040944378119036
21.223632708190895
3.187528065079089
10.085702728517942
19.877446488900553
.0014502065518187945
.008745386955708
.0005687630469772069
2.1629488456519352
.00030361600830638096
.002811471962025345
.010944902814677715
.0004348998649125385
.978200711041193
.6988894040531234
22676040900699102e-21
.008037773776643487
.952027599955299
.8580327554374227
3.6711724222068964
.00013844719337628838
6944273917289335e-20
.6112769119114257
.8027244100115885
.07575099073790283
.009931038601573405
.29639282742237383
1.6068650287211903
1.5026403373077317
2.279746223594463
1.5512950356301347
1.9933040461201543
.02559462076367041
.03017815857013326
.01001242048658625
.00019424135293764886
6.384415414594342
6.322656271061286
.5183857201672483
.017434437545478756
.0045951196986113215
6957886607012003e-20
.0005199303342702875
.0820964887031589
.020172347182114046
.0008544807439822064
.44053588788153825
4105969514430096e-20
.00025490537770854325
.033571073056839616
23654791735392817e-21
0
0
0
0
0
0
0
0
0
0
0
0
0
0
0
0
0
0
0
.7534050286838719
0
0
0
0
.5605760296210104
1306.1114508682638
.004551564924550027
.1021506360802376
.020246783224663487
.22703587986289966
.11103371215912403
.6816530205394816
.13973068764679056
.3941169987233544
.006616837323131691
2.9232530593424984
3.433884666360688
.018149986782286395
.04276312773884708
.8822695326526834
.5421125404827223
.22423118576492376
.4492905569079035
.019408063392232423
.019408063392232423
.22264368692735362
48164761568178225e-21
.019408063392232423
.019408063392232423
.019408063392232423
.019408063392232423
.019408063392232423
.019408063392232423
.019408063392232423
.019408063392232423
.019408063392232423
.019408063392232423
.019408063392232423
.019408063392232423
.019408063392232423
.019408063392232423
.019408063392232423
.019408063392232423
.019408063392232423
.019408063392232423
.019408063392232423
.019408063392232423
.019408063392232423
.019408063392232423
.019408063392232423
.019408063392232423
.019408063392232423
.019408063392232423
.019408063392232423
.019408063392232423
.019408063392232423
.019408063392232423
.019408063392232423
.019408063392232423
.019408063392232423
.019408063392232423
.019408063392232423
.019408063392232423
.019408063392232423
.019408063392232423
.019408063392232423
.019408063392232423
.019408063392232423
.019408063392232423
.019408063392232423
.019408063392232423
.2359256550254007
.009828409937392583
.019408063392232423
.009828409937392583
.1717285839993953
.08605201256430688
.019408063392232423
.019408063392232423
.0331093306980034
.019408063392232423
.019408063392232423
.019408063392232423
.019408063392232423
.019408063392232423
.019408063392232423
.019408063392232423
.019408063392232423
.019408063392232423
.019408063392232423
.15758212905510002
.019408063392232423
.019408063392232423
.019408063392232423
.019408063392232423
.019408063392232423
.019408063392232423
.019408063392232423
.019408063392232423
.019408063392232423
.019408063392232423
.019408063392232423
.019408063392232423
.019408063392232423
.019408063392232423
.019408063392232423
.019408063392232423
.019408063392232423
.019408063392232423
.2359256550254007
.2359256550254007
.1717285839993953
.019408063392232423
.019408063392232423
.019408063392232423
.019408063392232423
.1717285839993953
.05847440745441476
.206886264230699
.019408063392232423
.2359256550254007
.019408063392232423
.019408063392232423
.019408063392232423
.019408063392232423
.019408063392232423
.0331093306980034
.019408063392232423
.019408063392232423
.1480989773752854
.019408063392232423
.22264368692735362
.019408063392232423
.019408063392232423
.009828409937392583
.019408063392232423
.019408063392232423
.019408063392232423
.11973822256233271
.019408063392232423
.019408063392232423
.019408063392232423
.019408063392232423
.019408063392232423
.019408063392232423
.019408063392232423
.019408063392232423
.019408063392232423
.019408063392232423
.019408063392232423
.019408063392232423
.019408063392232423
.019408063392232423
.019408063392232423
.019408063392232423
.019408063392232423
.019408063392232423
.019408063392232423
.019408063392232423
.019408063392232423
.019408063392232423
.019408063392232423
.11973822256233271
.019408063392232423
.019408063392232423
.019408063392232423
.019408063392232423
.019408063392232423
.019408063392232423
.019408063392232423
.019408063392232423
.019408063392232423
.019408063392232423
.22264368692735362
.1911632261932061
.15758212905510002
.019408063392232423
9999999999984969e-28
.20101355598415566
.20101355598415566
.15758212905510002
.15758212905510002
.22264368692735362
.22264368692735362
.22264368692735362
.22264368692735362
