6186525530069777e-27
38.621192888565034
.1589822320537703
.277748260423702
10.915987836192336
.3758736392592037
5.980553006313897
.2094446479223828
.0026435095362634113
.32146540091648457
.027932376658112972
7.92562541652864
.7780107593473917
.6576156264016734
.00874484306148662
7.408769483313703
1.0628634436680335
.003915664804007166
.07750779437124758
.004241359938876619
.0018318868059136186
.04176767272895028
.00014048828544833156
2597866934349097e-20
.2815297332629576
3948581218567436e-23
14644980761577262e-30
.004859730328533446
.006797680946293553
.005836336756088422
.0024611350150582365
.00017803874098405574
.015209889042933763
.0013531284532157875
.010875447275055143
367220125264239e-19
.0004957075019808744
.0028436458924501924
.0005443480918278308
.005746400577549271
15697690872529154e-21
9.788952941777186
14.31520207561106
.0058823185828770115
6247111891003814e-20
.12031983770693279
.007554117844814189
.007251196939020545
.3917983344309833
8028378126780888e-26
.43700323162694277
29269255196380157e-27
3.8994039362389565
18.5582262084125
16154329483247839e-25
2177596699778312e-25
.006793671199585787
3.0557491709551816
12.307831814987667
25489170580777114e-27
20337069170301074e-27
42.90814982741574
27.587926954649966
9.335841279022402
.002438089069668165
.0005658801390586223
.0015013951470109225
.006805618390615549
5295898530785817e-24
0
71383375264359636e-28
23.40259849199434
3.3812165706739834
8.87811588198545
16.291983034077184
.0015598013740082
.008583410915498696
.00038316385155280326
2.1732584584561803
.0003837386499384101
.00340798712321661
.01083697688024242
.0014226442779411883
.8721023601083506
1.445825694998953
.00012995156689695874
.025969642465785696
1.3512700711736374
1.5664401864626627
3.381963569206561
.0037259174773279073
.0004431069585967461
.6619557633174824
.7852432168300154
1149014753028814e-26
.5038943383019094
.8253866518797743
2.0615840543551553
2.686093351927859
332854529509642e-24
6.035740241929981
1.976819768713597
.5178714121619903
1.2227904213812815
.9454790176721724
.0008241874518470667
49.53932822158745
8.2015884290628
.44935070246201836
.06374902949987914
6266894102438887e-28
70160323222978155e-31
3117153305986208e-24
5.079076290232856
.010139116458970962
.0004608166673813556
.5524977382555556
.0013707110510041308
.0002311724883840304
.015333071558296094
33803094586292094e-31
0
0
0
0
0
0
0
0
0
0
0
0
0
0
0
0
0
0
0
1.9704454111536034
0
0
0
0
.6351461389789782
1392.2219715914566
.004693665724341538
.1047955884474081
.019184004359050783
.229174903964011
.5447142961099299
.9945593270462599
1.4654404067164928
1.3406855906606439
.008151377129226246
5.720047173906124
6.518651608625535
.15007835084494311
.3433869787311065
5.486647848551637
3.7998975853189783
988626221659843e-25
16699722162320078e-26
.019999999999997527
.019999999999997527
.9999999999938135
7.9999999996040625
.019999999999997527
.019999999999997527
.019999999999997527
.019999999999997527
.019999999999997527
.019999999999997527
.019999999999997527
.019999999999997527
.019999999999997527
.019999999999997527
.019999999999997527
.019999999999997527
.019999999999997527
.019999999999997527
.019999999999997527
.019999999999997527
.019999999999997527
.019999999999997527
.019999999999997527
.019999999999997527
.019999999999997527
.019999999999997527
.019999999999997527
.019999999999997527
.019999999999997527
.019999999999997527
.019999999999997527
.019999999999997527
.019999999999997527
.019999999999997527
.019999999999997527
.019999999999997527
.019999999999997527
.019999999999997527
.019999999999997527
.019999999999997527
.019999999999997527
.019999999999997527
.019999999999997527
.019999999999997527
.019999999999997527
.019999999999997527
.019999999999997527
.019999999999997527
.49999999999845335
3.9999999999010156
.019999999999997527
3.9999999999010156
.24999999999961334
.09999999999993814
.019999999999997527
.019999999999997527
2.999999999944321
.019999999999997527
.019999999999997527
.019999999999997527
.019999999999997527
.019999999999997527
.019999999999997527
.019999999999997527
.019999999999997527
.019999999999997527
.019999999999997527
1.4999999999860802
.019999999999997527
.019999999999997527
.019999999999997527
.019999999999997527
.019999999999997527
.019999999999997527
.019999999999997527
.019999999999997527
.019999999999997527
.019999999999997527
.019999999999997527
.019999999999997527
.019999999999997527
.019999999999997527
.019999999999997527
.019999999999997527
.019999999999997527
.019999999999997527
.49999999999845335
.49999999999845335
.24999999999961334
.019999999999997527
.019999999999997527
.019999999999997527
.019999999999997527
.24999999999961334
2.499999999961334
.34999999999924214
.019999999999997527
.49999999999845335
.019999999999997527
.019999999999997527
.019999999999997527
.019999999999997527
.019999999999997527
2.999999999944321
.019999999999997527
.019999999999997527
.19999999999975254
.019999999999997527
.9999999999938135
.019999999999997527
.019999999999997527
3.9999999999010156
.019999999999997527
.019999999999997527
.019999999999997527
.1499999999998608
.019999999999997527
.019999999999997527
.019999999999997527
.019999999999997527
.019999999999997527
.019999999999997527
.019999999999997527
.019999999999997527
.019999999999997527
.019999999999997527
.019999999999997527
.019999999999997527
.019999999999997527
.019999999999997527
.019999999999997527
.019999999999997527
.019999999999997527
.019999999999997527
.019999999999997527
.019999999999997527
.019999999999997527
.019999999999997527
.019999999999997527
.1499999999998608
.019999999999997527
.019999999999997527
.019999999999997527
.019999999999997527
.019999999999997527
.019999999999997527
.019999999999997527
.019999999999997527
.019999999999997527
.019999999999997527
.9999999999938135
.2999999999994432
1.4999999999860802
.019999999999997527
1e-12
.3299999999993263
.3299999999993263
1.4999999999860802
1.4999999999860802
.9999999999938135
.9999999999938135
.9999999999938135
.9999999999938135
