.05520790538320905
.0011199421362640984
.0027922785999107387
.002899100794489759
-.011365761008932931
-4126295995397491e-21
.00011017267606083882
.058622621285816946
.02245749631888277
-29602374797564e-18
-55620792229955655e-21
-386092841046805e-20
.00011376862897710952
965059343629264e-19
.05881405284456943
.028737400545871723
.0559104220538863
-.019908162627229043
1744636296353512e-22
4518225964509428e-21
.02407146052367235
-.03784943826214736
.00011240955911545322
-.0046385110846324205
-.028968315891036094
.00011009981555513122
-7892422641379133e-23
5689355477938938e-22
-41771746011691295e-21
-6441145281544193e-22
-8705211137757936e-23
22401385048518256e-23
-27207678283786764e-23
15279469779212504e-23
-31196967614216627e-23
-902718750063991e-22
14907220339547817e-23
-6250434428288828e-23
.00010991136751003896
-7863503784438192e-23
.013163050515443865
.03342006693003044
.02245071895435483
1701096324042273e-22
.05913619850830283
.0241330878271637
-3569276425649106e-22
.02351726589246424
-.00042316102494426315
.0013018534472415881
.00014582052854716424
-.0002800781419125163
.013142164765031336
.0006632625854525448
.0002146148303506076
3124195965037898e-20
.014143283397485596
.015102919279859182
-.00011161911205293029
8868347780076663e-20
.03933387519299977
.04664291551981566
.04122522885679091
.05962415865431144
.00010924265924951405
.014328776300348914
19833826182867197e-21
-.006749807280154986
.0007095125507771582
.024147155276119568
.022656208287065566
-.007142207657322096
.07713185216235688
.018686093853728217
.00019801551190946497
.00019781752780200203
.00011011759545507097
.012968305031693696
.059136307046293385
.05939250551461504
-3168711475259259e-20
-.12335933165943687
-.04752081743626573
-.007093909803836154
.05776435143628416
.022516116407377718
.19592749673358678
.18167415409691298
.28629298735655573
.013412812685857237
.05776864096860184
.0006641799044141728
-.0044992122794192185
.00011950121930108157
.17444023994894423
.05464157117229105
.022885353964607166
.024756296681037356
.00046240987497813394
-.12967595656764108
.06639539198255853
.0035973114182648617
.027907799050264588
.017360407085065234
-3809541796006212e-20
.007263893107840241
.132688360905901
.02364816748622498
.021079168757500783
26325121890131516e-23
16187303609843246e-22
.005909048164489782
-.005084824633292564
.023518241403580532
.059137217403017105
-.018684066648901588
.011759940496006779
.03594843269321186
.024243862891098963
-5089961351955155e-23
0
0
0
0
0
0
0
0
0
0
0
0
0
0
0
0
0
0
0
-.0351089576011267
0
0
0
0
-.022516488753945012
.00013299445305442727
14910234645323213e-23
-31233764780842405e-21
-3330059502444881e-22
11549064273538274e-29
.006995895845439613
-.23153288908996117
6492013481608921e-20
.016265058860990566
.7636328931254102
.21916252834775266
.014338083547230126
.022137249255601756
.030777783309409674
-.0023897853489173583
-.0018363550823650163
.02542687899078286
.00011170673561200813
