7933094981031252e-22
.00011000389249199448
-19708824654721268e-23
.009928484291221177
-8206014383598517e-23
-26634475125762514e-23
-24557917913753015e-21
-43796858147875603e-23
-2342394566677333e-20
3631028117413288e-22
-3377621124564644e-20
-2076351407684147e-21
-3369369214199622e-20
.00010999059016427358
2445321490548361e-22
-844981513041291e-22
-21534350597246646e-21
-.0010613680050761056
31715454770432137e-22
-1067556234627348e-22
.024043491547009358
-7886382480764072e-23
-32397714587484983e-22
-7499999296241431e-22
-13057814396824049e-22
2944535233381326e-20
.0017312255748898689
.027833204348383742
.010690011509820133
-.00022531180050438108
.004824122775165343
-57867048505134464e-24
.014546783845030557
7703263866871489e-21
0
0
-5908377591863811e-21
.02328358112892275
.01891782819963064
-.00012540148783295638
.048573140549703124
-.00045552196569423217
14897080261115652e-23
0
0
16334765527207064e-23
21042314262936818e-23
.00011017972110553633
.006818892596434901
-8242682662667001e-24
23388125550985097e-23
1911470614129764e-22
16524909321406597e-23
566389210102864e-23
24911793600593e-20
-31471581264512825e-23
.023498843911440078
3927888429943927e-20
.003843210474607352
-14634512284856758e-24
1803372527435873e-22
18595310073723804e-23
19413699866275273e-23
-5002789014818489e-23
-2801239929680793e-20
.0007418337076569897
.000109953064944636
2729279488748274e-22
-1588151095072778e-22
.014608833726127389
27582861185776932e-24
.02502336962435752
.0001126957759951344
-.002928635946110868
0
0
0
0
0
0
0
0
.022345150917129172
-.002713197496089444
.04177669527552832
7148045408343754e-20
-.001485238393643421
.00010986558309257679
-.13583287950745596
0
0
-.00013033620862628757
.009553690702990595
.0010323836080038478
-.0003093322655330322
.00010807846818291878
-1571133525767591e-20
.00991837008419436
.008407147961310547
-.020636852513221674
2817943618517154e-21
-.00012455805897611602
-1704898333746443e-20
-8414278775133875e-21
.02742171251518957
.014415253005353477
8422093206944215e-20
381213888028566e-19
.013789961648116576
6163653142468463e-21
-.031589720179174836
.024859572528356463
.06854070803439219
.013875939025631574
.00011091857815147743
.022889549283700683
-3148892969141131e-20
-.00036521938657653675
-4252370085142502e-22
-.059097136298885494
-21617082781132707e-21
0
0
0
0
0
0
.009070248010660566
-.00041241496052669735
.018988528676571262
0
0
0
-.0002297203627910437
-.02019899006371691
-6918860926292665e-20
-.00024164972932029264
.0031488149734594855
.002908672998848629
.00012031753141697025
.0023627822666958216
.02294089159387314
.00010674343446480986
.024270842605752282
2302685927144454e-22
.0036599352871631457
10438949968044223e-21
.00017731847124382528
.014275509347161581
-58029659330105883e-24
-.14723196304008365
-2539442899658416e-23
0
0
-.00013306712219213988
.024130878785669312
-.0009072725944976265
-.00023343733788987425
.00017503965688606227
471086652781613e-19
-8035821482440877e-21
.0590893438296997
.010209993186651407
.009798183216349787
-17028499339615668e-22
11949759058508684e-23
.0005242435797659695
-28575817741107715e-21
30099067368116987e-23
-3060903939924362e-20
.0038867158976618353
-2646344272312283e-20
-.1315938404172372
.022653387342076226
-29892310937903823e-21
-.09826251573935052
-.007951883518614826
-.008415724765216596
11511131718403766e-21
.07346702685551564
4638421465048565e-21
-.0016857494398341017
.011159378287037232
.09808250759370857
.024729227725378507
-.020470566616852308
.17962425133586826
.0021291780255402576
-.0034189617855836358
-.00811255628540929
.00010511543309247996
.0038846117930442675
9308036721718671e-21
0
0
0
-.1482551944085893
-.009887552282061458
-.001764137544247985
.0020926378668247266
-.1411715393522276
-.02598735390278155
-.007745342521412885
.0030755033304653468
0
-.01612509955405093
-3074083570386423e-20
.009988132998396045
.023239075743997015
.00985425298411242
9357444311624724e-21
.03167110625459858
-.3472972085677331
-.09007050099945858
.006502736257684851
-.002102752872238355
.00762109271250578
-.00011609511741023109
.027855523773765285
-.001643851926591303
.05969501963853047
10043725859329545e-21
.02890541709308257
.0002834687061542558
.013465200736659357
.014585150441140764
-.00010808627511938641
.014743347619234484
.0008039555689898511
.0007205477420921301
.0002994442285670017
-38196161256154695e-21
-28774799225761285e-21
20470676003121633e-21
.016322307051847187
.049851714676398644
.012742054404982743
-.004392585135831808
-.01273238235757734
-.03699695626359422
.01009919818025392
-.04442451700773758
-.013533218458246262
0
.01938189163891095
.019914499908888307
.013769961848598675
-.01244792270336552
.02846452893968441
0
.01697779083874132
.020711328125309392
.010662362108931525
.020608406759887506
0
.021132625523948092
.01975056776552104
0
.020337034593545317
-6423525116712406e-20
.0228743922965987
7442152805070703e-21
0
.01990097494038517
8384884096744865e-21
0
0
0
0
0
.017908008811667618
0
.024778454441924253
.0057469406934736985
.019222585618756657
-.0063921190239548936
.02028226234998788
-8820258989369072e-20
.013643416821158404
-.020853825189100793
-.0004356943765835259
.013438219289068944
1421156245303124e-22
.04220410741794621
.013814143994964289
-6858330975390789e-23
.0009794730043129244
-.031463319463298174
-7335746194330314e-23
0
0
.013321366847197036
-.13402268841790108
.01701840602369122
-.12525985065058778
.04400141225780331
.024948160621857944
.09963007814421032
.04440790112920867
.00013887057087603712
.025253180766373964
35777586359048064e-22
0
.008343522406496702
.014367166031429185
-15315410467231756e-23
0
0
0
0
0
.00017016952596704053
-4718566543046712e-23
.04081337008522526
-33601414771978725e-21
-.001420771691952345
.04168378129764346
.057563724357684136
.00010558114552910047
0
.013250239674947553
.023434439993234166
-.00011978889644444951
.00010094124358950268
-12058617073631773e-22
-8364985925181381e-20
-.019652377291226143
.05517937304226687
-.00023066533113646765
-32741135252910064e-23
1660501363120786e-22
-8391007295132053e-23
3066909037580288e-20
-.00011460821626870058
4608305316614387e-22
-17501983257076483e-23
2957489610893797e-20
-9038921349941823e-23
-10044347083496819e-22
-24351548492683656e-24
.06752187649107509
-3084790869561321e-22
-30206704647146366e-23
-.010139813735351328
-387291749409041e-21
-31219712687868865e-21
.00011000179495094111
1854865185405871e-22
0
0
0
0
.023465119978881715
.0009891193959340057
-15547529566514747e-21
7285396951468718e-20
-12481711499741996e-21
-26383782012880316e-21
.027581818155135194
-5299679655191909e-22
-9358299173362251e-23
6066662252849005e-22
-6022833669421571e-21
17172419158966793e-23
.00010999077333243296
.013829875380552449
.0001423783413740098
.023532984644300012
-6572145162692511e-23
-3119861543470718e-20
.0018718807929870005
.015072984066803786
-.021658646260905013
-.14938169315871896
.022865308684181213
.02329759447825037
.015060782325641332
-7076985852169892e-20
.009953821629959319
.013787053570749861
-3140293928551241e-20
0
0
0
0
0
0
0
0
0
0
0
0
0
0
0
0
-.00195296111975357
857032734094162e-19
.0005516530905364163
.013547737056961648
16683902979447545e-22
31419040990922576e-21
.02516403737111056
.00010928469079854051
37977485152195455e-21
-.0023099643967939357
.043490102050689164
-5591705829693317e-22
.013815675209980926
-6770864021624504e-21
0
0
0
0
0
0
0
0
0
0
-.00023452429770738756
.014998326906081971
.02517007188123043
.00013137601811850707
.014416782557766824
3442585766009725e-20
-32953961409342826e-23
-4066308538691735e-21
-5702125278306188e-22
-7168862215577687e-23
11423768475234657e-23
-5716620508875906e-22
.00010998411414197283
0
0
0
0
0
-5874165914256951e-23
.00010999856282981353
37997773970857994e-21
.00010524747365980997
-.018758551918778812
422892086504151e-21
-.019652160190068074
-3220418460764045e-22
1910357284333795e-22
-.009941547715460481
.010951178916618244
-311436304551915e-19
.00010563059400269404
-30537492946069045e-23
0
0
