43.920059408075865
.3327416219585253
1.2171355483632638
45.49349481522702
1.2918358546959972
8.026635833328106
.8470937990592508
.18752316472929187
1.4419867571649623
.07903320321383339
22.41736017942307
.774692171161165
1.6528030889628844
.019877800778890422
8.950163884989193
11.781639869373585
.010812031559422482
.08213367619855291
.017097674038497067
.006449530044683351
.044599375172005566
.01451766958981594
.00976076838652025
1.6752502915418124
30.047883238365316
.005333471924986236
.006104915392354082
.0069598636801346744
.006535161777576277
.005143654141121417
.00017958425444285865
.014056448671717991
.0012913207472713315
.010655479951421834
.0002839733933115575
.004827697121033167
.0029005185819385693
.0024716577164051036
.009199553398553217
.00020937010425949008
18.969866917574635
18.416754446179983
.02865056096243096
.0038320417656751
.14317209026570854
.010898481325523946
.009122461777430134
.6221745272658041
5.403150418973911
5.122105841864007
3.792634550707327
4.959635807797977
20.960057739890072
20.224521483342915
1.8764623893811898
.00724640265612441
9.858442185876694
158.25147204743982
.37278661515848593
.1799102438874187
55.60816018446825
60.434883978050614
17.558860816189867
.005778198406412726
.002249004796991326
.0017385595587941203
.010226373118840684
81.17027194766696
77.75694872042034
.04003896659005427
27.416315944948543
3.325133671370065
111.45421775541831
33.439361582743956
.0015470251063253275
.010027650358319679
.004913895620329958
2.6462250930792766
.0010189710316817696
.010112814881234436
.011490611700769454
.008536623120528667
10.742982293679326
25.727372390198713
.009355478161596226
.051907372697370946
27.24555348238639
133.06812681465797
7.84051481851722
.014576749770589668
.009842367106154073
4.782962238155864
1.606268498626843
11.611601821448577
10.808222215716539
6.408488648495883
7.327999819284343
6.767893692680339
4.0024230284372155
63.15190431670812
2.0223307163083866
7.420758623297801
5.136426735191844
2.4822835292067946
.0034907291537320294
63.570428044159556
8.533207205386622
2.235713692305665
.4802003853816037
.016729234628551557
.00017652761450032261
54.49619882385821
108.2421935471592
.09322227954421763
.0032368472704186048
.6398159024644573
.006508333032800344
.00722686860587503
.18201755520526733
4316880956264994e-20
0
0
0
0
0
0
0
0
0
0
0
0
0
0
0
0
0
0
0
3.300863043659534
0
0
0
0
4.598851059759943
1368.8850772334954
.0047044694837341805
.10294007826856497
.020631872148435294
.22316115537199901
.8151945616265657
1.1059294436449751
1.5998355850865493
18.058029249493664
.015796601674387685
6.137772671743455
6.979235976819668
.367459217064856
.8459253488891487
79.10300413770294
84.21575518075555
49.44875369485885
82.80077040704342
3.376600371925672
2.1659934432726353
1.5567109414247677
1.5460315909254152
2.6581046666250723
1.8236290992722484
2.515435445690408
2.0263104235395373
1.90226141160466
2.1932312058756964
1.9050617072832083
2.012615580065505
1.420131090684543
2.0367147252857603
1.5399518118466622
2.6658718567789434
1.855359554564372
2.193313238322434
2.2968420295109087
1.7286239422123362
2.4095008915761844
2.7377481363274145
2.617763957561258
2.1227566280025907
1.7711230168261913
2.508832623336773
.02465278920845443
1.7663654053157374
2.2780266081112144
5.941478369408391
2.0288452869852582
2.095385706527788
1.3455923879630889
3.0603634924870944
1.444577803764647
1.5590015524790686
3.102563078585913
1.306460360155325
2.002524438150792
1.520262293660793
2.0640274771759355
1.4569166968785532
1.8166932739424153
2.7513432355978584
2.0599384546313293
2.3538274626402935
1.968281848827632
2.228175914266211
1.6848565972573137
2.217935523479357
2.427756058645135
3.078933537548484
2.5000940605234105
2.097794468978341
2.0081812144707687
3.073606678361851
2.438383215740128
1.0821337994687321
2.738277028223741
2.8788573266741913
2.0531387906336294
1.1158522800576771
1.7351087393461457
1.805934515697925
2.006605554583312
1.5266333613431997
2.405525439107037
2.352811296167146
1.8528172282132793
1.668825214959863
2.5239746585551996
2.547511307625789
1.896743085413073
2.289103107235107
2.2744976356065685
2.0824085837221418
2.3876175225591503
2.1921793721030687
1.8941355574161398
3.0238178468252555
2.1941713451516316
1.8594398446675025
1.3726844984528686
1.6243863095104691
1.5403224662920714
.7664887217290467
.19296605852437107
2.092826084604998
.011817324068253173
2.6067019007535768
2.194582847116988
2.3290354373153455
1.806678494719755
.20317698080934973
1.4544290056744162
.22350136754784136
1.1278131759180894
3.141799821449432
1.6568246625959389
1.722505143748883
1.7622602585177258
2.3056465797881276
1.8194520124110567
2.0184699651390225
2.2935554914083056
2.2911712043394483
.010061252532754807
1.9570302182721018
1.9202735515414047
1.4615256341251464
2.3073512574862796
1.8173051532760442
1.3851147880578938
2.152540048509831
1.8709691032491784
2.245450264242553
1.8663743694417956
.7395628790976364
1.7451028014324748
4.671190405972343
6.522488234725069
1.4907008278128915
2.041746925987971
2.4785139884320126
2.410174941590211
2.8572313293749434
1.923202529925772
.008336064653351745
1.409789547101166
1.3529934311841942
2.8347029773692136
2.391046374458169
1.8380142590727517
1.908936501217246
2.2890254525401814
1.9778768126452466
2.6746686046616914
2.128198843833222
2.4804091783002247
1.7731802929447902
1.6204260624286813
2.3502141014207063
1.3105188450046152
.22269680806298323
2.209374461343792
5.759134694210645
1.4634188155486538
1.7805066137402592
2.11371202916062
2.278394455999031
.9754970697705673
1.713574064560566
2.3574077685840193
2.1400223295853618
2.1281822471042937
1.4585312212737505
1.9938838369904603
2.549137625888461
1.891313083547636
2.477789817413639
1.4588211978112313
1.1590712050663428
1.4220171213642088
2.032790463073115
2.1861920419529564
2.395834750199732
2.702927613791394
1.3168759551648113
2.3266887192480312
2.1669174301373437
2.3876885753998485
2.5384893389691574
1.6958381870311763
1.972840976577131
3.288242223239511
1.8098132452526046
2.0267666059047325
.023260194120596735
2.0320787703265895
.058689003287539065
1.8427766548579023
1.947399442659345
.5965601646101678
1.4641144170797702
2.1440290928301593
1.293772185511413
.04744306687713733
2.1421871999627182
1.1396567190280946
1.5929035290385598
2.2458650854139375
1.976653482932691
1.5130532998835589
2.4584515849015385
3.1140216261937117
2.6967955921160183
.6549270554547914
.011868089409570732
1.8689372211054
2.048092124406279
2.022617597323654
.04921885811514867
2.272091035702242
1.7708057113957631
2.1249325830328076
1.2513244301492572
1.263703701471223
.0063539564420338635
.004172485126262421
2.446951340299069
.5793085599343798
.1370805586466172
.8055223789221149
.18992358805220907
2.273545345405641
.10594940095254847
.09282940539192049
1.8062213036587302
.6078961676064903
8.523332693095991
2.102719622225409
2.2238001831291254
2.4776325709540243
2.34465546005821
2.20260234508635
2.080041142075658
.11923430170226985
.17891609729759655
1.929743000941016
2.923157888172596
.9865389908084954
2.083239475731811
2.268896785824558
1.9252755623473612
.01047007080039412
.2859671166403175
2.8047128975157936
3.478000513221292
4.274637774079227
4.554525256550153
2.4487776506522323
.010888709725766615
3.003949204864523
1.2710884456699847
.014243716615878395
.011986123801491914
.15481815506628965
.012257634252660882
1.8995621784499808
2.636035919694737
.01
1.7965257863224668
.013845259071693887
.007118560931167629
1.9533542226552685
.009169322014306912
.007654200601565888
2.2889949265086074
.007159218603961812
2.174706202742249
2.1603236026582593
1.6410222601468685
1.7084237669206455
.009392738711348604
2.1330471558853414
2.210141245305176
2.4813719253955244
2.471717598517484
2.2188317862901936
2.820787128386895
.011091302509138302
1.3612160261915447
.010338999550178142
.008558079305782432
.01021217612153328
.01257902411259582
.010539757357774179
1.3971165034663067
.08551872905299825
.06771456151132478
.00904297682895602
1.3409494510270272
2.314651805342205
.09850971224922099
1.898018007947805
1.463420030353276
.06639358050964807
2.073213777921652
1.6831128993329076
1.7694276850590875
2.791873791039677
.008749765409714115
1.6436115256657442
2.700932005113768
3.486335786921168
.8150521586415166
1.646554751775267
2.2657977951695374
1.5697181012953523
2.3696162730713968
1.7685381749751152
1.7858154016073926
2.070021668249991
.008269404299959265
.21540865706413803
.1940071314240767
2.0017882522059347
1.411135942349761
1.8738875002264221
1.6655563260421005
1.4255748027124004
2.0974098211636467
2.146475877679409
1.7717123537514463
1.8464340147733234
2.1787876706585485
1.8266132782391258
.006240406179148607
1.5883938134577702
1.9509055917067106
1.7778726329291485
2.211085699636109
3.19057821667173
1.6896330007813054
1.9598629305650093
1.8504651896435897
2.170613054579417
.11242213164901996
1.7739645336353762
2.322961631759678
2.3719383638967515
1.5560943079935814
2.27996714390227
1.6720504332595203
.2293217182792218
.14918704674582592
.13198529057883227
1.6988791909096748
2.103860046899994
1.9867863550705662
2.563292939337133
1.3833245628608841
1.8871455632773677
1.5102957942253457
2.0638638393674458
2.2586417018786316
1.7965045835791054
2.318459219217776
2.404946324667225
2.048783415137811
2.0827513089572096
3.1713391620473153
1.9618329099324314
2.0475046856824615
1.9226848137010912
1.3890228880084183
1.9731128071221309
1.626408885532194
2.160942912372529
1.7931272906534637
1.5169306410390735
2.277425092197021
1.7676657437970331
2.075789942907315
1.2795079493297807
2.2559047789802458
1.6410493852286492
2.543960250709811
1.741093977053618
2.240483240353469
1.6108412898046662
1.9260624958018875
16.954977546386413
16.698901986171553
2.448889346356798
2.1306903904911327
1.8884247586117129
1.37000279293845
1.4939549390195987
1.4496259901738864
2.685429812460673
1.8228396653477141
1.5773776984534662
2.259606612122712
1.9409984110261178
2.7886347134365668
1.8484012405050168
1.8781211604826042
1.487581304838136
1.8075662289185022
1.4248305979818232
1.798413838428199
1.3338729854566114
1.9702794423101337
2.2862528986016213
1.1833356942353321
1.7356556422848466
1.5942999396241
2.3475893344532173
1.9478212224522422
2.7333554812304794
1.8466406957455894
1.9526047103064659
2.541483021959502
1.2480701143584996
2.4293375078174395
10.568601314753224
1.7737120464528513
1.57243264705581
1.6413676928396976
3.4698352364018525
1.8943654984430276
2.106989501444457
2.95994329362453
1.589208381596414
1.8110799745672443
2.7256998603931497
1.3799829813694187
3.0949774670540195
2.616900024232045
2.709954893696297
1.968032128638715
1.4079025870881035
1.652445874292556
1.7302742986578545
.2706983520093525
2.90305012245425
1.7515044274285665
2.4348837574451987
1.8487762985794682
2.00054410996189
2.6138596537015997
2.163152519679451
2.1781006350074503
1.8990465814576674
1.6649740654635874
1.3853137867278666
1.8844886190457446
2.4416292988945543
1.7734276823990132
1.7824046233608568
1.5838857321883533
1.7357176867946693
2.533400091076129
2.8341187880161756
2.0133244474668586
2.160420510589178
1.8778628141268907
2.37787539450875
1.6043292589980374
1.2632877948664565
2.202219016337043
1.8292622889824663
1.6925275024941981
2.3708808510110675
.16800535578832745
1.0176110306264463
.12570206791866098
.9676718361278626
.10540757126078387
.8158286172539039
.09305761124920285
1.9874063686918773
.16728148084162123
2.570272433711695
.08675952699777471
.9827761641451971
5.79082385479426
.36690174108594326
.1133501407960654
1.211246446447348
.06893763773884884
.20067295907515745
.0412154068521248
.8323281769442568
.07139273188576935
1.0856027044827032
.09849100092641513
1.2505744212602752
.17869793290778302
.9147025131419133
.04928666064947769
.688773694632299
.06053252932388999
1.401219077819081
.00020740591603749187
.0004084546476058876
.11660016770071309
.12403602733411534
