39.282247269215475
.16413387066412513
.3013859569115378
11.367689642556586
.3782574385677437
6.150124002309148
.20314198774389217
.0031248371510185133
.30747932794630534
.027232644170667144
8.632283895114375
.7942659269921756
.6207940787932946
.008576662810043743
8.352265813987964
1.0520140541328236
.0039650957308239995
.0710944027179778
.004209936121614825
.0018551083342471318
.03967438890508902
.0001332085863464035
24418687555319166e-21
.2705572158708199
0
0
.005035319965008792
.006661635750757932
.005998606044894724
.0023529465703149015
.00018466632449330584
.013617332525657689
.0013314122676345039
.011053650291103306
35973445901919666e-21
.0005015907513528688
.002695051166539724
.000524225271979603
.005322428079780355
15094664011744088e-21
9.671400476428929
13.535342134145052
.0053178658627683765
619214042442511e-19
.11891645274094151
.007484438923670801
.006896237899773261
.4262782945878401
0
.44075275195190244
0
3.798984657359736
17.672944262269763
0
0
.006836984881798545
3.040332030352765
13.626636479309779
0
0
42.17260415448471
29.245017428028966
8.653638401988989
.002652979576247615
.0006272858017198899
.0013974747565253642
.0069740872362768005
0
0
0
23.122669679779644
3.4177683224680493
9.526355112250895
16.941741556092225
.0014221178211592893
.008190882349153116
.0004403445830279921
2.206932608949841
.00036332025878264775
.0032345404072627016
.010619874717230386
.0016435171561480812
.8627865855988498
1.3522622223896936
.00012373443249080694
.025132446656811077
1.3415374182598043
1.5622530939149788
3.387151095757227
.0033967411780385704
.0004477700085121158
.5665805443212347
.7229160189207874
0
.453951774908064
.7669302659049914
2.053007627514304
2.7364554827680947
0
6.264400610454303
1.9501130154420978
.5594472293235025
1.082029009397901
.9294558447467107
.0008449505918399987
50
8.191516736535597
.46432807730226794
.061502336668015696
0
0
0
4.559252885724146
.01005359408336672
.0005244904153143359
.5531811256808558
.0012557503060369524
.00025110814034528096
.016315483589271648
0
0
0
0
0
0
0
0
0
0
0
0
0
0
0
0
0
0
0
0
1.9146378154110544
0
0
0
0
.5790530838228541
1280.7813886058216
.004837357073037878
.10439129885229907
.020544400494154864
.23099736160422377
.5406892785613562
.9991925486817768
1.3745592033245482
1.3473660762713373
.007949581849784762
5.752815663784314
6.10191876271659
.15992428702169695
.3539803484035495
5.131828022967382
3.8224461028250807
0
0
.02
.02
1
8
.02
.02
.02
.02
.02
.02
.02
.02
.02
.02
.02
.02
.02
.02
.02
.02
.02
.02
.02
.02
.02
.02
.02
.02
.02
.02
.02
.02
.02
.02
.02
.02
.02
.02
.02
.02
.02
.02
.02
.02
.02
.02
.02
.02
.5
4
.02
4
.25
.1
.02
.02
3
.02
.02
.02
.02
.02
.02
.02
.02
.02
.02
1.5
.02
.02
.02
.02
.02
.02
.02
.02
.02
.02
.02
.02
.02
.02
.02
.02
.02
.02
.5
.5
.25
.02
.02
.02
.02
.25
2.5
.35
.02
.5
.02
.02
.02
.02
.02
3
.02
.02
.2
.02
1
.02
.02
4
.02
.02
.02
.15
.02
.02
.02
.02
.02
.02
.02
.02
.02
.02
.02
.02
.02
.02
.02
.02
.02
.02
.02
.02
.02
.02
.02
.15
.02
.02
.02
.02
.02
.02
.02
.02
.02
.02
1
.3
1.5
.02
1e-12
.33
.33
1.5
1.5
1
1
1
1
