44.243850257990196
.33181335707559967
1.170437222579635
49.4701378991407
1.3214021954778001
8.1810070963339
.8293524138859697
.1898078005681299
1.3712901996586582
.07707302234998703
24.115355383391492
.8282357622363833
1.6548320518494646
.01951601295401725
9.907014268889828
11.52814675770903
.010678877857741981
.07607551339683906
.016577644495293857
.006885888532314792
.04240361214544873
.014300550533427514
.010105405073295576
1.5945502505703915
30.787691694656747
.004845977671313732
.006211451680719207
.007024295332218733
.006233694519669002
.005288178513479928
.0001859625204870517
.013777372959794571
.0013482574600112596
.011148315452026951
.00028429143770639526
.004958212117467172
.002774418357898537
.0024478308708723896
.008686026191845136
.00020836271460391488
18.27144588109283
17.412067554366292
.02801317149271222
.0039509042223340105
.1441929254083704
.010256326723920569
.00883418377281455
.6365715049063246
5.413077042005459
4.915287426659851
3.7986575235361424
4.980184780092879
21.354690461375494
19.21212646431564
1.8975580962481726
.007431666324558886
9.750476820906544
156.30372835851296
.3523211362934153
.16386293620314496
53.18795237279083
58.518178099602466
17.737529652623827
.006006726427564201
.002289434313432899
.0017039565011812978
.011215262875937333
78.69170116985511
80.83313596308794
.04118917740067505
27.790135820541156
3.451015969924779
105.79985587717302
34.914056342113426
.0014782757460270373
.01031257597083587
.005192485704739845
2.7498284430033575
.0010305558363207182
.00957555516134296
.01091326210830074
.008363725285275245
10.655762894978041
23.754892159738343
.009271231334264931
.052526136386836855
27.501841362708802
132.63620593347602
7.949078581509953
.01524827799406185
.009415462545311535
4.952123031262283
1.4969480752401094
12.079583076015036
10.003828318207834
6.714513615649545
7.9421360981999065
6.926390509252544
3.7507081369575848
67.45101740311512
2.086256375043795
7.838853816574511
5.1567476437907285
2.5408227618499084
.0034081402358555443
71.25056613332859
8.568534019180591
2.162077435796427
.4723510683145675
.017202233090260265
.00016835926209696013
50.96925296129717
100.183102830225
.09495805406453153
.0034396238443656847
.6661909504935484
.006526991567493677
.007029230109788169
.19617978798811156
4329672080834309e-20
0
0
0
0
0
0
0
0
0
0
0
0
0
0
0
0
0
0
0
3.450194653870238
0
0
0
0
4.408713881465971
1280.7813886058216
.004837357073037878
.10439129885229907
.020544400494154864
.23099736160422377
.8161828387129477
1.144325065818139
1.5922668071760617
18.156029320985734
.016345369513613196
6.036911607465425
6.417393666144516
.3964068136415591
.8219457048458286
76.40555238933788
91.0661850119082
49.52625263858788
83.64757312988887
3.334633410450805
2.1519668876821796
1.6569092322919106
1.6083840056940073
2.7929646272419366
1.8014502408941957
2.52879815009271
2.0629299159763184
1.9996263960816063
2.3345574442160033
1.9833932928706717
1.9491857116983087
1.3823483464353292
2.0177985066735253
1.4911931360280177
2.541875040659049
1.9063517654365751
2.249956617433949
2.189214808151751
1.8106788441840493
2.444659034783125
2.821366359555619
2.6044247874119777
2.093495203143683
1.7878939071972104
2.405470451135991
.024735803114170795
1.7567900360682762
2.1727262659754047
6.10312612874634
2.0762192613118353
2.0874274767677985
1.333363359413709
3.1487562160395375
1.382359799163128
1.5021967358721418
3.220879529934842
1.272396681137753
1.943912755074872
1.5759897234677762
2.03246175496537
1.4206043625635085
1.8658863964405676
2.6535730955760806
2.2062703070530145
2.1115816789102237
1.7332196291464161
2.1525677171710482
1.589742419482271
2.1994860688034223
2.683630400913143
2.9410390698823505
2.3583722532715177
2.104093613566145
2.105212243412941
3.3008799449437967
2.399426826065332
1.0959638387913389
2.642384318873381
3.070173552156516
2.092935991425485
1.1595492773613527
1.762685343562862
1.8308900771038137
2.1060732827615243
1.441154241601601
2.334540220683363
2.366281217021811
1.902765418233252
1.7915491754603323
2.6016628884785695
2.3873401358008994
1.850703404067024
2.29914739900018
2.374575933890628
2.160748342907243
2.418076267975736
2.266840087688996
1.914935015097276
3.0792828547540716
2.1377821052242316
1.8577329884432625
1.3673101426922896
1.544105302845301
1.5689279421255153
.7123880189942132
.19702423974274433
1.971158182892562
.011336600946890296
2.40584516174267
2.1638681520978693
2.4615334625756606
1.891718827544889
.19883712680880392
1.5449699299333963
.22337079707273574
1.1572205819780588
3.0604265785143943
1.8719213759094948
1.8724483678041626
1.9801700739572514
2.17468268317081
1.8754660195545723
2.0816614816560763
2.296699851326829
2.326572319983752
.009953335399104007
1.9838655932828344
1.9622854281224034
1.4000033543199686
2.2762353434207934
1.7231154703824747
1.396602394407405
2.1590849962041987
1.870466142222721
2.097159717260517
1.9687442992449615
.7219737736108639
1.8030219606043563
4.824622006111661
6.378839751350451
1.5336012448631364
2.1338816258164752
2.5172165866785665
2.423367716500054
2.8077286761052838
1.959235905120116
.008153634650258871
1.4541488704619154
1.3682143948542824
2.6438982536904874
2.662201306554208
1.9527119851999803
1.8765377018187623
2.243970659240015
1.9329993346383842
2.7077428096111085
2.3798229615070188
2.532872607370048
1.6440924164557487
1.6048382719265046
2.241885787699262
1.3590326205432677
.22792791093638312
2.222107911282487
5.607113154293327
1.4412626035020866
1.7701209468741397
2.1869582428824574
2.42093544228764
.9313098363157
1.7100158211550192
2.2349697220796734
2.132086863268535
2.1672466728029574
1.4535064762926584
2.0247059920867256
2.5473520807544303
1.8536024956614965
2.501747601798147
1.609187792090623
1.1855508575501825
1.4883478839721214
1.9475990170850557
2.1181299342089317
2.3163843432829303
2.668195700033239
1.215138048247223
2.286967960199361
2.3460464939357886
2.5116581972049037
2.391465669568124
1.7565583187147895
1.9578741484345417
3.1735164740757016
1.8017136223032637
2.202203752683213
.024154742796286002
2.098719893838004
.0632552616104434
1.761820559081211
1.7699639154315372
.5561106308152125
1.4260304738804557
2.156152646180105
1.2898025902717605
.04672484323503763
2.13000045649745
1.1085144823461366
1.5866721603203637
2.078912478947892
2.045644697482387
1.47898842366349
2.4454717288883976
3.0765073511371157
2.8147200624446915
.6691959924921087
.010766805339034421
1.8943436557854225
2.2100143263570997
1.9601629515960404
.05026600022986018
2.3208713837580586
1.7796753182437217
2.31727855679927
1.3036857107344635
1.2027835968164573
.00645692618292481
.004304862389660335
2.314616619718489
.5882539861607353
.14770043936670413
.8401643675409526
.19635002618304093
2.2595780827512475
.10710551734786469
.09160862227569343
1.8079600447829915
.6298099775248791
8.399948109325347
2.0780919701892633
2.128469491544861
2.5825399327885816
2.3998710823015914
2.2636471334692922
2.0552944657399386
.11767996883513895
.17125164438953372
1.877506383909599
3.0502525474820166
1.1026662137510264
2.0894399168904285
2.2713315552508733
1.9315227292169799
.010283317755568377
.2710869987013576
2.7834638949255646
3.5863039503388205
4.269809919332156
4.525419608503171
2.456723647800357
.010777898305375306
2.8963583715023162
1.2965948378005752
.015079885807265698
.011164427054365314
.16118376267565138
.012296793819213569
1.9073833797055577
2.7909554812532567
.01
1.7722895240128715
.012685641554530915
.007249046160867981
1.9392458029562574
.00905878592687255
.007912959730402484
2.1648154995623665
.007097663956842614
2.217756058498288
2.1430130004575605
1.6500823793782808
1.6297331266680537
.009596060275033269
1.9956327920233157
2.2911123488549126
2.395451846275653
2.284068388318105
2.144863715181294
2.793885624721483
.010396838991328183
1.3735535856833034
.010846706348837951
.00831236876738929
.009990316314673384
.011870128180959522
.011039376453178446
1.412702641230774
.0863113533755849
.06905507551580464
.008970071446293682
1.4317555878978245
2.020009584902133
.08872066647077492
1.9370993701712211
1.4977349400104616
.0663167066101133
2.2685332491593857
1.6491219613569157
1.6945066866724836
2.8924641599999044
.00923588701643783
1.6319183350598145
2.8036325413883474
3.4505289597436524
.8169812986645822
1.6849996802969092
2.207677994775784
1.5234212623661636
2.315817382505823
1.7614553458179896
1.783257500050057
2.1535859348185213
.008602197161509903
.20639477994996913
.18976100517575925
1.858938674739092
1.4555118308489332
1.9051716067510907
1.7065882298552173
1.4228314532863784
2.206288944430251
2.1444814779682013
1.8731121266622008
1.9501840566716697
2.084144483172853
1.8409246748855614
.006537915826311629
1.6495602895991355
1.9084612956187652
1.8949716138966315
2.160335797267137
3.117472338313581
1.827147658364706
2.075497764797142
1.860815281028478
2.1549148580637154
.11102399191028595
1.8171358690591555
2.3072635096919023
2.2695355592578386
1.5594095119536446
2.40446150886277
1.5304981413504901
.2269398217406667
.14916620601656203
.13177338445572118
1.7053649406629114
2.0624600349077338
1.9888848594134312
2.4788515450921094
1.4184961550987731
1.7854864849363097
1.3993040533568248
2.0831005810014718
2.2634083767700353
1.7180874223144627
2.2433641240519577
2.454348192677475
2.109876044222017
2.153540069432741
2.971592032281637
2.2413668335327572
1.9854208766368062
1.8558003235545502
1.4335058461377794
1.9826605435945823
1.5968230492908393
2.0228715534194546
1.8119514373812624
1.5526014993187554
2.211150588678181
1.7648160261702488
2.2041368617081196
1.3647481177095868
2.4186315649132855
1.6107696356388654
2.7024398698634293
1.8025825325854992
2.1694724210078378
1.6192568412464836
1.9192479377090568
17.09037142487314
17.26713081028861
2.71758354024379
1.9936400890213883
1.848210582910149
1.3243489056748448
1.5160263355982282
1.4619417632712828
2.6229299280011014
1.7720515502321432
1.691102319325984
2.222314094840485
1.9302999068730882
2.927950568013494
1.8533701381648777
1.8731319890404452
1.576862796862064
1.888507522034749
1.5404970876542148
1.818273492433222
1.2813702522329784
2.0381553334433673
2.2141446350703875
1.17559195413388
1.837502915265819
1.6491128509793977
2.322970862472609
1.9510061521768902
2.7662456919375287
1.9699335316139954
2.0264930675993513
2.5952801560186693
1.3128156311487496
2.3861220996112076
10.415162334160119
1.8953600640469528
1.6036769088816307
1.6924189699403118
3.4854337478015913
1.891956262659861
1.990182138296772
2.970151606240871
1.495071884502057
1.9458789168286246
2.668840549418362
1.4134408718471854
3.1233992376963076
2.5640279067593394
2.660288224073058
2.0906244374856344
1.3705409488043234
1.6926821578529105
1.7110174419945134
.2866910442983318
2.778106890677451
1.7569623200808715
2.4214253227827665
1.6877274574250456
1.9704379496362712
2.4819277352583806
1.9895545546920632
2.149390991709068
1.914575925593456
1.615878208591772
1.355213820242795
1.9445538949953824
2.5767947073463313
1.841016898919776
1.842926261252049
1.5263512642671342
1.5842309040527198
2.585516832114146
2.9647238965645615
1.932870067153616
2.1656742632111095
1.8846924903109188
2.4241685908004684
1.6934793870303766
1.1957220623571112
2.150326961777883
1.7905198058689975
1.6948806105649976
2.1927878217869865
.17012224508315066
1.0003545134183935
.11508772217542884
.8931385603263676
.10474984376899184
.8333606094239265
.08847073150233815
2.072033719073014
.16712181401681334
2.693840148825698
.08706378219711992
.969717842588897
5.898635988559424
.372921421903686
.11158078669466419
1.2862169832503172
.06896755637614654
.20148937257245614
.04092632277499372
.8893074284793737
.06638026722881867
1.1033649638305418
.10303926799996922
1.3052453301983316
.17839703450436095
.9345378768816972
.05169285069146619
.6611996293782433
.06282307305199239
1.5101160719358293
.00020739899759623695
.0004258637450310515
.11479631519498407
.1232299377198634
