45.37532361158098
.3523669980521202
1.0740528232067763
50.11209065579646
1.3739225720624642
7.418317868470814
.7763363649835334
.1973237025845921
1.3387711432431597
.08219982981862023
24.18017916329411
.8003582302255566
1.5032345420102045
.017942239896565484
10.179988368232642
11.93495624736296
.011353181089616535
.0815791921836858
.01810380377561655
.0070207210250461454
.04391242448945061
.013926394132969047
.01025465781313023
1.8344190855099827
29.8203280203379
.004441559716917704
.006501175602063059
.00668173615165215
.005846307476908452
.006126914383988326
.00019282872676680324
.013927361104795343
.001236869272382209
.010052196762698886
.0002619603336172413
.004816975409275815
.0028077917671558593
.002461873217873015
.008953764709111314
.00020867231363197878
16.76574008959774
18.912847201180156
.029664929630271116
.0042538025252545535
.13626276225304998
.010828360235910026
.009036704853318294
.5765389049447692
5.073033787894598
4.885798518402488
3.6156332986529556
5.335790474471281
22.029812884404254
20.804213995958293
2.0918196026060385
.00784072032158642
9.365736721029162
166.83446914525624
.3495572772688409
.17487114616109053
52.61847872505802
51.90975478674666
18.26237675660336
.005730449062289583
.001894427266883905
.0017740659220701427
.010191691850933765
82.35000311582564
89.81704984027442
.04208085664300507
27.632899962120874
3.6172368008636404
106.53507828059531
33.79483701724734
.0014366405416165917
.009940059637913336
.005053757360647965
2.5923097178751053
.001186212035094035
.00951736912575495
.012103669202889447
.008988650951182103
11.255921465035028
23.636488839825596
.010517033058102589
.05129187296185499
26.042073554299826
141.24537299268098
7.612745009507411
.017608842897016235
.010070114406514693
6.006762061967367
1.5889556727149872
13.519601484917533
10.478471052675596
6.024595627824562
8.333019613945796
6.716166950705285
3.9750970581449105
59.67807992556211
2.0577668485630594
7.378285286658994
5.490618150539336
2.7574483212210104
.0034439147971563376
55.21177058717503
8.755211331474875
2.0870957482366084
.47707040177112203
.01544855749454835
.00018290502546607564
53.87289232055014
107.23641147527795
.10446593139599383
.0032503972538679865
.5424032471849857
.00681612182909694
.007838862867282893
.1906362719394993
4686728940289244e-20
0
0
0
0
0
0
0
0
0
0
0
0
0
0
0
0
0
0
0
3.2426890833996524
0
0
0
0
4.141407641428803
1278.9793521680601
.004214854304872641
.10750731858876947
.01897300334255928
.23142900364765537
.7247335623711888
1.1384173056179425
1.5148336115875123
19.28082319879693
.016713582051077917
6.438539890800687
6.726052785514101
.33709273466184203
.8417284783893547
80.60781192468016
87.38421203281638
51.18754983692225
67.41551226238664
2.923382580911599
2.0935821562681887
1.6171666886888092
1.7155799466079522
2.524160687152109
1.58169209265907
2.474513158342566
2.137279028280457
1.8143892960123973
2.3434832597618067
1.8931983831898604
1.7720514835125296
1.5501878392603292
2.079016821525093
1.591876235127785
2.7405208550857085
1.9722597266454276
2.437401052669494
2.1937146463791475
1.8196494860235652
2.6263961479288436
2.817677714886586
2.5175579283654894
2.0931693142835353
1.7873838216780968
2.4665983458236203
.023316180090366484
1.935712279384245
2.3747137599515926
5.864779775121985
1.9043330733329502
1.8940951229215042
1.3596338962813523
2.8297612273659194
1.4106842962915982
1.5537109083737306
2.922207434398939
1.3458607869375734
1.9051413116934104
1.6061831137707172
1.9463262076748893
1.4349718191858851
1.9188258816732247
2.578081168890987
2.042928738910661
1.9065436858470886
2.111343442088957
2.1688370113506013
1.9103203656232468
2.143599873351158
2.7917841675162425
2.983178914031547
2.342964179636039
1.9381214835659957
2.14830500691433
3.1615861182360994
2.300539870047939
1.0703748605083194
2.4907910588545565
2.4293768422244293
2.1924089482470035
1.2628952059518537
1.928852741594187
1.7558339366460138
2.071119894165108
1.4737574845218022
2.266945844052223
2.395188477911518
1.920402208907571
1.7606446521766796
2.5107589437982374
2.531824925450321
1.9050296609084585
2.1320697952904304
2.4582557157313425
2.259337152803
2.612915424986108
2.1929483492814503
2.1585050381553774
2.7766097629533935
2.1522560465044656
1.8759146500179373
1.3964470757732945
1.6317108077307894
1.6162273862552532
.6846451829845349
.16981366792201752
1.8978064635617946
.011098354883942613
2.398699751365555
2.2547169573253143
2.2797592479722497
1.9553700204771396
.18754666120015404
1.4989450623185323
.2056232438072755
1.2332156990623955
2.685931659501841
1.6752963322016603
1.884093678836048
2.0291701342903665
2.244952098841723
1.7776594282786553
2.0096503232294896
2.133667555816868
2.3787249242035067
.01132437064114169
1.978305752597868
2.010299830423058
1.490945690192675
2.2681975375279735
1.7640166152336916
1.4507900730832457
2.120569833741606
2.0689624800893607
2.0414788882469135
1.85327787721679
.6647666287999613
1.7331955579037384
4.186040009432024
6.252584165148345
1.4510954899289565
2.071268137657561
2.706643871883482
2.65786826936822
2.8275690749997513
1.8806226946790725
.008481893675220188
1.65254965158903
1.4905110227341312
2.788159492175043
2.4383844132015797
1.7985857701540902
1.8656187307598187
2.2864313895132313
1.8683831814773018
2.3209732975212356
2.2351752407048844
2.219860108435773
1.759730957390801
1.5114582799017953
2.2976388492562094
1.3017734735991184
.20531781088255585
2.2317985640578963
5.755936663814993
1.7161774516299724
1.8738453657142844
1.9997675557014367
2.531454625752437
.8467522448824951
1.9121671235069715
2.1855663054213146
2.0190290867219254
2.2181552708407306
1.4371778174517034
2.012012225557905
2.633222153270992
1.7600651259483948
2.5794902270068625
1.5430430420426064
1.2626805231861278
1.562265558509445
1.8461307488348302
2.2702365241225655
2.1533919741420395
2.4556272902890366
1.2230627551800675
2.621342509850099
2.3921571327777382
2.2996871602070725
2.2370365438507767
1.9149285771062716
1.9036842630495396
2.6224602708364384
1.9135949231114957
2.131535673625981
.02638378764975432
2.15304006967344
.05943709279801928
1.7709307434798585
1.774984199658204
.5640389883074884
1.3290617779217737
1.9223953852161837
1.4583584354706378
.04793709387952699
2.0081662534166487
1.081790803136488
1.6325243768118751
2.0655594921841414
1.8163710119732
1.5963533883069203
2.5648352771327456
3.1583373747076586
3.100319106159108
.7489489578548196
.011465401527971033
2.178733991229267
2.09077109940095
2.115548250648572
.04790209805561989
2.6943805894617427
1.7142240356486487
2.1198728199453045
1.1413302631089035
1.3310386284532927
.0064279465810255275
.00390489726284168
2.457196600073249
.6122694106234153
.13754153897052096
.8772503872723948
.2299423212023194
2.405256504633006
.11586883658535344
.09390743128016478
1.911495996335816
.5724957520022507
7.895946196893635
2.1025967320525623
2.310919330077276
2.202214894952957
2.2277683901605188
2.0725539090666945
1.956673065096284
.1184951396065883
.16827709286448106
1.9990570048751044
3.020651503924243
1.0494442881174306
1.7943386607578435
2.333806558403144
2.0874364396561065
.00996374342893068
.3016210955263029
2.731573285664973
3.528722008833785
4.695127040510135
4.449144044142943
2.5295920384785044
.011155371924164412
2.779810276780079
1.405893145556051
.014724548365540704
.009897183019037392
.1527890871588397
.011768445909049498
1.7618233322999721
3.120525996890447
.01
1.6729665556470938
.013104823375390774
.007714356062084886
1.9803374253623875
.009627878146928325
.007782685870345019
2.5064374019820597
.006886561016758189
2.1820173478459006
2.412804031590932
1.7299968837626198
1.8227408475329328
.008723014974537823
2.0533726459936688
2.5754944375127793
2.3394157260127795
2.4891180519310434
2.33282414369111
2.4859189296542237
.011017112441071404
1.4585554528771225
.010009485113163843
.009715647078479297
.010673152907341034
.0128583168620613
.009759230481442683
1.3207740278557178
.08393995567040265
.06871652435805915
.008592945405305235
1.3733115794861572
2.351691173950503
.10109060215256431
1.7839999648606037
1.523755759670909
.05534011340263242
2.049809253753672
1.60820490472378
1.6859007643610362
2.971785621449575
.00928622588759708
1.5021637970492616
2.60482496652107
3.543542158630054
.8424320675808552
1.6739323134146908
2.143755376646275
1.269443319952907
1.9953976855637798
1.6011832381505489
1.928265872180462
1.9000942347521808
.009743806015811722
.20216900171861732
.2041924961755677
1.9034044199529716
1.5569928239168975
1.8593797197034077
1.6827945478580673
1.4067939792936042
2.2624998890330854
1.9220979266454459
1.8880983105331692
1.9955502494421116
2.0817132778584844
1.8251456550849658
.007003952912118189
1.6755192041766467
2.1348032627848617
1.9637291025090022
2.237783086177812
2.9521310197015977
1.6759556782436444
1.9778697596488324
1.7661106906533903
1.993259980184579
.11705196282278114
1.8709154508298123
2.4618865482977097
2.572030345099611
1.4177983799400777
2.339146820185924
1.5845041600627847
.21957832621578602
.1625382168123329
.13522689182519695
1.669218849520458
2.007806102268308
1.8959974009704068
2.374496709807093
1.5484725404780468
2.151203274336615
1.4572547217449403
1.9168209132681973
2.1761049538812345
1.7747072865036626
2.3147937059763124
2.1424023636322214
2.3117255550295286
2.3932550623604154
3.338900262845568
2.275439949763854
1.8780959475177863
1.8151779455906314
1.3071863878382255
2.2701142230855007
1.5640625738125105
2.2552717998780736
1.9629859652558332
1.5652977298930013
1.9745958411535607
1.953011082066358
2.2582838357317128
1.5592594475529382
2.131469612211362
1.5749854684092415
2.6063591697547306
1.7931611945532486
2.2259024172849804
1.6326970225262585
1.8870139719628185
16.366654229984125
15.431906121052748
2.5446110035261333
2.3115227402596332
1.905950407528664
1.4766454219849932
1.5407370711674069
1.3714623609156957
2.79386062030815
1.5662635186043554
1.8428508539269808
2.0594536948009194
1.780846921112403
2.9668794853018126
1.7395683183875543
1.7490840998637978
1.5943757231579412
1.8939998826113462
1.532659706260145
1.7791698910583698
1.3303653973299803
1.7989063500420774
2.2004206546116767
1.2372658584668095
1.9546692122163984
1.4667324643223965
2.208977550717832
1.846492755345524
2.6632556562533614
1.9530215061909324
1.9833150987199952
2.2833291138624876
1.2357240265528944
2.2717790882958093
10.614725703858785
1.9471708775618963
1.7475572521542793
1.6395923507540167
3.2951520844949354
1.870793201533163
1.7680607140489348
2.61317240870781
1.4602373879839377
1.9435327318447724
3.165603027983564
1.52197482383909
3.119364738784437
2.471759019731673
2.5499068109091154
2.0466655382124452
1.45180634300012
1.7244363829030422
1.6854279919668271
.2636321827185006
2.6334135659246543
1.7030619110074918
2.3007499415171027
1.7750108691536284
1.8785136970272032
2.2539356104589743
2.022712518565104
2.060358567616957
2.0303805490330307
1.7725477234333207
1.4464678816961218
1.767020230776745
2.442836130504831
1.7764001739576953
1.8438005678457006
1.42222395666793
1.8039166027848215
2.6715696390377013
2.975442976754085
1.9015265969402833
2.2255198094267548
2.035236950946485
2.0523390405329125
1.6344038777303644
1.2990007051014183
2.0389660967001455
1.6722253028238663
1.6239246730635601
2.3656424436747225
.18759233203395487
.8539221750146458
.11459027799810143
.9164805992096279
.08907923486095519
.8433237169491368
.09757411805471788
2.1170394901227736
.1669576371264754
2.4491320326052497
.09145914618790472
.934459565572081
5.268722518708997
.32678024601301836
.11087035060560843
1.1885168024078043
.0706679686867425
.21045262854538818
.04092518768915261
.8632943600045465
.08590759428065063
1.1215542178154985
.09825303798714347
1.262574033481627
.17315934939086966
.9581383127491092
.04722948528792983
.6912853808677671
.061324927417262996
1.6077684705514839
.00020956237374998617
.0004264646568373151
.09601414079916389
.1345341458435849
