.018243766304677313
.061463269473150874
-.000866017731289156
-.0008778595175631839
-1646703396603417e-20
-4102769423169261e-20
6050595784468263e-23
25246001653129134e-23
-.00018393136293151408
-.0012861651615955635
.007507330705458287
.015731824995693675
-3538924430977619e-23
10994883336357969e-24
.033920970766273595
-29253958834661256e-22
-1849725930903241e-22
-8568646295133257e-23
.018074398797315167
.018027360713850842
.006775454747546226
.0010865651384874427
.01167393195192494
-.0009215562251760572
.006074957039819655
.06295097579038067
.04957317568193858
.04997621472442777
-.00047469950920422027
.032865325079128975
-517686002399892e-23
-35048249362638204e-25
-.00047470098638505246
-.00032655331506023256
