1.5156675078362127
.505865842622838
.008253667211605656
.0016076071556131862
264780212951074e-20
.02071458120965038
6.671613848847156
.7144509255334124
.05853535008920186
.0749024446706713
.06856972903100386
4.5389142248402115
.7133615761488412
.33821935592712066
.0048861101558223515
2.807329102649527
.3057776747818437
.003429477420987239
.07304540438555557
.0051273495439631825
.0018690981061359523
.00981621385471175
.00017892046389927596
.002654303459839821
.27103880607259484
17.23966970308407
.00013975187775916925
.0056427772193808215
.006123925432082748
.005971897369499267
14190266657654892e-22
.00017968372542954936
.013563026703349981
.0013190173012170505
.00992274216859891
18710026024169333e-21
.0022107737745341222
.0027232766594981134
.00026656361242508074
.005294807987531728
2853194356844612e-20
.0059932232773938065
.006224861746700053
.020767314129082202
.0003550568131182868
.12150880955578033
.007460290074403168
.0008233148003017452
.0425416479218728
.2811729782934247
.000990531705739023
.5636115220337908
.008429812846654691
11.832613296472433
11.05906708752495
1.3655847009866746
.007446428175204739
.0602580038370529
.06671475408290733
.2094425898632133
.13250732585201067
29.791099895517164
23.459129192149167
8.033840480827088
.0024095729621566695
.0004858443666256484
.0014058052140847343
.0062438628862351
3.1998481589336047
7.932042415003624
.020011243276128795
22.1267923514932
3.4704814662720915
9.630238537437126
20.761149266834238
.00147361427439246
.009268109434652992
.0007837365469334132
2.131617111290005
.00033123242478642055
.0029691844593993976
.011891196319304256
.0003637566050540999
.9617039907107453
.6590800422366437
27035798926792135e-21
.007890028961098116
.7881520828101934
.7081522941214531
3.3227478933223837
.00017354994022914346
6363024079830244e-20
.5795993758067758
.8005006425014316
.07673236301264824
.010146773590649194
.29648583508165943
1.6915982638792633
1.5787674131489433
1.9135645925812061
1.6088151525846288
2.0867389174323763
.025633720686918746
.03705828553469927
.00970825988187319
.00015917617228969398
6.239173282277159
6.038766325285248
.5574724075929992
.017073227200526293
.004140096742836237
6849814739833837e-20
.0005341021759629142
.10039693222285817
.020799733624639716
.0008971250504809795
.4758667149836485
521837482130717e-19
.00023369384377162916
.035124528210370085
20789020129646207e-21
0
0
0
0
0
0
0
0
0
0
0
0
0
0
0
0
0
0
0
.7415935448656077
0
0
0
0
.5362123493605044
1290.589797199585
.00444051691862253
.10873112856287234
.018304176010000634
.21915857944118491
.11395935293462238
.6370818502358256
.1415075624470606
.38971576994376855
.006148359006049202
2.8358511774703064
3.2772821571977087
.01493743453718517
.038396343293053546
.8741331301237873
.6212233461647313
.2434576650433449
.42476522763684965
.019402829838537722
.019402829838537722
.21966150340418458
4335784746806794e-20
.019402829838537722
.019402829838537722
.019402829838537722
.019402829838537722
.019402829838537722
.019402829838537722
.019402829838537722
.019402829838537722
.019402829838537722
.019402829838537722
.019402829838537722
.019402829838537722
.019402829838537722
.019402829838537722
.019402829838537722
.019402829838537722
.019402829838537722
.019402829838537722
.019402829838537722
.019402829838537722
.019402829838537722
.019402829838537722
.019402829838537722
.019402829838537722
.019402829838537722
.019402829838537722
.019402829838537722
.019402829838537722
.019402829838537722
.019402829838537722
.019402829838537722
.019402829838537722
.019402829838537722
.019402829838537722
.019402829838537722
.019402829838537722
.019402829838537722
.019402829838537722
.019402829838537722
.019402829838537722
.019402829838537722
.019402829838537722
.019402829838537722
.019402829838537722
.2343403026203314
.009312486010127827
.019402829838537722
.009312486010127827
.1711506291353149
.08593605173739653
.019402829838537722
.019402829838537722
.031796578767012966
.019402829838537722
.019402829838537722
.019402829838537722
.019402829838537722
.019402829838537722
.019402829838537722
.019402829838537722
.019402829838537722
.019402829838537722
.019402829838537722
.15442659944171166
.019402829838537722
.019402829838537722
.019402829838537722
.019402829838537722
.019402829838537722
.019402829838537722
.019402829838537722
.019402829838537722
.019402829838537722
.019402829838537722
.019402829838537722
.019402829838537722
.019402829838537722
.019402829838537722
.019402829838537722
.019402829838537722
.019402829838537722
.019402829838537722
.2343403026203314
.2343403026203314
.1711506291353149
.019402829838537722
.019402829838537722
.019402829838537722
.019402829838537722
.1711506291353149
.0565358277662615
.205912130459738
.019402829838537722
.2343403026203314
.019402829838537722
.019402829838537722
.019402829838537722
.019402829838537722
.019402829838537722
.031796578767012966
.019402829838537722
.019402829838537722
.14770009976409085
.019402829838537722
.21966150340418458
.019402829838537722
.019402829838537722
.009312486010127827
.019402829838537722
.019402829838537722
.019402829838537722
.11949627124670378
.019402829838537722
.019402829838537722
.019402829838537722
.019402829838537722
.019402829838537722
.019402829838537722
.019402829838537722
.019402829838537722
.019402829838537722
.019402829838537722
.019402829838537722
.019402829838537722
.019402829838537722
.019402829838537722
.019402829838537722
.019402829838537722
.019402829838537722
.019402829838537722
.019402829838537722
.019402829838537722
.019402829838537722
.019402829838537722
.019402829838537722
.11949627124670378
.019402829838537722
.019402829838537722
.019402829838537722
.019402829838537722
.019402829838537722
.019402829838537722
.019402829838537722
.019402829838537722
.019402829838537722
.019402829838537722
.21966150340418458
.19039145121452206
.15442659944171166
.019402829838537722
9999999999984842e-28
.20012103866060413
.20012103866060413
.15442659944171166
.15442659944171166
.21966150340418458
.21966150340418458
.21966150340418458
.21966150340418458
