3.044286526226167
.005410172707541662
.00020836736600189878
11910027631383758e-21
3800479471973664e-28
.0007098110640464011
6.308549435267216
.7411686037044118
.04418012080986806
.0233648539474655
.06728361600647306
.7228527400067961
.688349766232724
.05453039738416323
.0008287883090773448
.004734031522417888
.000519911169609867
.002224930106873399
.07072878263537599
.005302072477678823
.001932827576164139
.002989239504124533
59734855543536834e-21
.0017161785463057453
.0798201770522213
4.097459031878673
4736452659485368e-21
.005393274093332793
.005893040174767555
.005802761971488354
13747883921362164e-22
.00017427351837445986
.013154626633206207
.001279050525860062
.009623972550380094
29846510187934932e-22
.002370961333397505
.0026405547702259514
4414467220189635e-20
.005127631875683296
4645270219025247e-21
.0058009122732803455
.005800501705036367
.02104924279215564
.0005902406260277769
.11736366723526473
.007315639089944279
.0005077578236254448
.024700238463585385
.06695390139353267
23194434309380813e-22
.126193232956586
1937236900870867e-20
8.34821535475949
7.856354520037837
1.147954251490863
.007169810090607854
.0006217953935615906
.0006857973334842202
.16986545721470186
.11387523247045836
9.409512983651105
7.498443902592809
2.6150667776443135
.0016762238219960317
.00029376776189392404
.0013757876071777994
.00583154840741125
.007708367323128672
3.8068551346529733
.0008578762274808665
9.409512983651105
3.363071724610259
9.409512983651105
8.68115297542007
.001426450906806313
.009056471706714064
.0001781889787599056
2.1000373237530185
.0002128287048009122
.0018999778295479383
.011568125993888168
7545348846350348e-20
.6693817569037991
.025117986941378307
17174036422924073e-21
.00031253704418933914
.3333663290071017
.310812331351676
2.3997622898424367
.00014746356313465332
.00043297342425902105
.5921762878346452
.7530145811761009
.11870184863227562
.00022430449345469834
.1640753818274902
1.2069686054200504
1.0541065236700922
.06734471202070552
1.3333205139150945
2.0013099315681218
.018903830062816377
.023623136479955734
9174930642318039e-20
.00012700948960081944
3.818605185630122
4.295238734351422
.47441639401827623
.0030888608405453682
.00012336236484143998
1970936232552343e-21
5199868565822325e-23
.054762622669205126
.01519076133755497
.00047837856031607707
.3749665882849642
3163445393722498e-20
.00016974605573887402
.025018817990452764
7608888700997205e-22
0
0
0
0
0
0
0
0
0
0
0
0
0
0
0
0
0
0
0
.0863374149941824
0
0
0
0
.2597395415194444
1251.7304327083
.004306813966805542
.10545725907657884
.017753041444371294
.2125597645905045
.019063308705471585
.4000144598300066
.013168756477286768
.3479295480633372
.004544813527940423
2.096004315492872
2.277795901928922
.0018487297092321315
.004675457882431572
.5116357193333794
.3755746369873085
.17914299461745997
.31207079610175575
.018818615056665
.018818615056665
.04762839491621047
23515301253236994e-26
.018818615056665
.018818615056665
.018818615056665
.018818615056665
.018818615056665
.018818615056665
.018818615056665
.018818615056665
.018818615056665
.018818615056665
.018818615056665
.018818615056665
.018818615056665
.018818615056665
.018818615056665
.018818615056665
.018818615056665
.018818615056665
.018818615056665
.018818615056665
.018818615056665
.018818615056665
.018818615056665
.018818615056665
.018818615056665
.018818615056665
.018818615056665
.018818615056665
.018818615056665
.018818615056665
.018818615056665
.018818615056665
.018818615056665
.018818615056665
.018818615056665
.018818615056665
.018818615056665
.018818615056665
.018818615056665
.018818615056665
.018818615056665
.018818615056665
.018818615056665
.018818615056665
.10912111793034161
20647733171629294e-21
.018818615056665
20647733171629294e-21
.11679127890768058
.07375446040549004
.018818615056665
.018818615056665
.0003242922449486238
.018818615056665
.018818615056665
.018818615056665
.018818615056665
.018818615056665
.018818615056665
.018818615056665
.018818615056665
.018818615056665
.018818615056665
.015591068156430538
.018818615056665
.018818615056665
.018818615056665
.018818615056665
.018818615056665
.018818615056665
.018818615056665
.018818615056665
.018818615056665
.018818615056665
.018818615056665
.018818615056665
.018818615056665
.018818615056665
.018818615056665
.018818615056665
.018818615056665
.018818615056665
.10912111793034161
.10912111793034161
.11679127890768058
.018818615056665
.018818615056665
.018818615056665
.018818615056665
.11679127890768058
.0012377825863538446
.12059412083793954
.018818615056665
.10912111793034161
.018818615056665
.018818615056665
.018818615056665
.018818615056665
.018818615056665
.0003242922449486238
.018818615056665
.018818615056665
.10879437135713872
.018818615056665
.04762839491621047
.018818615056665
.018818615056665
20647733171629294e-21
.018818615056665
.018818615056665
.018818615056665
.09501094700573678
.018818615056665
.018818615056665
.018818615056665
.018818615056665
.018818615056665
.018818615056665
.018818615056665
.018818615056665
.018818615056665
.018818615056665
.018818615056665
.018818615056665
.018818615056665
.018818615056665
.018818615056665
.018818615056665
.018818615056665
.018818615056665
.018818615056665
.018818615056665
.018818615056665
.018818615056665
.018818615056665
.09501094700573678
.018818615056665
.018818615056665
.018818615056665
.018818615056665
.018818615056665
.018818615056665
.018818615056665
.018818615056665
.018818615056665
.018818615056665
.04762839491621047
.12036093449167173
.015591068156430538
.018818615056665
9999999999969548e-28
.1208410597882079
.1208410597882079
.015591068156430538
.015591068156430538
.04762839491621047
.04762839491621047
.04762839491621047
.04762839491621047
