3.0216214048950745
.005655802271218436
.00021799902009223161
1257745239388675e-20
4648893776006252e-28
.0007311697298820525
6.314407938391598
.7411060799536621
.04490600339431712
.023688600561071436
.06730909181346116
.7236292165174072
.6886987776436891
.054586600252736366
.0008296422840744501
.004980595434953743
.0005373937355324761
.002265462472242266
.07076263605232933
.005299972906337343
.0019320616905352396
.00303345102957026
59534062285428506e-21
.001748678523915696
.08101814934075277
4.125945950945336
4840215823990829e-21
.005397236032266637
.005896276829547695
.005805302953662124
13753725853658886e-22
.00017435253446811567
.013160591308253223
.0012796336781576176
.009628336081866067
29875352827967764e-22
.0023701209133299614
.0026417613072371874
4418780831414232e-20
.005130070153239088
4647468957775974e-21
.005803443966739632
.005803026447949836
.021052340374585986
.000587187360265192
.11742345566324762
.00731822729289834
.0005090633202236954
.024781397993872707
.0691489632501268
24930738808882695e-22
.1318750474076461
21185584195211938e-21
8.393139107907777
7.902749952928726
1.151713185311892
.007173564480542698
.0006653406137610805
.000733805449916105
.17053111131026538
.11420067854422085
9.711714601399002
7.732807850791776
2.6882570193111355
.0017033981573278002
.0002995672516551106
.0013762903463547978
.005836916554025321
.008032432070998713
3.8349471072848345
.0008650519628868805
9.711714601399002
3.364637895600718
9.684639998816026
8.978427223494377
.0014271609303481859
.009060459634874417
.00018646309515915087
2.1005030191337224
.00021680415917194713
.0019356021168356475
.011573073522385624
7798846456012316e-20
.6808478062247745
.026663769166678473
1735550227138047e-20
.0003270986502004435
.3419811270024706
.31899756339662744
2.4186755578432355
.00014626624316809326
.0004329222305639374
.5822451852605051
.7575117431936401
.119805014814667
.0002402184755823192
.1671340526702145
1.218508793329157
1.0634699819290234
.06817606789490166
1.3420416657033352
2.0028904643101906
.019042109311183577
.023789865433274774
9830723537628588e-20
.00012698944708704278
3.8290392661743127
4.322401954098941
.4758555231010655
.003208779210949005
.0001249214352526463
19980841298778166e-22
5765618380187843e-23
.055303495308379365
.015299497989779207
.0004897682839640576
.37635914288084993
31922211340811134e-21
.00017261614106137772
.02521432166644455
7708772357415502e-22
0
0
0
0
0
0
0
0
0
0
0
0
0
0
0
0
0
0
0
.09016421179132149
0
0
0
0
.2642046662264941
1252.2979737745568
.004308766698581507
.10550507394445846
.017761090765381123
.2126561402895262
.01973847262600067
.4027268424628351
.013660228538616693
.34900700293721226
.004596360686795182
2.1108735826516125
2.2943016671760814
.001909287605132337
.004829369943085409
.5176288578289766
.3797582485398167
.18067805685661115
.31475518054495355
.018827147514273807
.018827147514273807
.04872008930492954
2767536331309166e-25
.018827147514273807
.018827147514273807
.018827147514273807
.018827147514273807
.018827147514273807
.018827147514273807
.018827147514273807
.018827147514273807
.018827147514273807
.018827147514273807
.018827147514273807
.018827147514273807
.018827147514273807
.018827147514273807
.018827147514273807
.018827147514273807
.018827147514273807
.018827147514273807
.018827147514273807
.018827147514273807
.018827147514273807
.018827147514273807
.018827147514273807
.018827147514273807
.018827147514273807
.018827147514273807
.018827147514273807
.018827147514273807
.018827147514273807
.018827147514273807
.018827147514273807
.018827147514273807
.018827147514273807
.018827147514273807
.018827147514273807
.018827147514273807
.018827147514273807
.018827147514273807
.018827147514273807
.018827147514273807
.018827147514273807
.018827147514273807
.018827147514273807
.018827147514273807
.11036475474384909
22587025873109684e-21
.018827147514273807
22587025873109684e-21
.11745492826846918
.07392181535004487
.018827147514273807
.018827147514273807
.00034701868748623357
.018827147514273807
.018827147514273807
.018827147514273807
.018827147514273807
.018827147514273807
.018827147514273807
.018827147514273807
.018827147514273807
.018827147514273807
.018827147514273807
.016130005932166177
.018827147514273807
.018827147514273807
.018827147514273807
.018827147514273807
.018827147514273807
.018827147514273807
.018827147514273807
.018827147514273807
.018827147514273807
.018827147514273807
.018827147514273807
.018827147514273807
.018827147514273807
.018827147514273807
.018827147514273807
.018827147514273807
.018827147514273807
.018827147514273807
.11036475474384909
.11036475474384909
.11745492826846918
.018827147514273807
.018827147514273807
.018827147514273807
.018827147514273807
.11745492826846918
.00130978461036705
.12155456864203777
.018827147514273807
.11036475474384909
.018827147514273807
.018827147514273807
.018827147514273807
.018827147514273807
.018827147514273807
.00034701868748623357
.018827147514273807
.018827147514273807
.10928865788589213
.018827147514273807
.04872008930492954
.018827147514273807
.018827147514273807
22587025873109684e-21
.018827147514273807
.018827147514273807
.018827147514273807
.09533451178730448
.018827147514273807
.018827147514273807
.018827147514273807
.018827147514273807
.018827147514273807
.018827147514273807
.018827147514273807
.018827147514273807
.018827147514273807
.018827147514273807
.018827147514273807
.018827147514273807
.018827147514273807
.018827147514273807
.018827147514273807
.018827147514273807
.018827147514273807
.018827147514273807
.018827147514273807
.018827147514273807
.018827147514273807
.018827147514273807
.018827147514273807
.09533451178730448
.018827147514273807
.018827147514273807
.018827147514273807
.018827147514273807
.018827147514273807
.018827147514273807
.018827147514273807
.018827147514273807
.018827147514273807
.018827147514273807
.04872008930492954
.12118211914079115
.016130005932166177
.018827147514273807
9999999999969774e-28
.12174827401007583
.12174827401007583
.016130005932166177
.016130005932166177
.04872008930492954
.04872008930492954
.04872008930492954
.04872008930492954
