6053459418887544e-27
41.24692192778132
.15499373237798256
.2971902932585192
11.809916985138464
.3657723635971439
5.635960533947668
.20960913422418367
.003149108088431778
.32534675878658964
.027506482394964813
8.487342212898714
.7489663686998709
.6185138898649869
.008496327137757765
8.276392500149367
.9957022095056302
.0042054184040352495
.07517875101347787
.004760734476933617
.0017354044880316401
.04395722120052081
.0001478563336504926
18729355256831216e-21
.2677377814083666
4140961230625832e-23
11304110312726759e-30
.0051107251161766724
.006376235043128309
.006120434952161245
.0022778465799255633
.00018521390392981624
.013980484051122694
.0013598629820487217
.010228136971533554
34584693726336046e-21
.000480946109676295
.002807811979474621
.0004759580289072878
.005466297964822265
1527348276207496e-20
8.894836120117308
14.216732748367708
.0058368377274655965
58881506012078146e-21
.1282628211224791
.007222898258979491
.007405746623130822
.39721000863859196
8332439776332889e-26
.43406937360061193
24631122337119127e-27
3.714817433442491
17.43998826029621
1474446654438178e-24
21580281348983308e-26
.0077290843246584475
2.928672783896674
14.025717392626024
26014555896501093e-27
2497656850386149e-26
40.249407930767596
27.007245778108608
8.955020979357576
.0026071793964916614
.0005915465304019748
.001400393665123128
.006574876387584581
536329177861145e-23
0
7575757396554465e-27
23.47287803045937
3.5742470278743714
9.987842685960056
16.45904710863638
.0015204209847474045
.00822523109284487
.00046792891446098637
2.0811152624822333
.0004072043863108994
.0036787346074399958
.01214333107583759
.0015987456268017706
.9183757234952957
1.5171293617989137
.00011902397195522103
.027680490818158657
1.2269383550037936
1.798840496247899
3.1846207835600597
.003616594923692884
.00046817579915064527
.6015341876684407
.747087715707366
10618507396324046e-27
.49504313132578776
.8064748300570564
2.2746769723137064
2.7678242784391083
3031938465935036e-25
5.872923800195177
2.0252172114655638
.5111473210266531
1.1018230753177427
1.0037316781881713
.0008066333787345771
49.99999999991929
8.206084956336207
.46039873764932715
.0644868942407627
607245999828065e-27
7343146528398163e-30
33182008300422972e-25
5.130427412090408
.010098351839467161
.0005458427497971075
.5595520780371362
.0013068552626161992
.00023497619638067826
.015700873464850534
3298707433860504e-30
0
0
0
0
0
0
0
0
0
0
0
0
0
0
0
0
0
0
0
1.828646603444217
0
0
0
0
.6078468199131742
1330.310895822084
.004577184828784385
.11207759844071653
.018867532377821336
.22590372771900274
.5744595369374298
1.021414115544161
1.4564732061361716
1.3877946519360524
.007829302327422037
5.652811750293576
6.178999810972795
.1447573306436237
.37163775248871295
5.352783905157648
3.823752560864777
880146838479744e-25
15349285279054897e-26
.01999999999999758
.01999999999999758
.9999999999939465
7.999999999612578
.01999999999999758
.01999999999999758
.01999999999999758
.01999999999999758
.01999999999999758
.01999999999999758
.01999999999999758
.01999999999999758
.01999999999999758
.01999999999999758
.01999999999999758
.01999999999999758
.01999999999999758
.01999999999999758
.01999999999999758
.01999999999999758
.01999999999999758
.01999999999999758
.01999999999999758
.01999999999999758
.01999999999999758
.01999999999999758
.01999999999999758
.01999999999999758
.01999999999999758
.01999999999999758
.01999999999999758
.01999999999999758
.01999999999999758
.01999999999999758
.01999999999999758
.01999999999999758
.01999999999999758
.01999999999999758
.01999999999999758
.01999999999999758
.01999999999999758
.01999999999999758
.01999999999999758
.01999999999999758
.01999999999999758
.01999999999999758
.01999999999999758
.01999999999999758
.49999999999848665
3.9999999999031446
.01999999999999758
3.9999999999031446
.24999999999962166
.09999999999993947
.01999999999999758
.01999999999999758
2.999999999945519
.01999999999999758
.01999999999999758
.01999999999999758
.01999999999999758
.01999999999999758
.01999999999999758
.01999999999999758
.01999999999999758
.01999999999999758
.01999999999999758
1.4999999999863798
.01999999999999758
.01999999999999758
.01999999999999758
.01999999999999758
.01999999999999758
.01999999999999758
.01999999999999758
.01999999999999758
.01999999999999758
.01999999999999758
.01999999999999758
.01999999999999758
.01999999999999758
.01999999999999758
.01999999999999758
.01999999999999758
.01999999999999758
.01999999999999758
.49999999999848665
.49999999999848665
.24999999999962166
.01999999999999758
.01999999999999758
.01999999999999758
.01999999999999758
.24999999999962166
2.499999999962166
.3499999999992584
.01999999999999758
.49999999999848665
.01999999999999758
.01999999999999758
.01999999999999758
.01999999999999758
.01999999999999758
2.999999999945519
.01999999999999758
.01999999999999758
.19999999999975787
.01999999999999758
.9999999999939465
.01999999999999758
.01999999999999758
3.9999999999031446
.01999999999999758
.01999999999999758
.01999999999999758
.1499999999998638
.01999999999999758
.01999999999999758
.01999999999999758
.01999999999999758
.01999999999999758
.01999999999999758
.01999999999999758
.01999999999999758
.01999999999999758
.01999999999999758
.01999999999999758
.01999999999999758
.01999999999999758
.01999999999999758
.01999999999999758
.01999999999999758
.01999999999999758
.01999999999999758
.01999999999999758
.01999999999999758
.01999999999999758
.01999999999999758
.01999999999999758
.1499999999998638
.01999999999999758
.01999999999999758
.01999999999999758
.01999999999999758
.01999999999999758
.01999999999999758
.01999999999999758
.01999999999999758
.01999999999999758
.01999999999999758
.9999999999939465
.2999999999994552
1.4999999999863798
.01999999999999758
1e-12
.3299999999993408
.3299999999993408
1.4999999999863798
1.4999999999863798
.9999999999939465
.9999999999939465
.9999999999939465
.9999999999939465
