1.4910036719336541
.5718152837811951
.00904002928466588
.001800552671409332
35320093248187587e-22
.02262654919661912
6.676909684297295
.7133295712756367
.05839578030238818
.07751683894268625
.06855656124103061
4.7619219198768326
.7138489956662771
.3546146293164639
.005108555485256539
2.991163131296187
.32720480260118806
.003439987262851496
.0730824429156596
.005123768403598628
.0018677920142453454
.010142331484068809
.00018457933242030554
.002658474889093684
.2804925751572429
17.030401052515227
.00014370796414509975
.0056464792873125065
.006127718215894093
.005974573869561048
14211018850098171e-22
.0001797723806027347
.01356971902105955
.0013196724652453462
.0099276380018213
1963279824612284e-20
.0022051283591229772
.0027246328919466227
.0002790994861478717
.005297551327017179
29958361929032165e-21
.006002120077517029
.006303350310675931
.02067799529118202
.00035074921511574214
.12157966363414192
.0074607938175813215
.0008310087159605758
.04317576477678013
.2890571150289042
.0010941145695372975
.5657279886535133
.009296946953926294
11.897635023118655
11.106443210623516
1.3680934541406833
.007450593471321834
.06484227032228021
.07180466999903891
.20990427879341525
.1327189475449028
30.11995104088461
23.766946120678767
8.106095947492388
.0024146707706914424
.000489728010682378
.0014033040113629897
.006267571127273761
3.5167931677827218
8.032026417786847
.020720876899074366
22.137888276640012
3.472235734511076
9.643757389896702
20.771114540789934
.0014744246502360018
.009268380839828373
.000784127992896319
2.1317667072471997
.0003322586255604546
.0029785893792051705
.01189618382703083
.00037601040781832693
.9620605280629639
.680986413918209
27242873029059128e-21
.00820873901347255
.7945793092547263
.7126316124163642
3.3363677806145464
.0001753446585497882
6185013579387606e-20
.5803994987392134
.7995545380830998
.07565596900194099
.010759450003311726
.2980833477501583
1.6949220283922226
1.5846311737175438
1.9775132922200893
1.6113831795191784
2.0879522213591883
.02582773231089412
.037506795484137254
.010443775658907636
.00015971584009854192
6.298151208694997
6.069796261577972
.5581297192407286
.01745344728757531
.004301878133687289
7102406374572166e-20
.0006079104573291401
.10186799585217717
.02087426914878655
.0009014127110029589
.47764884285199505
5282824511655446e-20
.00023363772071331422
.035259915214702106
21441326123457934e-21
0
0
0
0
0
0
0
0
0
0
0
0
0
0
0
0
0
0
0
.7597987799130389
0
0
0
0
.5385222352793249
1291.2265721393123
.00444270786256099
.10878477632762869
.018313207261139313
.21926671193341224
.11698433524829949
.6417472903242796
.14689384501217181
.39040671062997023
.0061611510245830284
2.8404877065265417
3.2885336059805037
.015416445068057812
.039642452002960286
.8786426117128874
.6241976929443154
.24389833271360062
.4255367316167819
.019412403163716476
.019412403163716476
.2251465619235342
52815206434604825e-21
.019412403163716476
.019412403163716476
.019412403163716476
.019412403163716476
.019412403163716476
.019412403163716476
.019412403163716476
.019412403163716476
.019412403163716476
.019412403163716476
.019412403163716476
.019412403163716476
.019412403163716476
.019412403163716476
.019412403163716476
.019412403163716476
.019412403163716476
.019412403163716476
.019412403163716476
.019412403163716476
.019412403163716476
.019412403163716476
.019412403163716476
.019412403163716476
.019412403163716476
.019412403163716476
.019412403163716476
.019412403163716476
.019412403163716476
.019412403163716476
.019412403163716476
.019412403163716476
.019412403163716476
.019412403163716476
.019412403163716476
.019412403163716476
.019412403163716476
.019412403163716476
.019412403163716476
.019412403163716476
.019412403163716476
.019412403163716476
.019412403163716476
.019412403163716476
.23724806026932713
.010278058926738606
.019412403163716476
.010278058926738606
.17220919708267615
.08614826459679498
.019412403163716476
.019412403163716476
.03423848162100341
.019412403163716476
.019412403163716476
.019412403163716476
.019412403163716476
.019412403163716476
.019412403163716476
.019412403163716476
.019412403163716476
.019412403163716476
.019412403163716476
.16024672403826404
.019412403163716476
.019412403163716476
.019412403163716476
.019412403163716476
.019412403163716476
.019412403163716476
.019412403163716476
.019412403163716476
.019412403163716476
.019412403163716476
.019412403163716476
.019412403163716476
.019412403163716476
.019412403163716476
.019412403163716476
.019412403163716476
.019412403163716476
.019412403163716476
.23724806026932713
.23724806026932713
.17220919708267615
.019412403163716476
.019412403163716476
.019412403163716476
.019412403163716476
.17220919708267615
.06013151898834608
.20769732864380502
.019412403163716476
.23724806026932713
.019412403163716476
.019412403163716476
.019412403163716476
.019412403163716476
.019412403163716476
.03423848162100341
.019412403163716476
.019412403163716476
.1484304698606282
.019412403163716476
.2251465619235342
.019412403163716476
.019412403163716476
.010278058926738606
.019412403163716476
.019412403163716476
.019412403163716476
.11993917548409676
.019412403163716476
.019412403163716476
.019412403163716476
.019412403163716476
.019412403163716476
.019412403163716476
.019412403163716476
.019412403163716476
.019412403163716476
.019412403163716476
.019412403163716476
.019412403163716476
.019412403163716476
.019412403163716476
.019412403163716476
.019412403163716476
.019412403163716476
.019412403163716476
.019412403163716476
.019412403163716476
.019412403163716476
.019412403163716476
.019412403163716476
.11993917548409676
.019412403163716476
.019412403163716476
.019412403163716476
.019412403163716476
.019412403163716476
.019412403163716476
.019412403163716476
.019412403163716476
.019412403163716476
.019412403163716476
.2251465619235342
.19180541086696715
.16024672403826404
.019412403163716476
9999999999985088e-28
.20175648343993238
.20175648343993238
.16024672403826404
.16024672403826404
.2251465619235342
.2251465619235342
.2251465619235342
.2251465619235342
