1.5079034555585122
.5255779801655147
.008490081172050397
.0016656823119385058
2898606115538515e-21
.021294333346764324
6.673284474128155
.7141022907938631
.05847957730521868
.0757025323469952
.06856588856100204
4.6086912913748765
.7135144581235309
.3433515807078973
.004955878008730569
2.8650527142058073
.312493732081107
.0034319050430079274
.07305707110891287
.005126226565847495
.0018686885398654512
.009916294836336785
.0001806638646867367
.002654957760745844
.27393666800193367
17.175171977571427
.00014104178817493014
.005643944541687713
.006125119670470958
.00597273999846517
14196436950072105e-22
.00017971162891875853
.013565133055487578
.0013192235089173577
.009924283091983618
1899872083571406e-20
.0022090153006176054
.00272370352309161
.0002704913937343967
.005295671411488861
28978069998218508e-21
.005995870693153816
.006247263884276929
.02073919011687822
.0003537025000884299
.12153108203957957
.007460469926166463
.0008258212700479155
.042746863263129715
.2835724953974152
.001022058565143052
.5642782653061069
.00869368055570834
11.85304164137544
11.074025306215349
1.366380386139079
.007447736930081239
.06166539480407241
.06827735645371719
.20958904964657823
.13257441660889915
29.89462059255317
23.556474995612998
8.056542310415303
.0024106536860384028
.000486949050124728
.0014050209178102222
.0062514827098500885
3.299061797708293
7.964327305954777
.020242702843762696
22.13028523732954
3.471033649415219
9.634712997127487
20.7642832902022
.0014738696609784955
.00926820361391054
.0007838593111208684
2.1316639047524073
.00033146668726383806
.0029713465707131787
.011892766847875326
.0003674216561298035
.9615901244373578
.6657939734160812
27092335966702305e-21
.007989637421751622
.78997594422012
.7093859902206463
3.3269913714702146
.00017410552806737534
639632587431951e-19
.5798640444801086
.800185151627681
.07637307335647762
.010333103033122047
.29694839462393896
1.692647351073913
1.5806150853447718
1.9344841965889663
1.6092132184954893
2.0871210159659395
.025686798182059656
.03718919885111712
.009934066059777223
.00015936456239377597
6.258367774871562
6.0484119058810055
.5576835939112906
.01718766052233833
.0041928238432193485
6932513368517333e-20
.0005563684245314251
.10082869769535081
.020823207511626425
.000898233088539201
.47642722254815595
5237003391767059e-20
.00023362271802552568
.03516717246518882
2100253780630749e-20
0
0
0
0
0
0
0
0
0
0
0
0
0
0
0
0
0
0
0
.7473018597758405
0
0
0
0
.5369548303620135
1290.7902168929625
.004441206500270548
.10874801375714123
.0183070185222779
.21919261325687753
.11488540279987298
.6385476787328118
.14318156027592016
.3899302337571987
.00615236791073069
2.845792751907602
3.2879409077883643
.015086808870577822
.03878485293409896
.8755536562804602
.6221602301825204
.2435990953595587
.425012904436791
.019405842964176353
.019405842964176353
.2213736046220608
4613633870090771e-20
.019405842964176353
.019405842964176353
.019405842964176353
.019405842964176353
.019405842964176353
.019405842964176353
.019405842964176353
.019405842964176353
.019405842964176353
.019405842964176353
.019405842964176353
.019405842964176353
.019405842964176353
.019405842964176353
.019405842964176353
.019405842964176353
.019405842964176353
.019405842964176353
.019405842964176353
.019405842964176353
.019405842964176353
.019405842964176353
.019405842964176353
.019405842964176353
.019405842964176353
.019405842964176353
.019405842964176353
.019405842964176353
.019405842964176353
.019405842964176353
.019405842964176353
.019405842964176353
.019405842964176353
.019405842964176353
.019405842964176353
.019405842964176353
.019405842964176353
.019405842964176353
.019405842964176353
.019405842964176353
.019405842964176353
.019405842964176353
.019405842964176353
.019405842964176353
.23525178585669762
.00960623448115042
.019405842964176353
.00960623448115042
.17148315735972094
.08600279884526815
.019405842964176353
.019405842964176353
.032545882354116304
.019405842964176353
.019405842964176353
.019405842964176353
.019405842964176353
.019405842964176353
.019405842964176353
.019405842964176353
.019405842964176353
.019405842964176353
.019405842964176353
.15623557703725507
.019405842964176353
.019405842964176353
.019405842964176353
.019405842964176353
.019405842964176353
.019405842964176353
.019405842964176353
.019405842964176353
.019405842964176353
.019405842964176353
.019405842964176353
.019405842964176353
.019405842964176353
.019405842964176353
.019405842964176353
.019405842964176353
.019405842964176353
.019405842964176353
.23525178585669762
.23525178585669762
.17148315735972094
.019405842964176353
.019405842964176353
.019405842964176353
.019405842964176353
.17148315735972094
.057643914905958014
.20647244080466237
.019405842964176353
.23525178585669762
.019405842964176353
.019405842964176353
.019405842964176353
.019405842964176353
.019405842964176353
.032545882354116304
.019405842964176353
.019405842964176353
.1479296281842339
.019405842964176353
.2213736046220608
.019405842964176353
.019405842964176353
.00960623448115042
.019405842964176353
.019405842964176353
.019405842964176353
.11963551860979316
.019405842964176353
.019405842964176353
.019405842964176353
.019405842964176353
.019405842964176353
.019405842964176353
.019405842964176353
.019405842964176353
.019405842964176353
.019405842964176353
.019405842964176353
.019405842964176353
.019405842964176353
.019405842964176353
.019405842964176353
.019405842964176353
.019405842964176353
.019405842964176353
.019405842964176353
.019405842964176353
.019405842964176353
.019405842964176353
.019405842964176353
.11963551860979316
.019405842964176353
.019405842964176353
.019405842964176353
.019405842964176353
.019405842964176353
.019405842964176353
.019405842964176353
.019405842964176353
.019405842964176353
.019405842964176353
.2213736046220608
.19083543083007662
.15623557703725507
.019405842964176353
999999999998492e-27
.20063443364194733
.20063443364194733
.15623557703725507
.15623557703725507
.2213736046220608
.2213736046220608
.2213736046220608
.2213736046220608
