1.5033355898849334
.5376125425603658
.008635156715728964
.0017009643991827057
305739062061238e-20
.021644735438797216
6.67426587292007
.7138953156075621
.05846200702000864
.07618287146927222
.06856349932565076
4.649925993168097
.7136046422564934
.34638348304308825
.00499703551315498
2.8990843949336766
.31645856539820894
.00343435093546215
.07306393196041581
.005125564028125266
.0018684469030312496
.00997626176466363
.0001817055774902848
.0026561527823015956
.2756744463813535
17.13658931846884
.00014180855079159616
.0056446305005479714
.00612582196832651
.005973235824599203
14200216791537373e-22
.00017972804754976088
.013566372449544896
.0013193448429019638
.009925189783338976
19169338600599296e-21
.0022079727566686924
.0027239546922863712
.00027281018964742473
.005296179466214827
29241788936127395e-21
.005997491546935041
.0062615773355210605
.020722646854002536
.0003529049818328604
.12154419933197816
.007460566775087242
.0008272578076395435
.04286510031812054
.2850781064590291
.0010410635551889394
.5646701499277208
.008852766654147502
11.86507783652597
11.08280684962991
1.3668459787922844
.007448507808494217
.0625085661339911
.06921360491104182
.20967473813121107
.13261368626306402
29.955525468200886
23.6135538271228
8.069918211853258
.0024118980251898905
.00048774723998263697
.0014045580551721372
.006255897689918162
3.357667322815182
7.982965327038848
.0203753204521607
22.132340652460172
3.4713585332924013
9.637253311773845
20.76612638933758
.0014740197941126927
.009268255286723606
.0007839315304273108
2.1316915016756353
.0003317070597598948
.002973540863288128
.011893690971398243
.00036973429801142596
.9617910701643527
.6699438729091932
27135479732470234e-21
.008048551309149915
.7912811390966364
.7103221414884404
3.3295326258540583
.00017443904868802746
6310409671822388e-20
.5800143688152637
.8000214610527895
.07618476272709458
.010447390987735313
.2972666597593063
1.693263584806451
1.581701327433119
1.9464434748153083
1.6099121584470515
2.0873457585436777
.025726818502652547
.037276995099127325
.010069345863515728
.00015946698383553863
6.2693767878846876
6.054216332368136
.5578059770444213
.017260501207084746
.004223052217398486
6979765518262104e-20
.0005699679364277678
.10111531705456908
.020837014580853044
.0008991643232529516
.4767572146864335
5249725748471705e-20
.00023364411244656546
.03519225396329357
2112454214162709e-20
0
0
0
0
0
0
0
0
0
0
0
0
0
0
0
0
0
0
0
.7506697413721902
0
0
0
0
.5373851083233717
1290.9081454061673
.004441612255499056
.10875794913735136
.018308691078706738
.21921263901989352
.11545431474771327
.6394112954813059
.14417564128083316
.3900570964756774
.0061547681473306725
2.8417611902405313
3.2859249801489168
.015175276444913822
.03901498344443097
.876388747349034
.622710991586271
.2436809172802616
.42515614823083886
.0194076159108398
.0194076159108398
.2223871225554386
4785347237687903e-20
.0194076159108398
.0194076159108398
.0194076159108398
.0194076159108398
.0194076159108398
.0194076159108398
.0194076159108398
.0194076159108398
.0194076159108398
.0194076159108398
.0194076159108398
.0194076159108398
.0194076159108398
.0194076159108398
.0194076159108398
.0194076159108398
.0194076159108398
.0194076159108398
.0194076159108398
.0194076159108398
.0194076159108398
.0194076159108398
.0194076159108398
.0194076159108398
.0194076159108398
.0194076159108398
.0194076159108398
.0194076159108398
.0194076159108398
.0194076159108398
.0194076159108398
.0194076159108398
.0194076159108398
.0194076159108398
.0194076159108398
.0194076159108398
.0194076159108398
.0194076159108398
.0194076159108398
.0194076159108398
.0194076159108398
.0194076159108398
.0194076159108398
.0194076159108398
.23578969918043938
.0097833675644564
.0194076159108398
.0097833675644564
.17167909722382474
.08604209274231478
.0194076159108398
.0194076159108398
.032994947785794884
.0194076159108398
.0194076159108398
.0194076159108398
.0194076159108398
.0194076159108398
.0194076159108398
.0194076159108398
.0194076159108398
.0194076159108398
.0194076159108398
.15730974752186166
.0194076159108398
.0194076159108398
.0194076159108398
.0194076159108398
.0194076159108398
.0194076159108398
.0194076159108398
.0194076159108398
.0194076159108398
.0194076159108398
.0194076159108398
.0194076159108398
.0194076159108398
.0194076159108398
.0194076159108398
.0194076159108398
.0194076159108398
.0194076159108398
.23578969918043938
.23578969918043938
.17167909722382474
.0194076159108398
.0194076159108398
.0194076159108398
.0194076159108398
.17167909722382474
.0583059619805569
.20680280324947814
.0194076159108398
.23578969918043938
.0194076159108398
.0194076159108398
.0194076159108398
.0194076159108398
.0194076159108398
.032994947785794884
.0194076159108398
.0194076159108398
.14806483446938257
.0194076159108398
.2223871225554386
.0194076159108398
.0194076159108398
.0097833675644564
.0194076159108398
.0194076159108398
.0194076159108398
.11971751854575682
.0194076159108398
.0194076159108398
.0194076159108398
.0194076159108398
.0194076159108398
.0194076159108398
.0194076159108398
.0194076159108398
.0194076159108398
.0194076159108398
.0194076159108398
.0194076159108398
.0194076159108398
.0194076159108398
.0194076159108398
.0194076159108398
.0194076159108398
.0194076159108398
.0194076159108398
.0194076159108398
.0194076159108398
.0194076159108398
.0194076159108398
.11971751854575682
.0194076159108398
.0194076159108398
.0194076159108398
.0194076159108398
.0194076159108398
.0194076159108398
.0194076159108398
.0194076159108398
.0194076159108398
.0194076159108398
.2223871225554386
.19109712327965475
.15730974752186166
.0194076159108398
9999999999984965e-28
.20093709717847105
.20093709717847105
.15730974752186166
.15730974752186166
.2223871225554386
.2223871225554386
.2223871225554386
.2223871225554386
