.0002887828367083816
.05485808647384647
-7714185134667272e-21
-172315841282372e-19
-.0005789584125144512
-20073350632088396e-23
-33355227155104353e-23
-6983894077508706e-22
.03437271333165669
-.0005611897846944617
.009387274258986767
.01803997219493385
-10580475588924219e-23
-1571655140246387e-23
.03520446471765944
5732944844590163e-20
-.0007027073001659748
-6424617923574191e-20
-.011933402102179018
.0002887347488206751
-.015825880766932872
-.0006315405872615407
-.005362102331644831
.03389168069992427
-.021965691748016273
.015822053542358487
-.01897949812954975
-.017025517635772532
.015005885901536195
.05060814346486968
32788341640138647e-24
4403608278160839e-23
.0006987014699369253
.0005165629555281572
