0
40.53229241068606
.16336435829271456
.3013824339453156
12.170030944743825
.3766638717302744
5.748084798639289
.21485945709679632
.003259877726761653
.3145179378871477
.02787279940407831
8.331593246551543
.7300698371173294
.6111788478815439
.00873215574127725
7.943686924098024
.9799038353381815
.003868800809390232
.07885352298697912
.004050349984975848
.0018849037850819405
.04089749106554832
.00013240898590602637
114010213008996e-19
.2764452740798668
0
0
.005222988449879608
.006509065338119958
.006001953802701759
.0022519841981861527
.00018704544683194264
.013672945127883775
.0013066115677750306
.010843150296839093
3360853287958816e-20
.0004629112149852388
.0028848917064147
.0005180900422666544
.005229991693204212
16390474241335703e-21
9.277868225541647
14.770670374888157
.005537762473604143
5910715299135393e-20
.11962745196328009
.007644837541759075
.007209831850307146
.3697127415136453
0
.48385698812867184
0
3.999992147281941
18.39115171964927
0
0
.007286108997263192
2.5726961284560366
14.152473244241458
0
0
41.82513607747985
26.760071847358397
8.976843860271805
.0024914715381420005
.0006127946825285677
.0014570364625226696
.006504446663073357
0
0
0
23.439577949005518
3.5270680808343085
8.99907119299602
17.651216405156166
.0015886461229184655
.008911968917852835
.0004071149933368852
2.2408284024337815
.00038500606309737625
.0036905856155314714
.011464678128433837
.001608964960253362
.8898345334353546
1.515933289885803
.00014104298047053614
.026039090353306996
1.3029760112709103
1.5584927553235541
3.2091837267316112
.003805173689068041
.000442099678322505
.6123760638167698
.8127000008874293
0
.4864651134718111
.8080462982940501
2.1315321959394398
2.6114466157280267
0
5.696683523277178
1.9843917506364992
.5238122779256839
1.1122151930537907
.9740842385431349
.0007769390184076412
48.85788245464668
8.052857079931238
.45527826069785976
.06318046859210752
0
0
0
5.481286568196457
.009507154784932628
.0005392606072285509
.5072424383948303
.0013628490474660775
.00025635433256200206
.016283924858769335
0
0
0
0
0
0
0
0
0
0
0
0
0
0
0
0
0
0
0
0
1.8076058674782993
0
0
0
0
.5987265803489369
1335.9701456606226
.004475736904850694
.10523974504569861
.018208545213973443
.2176909365730292
.557003740584703
1.0398811065913232
1.3316517823624185
1.4047068973274286
.007610020976978753
6.241348521374477
6.016188584120214
.1404916010544097
.35025057990271113
5.196201270306168
3.937725387296454
0
0
.02
.02
1
8
.02
.02
.02
.02
.02
.02
.02
.02
.02
.02
.02
.02
.02
.02
.02
.02
.02
.02
.02
.02
.02
.02
.02
.02
.02
.02
.02
.02
.02
.02
.02
.02
.02
.02
.02
.02
.02
.02
.02
.02
.02
.02
.02
.02
.5
4
.02
4
.25
.1
.02
.02
3
.02
.02
.02
.02
.02
.02
.02
.02
.02
.02
1.5
.02
.02
.02
.02
.02
.02
.02
.02
.02
.02
.02
.02
.02
.02
.02
.02
.02
.02
.5
.5
.25
.02
.02
.02
.02
.25
2.5
.35
.02
.5
.02
.02
.02
.02
.02
3
.02
.02
.2
.02
1
.02
.02
4
.02
.02
.02
.15
.02
.02
.02
.02
.02
.02
.02
.02
.02
.02
.02
.02
.02
.02
.02
.02
.02
.02
.02
.02
.02
.02
.02
.15
.02
.02
.02
.02
.02
.02
.02
.02
.02
.02
1
.3
1.5
.02
1e-12
.33
.33
1.5
1.5
1
1
1
1
