45.716942922694
.31464259465072375
1.1116073480745936
49.30434913697478
1.3127824208173842
7.613089805291217
.8354101164932203
.1778774284236492
1.45887182751077
.07651395505923818
23.530522460415224
.7589641125812877
1.6845039387595089
.020680366233090105
9.582618303228115
11.069250763243685
.010814406432518115
.08135864063054395
.016305251516361877
.006662111454735734
.042866721972291605
.014586965614327055
.009593115043752248
1.6354376711009189
31.298011404869506
.004798966496280796
.006169845203008156
.0068810132968426104
.006378050173804197
.00517063192509818
.00017510499974572052
.013963236242765435
.0012546076197030905
.010931895629482852
.0002963792215303584
.004637707463834642
.0028245986508600293
.002381583970001835
.009108456691588041
.00020991690269035485
18.288346063782182
18.211700179642587
.028934446590920128
.003881569776610801
.14528070022906595
.009753527891199305
.0091685025459272
.6510989407051014
5.139742043014591
5.02486079282112
4.091061505910585
5.032737935266059
21.254302752176553
19.966474921370185
1.829286066656993
.007921012514997291
10.232337473085266
163.74686878673324
.3622203073657407
.16614387967636046
54.775604132974465
53.863495290337966
18.587238479802828
.005688456480473775
.002353346998364541
.0016967023172537211
.011281687948101471
79.12353530572814
77.16318970806267
.03775706941009707
28.70312077841479
3.418967639538913
107.35886294822143
33.53699420298117
.0015621014352511736
.010528933621997933
.0051275317248305466
2.6024067993676314
.0010428814296074296
.00988279254753735
.011404929556821826
.007992924931455161
10.836070306883283
23.577894876956083
.009238454737240496
.05192167666824224
27.287256872171035
133.27939840919606
7.486671172169415
.01515373500257158
.009176315660716493
4.909988258702708
1.5802267569303738
11.871567781406982
11.2170915948187
6.2944320106505245
7.759515900984967
6.697531057406789
3.8797530806174807
67.44087137164786
2.1647951969423214
7.96360681066236
5.211470028175529
2.5962271718945296
.003466578391209349
62.53487827303803
8.624400328222578
2.234606663883304
.4791808387247818
.017047714803477707
.00017164959722780831
50.44554749379799
101.19276273396244
.09781213614967714
.0032587334430921318
.628474569947161
.0063985759989220225
.006848611623655962
.19225374757155425
4402739967005626e-20
0
0
0
0
0
0
0
0
0
0
0
0
0
0
0
0
0
0
0
3.620015120381238
0
0
0
0
4.315380688714352
1325.9962642789158
.004757836540605483
.10596019464748144
.02044551303632739
.2246868526576349
.8092826396492001
1.114675578724065
1.5570163180691183
18.00344622171037
.016404259485164326
6.199060437606824
6.280486668255282
.3706205599569825
.8840880634673113
78.22353280887873
83.89038285795702
46.09908683153716
79.69981387579593
3.3729369044755404
2.2271773526966943
1.632631453238081
1.54815654954582
2.731768588980586
1.7704904288954448
2.57986132248768
2.1051901821143044
1.9331185504392294
2.3214158551123036
2.011088947004265
2.0152399168698403
1.460014212779629
2.111562296319437
1.6053482708909275
2.6183475091730637
1.8469551693898352
2.1664046379398845
2.240337941732967
1.7767520458055028
2.416368601205282
2.6973404314238025
2.674363604854245
2.1450139673913617
1.8888114429433556
2.5413831864492122
.025318268637687002
1.7740929212294834
2.327840955235761
5.937217473793244
2.024732390537468
2.0323395820078294
1.3408122214488303
3.0144183449821784
1.3947583534790722
1.5004659317778144
2.8885453082033465
1.2842481691298742
1.9686844840360471
1.577650839626078
1.9432578502141382
1.4425471127222202
1.7853127945033445
2.709475328214425
2.051565891015682
2.2585829066392074
1.8680701750729953
2.1876608049056383
1.6281247147876219
2.290127107574337
2.6555917404308738
3.0270192430166216
2.4777579614837957
2.0709598030634
2.0888192512225703
3.2488809873073756
2.4225637218469487
1.0725321819818676
2.6292270964325692
2.925900989255104
2.0813641551162054
1.1576414865007327
1.7275971270522181
1.7083640218037726
1.9349067558214146
1.5204003455089408
2.2407209017614944
2.163103118722213
1.828017589621222
1.7173361788886323
2.405257678912374
2.434221735362879
1.7309569664847793
2.362761632402178
2.5242449058379948
2.0524314910470682
2.406193458025631
2.220921777074276
2.022067618024124
2.849266661782549
2.213835606807353
1.8102565065348528
1.3175433783378427
1.5937831395791013
1.6142059629305638
.7248948595369752
.18208378999269184
2.099382555825045
.011894360835742199
2.505050219314579
2.1207843226269847
2.544071945797213
1.8915324495007195
.19614444147077068
1.4570633878162351
.1958902525328428
1.1477778374979122
3.1503233269067077
1.7480536561160531
1.805764810252813
1.847509880890576
2.1953837072168056
1.8080678068206524
2.0480588507565245
2.220339818942139
2.5452267248822285
.010081323124404743
1.9122585808497796
1.8997873682303252
1.4786360562941767
2.4396160872589596
1.800219386933379
1.3849029524299732
2.1541630224837442
1.922074298525439
2.033444699849491
1.850364037482226
.7061929738454656
1.7265169893548702
4.600215700413865
6.373841935240931
1.5184528627318266
2.149435950690486
2.501962719420662
2.4246386884982862
2.8328208216582795
1.981061755639165
.0085619769192701
1.3984766934228559
1.3413349420208647
2.8002662076810596
2.587068144697078
1.8476754942403923
2.0189604899387925
2.173997702032419
1.9726392853904984
2.8205012144582984
2.2591909599850357
2.417199768430345
1.6788186650923935
1.6663565134096332
2.211720926791747
1.295182914352477
.2180776116379765
2.148929921029634
5.7204773050960975
1.502361549883056
1.7949932154557418
2.1782774570819363
2.2130947168052204
.9845763829378198
1.6928802757146038
2.2126191656119087
2.16387338085981
2.1273955410240117
1.3882992255689222
2.0221161802922634
2.6019333729206813
1.8061149834864012
2.4970103257679956
1.5583653154879604
1.1404667199935794
1.490705846038605
2.038723836890909
2.2170847257114463
2.2378928342795343
2.582900927846868
1.3260259451073395
2.31546032736699
2.3009644976501447
2.3668716501217277
2.4234317767330307
1.7407841278935432
2.00222891859957
3.1760817125684886
1.8845654693627834
2.1150958837098073
.024401792206037727
1.9942503443149635
.057523275320895385
1.9308956660786036
1.9808330021987204
.5705610609675347
1.4912062538300848
2.210391094840378
1.257013003317757
.045882052089247755
1.963457212794022
1.1203573244366876
1.5695839692274445
2.0382098727248366
1.9032991114498974
1.6504170164037573
2.5849987381621147
2.9493376751578735
2.6669610481055335
.7126592613269607
.011463585698279927
1.9544179430549748
2.2286341415504887
2.020276506590067
.050850904275989796
2.324897044850168
1.6387150948056979
2.1145082098802273
1.2083090670994547
1.2055844458924723
.00636389095945404
.0043080451971591735
2.2938369291462903
.5657846393366189
.1450944676746428
.8707211011477621
.18567014526608633
2.1843739954664274
.10811983854515998
.09181737607730478
1.8443881606066557
.6033572201128798
8.343603314456333
2.146985695013506
2.2141874752718302
2.3717367982716477
2.341654264565301
2.258494247604725
2.0914306231706155
.11037410017290186
.17404882483898082
1.8254871456768824
2.802993076689689
1.0455699467268391
1.9881376075839299
2.29115992283663
1.9360336551359087
.010185392851951585
.27624244919081387
2.935531974297166
3.750518947175511
4.120289572702271
4.240543742270288
2.4052613950691484
.011490968934792234
2.81425585510288
1.2986125583052335
.015052012165790727
.01112944361483065
.16006101494958258
.012356432661939133
1.8395092045586523
2.6010953559581327
.01
1.8018528744662319
.013598363538567127
.007075035419644516
1.925131294194822
.008661095186411843
.007741777961623329
2.232549901609112
.007320745167645364
2.339462835185614
2.298664733154174
1.6893699213077182
1.6377995838355572
.009745583672418325
2.083184839323463
2.381025288855527
2.448385496572925
2.3595915162212866
2.1188137733732053
2.702744894040759
.010598148197239976
1.4444615436775268
.010530816178232384
.008448978066666155
.009798354974410938
.012198573615456438
.01061110410290761
1.5539839202763643
.08625734062809855
.06675033231052808
.009035656734291336
1.3833228938585793
2.138254205881357
.08936341569349603
2.057525528913254
1.5180510608341853
.06655653419746568
2.288375061704198
1.6714538149947562
1.7298623378523506
2.871880314683245
.008827906375127337
1.690387748232199
2.694679423950321
3.3119118525585054
.8408791651661711
1.5872408285481017
2.1222125077695115
1.5356142307531588
2.3416081564179203
1.7810982737249403
1.7909340900689459
2.1932981066609942
.008345912599278457
.20164296139200208
.20621604384163422
1.8798866176163387
1.4070368037060823
2.075005427481013
1.8019475290099087
1.4585209786400002
2.1083570075481504
2.194636886522312
1.7861843895593612
1.9260864544334884
2.1856446128441824
1.8647090378116777
.006229250285562417
1.6583629389194265
1.9997973928209076
1.7344545457946865
2.3303745259117385
3.236464909466684
1.6755997168460361
1.9961995315415004
1.8039968175749599
2.3140520211786595
.11099302768499315
1.8066985995600016
2.410200585115702
2.2680843448328454
1.5743941335354052
2.48489177914891
1.6351177359575364
.23252676465244695
.1504430691745763
.127027165240272
1.736713468398506
2.0643979044290326
2.019999799088579
2.4152645007982696
1.3786708025674494
1.8527571253393678
1.4937726567818044
2.07360223898294
2.281434983251639
1.7550885351853245
2.2758645149301473
2.377247944302777
2.031456411884678
2.22772127264654
3.0102840265207114
1.9890160640231138
1.9961336285884888
1.8298437205618987
1.41352092121066
1.9344837727402562
1.4705417017490177
2.121631255670518
1.7902761860823344
1.5146073261239277
2.2097355176995648
1.6700516315906537
2.284826207648021
1.3109747750692016
2.3295706915975445
1.5876593372735022
2.552914134044878
1.6520289866798465
2.1556558733220568
1.7132728367568633
2.0066395198469493
17.164279962073145
17.54372727839424
2.475065662088011
2.0732934686358795
1.7856806624653887
1.3721100889400895
1.5454064173835924
1.5122099960606723
2.730884619264364
1.8895470544515338
1.6615490484872881
2.297278596484592
1.9292508973926514
2.7510757256236094
1.8139589530276856
1.8703012857612578
1.512975505310307
1.8414848555839622
1.5466049037173901
1.8928437376852363
1.3717364481454566
2.0451480017270183
2.3530686638883482
1.1985042834142339
1.808199145172033
1.6509689721193006
2.1982436182594163
1.9789079002589192
2.7596068561557594
1.9851743671872035
2.174608783835405
2.5794881880616924
1.2657961095264756
2.548161825080217
11.037354434843959
1.7966193981117746
1.5956217786234475
1.718811946597572
3.4402966259573136
1.9050686308611644
2.035028954742629
2.794402346120508
1.595597575003532
1.7734591708989418
2.8627620635921955
1.48726675954122
3.113446142233316
2.5258118056513568
2.6528656192288858
1.9988348246504757
1.4343610648330092
1.7983428903701473
1.7364103321750721
.2704753281908971
2.8318439130394926
1.7532386937774553
2.354643360394373
1.7484359156694995
1.9292142398217944
2.453640659242677
2.0060504061727897
1.9677506066033223
1.9196959167754772
1.7247839323444207
1.426716858388932
1.8065124691786507
2.5456678779782997
1.7380650329723573
1.85978763222843
1.5790393475333317
1.655986902343061
2.381938052213606
2.904572029887234
1.9341946480824708
2.1715204037074014
1.901950349690233
2.3046228286127013
1.6424112115420262
1.2115618230786063
2.2299497824636165
1.7453356534619866
1.7055840757888172
2.326532687897393
.1679221170195332
1.0383822435373422
.12677294476375825
.9430021819529739
.10301115938398778
.8211505964779022
.09069473714690901
2.0306476369728865
.16381881980732255
2.603425220870381
.08890803780805256
.9209890127980953
5.743483573565619
.3469430901950863
.11147522351714445
1.332275697508044
.06974268737437393
.20326830858582398
.04194415463887406
.8847914818736815
.06778407410888652
1.1626775245346666
.10262830504000901
1.3333043827572622
.17557990570088575
.9767559571793913
.05315534318071168
.6839671599352442
.06228046018062256
1.4356680312614984
.00022409719981470355
.00043284770399651905
.11191979691010992
.11859926221569833
