.5280208618493095
.009824243660503601
.0016180786761595153
35423274530004344e-22
.02674445564387826
6.435666543263284
.6642096626560244
.059800781869699206
.057523380605393026
.07154974957969401
4.6979756531627865
.7371472320810979
.32910422105283793
.004653056827503549
2.856881503957008
.3126084557510205
.0036497773323212186
.07176607327367002
.004620753158075348
.002033491710080443
.008405995507701115
.00016054479219340372
.0027409404494340575
.29033143707592235
17.260208254581244
.00013988188857236178
.005610519548545842
.006284826509191189
.0054291234987859935
16867494181819448e-22
.00018489584510405908
.01328406875054406
.0011409951824289974
.0095758556822322
18236354234754065e-21
.0022391935331757366
.002881835495101753
.0002848114296266114
.004934003081538011
2871492635254433e-20
.005518133052386888
.00589540003094552
.01957300875024931
.0003928744663328073
.10703125947148774
.008273467541076598
.0008683318808599624
.04862471058475758
.3092249713313714
.0011161512026290467
.61022385588312
.009262505711913895
12.649691840001113
11.884609147070227
1.421864899504195
.0074071572533574315
.06330154894169263
.06920095456921736
.19840181029594306
.12377212807464523
29.8413207242903
23.245055359481604
8.652994213547473
.0023177409968535667
.00044065976630582385
.0014120884243918911
.005904394403967566
2.900945868074129
7.15253975445638
.02183716186896159
22.167711249488015
3.416943216722768
9.11927707487803
20.699558229523443
.0013905234353519343
.008829375440535575
.0006301283948873119
2.0530127368181463
.00035568010019026075
.0027663905681584483
.011140692899480026
.00038094033776541283
.9008716070924028
.7115276056086401
3155649982077839e-20
.0081715843196391
.9013823029715321
.8132062784617337
3.49290872210058
.0001960950822338273
6662451418783398e-20
.7327938299537397
.855914548796451
.08515107740690912
.010325032131994972
.290622575797947
1.7390576974317564
1.6182459262336644
2.124982053766474
1.5864478285694423
2.024608541292403
.029636891477967452
.03172552542903453
.009366517877594554
.0002041103442115705
6.34703426853015
6.171290858707115
.49481029605788834
.01802661477240768
.003666188755243166
5865647897342109e-20
.000486676946324035
.08623588979323259
.023245370375416866
.0008593763988336438
.4076409931347061
55566371233598315e-21
.00024244506408076659
.036803140637407215
2175810340965228e-20
0
0
0
0
0
0
0
0
0
0
0
0
0
0
0
0
0
0
0
.7349176127775642
0
0
0
0
.6172338275189134
1258.237338989463
.004108626610051715
.09521255984918564
.01794092417771435
.2232635368769546
.09195396137792776
.6085279123777189
.13343689983478282
.44217072092368115
.006373287741222657
3.0990295322781694
3.296138834256215
.015355781617784534
.041534225639502514
.9020668255824684
.6332795703838
.29639487801878844
.41548453669084257
.019404291532891978
.019404291532891978
.22049091682162456
4513904802796411e-20
.019404291532891978
.019404291532891978
.019404291532891978
.019404291532891978
.019404291532891978
.019404291532891978
.019404291532891978
.019404291532891978
.019404291532891978
.019404291532891978
.019404291532891978
.019404291532891978
.019404291532891978
.019404291532891978
.019404291532891978
.019404291532891978
.019404291532891978
.019404291532891978
.019404291532891978
.019404291532891978
.019404291532891978
.019404291532891978
.019404291532891978
.019404291532891978
.019404291532891978
.019404291532891978
.019404291532891978
.019404291532891978
.019404291532891978
.019404291532891978
.019404291532891978
.019404291532891978
.019404291532891978
.019404291532891978
.019404291532891978
.019404291532891978
.019404291532891978
.019404291532891978
.019404291532891978
.019404291532891978
.019404291532891978
.019404291532891978
.019404291532891978
.019404291532891978
.23478207896405284
.009459521649975941
.019404291532891978
.009459521649975941
.17131186885179658
.08596842620056053
.019404291532891978
.019404291532891978
.03216389361694079
.019404291532891978
.019404291532891978
.019404291532891978
.019404291532891978
.019404291532891978
.019404291532891978
.019404291532891978
.019404291532891978
.019404291532891978
.019404291532891978
.15530330351578692
.019404291532891978
.019404291532891978
.019404291532891978
.019404291532891978
.019404291532891978
.019404291532891978
.019404291532891978
.019404291532891978
.019404291532891978
.019404291532891978
.019404291532891978
.019404291532891978
.019404291532891978
.019404291532891978
.019404291532891978
.019404291532891978
.019404291532891978
.019404291532891978
.23478207896405284
.23478207896405284
.17131186885179658
.019404291532891978
.019404291532891978
.019404291532891978
.019404291532891978
.17131186885179658
.05707577660300922
.2061837694504277
.019404291532891978
.23478207896405284
.019404291532891978
.019404291532891978
.019404291532891978
.019404291532891978
.019404291532891978
.03216389361694079
.019404291532891978
.019404291532891978
.14781140651379332
.019404291532891978
.22049091682162456
.019404291532891978
.019404291532891978
.009459521649975941
.019404291532891978
.019404291532891978
.019404291532891978
.11956380397257299
.019404291532891978
.019404291532891978
.019404291532891978
.019404291532891978
.019404291532891978
.019404291532891978
.019404291532891978
.019404291532891978
.019404291532891978
.019404291532891978
.019404291532891978
.019404291532891978
.019404291532891978
.019404291532891978
.019404291532891978
.019404291532891978
.019404291532891978
.019404291532891978
.019404291532891978
.019404291532891978
.019404291532891978
.019404291532891978
.019404291532891978
.11956380397257299
.019404291532891978
.019404291532891978
.019404291532891978
.019404291532891978
.019404291532891978
.019404291532891978
.019404291532891978
.019404291532891978
.019404291532891978
.019404291532891978
.22049091682162456
.19060671251393205
.15530330351578692
.019404291532891978
999999999998489e-27
.20036994199956862
.20036994199956862
.15530330351578692
.15530330351578692
.22049091682162456
.22049091682162456
.22049091682162456
.22049091682162456
