41.03658370210432
.17433982508954748
.26354057747430715
12.549736777092948
.38945616120343457
5.587158684913576
.19570449757877545
.004722353604182221
.3060523175328652
.029668957388717672
8.384538071408116
.7738860096283076
.5748105548282927
.007724755415667407
8.35304785921449
.8851301128069533
.004337328441399584
.07383017886948343
.004294282649461035
.0018963314555510411
.04103945589656165
.00011798760151657569
22802765758601988e-21
.29219092943932695
0
0
.005054010590027387
.006544446970127268
.005559220551335461
.002621632045289124
.00019057208195020982
.013691905832017948
.0011762323397827106
.009869830715495617
32264377263709145e-21
.0005193940822395828
.0029710874341491384
.0004838739389519426
.005093150590884987
15155123823205798e-21
8.222582324639093
14.043539075290719
.006345500168382555
7218047256993731e-20
.11307762641513174
.008086990693517447
.007464267035592906
.4029374422949081
0
.4238540298352088
0
4.019291552096461
18.669360600753635
0
0
.007688687618551491
3.2098576905675533
16.821607158000347
0
0
44.94215521674171
25.699911161794187
9.362463183287517
.002425308112415573
.0004985307233796974
.0014488778860423778
.00605918962431703
0
0
0
23.206846326585925
3.518443183848178
8.317625648079334
17.908409949300538
.001433735654624862
.007829980015762546
.00045234977469870205
1.9929066221292888
.0004245824007523393
.003330219683586321
.01137961639294787
.0017164870561647639
.8257200091693104
1.3340258817025168
.0001438721966033744
.023886833330249265
1.3411780356198286
1.6005991774365904
3.0550980312704112
.004141700695529028
.00044998854400973387
.672669350282181
.801519265812513
0
.48282336684491256
.7536929414841171
2.2637351796037164
2.7575782580365704
0
6.08013655827044
1.963478454281345
.5872333176153103
1.0072280841851329
.9852237413579791
.0009436939885461999
47.916119490464645
8.367078328378394
.41597000052139954
.06534671529804059
0
0
0
4.495556065044451
.011463288554017115
.0005069905832774893
.4825222711879468
.0014785949777880187
.00023499420216331637
.016879133494860556
0
0
0
0
0
0
0
0
0
0
0
0
0
0
0
0
0
0
0
0
1.8758704714239884
0
0
0
0
.6355719289939545
1296.8650124191759
.0042347607518545384
.09813556932783864
.018491707514600993
.2301176896858134
.45752551956448
.9554294333370447
1.3551501146885425
1.5010770210900712
.007596378525097495
6.071446705467833
6.115701226793876
.1295667820531298
.3523584309108142
5.521487084218283
3.8979164888335687
0
0
.02
.02
1
8
.02
.02
.02
.02
.02
.02
.02
.02
.02
.02
.02
.02
.02
.02
.02
.02
.02
.02
.02
.02
.02
.02
.02
.02
.02
.02
.02
.02
.02
.02
.02
.02
.02
.02
.02
.02
.02
.02
.02
.02
.02
.02
.02
.02
.5
4
.02
4
.25
.1
.02
.02
3
.02
.02
.02
.02
.02
.02
.02
.02
.02
.02
1.5
.02
.02
.02
.02
.02
.02
.02
.02
.02
.02
.02
.02
.02
.02
.02
.02
.02
.02
.5
.5
.25
.02
.02
.02
.02
.25
2.5
.35
.02
.5
.02
.02
.02
.02
.02
3
.02
.02
.2
.02
1
.02
.02
4
.02
.02
.02
.15
.02
.02
.02
.02
.02
.02
.02
.02
.02
.02
.02
.02
.02
.02
.02
.02
.02
.02
.02
.02
.02
.02
.02
.15
.02
.02
.02
.02
.02
.02
.02
.02
.02
.02
1
.3
1.5
.02
1e-12
.33
.33
1.5
1.5
1
1
1
1
