46.18598001842947
.36372212296551915
1.04062335261308
51.177987862629436
1.3170705648332468
7.133837185521836
.8003171328385151
.19994077161252255
1.281149624637686
.08198868059189539
22.91451092219976
.8067268001957951
1.4793540401884493
.01772713497218041
10.037890921648803
11.651111685813643
.011274004928606763
.07964310779977075
.01731742722101315
.0069785634341292405
.04404434239266745
.012934783996280562
.009878142109443568
1.7961244551058015
29.323354402308283
.004040137364396446
.006184062711176918
.006890858425535749
.005807942175278565
.00601763050990481
.00019197484427865396
.013841952995032035
.0011903651786457884
.00995645111313937
.00026469174958498615
.004764515642204608
.003052114840094028
.0024837940132782094
.008226406361881839
.00020522637503392577
17.532381472282882
18.3335470366494
.028647113876009076
.004261682225528213
.1355427758551062
.010988599056716631
.009494354378763706
.6146225425277311
5.016387451689041
5.0416711972792205
3.6322734812562474
5.167748077362857
22.613530494046273
21.27526514574553
2.0764412326142296
.008388854683769537
9.797640879510146
170.77622241689556
.324567296002985
.17405208703663205
56.21696606730612
49.61092452270526
18.5356026135853
.005483987600465559
.0019434480466948153
.0017548942712699357
.009822623854128305
83.7123966336067
83.60782724420079
.043873134058866635
27.789776505707692
3.5510283717622877
103.9390505612132
34.23273758744936
.0014887735419426235
.009842675338206095
.00521366551478198
2.528549721336123
.0011635541691161445
.00929445230595267
.011696039062643401
.009019976146407883
10.95831868266361
22.730809307673816
.01054880522561737
.05092378471530382
28.029771048576972
138.2813440298747
7.8066529837216905
.018445736646524352
.010201970629006693
5.68725466096271
1.6220977918726276
12.971615689148296
10.648704692402195
6.258051799981792
8.786717803606903
6.791010964064375
4.293322021580798
61.25364555917448
2.1104255833432464
7.16214424584821
5.286871696904538
2.701145019667027
.0034111381974609874
59.35559612056517
8.754359574901779
2.041909488089605
.4752960262337418
.016500248205962326
.0001916225603696947
53.242259356982316
103.16496237210194
.10286391856141675
.0032078163109220056
.5762162254817594
.00715269365065245
.007552977258336772
.20072088488022818
4623524534262032e-20
0
0
0
0
0
0
0
0
0
0
0
0
0
0
0
0
0
0
0
3.3847389938440564
0
0
0
0
4.22760817477616
1296.8650124191759
.0042347607518545384
.09813556932783864
.018491707514600993
.2301176896858134
.7213493914307748
1.0878456161555436
1.5701275922922573
18.823996457150752
.015969661246404185
6.366953795988149
6.427598885937328
.33216266439550785
.8596883894967048
82.48717796196539
94.16810704972164
49.861260488613944
70.99335880210195
2.795478057031565
2.047151538315931
1.6605598525390284
1.711448040177024
2.451629319538323
1.6625915265626825
2.420086181863873
1.9877241271516808
1.8199918228008827
2.316400575258171
1.924724464577787
1.8414885098310276
1.4064361120561537
2.0475511909966055
1.5836692998952762
2.701254590899798
2.067773630155561
2.4693070936411634
2.0569154612930944
2.034753190920576
2.5212260097074526
2.912533901930687
2.5738663337815813
2.1148495864736594
1.6673984416660423
2.505651241035322
.023456686057044145
2.046723631909578
2.40287133816849
6.311549087080171
1.9459817885203687
1.974554409504127
1.3822784988302348
2.9315002209379073
1.3876973943231474
1.6597286826915072
2.7776155605511947
1.379799211894058
1.8687430064623494
1.5140855026126656
1.973754690955127
1.3920048168346266
1.7211876906546244
2.5703668295037585
1.9405263761412435
2.0416400885678723
1.960000605162157
2.2406697518821246
2.0241722507173683
2.3065510003319405
2.7501014515846984
2.742376007971108
2.3296826766615055
2.1292672647558812
1.9992576094083525
2.9612174473205415
2.303046614657527
1.0239403746273166
2.368754427500755
2.3374453456962168
2.183939935548085
1.3005972882104353
1.9231266078784814
1.781157174962058
2.0999780422045737
1.5370790079489447
2.157489984089788
2.211691059352616
1.9349420741792258
1.6166317705243713
2.542712014283719
2.4494004583943823
1.8387519933580672
2.0771273804221533
2.378583268138921
2.3615848564534123
2.451857351722753
2.2843732188200305
2.0713085735285426
2.7789273970420134
2.118906459644262
1.8365957821394276
1.3934958762998848
1.6536070166608268
1.6645283767402985
.6388314832446274
.1693004878079927
1.9217274068549828
.011229174067979438
2.5529409915859884
2.401428751801725
2.2722975543841533
1.9226035488253959
.194529028345613
1.4170392113768489
.2029946910875702
1.2846676483753787
2.629803441365167
1.7540938986524715
1.7575983861981714
2.0289670994114823
2.3191838646806855
1.7495464622489385
2.0172143524141166
2.163201961927629
2.3927475098353637
.012158484975024197
1.968991305850057
1.8757004052633812
1.4271910303110036
2.3245355510317727
1.7396982608352591
1.4258788730537546
2.242495769660349
2.1228030121489647
2.073632281280057
1.7892380152232832
.6783675770767867
1.7423292062071458
4.253942345792272
6.179679709648195
1.598277887061738
2.026464096120458
2.5666600306216316
2.657816216532266
2.7340465360612964
1.8863614201483838
.008009156951004657
1.6577213327921314
1.5405285851303836
2.7753108671450293
2.4391832478338773
2.011943360943024
1.9931316187787018
2.3601652491508975
1.9170309454143628
2.4324183228857943
2.1996247175846695
2.386225988171475
1.8765947797088112
1.5284380678390075
2.234174306993804
1.3167724681006694
.21444259872948915
2.1838387204154186
5.741796966810168
1.6179596101414218
1.8867226169399935
2.1232408695016294
2.6838613715475352
.8934952844336923
1.9181105071988291
2.13502469313572
2.039249279787854
2.3359217857283654
1.485386111232646
1.8696812267771759
2.4399447286474705
1.788174081798863
2.554243413327713
1.5558459312922064
1.2576713171921112
1.5757018140489507
1.8487991695857682
2.318913164943417
2.1123587081167434
2.393358212060684
1.1827139369615165
2.5568520929452907
2.222366928349682
2.290102001676466
2.5141203697054273
2.0108850346713756
2.003970513580196
2.5628231375792567
2.0068082690671543
2.0872391895821827
.026675853827356183
2.0206885534142343
.05551054152171234
1.8119561683405212
1.7898929960029297
.5389660949430672
1.339917236585369
1.9037491337671975
1.5014936119193456
.04695927169611984
2.093189872665604
1.0673974853036623
1.560291249322706
1.9801902593093699
1.797126966636897
1.6119893685615059
2.4405080957954333
3.230165735768253
2.9866880347354345
.7573356571818857
.010879060424574451
2.2833488461190368
2.1907137966219086
2.1033602588266147
.04760758303909447
2.6395343902087145
1.7140066250671975
2.3907421911057822
1.1223888522058838
1.344718751088664
.006266564462716763
.004145381942247596
2.223467205606565
.6134069723969774
.14093170119649656
.8803071848946663
.22644997052446064
2.380867443282275
.1133622941785504
.0999786319053089
1.8506263735441464
.597983961698598
7.770467428419256
2.065029082816975
2.3449584310312543
2.2543739642602625
2.265102582456091
2.094711749487654
2.067592735831062
.11786855340982559
.16265834085783176
1.8834966687519796
3.096554143207159
1.0557545412658582
1.7729870875842133
2.322076745639438
1.8806594156961667
.010242562593612855
.2888599707158816
2.7265579547131487
3.7056459523656122
4.548601196445724
4.484115165388762
2.4847412872674917
.010881723866092772
2.87409208182851
1.3615833529835681
.01468866050019846
.009974971599602526
.14651886865173644
.011855459623085872
1.9397175742609534
2.860181125155961
.01
1.7774768682628914
.014722167012971358
.007215987494160504
1.8342137073800033
.00916658835384782
.0074843821005468325
2.363539993715828
.006943497309706039
2.174746361575744
2.4010036120253404
1.8105628599161108
1.9295555462380332
.008997979156335578
2.175787158595532
2.5532156791945
2.5547358202549235
2.432063554905178
2.2849317751017675
2.471497642665235
.011253801653923989
1.460491914693089
.010063666234611997
.009525463932497232
.010502241201976615
.01277569501591231
.009574417630542563
1.4272249665340915
.08166388545905524
.07411801087733418
.008988532693864059
1.391530825045212
2.3622637006575853
.09568427351144297
1.8783483596491652
1.4774527925266765
.05573621866830002
2.18898147488257
1.5107054152996329
1.7801208242612276
2.9149313096142593
.00912516314100501
1.6241155166378793
2.605045374246741
3.4895592622250557
.7886667325234413
1.6586036667755635
2.1070858697560797
1.3900986180820725
1.9812376037292798
1.647173458838524
1.9025509770194915
1.8139525610936735
.009082195699578955
.20093188888615654
.20735125570894583
1.7925723250990262
1.495929840919896
1.871459255111027
1.693378242087416
1.4481769081224736
2.1939492603108524
1.8935345220425661
2.026375136379231
1.863446459992539
1.951229098875955
1.7648970924927116
.0066850485129289075
1.722840252587304
2.0465513514925524
1.9923368078784605
2.193679264657471
3.1762249064250185
1.7725513763380754
1.9712946131307059
1.7972205229426175
2.0519487754606547
.11691346215548273
2.009261853674639
2.460584162451364
2.617047821854894
1.5374964297782885
2.3016653076329536
1.6059147540843892
.230840259180704
.17059130053704716
.13626016990010958
1.703747840103211
1.9755572651658369
1.960283481238121
2.2462513807669797
1.4806035834446378
2.0614961633337106
1.3472761553343118
1.9698357186007593
2.2484803569646514
1.720058997578194
2.2502784517190766
2.445063508075884
2.191504103120319
2.6314051298960752
3.366873701792648
2.232491158407301
1.9473774507883586
1.860473150415387
1.1753124504919579
2.2941601099702185
1.6246645782031621
2.322217460697612
1.8327015589246947
1.5610103337156511
2.004682624246244
2.0797959572199396
2.2861600333769374
1.5794025387665467
2.1160172880738988
1.5939447729115437
2.3675749398472394
1.7966218520204777
2.1728190831028016
1.5771922193705754
1.9418092396374278
14.90592326762713
16.20266093050319
2.611158003861972
2.2989561509848873
1.897523343105469
1.520891049577292
1.4627620027415276
1.4744210651014993
2.642996806971747
1.7098109105866452
1.8314385925398404
2.157628175354719
1.8821188273052858
3.222605746121
1.7134166414034584
1.722498360819118
1.5994984059862332
1.9333259237094402
1.5469636741066513
1.6291067167237088
1.2895348331301364
1.8523898392222702
2.179541038936409
1.3142236888846794
1.884092822159092
1.4699792197334893
2.316281209482479
1.8613008078609745
2.6924199486748273
2.0244347508357237
1.8959352249143404
2.1865021150539334
1.2113456334427135
2.4234304093444394
10.967483496562501
1.9944735351934915
1.718959330992186
1.5614267106205575
3.322556795640438
1.9108865732571432
1.7495754431370711
2.6096702220337846
1.4738146003946004
1.9857862920570308
2.8742503580094074
1.584379179295291
3.229264386146137
2.4701208806872983
2.574411291346679
2.2114028414094413
1.4832834302699531
1.6845801566592846
1.6286663960768852
.2619947761000924
2.793214901650758
1.792355151904005
2.343909277120764
1.735408749464414
1.866323913825963
2.2984526175285294
1.9671373021664984
2.1008262138315623
1.9615704032858416
1.8420834241415238
1.3594248167699823
1.8661477411691514
2.2797040357021165
1.7254275878367398
1.806747129035748
1.3818563638915098
1.7735207844653953
2.525283868367299
2.7785914859380623
1.99503299892219
2.045299869107311
2.0199182086266867
1.9126445807644372
1.6650971033640896
1.3861408720226378
2.0852628851150694
1.9245449146641158
1.7138308088972565
2.358196385569477
.18305476775207588
.831290373422875
.11415117301982046
.9326971318988635
.10143932595417886
.8166550870722757
.09537643184611386
2.047767245536479
.16470443108038688
2.412846421550799
.09189946664514566
1.0024350087475569
5.483979250955649
.32398786719240463
.10870622979446201
1.232948321303614
.06418514767944852
.20033479965480536
.04136940393561336
.8527062371640949
.08180944633009044
1.0709995741385692
.1004488960603354
1.2101633807321686
.17321985969660825
.9717281065298086
.04793193806193704
.6617570018577608
.05629902649556333
1.4740720470975646
.00020149153426640365
.00038777514302433953
.09945670574459069
.12977268336792702
