6131406657424883e-27
39.574861117282246
.14446041047049082
.29404023972075816
11.44673383778851
.36094941432865785
5.652071418924677
.21056877914350777
.0030223100958491423
.3005087630492061
.0278406263240721
7.9686489171844705
.7480468127561655
.5821634985243413
.008293670348069465
7.8945095772393525
1.0576915848817134
.004078750635560242
.07640451192467686
.004360087737366861
.0018465436335910377
.04050856065971866
.00013370229483908582
981720738571075e-20
.2833521161159888
4181617618149325e-23
12652648426257847e-30
.005221070439844802
.006643583634593024
.005814506759388607
.00236922515728981
.00017997362615611916
.014970729140417683
.001386836874674313
.011031349014436143
3406149958068777e-20
.0004851465587917326
.0030224892919047024
.0005445890052104759
.005177572210828964
15820000567443466e-21
9.365715949896055
13.88716468039753
.006331140936057324
5860156931573744e-20
.12255252255877389
.007676849930398447
.007083011203343963
.36741378264305813
8461165896517343e-26
.4480406760286766
2840780148670858e-26
3.9628539823561684
18.33011015419497
14718363954655916e-25
21458231291194438e-26
.006847171461024632
2.8472874455458914
13.814285872961769
3009355532481138e-26
2258491232290744e-26
42.24835162439777
26.142963216842528
9.330826506482383
.0026458153801207254
.0005550997871973025
.0012891985506867458
.0066850881532646384
5288455213393037e-24
0
7123394686292528e-27
24.201130099950774
3.4874983699192352
9.799487165653549
16.983275939162567
.0015404552920115693
.008659933415959066
.0004347186758966357
2.0449985236294954
.0004005727506766875
.0034308110874362143
.011500225565961818
.001676517481160479
.9189162415627943
1.4668117793107887
.00013216435279672875
.025832080205233348
1.3633441011185325
1.5749656975726858
3.469223929654163
.003611931272345952
.000430979513888679
.6156036636656275
.7294225911932103
10977592744345192e-27
.49992057501036846
.7853659273136707
2.189909991779347
2.677699481475904
3353337334389125e-25
5.9308411704910915
1.9745856980956646
.5259904732878113
1.0742777005564292
.9372472313905762
.0007451079825223421
49.503391389901914
8.480621307345515
.47894212139211323
.06952777866791916
5935886396681225e-28
6542118457954727e-30
30939854208857986e-25
5.6012225720205775
.009668173790724887
.0005072745431915004
.527713777722471
.001258741961853569
.00022732090549660333
.015240597393044956
3119673103723939e-30
0
0
0
0
0
0
0
0
0
0
0
0
0
0
0
0
0
0
0
1.875102235078383
0
0
0
0
.6383134133352358
1316.275408910557
.004690709665610236
.10138831082213737
.019868335166976968
.22720919958544225
.538959188410953
1.0897004651223778
1.3777231968395722
1.2295949163881268
.007820191985154296
5.678972654157029
6.095727168699405
.13760741019441594
.3715228005331726
5.362185911053347
3.658397407111907
9176356371004796e-26
14942178356439638e-26
.019999999999997548
.019999999999997548
.9999999999938686
7.99999999960759
.019999999999997548
.019999999999997548
.019999999999997548
.019999999999997548
.019999999999997548
.019999999999997548
.019999999999997548
.019999999999997548
.019999999999997548
.019999999999997548
.019999999999997548
.019999999999997548
.019999999999997548
.019999999999997548
.019999999999997548
.019999999999997548
.019999999999997548
.019999999999997548
.019999999999997548
.019999999999997548
.019999999999997548
.019999999999997548
.019999999999997548
.019999999999997548
.019999999999997548
.019999999999997548
.019999999999997548
.019999999999997548
.019999999999997548
.019999999999997548
.019999999999997548
.019999999999997548
.019999999999997548
.019999999999997548
.019999999999997548
.019999999999997548
.019999999999997548
.019999999999997548
.019999999999997548
.019999999999997548
.019999999999997548
.019999999999997548
.019999999999997548
.019999999999997548
.49999999999846717
3.9999999999018976
.019999999999997548
3.9999999999018976
.24999999999961678
.0999999999999387
.019999999999997548
.019999999999997548
2.9999999999448175
.019999999999997548
.019999999999997548
.019999999999997548
.019999999999997548
.019999999999997548
.019999999999997548
.019999999999997548
.019999999999997548
.019999999999997548
.019999999999997548
1.4999999999862044
.019999999999997548
.019999999999997548
.019999999999997548
.019999999999997548
.019999999999997548
.019999999999997548
.019999999999997548
.019999999999997548
.019999999999997548
.019999999999997548
.019999999999997548
.019999999999997548
.019999999999997548
.019999999999997548
.019999999999997548
.019999999999997548
.019999999999997548
.019999999999997548
.49999999999846717
.49999999999846717
.24999999999961678
.019999999999997548
.019999999999997548
.019999999999997548
.019999999999997548
.24999999999961678
2.4999999999616787
.3499999999992489
.019999999999997548
.49999999999846717
.019999999999997548
.019999999999997548
.019999999999997548
.019999999999997548
.019999999999997548
2.9999999999448175
.019999999999997548
.019999999999997548
.19999999999975476
.019999999999997548
.9999999999938686
.019999999999997548
.019999999999997548
3.9999999999018976
.019999999999997548
.019999999999997548
.019999999999997548
.14999999999986205
.019999999999997548
.019999999999997548
.019999999999997548
.019999999999997548
.019999999999997548
.019999999999997548
.019999999999997548
.019999999999997548
.019999999999997548
.019999999999997548
.019999999999997548
.019999999999997548
.019999999999997548
.019999999999997548
.019999999999997548
.019999999999997548
.019999999999997548
.019999999999997548
.019999999999997548
.019999999999997548
.019999999999997548
.019999999999997548
.019999999999997548
.14999999999986205
.019999999999997548
.019999999999997548
.019999999999997548
.019999999999997548
.019999999999997548
.019999999999997548
.019999999999997548
.019999999999997548
.019999999999997548
.019999999999997548
.9999999999938686
.29999999999944815
1.4999999999862044
.019999999999997548
1e-12
.32999999999933227
.32999999999933227
1.4999999999862044
1.4999999999862044
.9999999999938686
.9999999999938686
.9999999999938686
.9999999999938686
