6173635475035072e-27
39.710079659256735
.15209991175683255
.3145106273887589
11.617726007749495
.3706236679680636
5.665838668426051
.20743044591517956
.003318361429508659
.31101386107011275
.027897712578580775
8.138706586167194
.717841752336734
.57567156740125
.00850067164629883
8.473555509410815
1.062599655642237
.004228098459417862
.07697743988569944
.004065973665449092
.0018741858870673527
.041978541884731886
.0001433102905384501
2282192674045048e-20
.29703887106312615
43475295789640174e-24
11633184520610259e-30
.005316056881642694
.006506312369857257
.0060943569965196944
.002296938152749662
.0001746018813260151
.014054178594022788
.0013646836917885353
.009836852577169512
3562993702503938e-20
.0004953945707243141
.002846445220904732
.0005291527575115937
.0050339006368423055
16342434372493934e-21
9.061138731045036
13.625916330224685
.005910008880084027
60993649489600025e-21
.11943367611067252
.007602585385447559
.007139508637625617
.3942899929736341
7848353301722206e-26
.43759407955607105
29062369193113093e-27
3.940444735434988
18.393274048133225
16634393854389569e-25
2356470538330554e-25
.007237847497465656
2.8139717649323557
14.913274295202802
24944324364055854e-27
22986678984710647e-27
42.62977502266349
25.803816941458077
9.581315617146272
.0025955604877806945
.0005966656728956157
.0013936971940823172
.006458193478046145
5201668471524584e-24
0
7296214646474069e-27
24.56224955140242
3.4615425091904974
9.063411816199839
18.0124143344514
.0015571290456136784
.008683590281673759
.0004537906230757082
2.06339495645528
.00038387609744354776
.0037361250716544214
.011454458219888965
.0016287492288444708
.8480957278150287
1.4896120107734672
.00012536759064477675
.026084189819032905
1.3764661038966854
1.6217319019330172
3.281510475811609
.003686701576030699
.00045114724265387035
.6459580415305015
.7804500327275417
11964224905786971e-27
.4737048126887811
.7554384578410471
2.130105005574827
2.781557087544299
30905771028926263e-26
5.780852592524263
2.0927542254455167
.5256825352364797
1.1353189110316566
.979388859118302
.000799811068028147
49.999999999917684
8.445919124843273
.48207967634162435
.06697906761404589
5969796810880606e-28
6653680049118647e-30
32491821318437834e-25
4.921989484655407
.010136636077292725
.0004997316045606986
.5120775070904139
.0013002612468086755
.0002318864377299588
.01593041238232976
31950531141635104e-31
0
0
0
0
0
0
0
0
0
0
0
0
0
0
0
0
0
0
0
1.8030877398211482
0
0
0
0
.6479278863893257
1321.5702688454055
.004645636615181222
.09817297651928703
.017819969282361455
.24194296686619066
.5516076267959443
.9919277987051102
1.410950744385976
1.464643556794564
.007598395319667205
5.885079748528684
6.066370892768579
.1504815001807839
.3644628168582411
5.305056491522063
3.7247149713690106
9263534094526699e-26
1650283390983728e-25
.01999999999999753
.01999999999999753
.9999999999938264
7.999999999604888
.01999999999999753
.01999999999999753
.01999999999999753
.01999999999999753
.01999999999999753
.01999999999999753
.01999999999999753
.01999999999999753
.01999999999999753
.01999999999999753
.01999999999999753
.01999999999999753
.01999999999999753
.01999999999999753
.01999999999999753
.01999999999999753
.01999999999999753
.01999999999999753
.01999999999999753
.01999999999999753
.01999999999999753
.01999999999999753
.01999999999999753
.01999999999999753
.01999999999999753
.01999999999999753
.01999999999999753
.01999999999999753
.01999999999999753
.01999999999999753
.01999999999999753
.01999999999999753
.01999999999999753
.01999999999999753
.01999999999999753
.01999999999999753
.01999999999999753
.01999999999999753
.01999999999999753
.01999999999999753
.01999999999999753
.01999999999999753
.01999999999999753
.01999999999999753
.49999999999845657
3.9999999999012217
.01999999999999753
3.9999999999012217
.24999999999961414
.09999999999993826
.01999999999999753
.01999999999999753
2.9999999999444373
.01999999999999753
.01999999999999753
.01999999999999753
.01999999999999753
.01999999999999753
.01999999999999753
.01999999999999753
.01999999999999753
.01999999999999753
.01999999999999753
1.4999999999861093
.01999999999999753
.01999999999999753
.01999999999999753
.01999999999999753
.01999999999999753
.01999999999999753
.01999999999999753
.01999999999999753
.01999999999999753
.01999999999999753
.01999999999999753
.01999999999999753
.01999999999999753
.01999999999999753
.01999999999999753
.01999999999999753
.01999999999999753
.01999999999999753
.49999999999845657
.49999999999845657
.24999999999961414
.01999999999999753
.01999999999999753
.01999999999999753
.01999999999999753
.24999999999961414
2.499999999961415
.3499999999992437
.01999999999999753
.49999999999845657
.01999999999999753
.01999999999999753
.01999999999999753
.01999999999999753
.01999999999999753
2.9999999999444373
.01999999999999753
.01999999999999753
.19999999999975307
.01999999999999753
.9999999999938264
.01999999999999753
.01999999999999753
3.9999999999012217
.01999999999999753
.01999999999999753
.01999999999999753
.14999999999986108
.01999999999999753
.01999999999999753
.01999999999999753
.01999999999999753
.01999999999999753
.01999999999999753
.01999999999999753
.01999999999999753
.01999999999999753
.01999999999999753
.01999999999999753
.01999999999999753
.01999999999999753
.01999999999999753
.01999999999999753
.01999999999999753
.01999999999999753
.01999999999999753
.01999999999999753
.01999999999999753
.01999999999999753
.01999999999999753
.01999999999999753
.14999999999986108
.01999999999999753
.01999999999999753
.01999999999999753
.01999999999999753
.01999999999999753
.01999999999999753
.01999999999999753
.01999999999999753
.01999999999999753
.01999999999999753
.9999999999938264
.2999999999994444
1.4999999999861093
.01999999999999753
1e-12
.3299999999993277
.3299999999993277
1.4999999999861093
1.4999999999861093
.9999999999938264
.9999999999938264
.9999999999938264
.9999999999938264
