1.4891969704155643
.8236981316977031
.014678897978715053
.0032853185536951468
5944184551593613e-21
.044037413866993155
6.719030822955022
.6858252311405789
.05788115456321597
.06181962103257692
.06765858325420326
4.816055041627555
.6852922078000531
.3481231080958619
.005379118301991028
2.6664260849544066
.32040977279941213
.003442600605539996
.07487092932045629
.0043904486116776754
.00201691235786619
.00908513947920747
.00018894002762887197
.0027850336890187185
.31225975440102294
16.967146944784684
.00015628597492807857
.005845861325246909
.006250888345568523
.00594727337046545
13618563042163823e-22
.00016947826191394906
.013641741018903647
.0013244046677256343
.009548194502303937
21636672050055198e-21
.0022337781354344363
.002762145436577156
.00033032312242540184
.0048790604512536665
33566709195974336e-21
.005963594922109549
.006483930260197454
.01943575083366582
.00034326787447676066
.11332529163301973
.007858262355165893
.0008142847512565841
.04672044786086146
.2916409216801349
.0011949895134133932
.6001373566507096
.009866383669392935
12.48816126608082
11.630090798845343
1.4006642341430229
.006973789527862817
.0636201194904912
.07023199445948389
.2021290135752911
.12581210169975693
30.144040394459143
23.30695660574452
8.816574563961746
.0023880387077424526
.0005060531543479856
.0013681097333499697
.00627918343465736
3.66666333582485
7.729515533900225
.022617171824627375
23.301052091561466
3.363035550144844
9.424627145867252
21.848189467993947
.0015105825871860395
.009807906685347447
.0007056713275892389
2.1081201258961166
.0003094242604979551
.0029999886745145075
.011221239822156066
.00035926603602042776
.9102883706165283
.679520054915543
3086545023689844e-20
.007654838311818773
.883947413358237
.7895574337045977
3.562524277250424
.00020396668576484837
770465258644956e-19
.669367109789241
.8511925306829775
.08438288221442247
.010940340430230854
.2867088815892919
1.615945991844369
1.5141424584912304
2.0340861761768054
1.6807882895671387
2.1541704185414665
.030266416803395202
.042025398663426326
.009734358686324315
.00016792428273366307
6.437425294878713
6.242240035950886
.5667528618870816
.018218418234418034
.004322686417196091
6779213044907663e-20
.0007021995713901358
.10545609991269958
.02107114861850224
.0008426103516060502
.4373724193544278
57116015869282925e-21
.00022543356682013272
.03594523298168282
22599730143316743e-21
0
0
0
0
0
0
0
0
0
0
0
0
0
0
0
0
0
0
0
.7632596785951504
0
0
0
0
.6061718131712692
1282.7890949032253
.004509311482955824
.0952921132246381
.01729704640442222
.23484320644987755
.11183314885124522
.6357687285980522
.1427092822091675
.43678754934746883
.006511364531619752
3.110780817350849
3.3326642332871526
.018224412074187075
.04389685120923344
.8447962779906125
.5896959305486894
.2551458372302827
.45415277154055894
.019413104624754915
.019413104624754915
.22555370807819394
53586749171646e-18
.019413104624754915
.019413104624754915
.019413104624754915
.019413104624754915
.019413104624754915
.019413104624754915
.019413104624754915
.019413104624754915
.019413104624754915
.019413104624754915
.019413104624754915
.019413104624754915
.019413104624754915
.019413104624754915
.019413104624754915
.019413104624754915
.019413104624754915
.019413104624754915
.019413104624754915
.019413104624754915
.019413104624754915
.019413104624754915
.019413104624754915
.019413104624754915
.019413104624754915
.019413104624754915
.019413104624754915
.019413104624754915
.019413104624754915
.019413104624754915
.019413104624754915
.019413104624754915
.019413104624754915
.019413104624754915
.019413104624754915
.019413104624754915
.019413104624754915
.019413104624754915
.019413104624754915
.019413104624754915
.019413104624754915
.019413104624754915
.019413104624754915
.019413104624754915
.23746247551375416
.010352805623309336
.019413104624754915
.010352805623309336
.17228699731046704
.08616383042294887
.019413104624754915
.019413104624754915
.03442474283281447
.019413104624754915
.019413104624754915
.019413104624754915
.019413104624754915
.019413104624754915
.019413104624754915
.019413104624754915
.019413104624754915
.019413104624754915
.019413104624754915
.16068162051633417
.019413104624754915
.019413104624754915
.019413104624754915
.019413104624754915
.019413104624754915
.019413104624754915
.019413104624754915
.019413104624754915
.019413104624754915
.019413104624754915
.019413104624754915
.019413104624754915
.019413104624754915
.019413104624754915
.019413104624754915
.019413104624754915
.019413104624754915
.019413104624754915
.23746247551375416
.23746247551375416
.17228699731046704
.019413104624754915
.019413104624754915
.019413104624754915
.019413104624754915
.17228699731046704
.06040386751731874
.20782870668436298
.019413104624754915
.23746247551375416
.019413104624754915
.019413104624754915
.019413104624754915
.019413104624754915
.019413104624754915
.03442474283281447
.019413104624754915
.019413104624754915
.14848411346411214
.019413104624754915
.22555370807819394
.019413104624754915
.019413104624754915
.010352805623309336
.019413104624754915
.019413104624754915
.019413104624754915
.11997168403267193
.019413104624754915
.019413104624754915
.019413104624754915
.019413104624754915
.019413104624754915
.019413104624754915
.019413104624754915
.019413104624754915
.019413104624754915
.019413104624754915
.019413104624754915
.019413104624754915
.019413104624754915
.019413104624754915
.019413104624754915
.019413104624754915
.019413104624754915
.019413104624754915
.019413104624754915
.019413104624754915
.019413104624754915
.019413104624754915
.019413104624754915
.11997168403267193
.019413104624754915
.019413104624754915
.019413104624754915
.019413104624754915
.019413104624754915
.019413104624754915
.019413104624754915
.019413104624754915
.019413104624754915
.019413104624754915
.22555370807819394
.1919093995964219
.16068162051633417
.019413104624754915
9999999999985118e-28
.20187680886296688
.20187680886296688
.16068162051633417
.16068162051633417
.22555370807819394
.22555370807819394
.22555370807819394
.22555370807819394
