1.5117923696295719
.7387779898963228
.013729105169007754
.003013151685876667
4641390702370658e-21
.04135388763539704
6.714187011937019
.686759479732384
.0580463072958416
.05891739444203803
.06766916597500182
4.569967573687673
.6848732658008696
.3305768418649306
.005125051431737342
2.491809448338207
.29843194793442246
.0034317993616513375
.07483628685020657
.00439343085602784
.0020182060171533935
.008706362877462712
.00018162452966065797
.002781088995266689
.2988847116075911
17.229728694367694
.00015369077598940002
.005842407464042268
.006247280211705447
.005944822376739143
13604793947581105e-22
.00016940169109624605
.013635577280531814
.0013238023856556118
.009543880601384626
20548745421764984e-21
.002238878412658524
.0027608845314788487
.000314457578711598
.004876751882146159
3180665360736968e-20
.005957435687765618
.006366623671596482
.019527214831715777
.00034710253376135647
.11326526211950164
.007859072408702684
.0008083560347966839
.04622081853429393
.2849244038678382
.0010920169052242841
.5980179893653291
.009020505659288169
12.426190979095997
11.587985858499612
1.398601185837851
.006970112626322273
.05950159711889519
.06567248744098156
.20175604601519256
.12563916466463865
29.84276840493904
23.031023290194973
8.740743024108403
.002382621876418502
.000502981470497021
.0013709840209497133
.006263025959201768
3.3858036950003956
7.646412119689425
.022018048112839805
23.290318682102377
3.361480025298536
9.422202025336665
21.83864554551011
.0015098281195751035
.009806886307976631
.0007053448828474689
2.1079019243260126
.00030841194179259636
.002990124674437076
.011216942076921688
.00034428863281230716
.9099490128239935
.6596062572144539
306257215274635e-19
.007384575168934556
.8767417477940627
.7844544177438315
3.5496989569605413
.00020204252951507107
7925335340757165e-20
.6691885799026559
.8520820399614397
.08545273824031953
.010366918784558142
.28529309152412335
1.613282917633524
1.5092831104767424
1.9830235389859117
1.6785439310049517
2.153012639259582
.030033096819667406
.041535351534016336
.0091044121771908
.00016761123542773651
6.389880375988997
6.212771871899646
.5658488303594731
.017846197049058824
.0041965196484469456
6589682508988847e-20
.0006247812106210765
.10396936628943305
.020997634971031857
.0008384533823876232
.43587569333496085
56435819502227205e-21
.00022527626992053444
.03581112466265758
2203013793126199e-20
0
0
0
0
0
0
0
0
0
0
0
0
0
0
0
0
0
0
0
.7469521421750825
0
0
0
0
.6038913157248803
1282.2095232354866
.004507274149471377
.09524905968668443
.017289231496990128
.2347371029061539
.10915327166256873
.6316314294299297
.1379101948643948
.436276414385094
.0065027059177703486
3.103795922960424
3.320836886355006
.017692193805061717
.04260425048913551
.8409597386173973
.587201520983332
.25471680224440574
.4533737941924127
.019404333669756888
.019404333669756888
.22051437922851475
4472527579882176e-20
.019404333669756888
.019404333669756888
.019404333669756888
.019404333669756888
.019404333669756888
.019404333669756888
.019404333669756888
.019404333669756888
.019404333669756888
.019404333669756888
.019404333669756888
.019404333669756888
.019404333669756888
.019404333669756888
.019404333669756888
.019404333669756888
.019404333669756888
.019404333669756888
.019404333669756888
.019404333669756888
.019404333669756888
.019404333669756888
.019404333669756888
.019404333669756888
.019404333669756888
.019404333669756888
.019404333669756888
.019404333669756888
.019404333669756888
.019404333669756888
.019404333669756888
.019404333669756888
.019404333669756888
.019404333669756888
.019404333669756888
.019404333669756888
.019404333669756888
.019404333669756888
.019404333669756888
.019404333669756888
.019404333669756888
.019404333669756888
.019404333669756888
.019404333669756888
.23479479350724403
.009458142524249879
.019404333669756888
.009458142524249879
.1713165175673436
.08596935959836283
.019404333669756888
.019404333669756888
.0321685538511666
.019404333669756888
.019404333669756888
.019404333669756888
.019404333669756888
.019404333669756888
.019404333669756888
.019404333669756888
.019404333669756888
.019404333669756888
.019404333669756888
.15532687947638196
.019404333669756888
.019404333669756888
.019404333669756888
.019404333669756888
.019404333669756888
.019404333669756888
.019404333669756888
.019404333669756888
.019404333669756888
.019404333669756888
.019404333669756888
.019404333669756888
.019404333669756888
.019404333669756888
.019404333669756888
.019404333669756888
.019404333669756888
.019404333669756888
.23479479350724403
.23479479350724403
.1713165175673436
.019404333669756888
.019404333669756888
.019404333669756888
.019404333669756888
.1713165175673436
.05708632753008327
.20619159825404412
.019404333669756888
.23479479350724403
.019404333669756888
.019404333669756888
.019404333669756888
.019404333669756888
.019404333669756888
.0321685538511666
.019404333669756888
.019404333669756888
.1478146157960663
.019404333669756888
.22051437922851475
.019404333669756888
.019404333669756888
.009458142524249879
.019404333669756888
.019404333669756888
.019404333669756888
.11956575112321191
.019404333669756888
.019404333669756888
.019404333669756888
.019404333669756888
.019404333669756888
.019404333669756888
.019404333669756888
.019404333669756888
.019404333669756888
.019404333669756888
.019404333669756888
.019404333669756888
.019404333669756888
.019404333669756888
.019404333669756888
.019404333669756888
.019404333669756888
.019404333669756888
.019404333669756888
.019404333669756888
.019404333669756888
.019404333669756888
.019404333669756888
.11956575112321191
.019404333669756888
.019404333669756888
.019404333669756888
.019404333669756888
.019404333669756888
.019404333669756888
.019404333669756888
.019404333669756888
.019404333669756888
.019404333669756888
.22051437922851475
.19061291789004978
.15532687947638196
.019404333669756888
9999999999984892e-28
.20037711628744134
.20037711628744134
.15532687947638196
.15532687947638196
.22051437922851475
.22051437922851475
.22051437922851475
.22051437922851475
