39.523782150094064
.15296992220545033
.3040613189636921
11.953087099674102
.37420157047966096
5.758945264456167
.21991996318893223
.0033725083418002385
.31213414249923893
.028385081468276365
8.27598813179788
.758757686364523
.581095516362197
.008512175647715668
7.964498742161978
.9435156110353358
.004113045952671577
.07402824082102727
.004283713106098969
.0019301999323185742
.04065393400079878
.0001288450654396574
165764264836246e-19
.28737601269894836
0
0
.005048623458666197
.006761784550156141
.005944349288566845
.002233997515621588
.00019042905499191468
.01520771419365009
.0013636040764002492
.010187820158827122
35536409522929246e-21
.000509600467296656
.0030258341146836088
.0005082955461297693
.005171289009811844
16282049239876934e-21
8.767441088333408
13.757752632052394
.0054767201284003
6324014158951855e-20
.12537872631578895
.007458085160356298
.007582606773600643
.40433541807851103
0
.4661232230352303
0
3.91533315326049
18.94464382369151
0
0
.006966132785389715
2.834329861940544
14.029437547880649
0
0
43.479341305681736
27.503396347240407
9.631431303604284
.0023187842306364665
.000639617274893306
.0013497967546978165
.006882498370082807
0
0
0
24.46656978133773
3.472929122194733
9.807307931177887
16.94749527827962
.0016108806286456601
.008143870187577314
.0004499611739584319
2.181665895651058
.0004181738837679612
.0033992494549048803
.011314137728987749
.0016242977898844658
.9707962139916364
1.6626020170605906
.00012900470791635948
.026280772930459554
1.2629319416690292
1.6242639308495672
3.0230461736524563
.003628569335064031
.00046113816138914493
.6310301563469517
.7750439991171812
0
.4998757558629764
.8191595289686671
2.146015215920036
2.5148323872193354
0
5.340487080351524
1.9729986059262061
.49723026726278713
1.0982295406248228
.9058121408208163
.0007707465695287375
46.41747607153154
8.439248469386877
.4823740526815499
.06993978600670568
0
0
0
5.009604441254772
.010562227210835282
.0005145723361336102
.5266869629808028
.001281254043970195
.00024047401503872484
.014593547794186585
0
0
0
0
0
0
0
0
0
0
0
0
0
0
0
0
0
0
0
0
1.8616848615877644
0
0
0
0
.6222690273805226
1322.3796315029265
.004515401347675986
.10450082625008632
.01796718685683261
.2182745896242099
.5171446893986773
1.0725707000767528
1.3992199610359746
1.3542772169693749
.007881354136438931
6.066382515975502
6.01630892801484
.13891788865551608
.3748577538819351
5.3788991965184305
3.723659757856922
0
0
.02
.02
1
8
.02
.02
.02
.02
.02
.02
.02
.02
.02
.02
.02
.02
.02
.02
.02
.02
.02
.02
.02
.02
.02
.02
.02
.02
.02
.02
.02
.02
.02
.02
.02
.02
.02
.02
.02
.02
.02
.02
.02
.02
.02
.02
.02
.02
.5
4
.02
4
.25
.1
.02
.02
3
.02
.02
.02
.02
.02
.02
.02
.02
.02
.02
1.5
.02
.02
.02
.02
.02
.02
.02
.02
.02
.02
.02
.02
.02
.02
.02
.02
.02
.02
.5
.5
.25
.02
.02
.02
.02
.25
2.5
.35
.02
.5
.02
.02
.02
.02
.02
3
.02
.02
.2
.02
1
.02
.02
4
.02
.02
.02
.15
.02
.02
.02
.02
.02
.02
.02
.02
.02
.02
.02
.02
.02
.02
.02
.02
.02
.02
.02
.02
.02
.02
.02
.15
.02
.02
.02
.02
.02
.02
.02
.02
.02
.02
1
.3
1.5
.02
1e-12
.33
.33
1.5
1.5
1
1
1
1
