44.490506211988766
.31085618899663214
1.1967112138074076
48.61037268943326
1.3874959131908042
7.716801063988266
.8265340024729741
.18974773046103033
1.2991519742079205
.07782039290372028
23.343693350201434
.7820149092931488
1.5744411928356479
.019609636561564336
9.310054839993034
11.665174330695292
.010487798325206715
.08413709784796829
.01648083515570696
.007009963210541117
.043113551290130815
.015342564988221723
.010020764315168133
1.7679974858114944
29.467228496594554
.004727861757649772
.006451120518174626
.006809378397158833
.005986981903261526
.005341932440455675
.00018045604041248687
.014697568426291585
.0013134566999938365
.010356100338748602
.0002862675887566799
.004255279058214104
.002974160993958093
.0024067029490869576
.008600781074925132
.00021178873420438013
18.48203898291471
18.66256206709402
.02820270324211741
.003767679238454515
.13701170056972223
.009982351610319276
.009207448071985437
.5740079707049224
5.571689959511326
5.168219559537314
3.601164853900394
4.821325184761722
22.37123247572543
20.38343593171868
1.979756578842708
.007885672249077314
9.297744983503831
166.222733338268
.36142172286999186
.1798387948044983
50.23086338021877
53.98380914088936
18.635059998639115
.00607802835687432
.002281791904352361
.0016345521651185955
.010630627148967653
84.84701314499596
75.42112640879469
.04064810093863778
28.094522064006952
3.421754036066049
104.05261985148447
36.2544830439961
.0015670159856529626
.010559757360997526
.005812537787765102
2.5596896903896362
.0011121068047354635
.009872058230021857
.012076418761242208
.007986707256930804
10.755436550226305
24.97429418792643
.010296817957961238
.05599765486717069
28.140340629846968
136.75653239655918
7.5772847766135945
.01593284208125735
.009969718213919284
5.313920235305582
1.6290584417425311
12.971406264996853
11.245310286798285
6.40763888328362
8.337213255546683
6.646593648730061
3.4261024673774982
63.67912796716433
2.2357022526326555
7.458607663419999
5.540419593122935
2.7567834655198475
.0030932227526101535
63.426170000955956
8.593403296492342
2.188147108375446
.49506162380793356
.01721522797801222
.00018002440151762824
56.8927345870098
104.24189358519202
.09274015130512125
.0035280360336143357
.6183976237636412
.0064883979037323285
.006914064001627118
.18727053099076804
4378784323786424e-20
0
0
0
0
0
0
0
0
0
0
0
0
0
0
0
0
0
0
0
3.537159432224021
0
0
0
0
4.434331670069824
1370.9933555089547
.004259915804680954
.10975792783973447
.02009519152290594
.21991598819625724
.7864084071803069
1.1748183557227299
1.6544641021946838
19.09953557664901
.014897983567082761
6.125770863582618
6.323957515120181
.3688057853818999
.8956855378416515
76.35553138062049
87.49939492323344
49.97403275149966
77.00948695226242
3.326465288353486
1.9429463874352566
1.5670184286651416
1.7521537528229347
2.906169638845532
1.7386965228620672
2.461022501771379
2.1387816643483126
1.984130027328042
2.1838491495175583
1.856174250109635
1.8652206558386921
1.3867872332843456
1.9635650140068692
1.5664133030466398
2.586926295232866
1.9964525373859925
2.2672378335146033
2.231044794300786
1.8591826357262184
2.5235228031306627
2.7499567150587727
2.4949591211662616
2.0175595364906123
1.770505163573354
2.4988997610999997
.023991084962848016
1.840747331867361
2.3324605042941737
5.657930766439644
1.9610110045785594
2.0991039153973023
1.2877049368144218
2.9957153758731416
1.5188754294661369
1.6236765856468127
2.901442056205455
1.3075664458694793
1.9800452538555047
1.3999435846214754
2.17771329319603
1.530249099133716
1.968870498854399
2.7064940238734962
1.917550614927196
2.2313162551334416
1.8958389677293241
2.1847036232648547
1.744588274669552
2.2422238106159975
2.6442617954744816
3.0463377955877937
2.3425548993065775
2.1330144197267
1.9977513503213342
2.8714784047811692
2.3262709143902
1.043427163653704
2.731801596121881
2.8200688089054435
2.1445113132207823
1.1735902372863827
1.667596265261652
1.7344823809656125
2.107748607188738
1.6012543605760101
2.4274611000651345
2.1869520982865285
1.9456208863483018
1.7299387604155303
2.7191920085855146
2.650543656813943
2.066795054764241
2.2466857034259613
2.351641553826605
2.1395462715036446
2.4519879619942864
2.3541417001361165
1.949892171640711
3.158990010960969
2.15464074579375
1.9215794969208293
1.284244553032099
1.5379590196512234
1.6117801386682835
.7569338024708769
.18500481406826272
2.108396748929669
.0119740987515463
2.4499484446446234
2.2253060678200764
2.3698733708445654
1.8691722561113926
.18306109682027882
1.545949490187694
.20955206876664195
1.1473712965642506
3.1397453798739416
1.7814011799575895
1.7513786236285755
1.9765427319455195
2.0481623484568066
1.6893089276515556
2.047143020301645
2.2205826151378147
2.362292299030009
.009992223960224525
2.029305920521138
2.033742291911825
1.444215275918391
2.254743110828074
1.804618924268613
1.3930591828756589
2.3455751430606764
1.890647216880535
2.026620103682316
1.946236494266407
.7376945788744109
1.7675853798571204
4.507230173111504
6.631049322199001
1.4978506763966752
2.122832213849328
2.5045821401169253
2.5586783593788276
2.7866085208080045
1.9951647419042453
.008580981297712727
1.585442552968594
1.383091938245576
2.8682439098730486
2.345494778168446
1.8644939161579155
1.9500918791113846
2.3490948152363686
1.9368286291067824
2.7713820791906025
2.1269774326723416
2.3721915356260066
1.8498755514399556
1.7362036666642775
2.274237844309341
1.3292792008601388
.21498049983027537
2.347464360926212
5.611979761335429
1.4615897253239745
1.7428178884645824
2.085182797223529
2.3860305583686476
.9843654772324237
1.660903507770203
2.1564367732300904
2.269420381385425
2.1925808236021336
1.364406081751192
2.2236290873279656
2.531337352792304
1.7623586635386985
2.4378284363189153
1.4272869789749296
1.2910684439698183
1.5320199390763147
1.9512602745775167
2.1575726284842967
2.2663739286798283
2.8203268964511587
1.3365296815468448
2.1980915546583057
2.262002413539708
2.2312322521319867
2.356534036711711
1.7154214811394723
1.8891561077184276
2.866049600806354
1.8444040431801965
2.1242478528925552
.02326176233630547
2.0231266790864106
.05891014843282858
1.8610986207600424
1.8324800820112734
.5571694893333793
1.4352392796058322
2.139378848035399
1.1574532030416744
.050102627554679355
2.010608911527715
1.2154971469882554
1.5294453683054916
2.2742837462336123
1.9815417705043719
1.634788019041817
2.3578707343697403
3.4637830102415803
2.8297991608269513
.702312429873985
.011244217584974247
2.0858358096555234
2.159869501444801
1.9259130546035756
.04931113002001562
2.4345828158940845
1.745276475780368
2.175416016059865
1.2280558801841583
1.396356879337605
.006143258302586299
.004431746597197223
2.425268113228011
.5892966158716229
.14812479466512216
.7711738047833037
.20726615708221557
2.2553582065590874
.11519409015155091
.09105571412529083
1.6938441311494519
.5924053884212557
8.23472056827798
2.1467508439939587
2.1799447487482557
2.411553277014971
2.274953315152686
2.0844210760129185
1.9549116488946627
.1244410066045801
.16418077098529762
1.9281304785835536
2.8954996577141467
1.046372928092659
1.961709242259651
2.4464062201872077
1.9648873039407109
.010342155816366308
.2947579428526199
2.888455995139682
3.850608682922015
4.454877222250731
4.3081918784269595
2.372706559706208
.011172892268390454
2.957774289388036
1.3822118734983202
.015587299463738059
.010425723654992365
.15459326729420483
.013225541270437177
1.7852883429588162
2.9210744818794754
.01
1.880291161442662
.014603903446205614
.007211272257550619
1.911486057230846
.009400332872882514
.00792205923659921
2.3765771923490715
.007267057751117697
2.4166933282410974
2.310304949055582
1.672751554311653
1.69575839428711
.009596888828474464
2.0705585611960906
2.5188864855491437
2.324841329463201
2.3754227447400877
2.3044323933767954
2.811024963714399
.010715957137924342
1.413195978674276
.011103309499793388
.009251791373644484
.010594555866505552
.012958758284591889
.010523834386276765
1.4558601632839077
.09047897033250898
.0697003607992377
.009268055387617834
1.3448723863117564
2.3987707603537634
.09784377738762787
1.8955749949802072
1.5172692227859415
.06582655737412978
2.169088297969028
1.7834897647803871
1.7405831492985433
2.907282644938251
.00938861389970019
1.6029153205449589
2.5853469631814052
3.423476802612255
.8405493243696688
1.616589504992148
2.0424353867472687
1.5708833156743374
2.152760082282839
1.614199033624949
1.862354032588665
2.039013826391017
.009672235612078584
.20655113734999084
.20509517259095236
1.7873303811584984
1.5226002670695684
1.9880052878253218
1.7255906414653066
1.4819527179235477
2.1825191439547673
2.1054615756058452
1.6858925640913573
2.051391938627981
2.247038993531761
1.822470475667628
.005910448052783475
1.5256332521605347
1.8780041098005122
1.8324745196099954
2.0269935812180373
3.0494791369101413
1.722667145107979
1.9494454565771202
1.8226979700811696
2.064004659583094
.11332689050216758
1.8864145909655687
2.4218040191507577
2.3781276768704407
1.5455219343299387
2.4591304315818587
1.6821878699117472
.2199771707594591
.15602405020251925
.1243595705654938
1.7927342330078386
2.147718536186502
1.884869255081982
2.304274256174653
1.4543954990878722
1.8522745578126179
1.5415659850405394
2.044951773171398
2.5087992275298876
1.7504670836859353
2.224334722864128
2.376560780451913
1.9295843912296557
2.256159014168415
3.1348442131886696
2.051526094905232
1.9136939818212815
1.8233052051465641
1.4086093101228634
2.175794807667928
1.588815481371024
2.1462447854383573
1.946497701608429
1.642459988483478
2.1635097483008594
1.6466736154023771
2.367477006951968
1.4000018020075162
2.2641720163462384
1.6102650450690643
2.364337588725724
1.6613686198643542
2.173506752788737
1.702741301840345
2.123847904015261
16.419472650881666
18.14212476735216
2.3659110655076674
2.003710293146608
1.7476019230056772
1.299203033400437
1.5753189257404956
1.490971367023425
2.6854111231807143
1.8432732232491773
1.6432399132028348
2.0620884090681466
1.9964309426199138
2.9652710447452737
1.6982921036187828
1.710716620896615
1.4884316004112912
1.8070833780044167
1.5116332545080644
1.8595068887334392
1.2403424077821508
1.8848747518705757
2.2916956760767224
1.1967340806156326
1.8955757924156282
1.599821478910002
2.1077574753521446
1.8327350512339473
2.8152403358794187
1.9803959473625334
1.940859509283926
2.5270542478758187
1.288305732603106
2.584539091102757
10.538297866124825
1.853389903965351
1.7174198969784256
1.6335543439440792
3.256161570635086
1.997128062187051
1.9510444571164955
2.758070413809731
1.520060739694862
1.9641213079986783
2.7932004986914603
1.411276570781232
3.0756731058521187
2.573219135302223
2.4217606566310352
2.0493635040394005
1.436222883155105
1.6469220798728574
1.6999593869903236
.26213829322844867
2.6931006702808205
1.8162310240522155
2.426081169387766
1.7706799439652485
1.904143671201897
2.6590241968064796
2.11577374429345
2.0838598155610604
1.6402560261043193
1.6979970759393517
1.4789478370470353
1.884487248707611
2.3626462395618355
1.7970056300905346
1.753342857586149
1.5313007164183758
1.70012300946637
2.6897533091877754
2.978757854145831
2.0150033567478256
2.1131006082605968
1.7670997841147207
2.197175110702334
1.7727080004815845
1.279025996089057
2.088434827914467
1.9083306313430428
1.6719702095027333
2.3069210344999442
.16116165170982724
.9845087194555979
.12653483841804775
.9279818359481413
.10956560329874152
.8981823062613535
.09402715261149239
2.1663990333049292
.1631360232906994
2.534985637796438
.09108919771722102
.9598190282399781
5.919198399611892
.3513760691122374
.11713809914637009
1.3624740481031945
.07100339623738808
.20847219272566148
.04251990726851682
.8649110533352133
.07228183598472519
1.117758275432314
.10695951619479306
1.271267581987944
.17834422724557933
.9935252644242435
.0495787060706877
.7230799540048795
.05823321253769409
1.4615036926610963
.0002123387383602729
.00038702598678215175
.11983648108929155
.13027137247816442
