1.5053745318152045
.6734353997642593
.01043364916002765
.002529779603783553
385247589675256e-20
.03014985292255957
7.006189207022777
.7012526705173283
.054551010771667935
.07142266310399978
.06655179251650155
5.050501369745604
.7222253334909815
.3980252341896977
.006123397825665031
2.3695068702789244
.22394951548192718
.0032990361139359223
.07408642108631798
.0044751165115704036
.0019517181082212417
.011115553717679725
.0001839984482193063
.002808389946516268
.3009007093686888
17.345886072499894
.00012674769292927686
.005594364174099388
.006158179490919336
.005800941640836669
13739941236267943e-22
.00018157622507735513
.012952487089232903
.0012451230864709835
.010100296669855752
24886027648802226e-21
.0022166061122896154
.002714185805967952
.00035349455693268545
.0051733168556314145
3679785947605545e-20
.005816355435242334
.005949410338386891
.020795909748965384
.00034814870062269544
.1151087287996798
.008273169323312136
.0008197548220346399
.04244252530421983
.2725390285044548
.0010166808166895002
.5708329445336114
.009426215523111351
12.23587178790787
11.371875948864663
1.4209336544857927
.0066697158418619245
.05882097405279332
.06477339206164892
.21145202077266462
.13353319511922182
29.92833957579727
23.139760237519173
8.432173188973442
.0022702530950676663
.0004957332630912199
.0014372418342092758
.0067623027208920826
2.687360365009181
7.138270958429554
.020362747399144763
22.32381626384434
3.395101348852472
9.189215885794665
20.89494583801644
.0014582528082385832
.009160591554461741
.0006657973745995825
2.2089856115066606
.0003298186722721226
.0030470914305194535
.01065319671439006
.0004452976869157921
.8995696036854951
.6812776321953787
2825495702024703e-20
.008406426138495402
.8325226674664482
.7456331318075726
3.3529200721243084
.00016343043121861369
5365013652726372e-20
.6063187209903306
.8570408005696097
.08708990001000101
.01074171862225725
.30195288048276164
1.6365300229541333
1.5199202318872116
1.7363083365237582
1.5612222089968184
2.0897903871959267
.0276194651911663
.040787328203227974
.008773364644515025
.0001466269554535383
6.00393942025351
5.960203910256647
.5319281863973889
.01741854229146899
.003675888125529995
5686640925841969e-20
.0005654689767244463
.1056796451840547
.0208269146300752
.0008586132790507114
.41108437453877245
52822713795022306e-21
.00022501415098814958
.03651128473661108
20072861395025445e-21
0
0
0
0
0
0
0
0
0
0
0
0
0
0
0
0
0
0
0
.7391838088831051
0
0
0
0
.5548284214191221
1233.9881890848205
.004403408287015825
.10614511909004631
.017997869176291103
.22150280646040407
.11197171887157624
.6593483845593247
.13918919083624662
.42438422957925714
.006133461961877976
2.875115492196666
3.2677495946504425
.016607321295835177
.04125836188107353
.8505623907318681
.5864286011332573
.2681280449737159
.4415993413573543
.019406824506939317
.019406824506939317
.22193415257886237
47085731075342205e-21
.019406824506939317
.019406824506939317
.019406824506939317
.019406824506939317
.019406824506939317
.019406824506939317
.019406824506939317
.019406824506939317
.019406824506939317
.019406824506939317
.019406824506939317
.019406824506939317
.019406824506939317
.019406824506939317
.019406824506939317
.019406824506939317
.019406824506939317
.019406824506939317
.019406824506939317
.019406824506939317
.019406824506939317
.019406824506939317
.019406824506939317
.019406824506939317
.019406824506939317
.019406824506939317
.019406824506939317
.019406824506939317
.019406824506939317
.019406824506939317
.019406824506939317
.019406824506939317
.019406824506939317
.019406824506939317
.019406824506939317
.019406824506939317
.019406824506939317
.019406824506939317
.019406824506939317
.019406824506939317
.019406824506939317
.019406824506939317
.019406824506939317
.019406824506939317
.2355494410023994
.009703993084231956
.019406824506939317
.009703993084231956
.17159160859833356
.08602455104765382
.019406824506939317
.019406824506939317
.03279381965634752
.019406824506939317
.019406824506939317
.019406824506939317
.019406824506939317
.019406824506939317
.019406824506939317
.019406824506939317
.019406824506939317
.019406824506939317
.019406824506939317
.15682937746482506
.019406824506939317
.019406824506939317
.019406824506939317
.019406824506939317
.019406824506939317
.019406824506939317
.019406824506939317
.019406824506939317
.019406824506939317
.019406824506939317
.019406824506939317
.019406824506939317
.019406824506939317
.019406824506939317
.019406824506939317
.019406824506939317
.019406824506939317
.019406824506939317
.2355494410023994
.2355494410023994
.17159160859833356
.019406824506939317
.019406824506939317
.019406824506939317
.019406824506939317
.17159160859833356
.05800957101757453
.20665527529131422
.019406824506939317
.2355494410023994
.019406824506939317
.019406824506939317
.019406824506939317
.019406824506939317
.019406824506939317
.03279381965634752
.019406824506939317
.019406824506939317
.14800446765939465
.019406824506939317
.22193415257886237
.019406824506939317
.019406824506939317
.009703993084231956
.019406824506939317
.019406824506939317
.019406824506939317
.1196809095841904
.019406824506939317
.019406824506939317
.019406824506939317
.019406824506939317
.019406824506939317
.019406824506939317
.019406824506939317
.019406824506939317
.019406824506939317
.019406824506939317
.019406824506939317
.019406824506939317
.019406824506939317
.019406824506939317
.019406824506939317
.019406824506939317
.019406824506939317
.019406824506939317
.019406824506939317
.019406824506939317
.019406824506939317
.019406824506939317
.019406824506939317
.1196809095841904
.019406824506939317
.019406824506939317
.019406824506939317
.019406824506939317
.019406824506939317
.019406824506939317
.019406824506939317
.019406824506939317
.019406824506939317
.019406824506939317
.22193415257886237
.19098026824672124
.15682937746482506
.019406824506939317
9999999999984967e-28
.20080194196851495
.20080194196851495
.15682937746482506
.15682937746482506
.22193415257886237
.22193415257886237
.22193415257886237
.22193415257886237
