1.4920321207193068
.7193921175742066
.010942463897137492
.002684388798577573
44948782992597995e-22
.031562891625495984
7.009254953378363
.7007094298458822
.05445940631957609
.07303364931088176
.06654220297228655
5.22126609696683
.7224969183165855
.4111500902479778
.006303497767201502
2.4797869439355917
.23497807998679007
.0033048064465229384
.07410681071332968
.004473282739596816
.001950961940799497
.011322090617971362
.00018714566878747036
.0028098514094592815
.30682529540203846
17.27987837156166
.00013031263859572672
.005596347577075408
.006160256808962187
.005802355862914687
13748917837355498e-22
.00018162468461291117
.012955944069110235
.0012454576949097542
.010102992261629353
2572085611399338e-20
.002213625694873121
.002714917291019295
.00036476645215352354
.0051747642732816335
3808246617130885e-20
.005820223761775306
.005974402661142502
.020746817378438417
.0003458592539584768
.11514450393660833
.008273202456087286
.0008256498208436933
.042866272347236015
.2765842814885788
.0010724588909475712
.5719360309914578
.009938901048273194
12.272113356880125
11.39700179421811
1.42227653434938
.006671725265750467
.06119320062335599
.0673928050539412
.21168747308965674
.13364166783025605
30.106238390409242
23.305254188866527
8.472742472535115
.0022731044843688933
.0004977907807139222
.0014358631194019264
.006775349805975276
2.876088153359081
7.20253487672597
.020978567301939484
22.329843907195055
3.396027699440058
9.192460345066218
20.90046686922594
.001458683798953784
.009160985197793688
.0006659861009432484
2.2091040834711575
.0003304037635522779
.0030525228290771574
.010655629230982717
.00045374507502008457
.8998429544020198
.6921027206179106
2836157791823075e-20
.008568977400117547
.8366123016349826
.7485225197600666
3.360719593711091
.0001642882108205108
52523097011034864e-21
.6065321357650717
.8564787693900665
.08643438855248287
.011086626516845357
.3028781553676512
1.6380633728075173
1.5228463307513542
1.787543901387728
1.5626207844992572
2.09042745031027
.02773003839401965
.04104143366335385
.009129123502979276
.00014722371543095117
6.047400484830826
5.976800126302525
.532351444826476
.01763343282482292
.0037969288747271897
58740007159226584e-21
.0006114544127350765
.10650191742258545
.020865143632790278
.0008608443804440866
.41191516229355457
5315897886200956e-20
.00022509512240323707
.0365806086492083
2064703723179564e-20
0
0
0
0
0
0
0
0
0
0
0
0
0
0
0
0
0
0
0
.7499473186804821
0
0
0
0
.5558656147173432
1234.317520577753
.004404583485480431
.10617344750586637
.018002672516532005
.2215619219775424
.11357713326516887
.6619460419233871
.1420270610176283
.42472148978723134
.00613972033683905
2.8730493454526607
3.2700406114533322
.016900954516820558
.041993034330512324
.8528725879364724
.5879075873193156
.2684004111139664
.4420526062386629
.019412003874573855
.019412003874573855
.22491513178109213
5238966205860899e-20
.019412003874573855
.019412003874573855
.019412003874573855
.019412003874573855
.019412003874573855
.019412003874573855
.019412003874573855
.019412003874573855
.019412003874573855
.019412003874573855
.019412003874573855
.019412003874573855
.019412003874573855
.019412003874573855
.019412003874573855
.019412003874573855
.019412003874573855
.019412003874573855
.019412003874573855
.019412003874573855
.019412003874573855
.019412003874573855
.019412003874573855
.019412003874573855
.019412003874573855
.019412003874573855
.019412003874573855
.019412003874573855
.019412003874573855
.019412003874573855
.019412003874573855
.019412003874573855
.019412003874573855
.019412003874573855
.019412003874573855
.019412003874573855
.019412003874573855
.019412003874573855
.019412003874573855
.019412003874573855
.019412003874573855
.019412003874573855
.019412003874573855
.019412003874573855
.23712609297733037
.010235960948257959
.019412003874573855
.010235960948257959
.17216492569143582
.08613940514458587
.019412003874573855
.019412003874573855
.03413309036765186
.019412003874573855
.019412003874573855
.019412003874573855
.019412003874573855
.019412003874573855
.019412003874573855
.019412003874573855
.019412003874573855
.019412003874573855
.019412003874573855
.1599997196894548
.019412003874573855
.019412003874573855
.019412003874573855
.019412003874573855
.019412003874573855
.019412003874573855
.019412003874573855
.019412003874573855
.019412003874573855
.019412003874573855
.019412003874573855
.019412003874573855
.019412003874573855
.019412003874573855
.019412003874573855
.019412003874573855
.019412003874573855
.019412003874573855
.23712609297733037
.23712609297733037
.17216492569143582
.019412003874573855
.019412003874573855
.019412003874573855
.019412003874573855
.17216492569143582
.05997717314227778
.20762257998773026
.019412003874573855
.23712609297733037
.019412003874573855
.019412003874573855
.019412003874573855
.019412003874573855
.019412003874573855
.03413309036765186
.019412003874573855
.019412003874573855
.14839994237364987
.019412003874573855
.22491513178109213
.019412003874573855
.019412003874573855
.010235960948257959
.019412003874573855
.019412003874573855
.019412003874573855
.11992067421643221
.019412003874573855
.019412003874573855
.019412003874573855
.019412003874573855
.019412003874573855
.019412003874573855
.019412003874573855
.019412003874573855
.019412003874573855
.019412003874573855
.019412003874573855
.019412003874573855
.019412003874573855
.019412003874573855
.019412003874573855
.019412003874573855
.019412003874573855
.019412003874573855
.019412003874573855
.019412003874573855
.019412003874573855
.019412003874573855
.019412003874573855
.11992067421643221
.019412003874573855
.019412003874573855
.019412003874573855
.019412003874573855
.019412003874573855
.019412003874573855
.019412003874573855
.019412003874573855
.019412003874573855
.019412003874573855
.22491513178109213
.1917462413883603
.1599997196894548
.019412003874573855
99999999999851e-26
.2016880213181305
.2016880213181305
.1599997196894548
.1599997196894548
.22491513178109213
.22491513178109213
.22491513178109213
.22491513178109213
