1.4980530274531338
.6981977721650697
.010713682145144903
.002613329611167694
4192430633496224e-21
.030915509945611375
7.007873095470951
.7009559444564485
.05452713784527274
.0722971747590094
.06654666793435304
5.1440024505064335
.7223741002409906
.4052143494542145
.006222199932861381
2.429796107921035
.22997334526367047
.003303887618154598
.07409761206826503
.004474111702747711
.0019513037891030563
.01122788020257033
.0001857126155326714
.0028107188728763825
.3041211947232751
17.311035137346945
.00012881705221454558
.005595453321533083
.006159318782212791
.005801718042463592
13744774108597178e-22
.00018160281512442632
.012954383955487146
.0012453066881179418
.010101775757744808
2534318854024953e-20
.00221497689929043
.0027145871761134342
.0003596716258377322
.0051741110574989296
3750092559867982e-20
.005818438721082541
.005962695187196917
.020768984821254523
.0003468929414703099
.11512835066548882
.00827319665976273
.0008230362990125335
.04267770057639962
.27491457548027437
.001046926188501515
.571438209262635
.009704179541069221
12.255744729732072
11.385679432776913
1.4216727092292745
.006670817344593384
.0601112571551947
.0661981688006746
.21158161464389746
.1335928829690952
30.025959633958216
23.230644969221203
8.454414607433915
.0022728233777534776
.0004971384919568517
.0014364872327844956
.0067695065719286405
2.7907666568065355
7.173955124247642
.020705923356664557
22.327124291215217
3.3956096331903827
9.191057378967365
20.89797036166334
.0014584893927071358
.009160809943941316
.0006659004645940528
2.209050301220321
.00033031574405893797
.003051672817937921
.010654532624821973
.0004501367379629642
.9001564746310409
.6875646048515107
28330272125922803e-21
.008495446766018292
.8351904127603301
.7475992413131168
3.357258652827602
.0001639029305232006
512888269359689e-19
.6064397582202639
.8567719323173606
.08677313796709814
.010935092213499932
.3025429702618739
1.6373728943055565
1.5215270344313245
1.7648927106904804
1.5627144438005176
2.0901399781915626
.02769528051511355
.04094426585404725
.008966848711257015
.00014696348340796333
6.028124344198596
5.969519399393627
.5321615939041544
.01754532624200664
.0037433128944309195
57911019371284e-18
.0005906632226309855
.10618145154829596
.020847887191887626
.000860294623718903
.4115401369093721
5303375392491808e-20
.0002251638999069396
.03654932151705946
2039326373403311e-20
0
0
0
0
0
0
0
0
0
0
0
0
0
0
0
0
0
0
0
.7450799650750245
0
0
0
0
.5554023893819212
1234.1688953130945
.004404053125686192
.10616066306712012
.018000504798807253
.22153524351050038
.11288485806789693
.6607728929399536
.14073937835595646
.42456764200072583
.0061369804976851945
2.8519740417405206
3.2508411921042706
.016767838974351353
.041659958862166745
.8518306431818579
.5872404646567133
.26827820913472467
.4418492016654263
.01940966645801344
.01940966645801344
.22356500731500498
49926005992940535e-21
.01940966645801344
.01940966645801344
.01940966645801344
.01940966645801344
.01940966645801344
.01940966645801344
.01940966645801344
.01940966645801344
.01940966645801344
.01940966645801344
.01940966645801344
.01940966645801344
.01940966645801344
.01940966645801344
.01940966645801344
.01940966645801344
.01940966645801344
.01940966645801344
.01940966645801344
.01940966645801344
.01940966645801344
.01940966645801344
.01940966645801344
.01940966645801344
.01940966645801344
.01940966645801344
.01940966645801344
.01940966645801344
.01940966645801344
.01940966645801344
.01940966645801344
.01940966645801344
.01940966645801344
.01940966645801344
.01940966645801344
.01940966645801344
.01940966645801344
.01940966645801344
.01940966645801344
.01940966645801344
.01940966645801344
.01940966645801344
.01940966645801344
.01940966645801344
.23641330937156627
.009992386732116531
.01940966645801344
.009992386732116531
.17190597339117827
.0860875570223393
.01940966645801344
.01940966645801344
.03352208869516964
.01940966645801344
.01940966645801344
.01940966645801344
.01940966645801344
.01940966645801344
.01940966645801344
.01940966645801344
.01940966645801344
.01940966645801344
.01940966645801344
.15856121023111044
.01940966645801344
.01940966645801344
.01940966645801344
.01940966645801344
.01940966645801344
.01940966645801344
.01940966645801344
.01940966645801344
.01940966645801344
.01940966645801344
.01940966645801344
.01940966645801344
.01940966645801344
.01940966645801344
.01940966645801344
.01940966645801344
.01940966645801344
.01940966645801344
.23641330937156627
.23641330937156627
.17190597339117827
.01940966645801344
.01940966645801344
.01940966645801344
.01940966645801344
.17190597339117827
.059081141301271664
.20718551400136292
.01940966645801344
.23641330937156627
.01940966645801344
.01940966645801344
.01940966645801344
.01940966645801344
.01940966645801344
.03352208869516964
.01940966645801344
.01940966645801344
.14822134948187768
.01940966645801344
.22356500731500498
.01940966645801344
.01940966645801344
.009992386732116531
.01940966645801344
.01940966645801344
.01940966645801344
.11981241842940304
.01940966645801344
.01940966645801344
.01940966645801344
.01940966645801344
.01940966645801344
.01940966645801344
.01940966645801344
.01940966645801344
.01940966645801344
.01940966645801344
.01940966645801344
.01940966645801344
.01940966645801344
.01940966645801344
.01940966645801344
.01940966645801344
.01940966645801344
.01940966645801344
.01940966645801344
.01940966645801344
.01940966645801344
.01940966645801344
.01940966645801344
.11981241842940304
.01940966645801344
.01940966645801344
.01940966645801344
.01940966645801344
.01940966645801344
.01940966645801344
.01940966645801344
.01940966645801344
.01940966645801344
.01940966645801344
.22356500731500498
.19140020812675237
.15856121023111044
.01940966645801344
9999999999985041e-28
.20128768539072808
.20128768539072808
.15856121023111044
.15856121023111044
.22356500731500498
.22356500731500498
.22356500731500498
.22356500731500498
