14260389182745264e-21
-24286082237601502e-21
-17989747243471154e-21
-2203316448966359e-20
3602259389015948e-20
-8167532223815599e-21
-24447126158447546e-22
-2548942417197295e-21
-.0001313572277397544
-.000373937233893567
.010921407252725779
.02039213511971794
-3830704630670638e-23
58210897451197055e-24
.0002518019539681299
-.008582091167800633
.00016668088943355705
.00016722753092918692
-.008491336962202282
-.012452636767785658
-.011308130104580275
-.004463931846684798
-.0038634358089743893
-.009585230269134878
-.009877294658428497
.0004617331069720069
-.016865806606396964
-.012560276504855606
-.0036693411425215428
-.011737441462995388
692659841692704e-22
10149587259703376e-23
.0020455438430155223
.0012950742217622884
