61044621440234715e-28
40.64542305163729
.1624254661580444
.2942284597005673
11.544926791201597
.3722960382381368
5.978173180573852
.20453130180185314
.002492475457291341
.34523390814723254
.02700352214251264
7.68598212761628
.7212512392748968
.6576132934038603
.008910602610377094
7.474963406734881
1.0472863478421848
.003627656701211768
.081788037603894
.004097137126971109
.001747193411450321
.04063267833642762
.00014478128939117985
2655790183151822e-20
.2779839411722597
3960531027254174e-23
13525941777470723e-30
.0049147785813676665
.006840134600013837
.006089949885510882
.0024083867209336507
.0001806303345662815
.014472173209876378
.001363651493975862
.010180923858265519
382314577115678e-19
.0005098418919175099
.00281106983559175
.0005132892536851396
.005633291304935524
15013199458109036e-21
9.68795138249933
14.252380411634125
.0058564960797895796
6038987010821402e-20
.12713602088647527
.007533235516624609
.0073842633081034085
.39954917810351087
7755538196117599e-26
.44650934788069735
27771754740215644e-27
3.733086294030077
17.981896196524907
1447232857915818e-24
21485542377580703e-26
.006699709238390231
2.9532604985012187
13.866038933547918
26720531424179167e-27
22192620888863817e-27
41.0526906450091
27.73362362580614
9.257596977482205
.002484404073670598
.0005892324282022392
.0014505374076549287
.006388558507576958
5205844834209693e-24
0
7323193607378138e-27
23.23149352496445
3.5151575174895
8.699265468243889
17.628692830704825
.0014563830443724858
.008084290337262259
.00042944822538552207
2.129565769831871
.0003934311531787878
.003258788241047758
.01076314627863131
.0015278281717702577
.8441582326072157
1.4861836764763101
.00012971828324463474
.025349336960621457
1.3305848367736248
1.6314275898259136
3.3293000084960833
.003353726581762783
.00044932202398176156
.5517169972200415
.7464069114122746
10212955913515987e-27
.48872367064289335
.8053908807295838
1.95598142685194
2.635440251975204
3253165779513702e-25
6.404097192190045
2.0027891434201313
.570786493531183
1.0840750850541647
.9052535323443831
.0008817846708434842
49.99999999991861
8.46572486749439
.48822566930956324
.06479146657375222
6251788430518116e-28
773534030242003e-29
3318848167325444e-24
4.687975850477196
.009859571166760573
.0004986880933969449
.5156158210979321
.0012745938756423747
.00023827961652365392
.01663082347825344
3194193031204754e-30
0
0
0
0
0
0
0
0
0
0
0
0
0
0
0
0
0
0
0
1.9124747906112023
0
0
0
0
.5991216155487565
1323.1803370915982
.004469020606017847
.10471095101895156
.020473794489080967
.21450075363490753
.56173141640139
1.053002819802576
1.333231279119205
1.462052202665478
.007709003799480635
5.857982566928476
6.406420302265035
.1427637565141645
.37438684770277153
5.492708914761859
3.964611767938526
9160555970420672e-26
15915148534198602e-26
.019999999999997558
.019999999999997558
.9999999999938955
7.999999999609314
.019999999999997558
.019999999999997558
.019999999999997558
.019999999999997558
.019999999999997558
.019999999999997558
.019999999999997558
.019999999999997558
.019999999999997558
.019999999999997558
.019999999999997558
.019999999999997558
.019999999999997558
.019999999999997558
.019999999999997558
.019999999999997558
.019999999999997558
.019999999999997558
.019999999999997558
.019999999999997558
.019999999999997558
.019999999999997558
.019999999999997558
.019999999999997558
.019999999999997558
.019999999999997558
.019999999999997558
.019999999999997558
.019999999999997558
.019999999999997558
.019999999999997558
.019999999999997558
.019999999999997558
.019999999999997558
.019999999999997558
.019999999999997558
.019999999999997558
.019999999999997558
.019999999999997558
.019999999999997558
.019999999999997558
.019999999999997558
.019999999999997558
.019999999999997558
.4999999999984739
3.999999999902329
.019999999999997558
3.999999999902329
.24999999999961847
.09999999999993897
.019999999999997558
.019999999999997558
2.99999999994506
.019999999999997558
.019999999999997558
.019999999999997558
.019999999999997558
.019999999999997558
.019999999999997558
.019999999999997558
.019999999999997558
.019999999999997558
.019999999999997558
1.499999999986265
.019999999999997558
.019999999999997558
.019999999999997558
.019999999999997558
.019999999999997558
.019999999999997558
.019999999999997558
.019999999999997558
.019999999999997558
.019999999999997558
.019999999999997558
.019999999999997558
.019999999999997558
.019999999999997558
.019999999999997558
.019999999999997558
.019999999999997558
.019999999999997558
.4999999999984739
.4999999999984739
.24999999999961847
.019999999999997558
.019999999999997558
.019999999999997558
.019999999999997558
.24999999999961847
2.4999999999618474
.3499999999992522
.019999999999997558
.4999999999984739
.019999999999997558
.019999999999997558
.019999999999997558
.019999999999997558
.019999999999997558
2.99999999994506
.019999999999997558
.019999999999997558
.19999999999975582
.019999999999997558
.9999999999938955
.019999999999997558
.019999999999997558
3.999999999902329
.019999999999997558
.019999999999997558
.019999999999997558
.14999999999986263
.019999999999997558
.019999999999997558
.019999999999997558
.019999999999997558
.019999999999997558
.019999999999997558
.019999999999997558
.019999999999997558
.019999999999997558
.019999999999997558
.019999999999997558
.019999999999997558
.019999999999997558
.019999999999997558
.019999999999997558
.019999999999997558
.019999999999997558
.019999999999997558
.019999999999997558
.019999999999997558
.019999999999997558
.019999999999997558
.019999999999997558
.14999999999986263
.019999999999997558
.019999999999997558
.019999999999997558
.019999999999997558
.019999999999997558
.019999999999997558
.019999999999997558
.019999999999997558
.019999999999997558
.019999999999997558
.9999999999938955
.2999999999994506
1.499999999986265
.019999999999997558
1e-12
.3299999999993352
.3299999999993352
1.499999999986265
1.499999999986265
.9999999999938955
.9999999999938955
.9999999999938955
.9999999999938955
