1.5105831309494668
.6111042165508636
.009884579205070668
.001880362719445473
35661680226840914e-22
.027197477304614904
7.1502057447429
.7044442135962091
.052131628222348333
.06682919697900187
.0653794242872526
4.845356068179803
.688965193795998
.423416412991061
.00600817307855842
3.190962387707212
.4858053505615674
.0029165906970785166
.0795506868403691
.004442772131860859
.0018916478180798955
.009152680221574769
.0001961053192405747
.002491436408559994
.28735011218945916
17.168631767512256
.00015994323787050802
.005501458083972514
.006568932242040639
.005940660443700356
12887112668535407e-22
.00017525483567479912
.014041461193264498
.0013228274084983523
.009877943232279978
24605530553478157e-21
.002405625021295833
.0027266935745025415
.00034190674929084557
.005456790948068121
3468413952068882e-20
.005941095355416696
.006000045053651668
.02029688157944761
.0003599420918152166
.12051080308437885
.007758787343143875
.0008215207707392039
.045037706397062977
.2630408526917734
.001187677736219693
.5635255502880874
.008561347056605346
12.124692785194991
11.21398339617586
1.3957378371186002
.006460906275767712
.059104353622778195
.06583232910301878
.22043955513512825
.13010097832650397
29.85889158734044
23.187622390590956
8.191297696901797
.0022520937341916725
.00048174710448942713
.0014631995520998672
.0060647431423097
3.2413202221023583
7.888086995792922
.019632033527510234
22.15942970382772
3.4139170344111367
9.601834802876782
20.796020446326974
.0014111584645771272
.009055782112867412
.0006163582999589265
2.176392390450888
.00031560741694695686
.0025913964723566214
.010540917591585621
.00035610721522392065
.9237100061079573
.6870240824455199
24635441523717388e-21
.007723386035441704
.8752620121560012
.7816124230594378
3.3986193417912247
.00013957764266408197
5252102522334317e-20
.605814672353826
.7984714305088402
.07092112899540011
.00992009221833924
.2905263987035729
1.5803835403377047
1.4707494379806418
2.153015784075136
1.6473921121872588
2.052907069728141
.02607550298802107
.03150242680394386
.008759460669373359
.00019662880843602972
6.4474109562008035
6.224505581579236
.56561627001093
.017592488289760826
.004203669379279862
7012187136858762e-20
.0004806081524370132
.08116778265195478
.0203523125964145
.000789864711515165
.43974298564687464
418483625146605e-19
.00024012056478358326
.035669880955874186
22157953463617583e-21
0
0
0
0
0
0
0
0
0
0
0
0
0
0
0
0
0
0
0
.7271563014099155
0
0
0
0
.585084553582925
1283.8026864114545
.004336023215282018
.10159476863925186
.01986449740017458
.20811724300488352
.11131989845709495
.6649541791822715
.13321884591904062
.3984240577156709
.006138127836731019
2.882912263756209
3.345146007164562
.016736991143825104
.043607088949100134
.8121966950346919
.5818810073708832
.24615777548989248
.42728944960200443
.01940480296484976
.01940480296484976
.22078121437325307
4466269421872873e-20
.01940480296484976
.01940480296484976
.01940480296484976
.01940480296484976
.01940480296484976
.01940480296484976
.01940480296484976
.01940480296484976
.01940480296484976
.01940480296484976
.01940480296484976
.01940480296484976
.01940480296484976
.01940480296484976
.01940480296484976
.01940480296484976
.01940480296484976
.01940480296484976
.01940480296484976
.01940480296484976
.01940480296484976
.01940480296484976
.01940480296484976
.01940480296484976
.01940480296484976
.01940480296484976
.01940480296484976
.01940480296484976
.01940480296484976
.01940480296484976
.01940480296484976
.01940480296484976
.01940480296484976
.01940480296484976
.01940480296484976
.01940480296484976
.01940480296484976
.01940480296484976
.01940480296484976
.01940480296484976
.01940480296484976
.01940480296484976
.01940480296484976
.01940480296484976
.23493680094974545
.009502001767893743
.01940480296484976
.009502001767893743
.17136831621358262
.08597975597701789
.01940480296484976
.01940480296484976
.03228421134452031
.01940480296484976
.01940480296484976
.01940480296484976
.01940480296484976
.01940480296484976
.01940480296484976
.01940480296484976
.01940480296484976
.01940480296484976
.01940480296484976
.15560884423007618
.01940480296484976
.01940480296484976
.01940480296484976
.01940480296484976
.01940480296484976
.01940480296484976
.01940480296484976
.01940480296484976
.01940480296484976
.01940480296484976
.01940480296484976
.01940480296484976
.01940480296484976
.01940480296484976
.01940480296484976
.01940480296484976
.01940480296484976
.01940480296484976
.23493680094974545
.23493680094974545
.17136831621358262
.01940480296484976
.01940480296484976
.01940480296484976
.01940480296484976
.17136831621358262
.05725844316503882
.20627888467206634
.01940480296484976
.23493680094974545
.01940480296484976
.01940480296484976
.01940480296484976
.01940480296484976
.01940480296484976
.03228421134452031
.01940480296484976
.01940480296484976
.1478503688147795
.01940480296484976
.22078121437325307
.01940480296484976
.01940480296484976
.009502001767893743
.01940480296484976
.01940480296484976
.01940480296484976
.11958744063733091
.01940480296484976
.01940480296484976
.01940480296484976
.01940480296484976
.01940480296484976
.01940480296484976
.01940480296484976
.01940480296484976
.01940480296484976
.01940480296484976
.01940480296484976
.01940480296484976
.01940480296484976
.01940480296484976
.01940480296484976
.01940480296484976
.01940480296484976
.01940480296484976
.01940480296484976
.01940480296484976
.01940480296484976
.01940480296484976
.01940480296484976
.11958744063733091
.01940480296484976
.01940480296484976
.01940480296484976
.01940480296484976
.01940480296484976
.01940480296484976
.01940480296484976
.01940480296484976
.01940480296484976
.01940480296484976
.22078121437325307
.19068207977929902
.15560884423007618
.01940480296484976
9999999999984888e-28
.2004570930699955
.2004570930699955
.15560884423007618
.15560884423007618
.22078121437325307
.22078121437325307
.22078121437325307
.22078121437325307
