1.4966809636892253
.6544647754111971
.010378761750954764
.001999061705360796
4198462702350206e-21
.028498463869319774
7.153630259212361
.7038635370827712
.05203454892764733
.06846521984120128
.06536885339815006
4.951868696955299
.689223966111593
.4325625735392677
.006127139123877419
3.276361510603481
.4995155991549131
.0029209514426212944
.07957287486162713
.004440733824973167
.00189080047737737
.009340901546066722
.00019984337267378168
.0024923449104593373
.29351513177019556
17.057038772414142
.00016178760468219775
.005503631891744135
.006571226424836973
.00594216805756274
12891290356441595e-22
.00017530357060521634
.014045366076385724
.0013231977660658409
.009880690091904279
2514020169454273e-20
.002402304433861118
.0027274592531868
.0003488162497067256
.005458388412710184
35439884026876e-18
.005943099750899317
.006001821825145042
.020250220138199743
.0003574839797334843
.12055020712566475
.007758896631488754
.0008259823379791961
.04541238321826305
.26707807844744375
.001256147655585485
.5647429233364142
.009047839866451487
12.16221836182481
11.238025381721789
1.3968990545554547
.0064629360558029585
.06159715075654592
.06862190535786049
.22065604828466648
.13020071606580585
30.044253817476996
23.36065522392744
8.232318124287646
.0022544276303426637
.0004837094566577528
.0014615896112321054
.006077637345275027
3.407577149751863
7.942744809410607
.01998570648208414
22.16568521256549
3.4148878380310266
9.608429052826539
20.80156468709554
.0014115930790775018
.009056128651121535
.0006165285796302807
2.1765142164105393
.0003160804693527694
.0025953937576295603
.010543401544110603
.0003632889865500656
.9234246574416748
.6994332944352126
24736763963609738e-21
.007894510399673465
.8790788836563377
.7841589228177448
3.406126726407744
.00014038654162310278
52430591634627714e-21
.6062227282488809
.7979842434160794
.0703380463568226
.010253207266240964
.2913518847001913
1.5816122150321317
1.4733693162307597
2.1907421865529595
1.649161272654955
2.053584469761264
.02618363412718539
.031716222744210466
.009130054663762002
.00019699620647243933
6.482867383956915
6.242447739566863
.5661389494128957
.017806721231429613
.004284748788748188
7139715135228285e-20
.0005164518633184842
.08180114073946636
.02039678588864562
.0007918540164523974
.44067078899916273
4213659423883621e-20
.00024006450893542962
.03574999697451645
22544627759630184e-21
0
0
0
0
0
0
0
0
0
0
0
0
0
0
0
0
0
0
0
.738024217603983
0
0
0
0
.5868101348201978
1284.1596888337415
.00433722898530208
.101623020315993
.019870021359397003
.20817511666464358
.11295907880593856
.6676336184360373
.13604170108998653
.3987672399612322
.006144484841743465
2.894192922085764
3.3588613774890637
.017042313631707714
.04441069281959581
.8142888510288246
.5832644558863135
.24640410260184245
.4277247112224744
.019410199091322917
.019410199091322917
.22387200206416236
50098691703421334e-21
.019410199091322917
.019410199091322917
.019410199091322917
.019410199091322917
.019410199091322917
.019410199091322917
.019410199091322917
.019410199091322917
.019410199091322917
.019410199091322917
.019410199091322917
.019410199091322917
.019410199091322917
.019410199091322917
.019410199091322917
.019410199091322917
.019410199091322917
.019410199091322917
.019410199091322917
.019410199091322917
.019410199091322917
.019410199091322917
.019410199091322917
.019410199091322917
.019410199091322917
.019410199091322917
.019410199091322917
.019410199091322917
.019410199091322917
.019410199091322917
.019410199091322917
.019410199091322917
.019410199091322917
.019410199091322917
.019410199091322917
.019410199091322917
.019410199091322917
.019410199091322917
.019410199091322917
.019410199091322917
.019410199091322917
.019410199091322917
.019410199091322917
.019410199091322917
.23657555576542888
.010046280113515736
.019410199091322917
.010046280113515736
.1719649501861288
.08609936959709619
.019410199091322917
.019410199091322917
.03365982368158764
.019410199091322917
.019410199091322917
.019410199091322917
.019410199091322917
.019410199091322917
.019410199091322917
.019410199091322917
.019410199091322917
.019410199091322917
.019410199091322917
.15888795391691704
.019410199091322917
.019410199091322917
.019410199091322917
.019410199091322917
.019410199091322917
.019410199091322917
.019410199091322917
.019410199091322917
.019410199091322917
.019410199091322917
.019410199091322917
.019410199091322917
.019410199091322917
.019410199091322917
.019410199091322917
.019410199091322917
.019410199091322917
.019410199091322917
.23657555576542888
.23657555576542888
.1719649501861288
.019410199091322917
.019410199091322917
.019410199091322917
.019410199091322917
.1719649501861288
.059283933131890246
.20728503384446637
.019410199091322917
.23657555576542888
.019410199091322917
.019410199091322917
.019410199091322917
.019410199091322917
.019410199091322917
.03365982368158764
.019410199091322917
.019410199091322917
.14826202896089447
.019410199091322917
.22387200206416236
.019410199091322917
.019410199091322917
.010046280113515736
.019410199091322917
.019410199091322917
.019410199091322917
.11983707952688265
.019410199091322917
.019410199091322917
.019410199091322917
.019410199091322917
.019410199091322917
.019410199091322917
.019410199091322917
.019410199091322917
.019410199091322917
.019410199091322917
.019410199091322917
.019410199091322917
.019410199091322917
.019410199091322917
.019410199091322917
.019410199091322917
.019410199091322917
.019410199091322917
.019410199091322917
.019410199091322917
.019410199091322917
.019410199091322917
.019410199091322917
.11983707952688265
.019410199091322917
.019410199091322917
.019410199091322917
.019410199091322917
.019410199091322917
.019410199091322917
.019410199091322917
.019410199091322917
.019410199091322917
.019410199091322917
.22387200206416236
.19147900876123894
.15888795391691704
.019410199091322917
999999999998503e-27
.20137884592793792
.20137884592793792
.15888795391691704
.15888795391691704
.22387200206416236
.22387200206416236
.22387200206416236
.22387200206416236
