1.4966809636892253
.6543224914916929
.010378840025289224
.0019987212778016317
418650667904578e-20
.028493652333732484
7.153630886077528
.7038635246222923
.052044886822800056
.06846131729000572
.0653688579980909
4.951840691143627
.68922395773914
.43256016471202985
.0061271075349026245
3.2763491475147086
.49953421126973396
.0029215798631220717
.07957287505249246
.0044407332410353675
.0018908002324073058
.009340464375479857
.00019984250873580504
.0024928974263688504
.29350074008599125
17.056971543476248
.0001618278766666741
.005503632196104386
.006571226227212513
.005942168180010186
12891197738875522e-22
.00017530357060521631
.014045366076386148
.0013231977658689623
.009880690091904277
2514006057792328e-20
.002402304372034255
.0027274592526046002
.00034881443113880854
.005458388419082134
35439673181714214e-21
.005943057061928045
.006015168103402186
.020250197544031727
.0003574839819778241
.12055020713564234
.007758901859391875
.0008259838525613586
.045412523511151416
.26714226483850495
.0012561169681007157
.5647426609516696
.009047248477200183
12.162219107293227
11.238025774501367
1.3968990977619455
.006462935758701331
.06159632882674275
.06861663508491112
.22065605668422
.13020071897716406
30.044253817476996
23.360714221208045
8.23238834561907
.0022548441776548012
.00048381966917467235
.0014615885938279074
.0060776422268931434
3.4076274306892
7.942767410109192
.019985881976190358
22.16568592031279
3.4148878294128306
9.608834094324658
20.801559694187848
.0014115930910507265
.009056128473311597
.000616528224921239
2.176514113337113
.0003161506643839873
.002595974170998982
.010543401895150574
.0003633570116386009
.9236115544924682
.6995802027912811
24741746567454378e-21
.007894500780919899
.8792576122500732
.7843246833068426
3.406156526511228
.00014038090896266217
51687065414802815e-21
.6062473772529625
.7979933503980837
.07035291323494643
.010255285492231382
.29138422610762943
1.5816126986855128
1.473369206284471
2.1907606657262195
1.6494044190476924
2.053584477255657
.02618829493987876
.03172076713287047
.009129918257246374
.00019699624632502373
6.482878902507446
6.242543534664835
.5661389617522349
.017810534599090416
.0042847880578002545
7139777040274963e-20
.000516488425048865
.08181394647396963
.02039678684179273
.0007920301395136738
.44067080446785634
42143959892382606e-21
.0002401095308820814
.03575000021515543
2254481403986085e-20
0
0
0
0
0
0
0
0
0
0
0
0
0
0
0
0
0
0
0
.7380241041572122
0
0
0
0
.586832613494866
1284.1596888337413
.004337228985302079
.10162302031599299
.019870021359397003
.20817511666464356
.11297337706000311
.6676336447115626
.13604165496282294
.3987659659729393
.006144464406722809
2.884894963054644
3.350879204712025
.01704228649969087
.04441062175244989
.8142886450041471
.5832642823737108
.24640497407511128
.4277262002564106
.019410199091322914
.019410199091322914
.22387199094209861
49964561706447825e-21
.019410199091322914
.019410199091322914
.019410199091322914
.019410199091322914
.019410199091322914
.019410199091322914
.019410199091322914
.019410199091322914
.019410199091322914
.019410199091322914
.019410199091322914
.019410199091322914
.019410199091322914
.019410199091322914
.019410199091322914
.019410199091322914
.019410199091322914
.019410199091322914
.019410199091322914
.019410199091322914
.019410199091322914
.019410199091322914
.019410199091322914
.019410199091322914
.019410199091322914
.019410199091322914
.019410199091322914
.019410199091322914
.019410199091322914
.019410199091322914
.019410199091322914
.019410199091322914
.019410199091322914
.019410199091322914
.019410199091322914
.019410199091322914
.019410199091322914
.019410199091322914
.019410199091322914
.019410199091322914
.019410199091322914
.019410199091322914
.019410199091322914
.019410199091322914
.23657555541421174
.010045622997779878
.019410199091322914
.010045622997779878
.17196495017832888
.08609936959705675
.019410199091322914
.019410199091322914
.03365934126453862
.019410199091322914
.019410199091322914
.019410199091322914
.019410199091322914
.019410199091322914
.019410199091322914
.019410199091322914
.019410199091322914
.019410199091322914
.019410199091322914
.15888789127172664
.019410199091322914
.019410199091322914
.019410199091322914
.019410199091322914
.019410199091322914
.019410199091322914
.019410199091322914
.019410199091322914
.019410199091322914
.019410199091322914
.019410199091322914
.019410199091322914
.019410199091322914
.019410199091322914
.019410199091322914
.019410199091322914
.019410199091322914
.019410199091322914
.23657555541421174
.23657555541421174
.17196495017832888
.019410199091322914
.019410199091322914
.019410199091322914
.019410199091322914
.17196495017832888
.059283605575480396
.20728503379344088
.019410199091322914
.23657555541421174
.019410199091322914
.019410199091322914
.019410199091322914
.019410199091322914
.019410199091322914
.03365934126453862
.019410199091322914
.019410199091322914
.14826202895870086
.019410199091322914
.22387199094209861
.019410199091322914
.019410199091322914
.010045622997779878
.019410199091322914
.019410199091322914
.019410199091322914
.1198370795264638
.019410199091322914
.019410199091322914
.019410199091322914
.019410199091322914
.019410199091322914
.019410199091322914
.019410199091322914
.019410199091322914
.019410199091322914
.019410199091322914
.019410199091322914
.019410199091322914
.019410199091322914
.019410199091322914
.019410199091322914
.019410199091322914
.019410199091322914
.019410199091322914
.019410199091322914
.019410199091322914
.019410199091322914
.019410199091322914
.019410199091322914
.1198370795264638
.019410199091322914
.019410199091322914
.019410199091322914
.019410199091322914
.019410199091322914
.019410199091322914
.019410199091322914
.019410199091322914
.019410199091322914
.019410199091322914
.22387199094209861
.19147900873952978
.15888789127172664
.019410199091322914
999999999998503e-27
.20137884589106755
.20137884589106755
.15888789127172664
.15888789127172664
.22387199094209861
.22387199094209861
.22387199094209861
.22387199094209861
