3.0179442728028474
.008005707120726303
.00038424283395616283
18829717528041925e-21
7881321420155606e-28
.0014091897378693046
6.728985899747413
.728126548643844
.045681985654188725
.016072053176951515
.06433755747296008
.6972590811762696
.6652800081328172
.06189429378722197
.0009450098881339285
.008415631236801877
.0012870527871119948
.002194358283391975
.07708572609312953
.004621553324579125
.001965680993878567
.002506882749418473
5906019363802642e-20
.001906677086419796
.07631844573441145
3.8704980480349414
6460736520665001e-21
.005238382867244591
.00632609173618126
.0057743325879164075
12533801354052879e-22
.00017005026494529372
.013624445796691463
.0012832862499542756
.009584596643455207
35892965943846946e-22
.002569609173895053
.002644955588425923
5296901811883508e-20
.005286427075832401
5145135509530477e-21
.005772689712491319
.005772317494772427
.020481220768550582
.0005950541695323954
.1164670854760479
.007618583294743388
.00047245456046458433
.024794528993169366
.07530977091094046
29695062799581486e-22
.13768673539073656
21432957971956353e-21
8.61416658229644
8.22105440339651
1.2016363169675148
.006225722991586607
.0006503782863003434
.0007214521363187461
.18414535583142586
.11326500182515076
9.76074302929537
7.659006366648233
2.7632891056536497
.0017817958042884335
.00034665581580987595
.0014318864891890506
.005705377033105432
.0074194894901021
3.5770217590454023
.0008019727963580252
9.76074302929537
3.3099013016636585
9.67141499814894
9.081038046476664
.0013669264066250247
.008843815570761552
.00015792234461213726
2.1423956920424887
.0002367355001311132
.0019346507519446348
.010259307312645374
7900415750360298e-20
.758598719905255
.0283357250125145
14525099524094268e-21
.00028637626146291807
.43464405492814506
.4060827788347939
2.3763840502798605
9753534128402228e-20
.000320284539436042
.6093489575606785
.7252100150480901
.12336533995873043
.00026329612586496493
.1719455777846001
1.1983882416171838
1.02205876211868
.06643200438360337
1.2580489865662867
1.9675760238641524
.017592160734003607
.017813940824264015
8607912480649703e-20
.00014893182963651938
3.6790963214552876
4.502263257601111
.4677366229487959
.003808619605113427
.00011678070090323743
18599363957922885e-22
4204977794071243e-23
.04154023224433858
.014309303999285835
.0004810180732411879
.3468925328522013
2300636867310366e-20
.00019965024068599932
.024837496282704537
6712146810883438e-22
0
0
0
0
0
0
0
0
0
0
0
0
0
0
0
0
0
0
0
.07376546520194248
0
0
0
0
.1326729215673223
1245.6771773570351
.004207254913031073
.09857767550443035
.01927457491168937
.20193671704357513
.021085820564446172
.428381849021566
.013109093111340925
.3448576986622499
.003789600115145422
2.1644461159541315
2.361788361580944
.002091064252162321
.005373426855882073
.49657732352233186
.36688773585982354
.1767845689712864
.30567822183198246
.01882853217264292
.01882853217264292
.048901643015842516
25755875576381783e-26
.01882853217264292
.01882853217264292
.01882853217264292
.01882853217264292
.01882853217264292
.01882853217264292
.01882853217264292
.01882853217264292
.01882853217264292
.01882853217264292
.01882853217264292
.01882853217264292
.01882853217264292
.01882853217264292
.01882853217264292
.01882853217264292
.01882853217264292
.01882853217264292
.01882853217264292
.01882853217264292
.01882853217264292
.01882853217264292
.01882853217264292
.01882853217264292
.01882853217264292
.01882853217264292
.01882853217264292
.01882853217264292
.01882853217264292
.01882853217264292
.01882853217264292
.01882853217264292
.01882853217264292
.01882853217264292
.01882853217264292
.01882853217264292
.01882853217264292
.01882853217264292
.01882853217264292
.01882853217264292
.01882853217264292
.01882853217264292
.01882853217264292
.01882853217264292
.11056858111960981
22867185221704947e-21
.01882853217264292
22867185221704947e-21
.11756305766689785
.07394900682744253
.01882853217264292
.01882853217264292
.0003508031486575189
.01882853217264292
.01882853217264292
.01882853217264292
.01882853217264292
.01882853217264292
.01882853217264292
.01882853217264292
.01882853217264292
.01882853217264292
.01882853217264292
.01622094015709532
.01882853217264292
.01882853217264292
.01882853217264292
.01882853217264292
.01882853217264292
.01882853217264292
.01882853217264292
.01882853217264292
.01882853217264292
.01882853217264292
.01882853217264292
.01882853217264292
.01882853217264292
.01882853217264292
.01882853217264292
.01882853217264292
.01882853217264292
.01882853217264292
.11056858111960981
.11056858111960981
.11756305766689785
.01882853217264292
.01882853217264292
.01882853217264292
.01882853217264292
.11756305766689785
.0013220221217778662
.12171139922153734
.01882853217264292
.11056858111960981
.01882853217264292
.01882853217264292
.01882853217264292
.01882853217264292
.01882853217264292
.0003508031486575189
.01882853217264292
.01882853217264292
.10936911225481277
.01882853217264292
.048901643015842516
.01882853217264292
.01882853217264292
22867185221704947e-21
.01882853217264292
.01882853217264292
.01882853217264292
.09538712901090703
.01882853217264292
.01882853217264292
.01882853217264292
.01882853217264292
.01882853217264292
.01882853217264292
.01882853217264292
.01882853217264292
.01882853217264292
.01882853217264292
.01882853217264292
.01882853217264292
.01882853217264292
.01882853217264292
.01882853217264292
.01882853217264292
.01882853217264292
.01882853217264292
.01882853217264292
.01882853217264292
.01882853217264292
.01882853217264292
.01882853217264292
.09538712901090703
.01882853217264292
.01882853217264292
.01882853217264292
.01882853217264292
.01882853217264292
.01882853217264292
.01882853217264292
.01882853217264292
.01882853217264292
.01882853217264292
.048901643015842516
.12131605860172222
.01622094015709532
.01882853217264292
9999999999969815e-28
.12189634433957139
.12189634433957139
.01622094015709532
.01622094015709532
.048901643015842516
.048901643015842516
.048901643015842516
.048901643015842516
