.7155352032616779
.012480308027560151
.0026589104256086746
4526485830586408e-21
.03283273627754484
6.796620923606645
.7022573204152008
.058726214158919245
.06263218712837841
.07002570569398585
5.195585948492607
.7360219336464527
.375883511283211
.005795777308330176
3.521111162510728
.4218617798035981
.003412319751587313
.07575334474876973
.0045909569260487865
.001947193134747961
.008640592821358978
.0001812533450676992
.0025463694457715123
.30194947203179406
17.074687354726063
.00013756890068325822
.0059844872882362
.006469829040972281
.005926805746907322
13704574210779898e-22
.00018154955473366575
.01422058672160671
.0013600202343110202
.010377361549724892
21497461621926212e-21
.0021742521178166464
.0027774077544720586
.0003570088139471846
.005117155645269044
3560996725280733e-20
.005940095890210683
.006413886516967555
.020279287764902364
.00032775873686387194
.11445250714357977
.007362994537976961
.0007833346166035518
.03843358552071285
.2864020820620748
.0010825942318505287
.5828195415498152
.009057717769397273
12.171302800903192
11.287638907860444
1.3539071199528774
.007200074960039514
.061330243997354546
.06835336490734999
.2226467276566751
.13249620026152867
30.024236042911088
23.59088023167277
8.336129249299393
.002290757070758731
.0005211147743734001
.0014199146597576615
.00694761034400149
3.161951946958638
7.397839608619535
.020835545768792603
23.070222176149482
3.2237106904710737
9.02135146357476
21.688080083947444
.0015576729456874374
.009341527765131476
.0007243170264801015
2.214103502209384
.00033970812102666854
.002858180254566643
.01130061953265212
.0003405116331849689
.9449095611868333
.7051777713654395
3016892766582173e-20
.008805015263707767
.7997131054527568
.7122618325460263
3.276975351243217
.0001805796209588316
4623050874743446e-20
.6363050777129977
.7977751015693054
.0828164465160884
.010651890490988532
.2765467658824747
1.653428552722544
1.5396872659339105
2.064993798332988
1.6105415208840452
2.112008097908325
.027338764188588462
.03819185324771474
.008841596111754484
.00014308680076215613
6.391564446337059
5.9115293039426025
.5615981093923312
.017038418235745704
.004164732531377214
6477242941575822e-20
.0006287724707263572
.10077665000190218
.020395013062265502
.0009065601627389445
.43535928100385235
570209202833251e-19
.0002260353518325143
.03790542999609512
20880720201943733e-21
0
0
0
0
0
0
0
0
0
0
0
0
0
0
0
0
0
0
0
.7552930568423524
0
0
0
0
.5104743978078925
1328.4659698697812
.004465589896152485
.10363243974576716
.017657692582566747
.23113438154513968
.11084190357176478
.6631331626985708
.1349877353320922
.39905124161775524
.005971817918993326
2.970118722476441
3.170378675884179
.015876778223836215
.042385010146630514
.8122002765761996
.6478746041289447
.25613687772861493
.40249057908995933
.019409616276587376
.019409616276587376
.22353608940917902
4962767061134761e-20
.019409616276587376
.019409616276587376
.019409616276587376
.019409616276587376
.019409616276587376
.019409616276587376
.019409616276587376
.019409616276587376
.019409616276587376
.019409616276587376
.019409616276587376
.019409616276587376
.019409616276587376
.019409616276587376
.019409616276587376
.019409616276587376
.019409616276587376
.019409616276587376
.019409616276587376
.019409616276587376
.019409616276587376
.019409616276587376
.019409616276587376
.019409616276587376
.019409616276587376
.019409616276587376
.019409616276587376
.019409616276587376
.019409616276587376
.019409616276587376
.019409616276587376
.019409616276587376
.019409616276587376
.019409616276587376
.019409616276587376
.019409616276587376
.019409616276587376
.019409616276587376
.019409616276587376
.019409616276587376
.019409616276587376
.019409616276587376
.019409616276587376
.019409616276587376
.23639802874468052
.009986091533196004
.019409616276587376
.009986091533196004
.17190041792465152
.0860864441814014
.019409616276587376
.019409616276587376
.03350825761082952
.019409616276587376
.019409616276587376
.019409616276587376
.019409616276587376
.019409616276587376
.019409616276587376
.019409616276587376
.019409616276587376
.019409616276587376
.019409616276587376
.15853035753927538
.019409616276587376
.019409616276587376
.019409616276587376
.019409616276587376
.019409616276587376
.019409616276587376
.019409616276587376
.019409616276587376
.019409616276587376
.019409616276587376
.019409616276587376
.019409616276587376
.019409616276587376
.019409616276587376
.019409616276587376
.019409616276587376
.019409616276587376
.019409616276587376
.23639802874468052
.23639802874468052
.17190041792465152
.019409616276587376
.019409616276587376
.019409616276587376
.019409616276587376
.17190041792465152
.05906148251304069
.20717614016614513
.019409616276587376
.23639802874468052
.019409616276587376
.019409616276587376
.019409616276587376
.019409616276587376
.019409616276587376
.03350825761082952
.019409616276587376
.019409616276587376
.14821751743268038
.019409616276587376
.22353608940917902
.019409616276587376
.019409616276587376
.009986091533196004
.019409616276587376
.019409616276587376
.019409616276587376
.11981009524057218
.019409616276587376
.019409616276587376
.019409616276587376
.019409616276587376
.019409616276587376
.019409616276587376
.019409616276587376
.019409616276587376
.019409616276587376
.019409616276587376
.019409616276587376
.019409616276587376
.019409616276587376
.019409616276587376
.019409616276587376
.019409616276587376
.019409616276587376
.019409616276587376
.019409616276587376
.019409616276587376
.019409616276587376
.019409616276587376
.019409616276587376
.11981009524057218
.019409616276587376
.019409616276587376
.019409616276587376
.019409616276587376
.019409616276587376
.019409616276587376
.019409616276587376
.019409616276587376
.019409616276587376
.019409616276587376
.22353608940917902
.19139278557909106
.15853035753927538
.019409616276587376
9999999999985021e-28
.2012790988012538
.2012790988012538
.15853035753927538
.15853035753927538
.22353608940917902
.22353608940917902
.22353608940917902
.22353608940917902
