45.195924667580236
.3280724369634511
1.1508819398926333
45.40647887100834
1.3900878354877064
7.4432128118182765
.8033781607701369
.19769227040696913
1.3179380193066776
.07760547640955358
22.06991492776384
.7491199973399592
1.531266244499688
.020129579288966852
9.242489408483435
11.948869599171061
.010797851356396817
.0781185589965805
.017287316444288773
.006776303821448355
.04333441391463374
.014780395365779653
.010135969897806052
1.6646589791793298
29.459593613129368
.004636814497077923
.006168611478111675
.006613400631864456
.006165864593562
.005506528150866296
.00018492256017322258
.014328040706458182
.0013599675690144416
.010673678941796516
.00027876965256765595
.004467947362828284
.0029796778840995002
.002522484934967328
.00838915170545864
.00021367514427881755
17.603404298241912
18.41189285144803
.028960253896192972
.003668920493873039
.139606296163305
.010183854486119012
.009958073442110527
.5940308844969674
5.461049538025376
4.897213697050934
3.6532661436118676
5.237569830029835
21.33322303883123
20.86385539112723
2.0434158982480004
.008047366055843507
9.593643962237365
160.9433839224393
.35182091866988985
.1797084188847978
53.18578590394855
51.74149976773684
19.323197638929557
.005990404264013178
.002216652464122303
.0016701493866414338
.0105303905326866
82.40174843555486
76.1704898777397
.04124201923137334
28.695712947379
3.5532404921123133
103.71840182299059
35.354390533699764
.0015682104075382683
.010395677246181671
.0052627284507188975
2.6519854320682517
.0011411231534162471
.010142979385654864
.011137950512881844
.008296390832659145
11.046958277032443
25.63677986960516
.009943941954297876
.054659148916410195
27.23487896010402
128.30088323777198
7.551136963875688
.016910858440920183
.009841567049869247
5.168717954671926
1.576009282095355
13.140855583446793
10.502280816891036
6.3297807312701195
8.02390374890572
6.835014291108314
3.5453298896993606
62.547220253664726
2.1802711688471126
7.259783398455079
5.366843360488392
2.735689357985371
.0032657018301506793
62.30967408853597
8.189266821577423
2.1658765584248245
.46157280013376895
.01697382446567689
.0001813504551428553
58.97125032392782
106.86811103853141
.09460853770578273
.003630605861385777
.6419924383339389
.0066573861215982605
.006736153807654974
.1897203228595935
43642893798445195e-21
0
0
0
0
0
0
0
0
0
0
0
0
0
0
0
0
0
0
0
3.5156511536221617
0
0
0
0
4.444305307264168
1261.9817646736922
.0046331808969385995
.10748612756541914
.019651757140733396
.23092655604803913
.8816743457692672
1.1812103383237453
1.6367342735345738
17.792119976548996
.015815672252710182
6.022276696785458
6.518769463228835
.37590265664803674
.8654441418635772
81.90713701093215
92.76079964685277
48.967018814317534
82.04697599708535
3.5150816497894155
1.8843055112553146
1.536513637776421
1.7472196210118345
2.5440429540107066
1.6834527196900704
2.556323436082668
2.0084859030029576
1.8850129280699608
2.2549334898413558
1.952532373894862
1.9362666783134805
1.421438791215527
1.995408734098662
1.539086903960919
2.633600811544132
1.9266738561972254
2.1748185016441366
2.26844700228836
1.8071535650220603
2.4208700336190585
2.7425443717780222
2.582349323965721
2.086315649978812
1.7389671032971412
2.647682509843513
.02477208870774541
1.7457212328964067
2.3690831714263427
6.089999743457074
2.0239549101617795
1.9504253601500308
1.2831878240559285
2.9550529916378596
1.4185222953760575
1.6022829900210944
2.953415084862445
1.343964796919317
2.0669733767509775
1.534395731729528
2.053181517929426
1.4892271865501892
1.9821787758700946
2.642201645541482
2.002708296554549
2.1354929880468765
1.73484850778965
2.278963972095702
1.7154911122314687
2.2276790723313056
2.6518715569542533
2.8851531251537197
2.2683469679814707
2.041079768943637
2.1173531079479453
2.867502555267295
2.422560137882837
1.0099636676691714
2.806134032185653
2.8924662294035732
2.2753449045916616
1.1256703806026935
1.6909935316081046
1.7672558735228405
1.8876884280598827
1.527171819600505
2.3056324482840296
2.192037191891023
1.8539736314833197
1.7585226550603763
2.6020142600786347
2.531301329026337
1.907579133301834
2.2307723381064126
2.452141746168795
2.1818881548214875
2.409296835245793
2.3756439630636583
2.056632070062065
3.026856347413094
2.13869330041234
1.9060764677191517
1.2312335486985944
1.5709897122241898
1.5211625232970172
.7172275670241668
.18916274936013383
2.0157553040778993
.011361226153519954
2.449414791623404
2.133514828804453
2.447161619825779
1.711255802209786
.18930064028680504
1.434909309987405
.21382881350862923
1.219667054984201
2.912958228673337
1.7730210216336426
1.8283780913686343
1.9346048891142984
2.052743604087182
1.675965343864605
1.9897256400878285
2.0827357410743264
2.454990503183906
.010560915126622916
2.0686999973618
2.1047503386900392
1.4574510011158701
2.3553666267179976
1.9172001892852644
1.4647744698042484
2.3013495838481357
1.9619710743408358
1.9283933322996936
1.9424485591640093
.7565033833482177
1.7657079639819746
4.583471158321873
6.287070998368201
1.4598323658938421
2.024861125215151
2.6227568808628203
2.517614652525011
2.6018437100446667
1.9449932129888647
.008745232779226063
1.558533506651063
1.413844934225834
2.7773083180381613
2.3775359392195177
1.8494521863251687
1.9194546635028922
2.3570408007007093
1.999995245029942
2.8853401221011397
2.166935906800729
2.4990830910759656
1.75609955610295
1.564217708348096
2.237676784382086
1.3194561719140174
.21772793278006164
2.2788284213315073
5.856913299472604
1.6473317334338091
1.584087437762475
2.093152233465497
2.265559629672391
.9383553904444958
1.690621636991155
2.1889640972748876
2.151957414092091
2.349885711163907
1.3609892093226328
2.175260869770062
2.657650634909421
1.7717852443289441
2.604859382836966
1.4754849550007272
1.2329131010395322
1.5202020281507156
1.9176001138555219
2.3692776114449603
2.349626423716813
2.749042997417163
1.3882914383340286
2.200410554539811
2.1964536666865446
2.322790094719044
2.4163448802001604
1.6295683497438584
1.9947365202483536
2.971593485793865
1.8591677931665802
2.142797642419333
.025987445605037553
1.995902813767768
.060272500757404354
1.8758395019863288
1.8352342708823977
.5222595899993037
1.4077724274108288
2.2349444457236762
1.2939836130288627
.048699343776699815
1.9207043694788724
1.1601946483315622
1.598006670655149
2.206606613081337
1.974309858222009
1.5537521399568113
2.4587046454322974
3.364744606809122
2.9889409724067275
.6935060111520135
.011545733152142934
1.8988035655563766
2.291582454334779
1.9018779007896838
.04904779947851416
2.2540327052617144
1.827945292701224
2.131526170505067
1.2212359028602464
1.3686285109794398
.006326111988128641
.004408034258929937
2.2868834453411635
.5637615479558112
.14677065527310756
.8713691572456866
.19835780831936753
2.3356509924206916
.10731365487328352
.09562472201672624
1.8510586463640415
.6223848491071543
8.068607272097053
2.1296247885645756
2.141392414605725
2.4949919721311637
2.2970803377059723
2.1784262297729216
2.108897815012528
.12184066986927146
.16198818236308873
1.9386258426650247
3.02592557843355
1.0108329677966885
1.9250958959775577
2.4388974242204684
1.9943390048588145
.01038489879969738
.29701685251780124
2.8516006985590816
3.659621602694144
4.085308633552274
4.147557083089116
2.369176334999208
.011796846757493576
2.9312125955462043
1.2982811213652465
.013790058207114415
.010393809911504223
.16304057430068927
.011961898786411537
1.665358147046946
2.6274304477968666
.01
1.766608183126992
.01438705731811334
.0072422890323459495
1.894196468034791
.009465267943745803
.00819759379641683
2.402554660658327
.006934592060793388
2.290452844425938
2.325951856757677
1.5819021926867576
1.506828041063595
.00908403735913203
2.039271623323477
2.35592374980164
2.5150630696588707
2.479540985550708
2.2222847224207634
2.737669021832757
.010861127431136363
1.4757250436973863
.010732224321352329
.00918221506933961
.010427116123667061
.012382489456945823
.009897281763752735
1.4475780100796842
.08659935585096094
.07437962936798845
.009312892899482226
1.3752269952699203
2.3358271432342903
.09443449940972058
1.9754101075888644
1.5680998644421678
.06575751418041918
2.063338321232965
1.7955401257115244
1.7153692192015235
2.831328486571692
.009055763881624452
1.6031579467827728
2.5936965441535604
3.2727422370426633
.7776988600717113
1.629937636358801
2.096447463718755
1.422396840273183
2.2066608840759767
1.7032053604815345
1.7905914282690159
2.158376776301569
.009056587902114988
.20964426347806034
.1954381124192645
1.8456157077747986
1.440907397650832
1.8590563995910594
1.7589669408271305
1.4426363711087156
2.1200438554010343
2.2009600539295007
1.742738310641116
1.9757792705987314
2.2409993810226223
1.8053888992429195
.006152495507532976
1.5582199126384702
1.9779325723028154
1.9055994816370752
2.1575628019310424
3.1089863965951334
1.6920037692938825
1.877232802067557
1.7995083176766722
2.147525786415302
.1137209291592281
1.8554502956227372
2.362335786368922
2.4566163577257414
1.6642204029400434
2.4852344289389445
1.6052738334471348
.2246352466060367
.1483324907125697
.12622549468339464
1.7778403340145792
2.103794526401182
2.044454515035215
2.5359068324788927
1.4199980201751279
1.844278385939836
1.492446280415477
2.016884674263093
2.3118699814588366
1.69711739724065
2.207682944475253
2.280134519332269
2.0592089107655642
2.222375422007414
3.085053818117929
2.0384202378629963
1.9801980042788112
1.7467580204234925
1.407134858247671
2.139398638403944
1.5477741111798695
2.150759776460652
1.9021218369153743
1.761729823359273
2.2633215920262386
1.7092865164798452
2.211347224529322
1.3943086134620957
2.333281664600577
1.5869375179917609
2.4069298654997993
1.5919740669710096
2.2529650047671153
1.604144307407862
2.0510058319744946
15.835053788663352
18.1016280838067
2.4088103771336704
2.1596471736240015
1.6553943609210937
1.3588991441543408
1.532621685794721
1.5128522341139667
2.516802216379304
1.7382220520291662
1.7113617231019465
2.1367577879600312
1.9504399184216232
2.988489639560292
1.734436463933758
1.919693780662315
1.471218146793018
1.7895254161108944
1.4851595999903724
1.8837966036048313
1.3183194717670477
1.888763812249225
2.22658737371656
1.1670714356542307
1.910038831851965
1.5955449317865218
2.234261262124905
1.908720741527586
2.9218540266153474
2.0398896922143996
1.9826957846893518
2.4359373989864794
1.2438485666938277
2.6745244342575885
10.815558272162473
1.7410591379733664
1.6013580318374372
1.6667601142195334
3.4428247806541497
1.9517583233971436
1.8561959184449535
2.7857667303755385
1.472105786332632
1.8676466629618926
2.721511162936241
1.4058583261020323
3.196326633848789
2.5680432385727303
2.493333102587228
2.0637640782215416
1.4008737314799249
1.679332918640254
1.688231955495993
.28840175546038427
2.7520004304253805
1.7317399942716063
2.484806389745609
1.7055685835709402
1.978262830878129
2.4884798514336497
2.1060286478187997
2.1297882983616994
1.9572708724433356
1.731409492523154
1.3723294970751412
2.015881460401085
2.3672583984157693
1.8239521161596424
1.8351201693871002
1.5178681170746022
1.6032001246554142
2.6556760443713663
2.963010342132244
2.0150039862656572
2.116878001342178
1.8595161520160326
2.303603522168774
1.6708296902293245
1.2780024094579017
2.2269477693899438
1.7554026255347481
1.6504382305963954
2.3555720400081914
.16512478789339946
1.0187840859147177
.12156944812747057
1.0028866349195538
.102799006518549
.8744676292288704
.0928236069137775
2.1597664969211965
.15794354290765147
2.5705785427999195
.0900287013795061
.9573485623456937
6.035081262829698
.34987583574008346
.11297000578810942
1.2862504679919666
.0673049773002217
.22195965214253302
.04062044202055375
.9053514377790227
.0762291839083729
1.1314297776579558
.10272006806814964
1.3522236941957697
.17712963509728544
1.0049912726165895
.0463842154941838
.6805275126662156
.05782950929375478
1.3902111113461486
.00020565708493001366
.00041999625959188717
.11343519594603522
.1301764382209387
