.16931323147701538
1.016838070827626
.12169401341932462
1.0074327839378592
.10272792210693205
.8576534586069506
.0899618469222262
2.119781464562864
.17437047865365993
2.5711464420999417
.08529288317096975
.9994168054198073
5.748162836227484
.37606776332869585
.11223838261222172
1.2270414309669997
.06797600853695542
.20393649585662535
.039410587124177186
.8932789594928627
.06689824615026378
1.1014870781491528
.10323012658693782
1.252341246966277
.1841272822660659
.9430589889929543
.053474025777340506
.6766345372641145
.05902604190875176
1.51705418268175
.0002096100091457923
.00042311411182811495
.110560435426225
.11845254054909798
