45.500610846455736
.3288712181860894
1.166580193630432
47.146582226462336
1.3053299047617304
7.955972868853054
.7998484213156957
.18264922193247013
1.4206317339996133
.0761094372327981
22.532613412753246
.7984938343755357
1.622136668112563
.020359610752148323
9.68831209459785
11.85430679160789
.010277998408029695
.0835090273238544
.01699639518634858
.006796323374170864
.04583151845517861
.014431523891347723
.010140963485944121
1.6398144046560663
29.816353869608836
.005275988158725945
.006340369711395449
.007208430488503485
.006297658014503124
.005526566821129703
.0001684295838811518
.014449739762793545
.0012946710693978168
.010964466577389864
.00027812585710714714
.004710871256697236
.0028546043372561494
.00246702129962576
.008688453392320423
.00021311817469651565
16.74639509983295
18.96527097262714
.028218241227849942
.003902094739901028
.15063415563648774
.010219849391994489
.00906692699124451
.5952354844067543
5.395483749408428
5.036499471763648
3.776581278838803
5.340580104076351
22.133146614693537
20.80268993256698
1.9973699723576583
.0077131741383563955
9.612017592118105
157.5301147309568
.341598796819923
.16590805592488012
55.606938827424145
53.248877212942354
18.97576584043359
.006103324748941363
.0023018741723953556
.0016813706944229095
.011043414154108507
79.40397277081172
80.76440375759292
.039327878359481656
27.804137336526054
3.300375612668543
105.64962065836049
34.15917986421194
.0015383121923982235
.010083317568937222
.005101599132080739
2.6806265606560915
.0010318930178798834
.00955299902702031
.011964817463984553
.007891474193135992
10.693911432868711
23.503759047464467
.009728424419585503
.05237943567886412
26.862710974165342
133.7325897743036
7.855651242528373
.015741629201227104
.009567809117844944
5.110167881957685
1.5839796747381103
12.235397732699791
11.377807203774555
6.520548444456074
7.612380413442973
6.3495910206867
4.212754748924133
61.757607867886556
2.0201991638919696
8.100138016272362
5.327738599093024
2.657689096233712
.003495673895225627
64.32976027078982
8.687008253749859
2.0953145826899418
.48501590022122226
.0167075670765218
.00016845029955506847
54.03137976237786
102.85281990653431
.09300011038791531
.003373611423979618
.6514971738335632
.006527744918638228
.007084871325166476
.1877549430946199
4258676360292245e-20
0
0
0
0
0
0
0
0
0
0
0
0
0
0
0
0
0
0
0
3.3744350473434226
0
0
0
0
4.329664689621941
1302.005437094595
.004810585779416386
.10816806953214153
.01904070051160006
.2274508554254846
.8227820755478061
1.162503513391041
1.6821976565275985
18.145769892059224
.016162446804449455
6.322701302670491
6.325453542486762
.3778293138465462
.841005531679811
78.35193310135121
89.1343073511329
51.18856355035816
83.82299954049944
.02
.02
1
8
.02
.02
.02
.02
.02
.02
.02
.02
.02
.02
.02
.02
.02
.02
.02
.02
.02
.02
.02
.02
.02
.02
.02
.02
.02
.02
.02
.02
.02
.02
.02
.02
.02
.02
.02
.02
.02
.02
.02
.02
.02
.02
.02
.02
.5
4
.02
4
.25
.1
.02
.02
3
.02
.02
.02
.02
.02
.02
.02
.02
.02
.02
1.5
.02
.02
.02
.02
.02
.02
.02
.02
.02
.02
.02
.02
.02
.02
.02
.02
.02
.02
.5
.5
.25
.02
.02
.02
.02
.25
2.5
.35
.02
.5
.02
.02
.02
.02
.02
3
.02
.02
.2
.02
1
.02
.02
4
.02
.02
.02
.15
.02
.02
.02
.02
.02
.02
.02
.02
.02
.02
.02
.02
.02
.02
.02
.02
.02
.02
.02
.02
.02
.02
.02
.15
.02
.02
.02
.02
.02
.02
.02
.02
.02
.02
1
.3
1.5
.02
1e-12
.33
.33
1.5
1.5
1
1
1
1
