P1 0.000108 0.005815 0.000680 0.000592
P2 -0.000001 0.000003 0.000000 0.000000
P3 0.000724 0.003412 0.000189 0.000191
P4 0.000572 0.001304 0.000013 0.000010
P5 -0.009267 0.031121 0.014947 0.008625
P6 -0.006524 0.029481 0.011340 0.005299
P7 0.012486 0.026113 0.013211 0.009643
P8 -0.021810 0.036032 0.006939 0.009382
P9 -0.002327 0.003685 0.000270 0.000197
P10 0.000933 0.015006 0.001330 0.001619
P11 -0.006378 0.010434 0.011197 0.013295
P12 0.007722 0.021700 0.005682 0.005813
P13 0.012296 0.056999 0.043064 0.033206
P14 0.021718 0.042579 0.008885 0.010198
P15 -0.001547 0.002646 0.000103 0.000057
P16 0.023219 0.049342 0.068853 0.068539
P17 0.024876 0.038110 0.042697 0.051388
P18 0.003962 0.012064 0.001525 0.000924
P19 0.030481 0.038023 0.011819 0.013957
P20 0.004166 0.032409 0.014707 0.012944
P21 0.002306 0.032737 0.023661 0.017074
P22 0.032974 0.042462 0.016954 0.013505
P23 0.007477 0.014685 0.000827 0.001205
P24 -0.000016 0.000115 0.000000 0.000000
P25 -0.000128 0.000184 0.000000 0.000000
P26 0.000038 0.000089 0.000000 0.000000
P27 0.002039 0.004794 0.000359 0.000126
P28 -0.000001 0.000009 0.000000 0.000000
P29 -0.000000 0.000000 0.000000 0.000000
P30 -0.000002 0.000019 0.000000 0.000000
P31 -0.000003 0.000004 0.000000 0.000000
P32 0.000000 0.000000 0.000000 0.000000
P33 0.000010 0.000018 0.000000 0.000000
P34 0.000000 0.000000 0.000000 0.000000
P35 0.000000 0.000000 0.000000 0.000000
P36 0.000001 0.000004 0.000000 0.000000
P37 -0.000308 0.001157 0.000013 0.000013
P38 -0.000972 0.004305 0.000248 0.000145
P39 -0.000001 0.000003 0.000000 0.000000
P40 0.000000 0.000000 0.000000 0.000000
P41 -0.000000 0.000000 0.000000 0.000000
P42 0.000000 0.000000 0.000000 0.000000
P43 0.000000 0.000001 0.000000 0.000000
P44 -0.000001 0.000002 0.000000 0.000000
P45 -0.000000 0.000001 0.000000 0.000000
P46 -0.000008 0.000015 0.000000 0.000000
P47 0.003837 0.009015 0.000775 0.000443
P48 -0.000000 0.000000 0.000000 0.000000
P49 0.000000 0.000000 0.000000 0.000000
P50 0.000000 0.000000 0.000000 0.000000
P51 -0.000000 0.000001 0.000000 0.000000
P52 -0.000000 0.000000 0.000000 0.000000
P53 0.000000 0.000000 0.000000 0.000000
P54 0.000000 0.000000 0.000000 0.000000
P55 0.000000 0.000000 0.000000 0.000000
P56 -0.000000 0.000000 0.000000 0.000000
P57 -0.000000 0.000000 0.000000 0.000000
P58 0.000000 0.000000 0.000000 0.000000
P59 0.000000 0.000000 0.000000 0.000000
P60 0.000000 0.000000 0.000000 0.000000
P61 -0.000000 0.000000 0.000000 0.000000
P62 0.000000 0.000000 0.000000 0.000000
P63 0.000068 0.000141 0.000001 0.000001
P64 0.008946 0.014591 0.000733 0.001336
P65 -0.000001 0.000003 0.000000 0.000000
P66 -0.000000 0.000000 0.000000 0.000000
P67 -0.000000 0.000000 0.000000 0.000000
P68 0.000001 0.000002 0.000000 0.000000
P69 0.000000 0.000002 0.000000 0.000000
P70 0.000032 0.000092 0.000001 0.000001
P71 -0.000305 0.000440 0.000004 0.000003
P72 -0.000155 0.000360 0.000002 0.000001
P73 0.000172 0.000209 0.000001 0.000001
P74 -0.000045 0.000110 0.000000 0.000000
P75 0.000080 0.000096 0.000000 0.000000
P76 -0.000002 0.000074 0.000000 0.000000
P77 0.000001 0.000005 0.000000 0.000000
P78 -0.000000 0.000000 0.000000 0.000000
P79 -0.000040 0.000333 0.000002 0.000001
P80 0.000231 0.000519 0.000006 0.000006
P81 -0.000073 0.000161 0.000000 0.000000
P82 0.000064 0.000137 0.000000 0.000000
P83 0.008926 0.012311 0.002310 0.001215
P84 -0.017758 0.014598 0.003941 0.003223
P85 0.003987 0.010959 0.003088 0.002126
P86 -0.000000 0.000002 0.000000 0.000000
P87 -0.000000 0.000001 0.000000 0.000000
P88 0.000000 0.000001 0.000000 0.000000
P89 -0.000002 0.000003 0.000000 0.000000
P90 0.000240 0.000848 0.000009 0.000007
P91 -0.000067 0.000422 0.000002 0.000002
P92 -0.000005 0.000010 0.000000 0.000000
P93 -0.000179 0.009788 0.001713 0.001939
P94 -0.001114 0.002806 0.000077 0.000050
P95 -0.004593 0.021632 0.005816 0.005862
P96 0.004571 0.008463 0.000669 0.000558
P97 -0.000000 0.000000 0.000000 0.000000
P98 0.000000 0.000001 0.000000 0.000000
P99 -0.000000 0.000000 0.000000 0.000000
P100 0.000002 0.000009 0.000000 0.000000
P101 0.000000 0.000000 0.000000 0.000000
P102 -0.000000 0.000003 0.000000 0.000000
P103 0.000000 0.000000 0.000000 0.000000
P104 -0.000002 0.000003 0.000000 0.000000
P105 0.001953 0.003355 0.000253 0.000124
P106 0.000625 0.008659 0.000507 0.000474
P107 0.000000 0.000001 0.000000 0.000000
P108 -0.000032 0.000052 0.000000 0.000000
P109 0.023504 0.025523 0.007716 0.003224
P110 0.000891 0.004863 0.000747 0.000441
P111 0.032387 0.097169 0.178538 0.051710
P112 -0.000007 0.000061 0.000000 0.000000
P113 0.000002 0.000002 0.000000 0.000000
P114 -0.001714 0.005583 0.000297 0.000132
P115 -0.003763 0.014684 0.002284 0.001051
P116 0.000012 0.000071 0.000000 0.000000
P117 0.000079 0.000217 0.000001 0.000000
P118 -0.002482 0.002482 0.000058 0.000036
P119 0.000006 0.000010 0.000000 0.000000
P120 0.000002 0.000014 0.000000 0.000000
P121 0.000218 0.000930 0.000051 0.000082
P122 -0.012335 0.036815 0.013990 0.006985
P123 -0.007824 0.033405 0.016589 0.008271
P124 -0.000517 0.004393 0.000258 0.000207
P125 -0.000505 0.008980 0.001405 0.000954
P126 0.004298 0.008885 0.001319 0.001186
P127 -0.000012 0.000011 0.000000 0.000000
P128 0.023114 0.027633 0.013906 0.009904
P129 0.015019 0.036617 0.018307 0.007613
P130 0.005138 0.009964 0.000530 0.001029
P131 -0.001330 0.001418 0.001623 0.003169
P132 -0.000656 0.001975 0.000034 0.000062
P133 -0.000021 0.000037 0.000000 0.000000
P134 0.004325 0.016977 0.002775 0.003387
P135 0.006950 0.014520 0.003608 0.002243
P136 0.006073 0.008205 0.000604 0.000750
P137 -0.000081 0.000184 0.000000 0.000000
P138 0.001227 0.005384 0.000710 0.000944
P139 0.000121 0.000247 0.000000 0.000001
P140 -0.000006 0.000007 0.000000 0.000000
P141 -0.000323 0.005164 0.001098 0.001286
P142 -0.000002 0.000004 0.000000 0.000000
P143 0.000000 0.000000 0.000000 0.000000
P144 0.000000 0.000000 0.000000 0.000000
P145 0.000000 0.000000 0.000000 0.000000
P146 0.000000 0.000000 0.000000 0.000000
P147 0.000000 0.000000 0.000000 0.000000
P148 -0.000000 0.000000 0.000000 0.000000
P149 0.000000 0.000000 0.000000 0.000000
P150 0.000000 0.000000 0.000000 0.000000
P151 0.000000 0.000000 0.000000 0.000000
P152 0.000000 0.000000 0.000000 0.000000
P153 0.000000 0.000000 0.000000 0.000000
P154 0.000000 0.000000 0.000000 0.000000
P155 0.000000 0.000000 0.000000 0.000000
P156 -0.000000 0.000000 0.000000 0.000000
P157 -0.000000 0.000000 0.000000 0.000000
P158 0.000000 0.000000 0.000000 0.000000
P159 0.000000 0.000000 0.000000 0.000000
P160 -0.000000 0.000000 0.000000 0.000000
P161 0.000000 0.000000 0.000000 0.000000
P162 0.006321 0.009302 0.001753 0.002153
P163 0.000000 0.000000 0.000000 0.000000
P164 0.000000 0.000000 0.000000 0.000000
P165 -0.000000 0.000000 0.000000 0.000000
P166 0.000000 0.000000 0.000000 0.000000
P167 -0.006002 0.013667 0.003574 0.002113
P168 0.000002 0.000004 0.000000 0.000000
P169 0.000000 0.000000 0.000000 0.000000
P170 -0.000000 0.000000 0.000000 0.000000
P171 0.000000 0.000000 0.000000 0.000000
P172 0.000000 0.000000 0.000000 0.000000
P173 0.000306 0.002124 0.000042 0.000017
P174 0.021072 0.054930 0.035053 0.008643
P175 -0.000003 0.000005 0.000000 0.000000
P176 0.000155 0.000624 0.000008 0.000004
P177 0.562863 0.228895 0.686320 0.137514
P178 -0.010721 0.025774 0.008557 0.005374
P179 0.004403 0.021894 0.009144 0.006139
P180 -0.000510 0.001503 0.000059 0.000036
P181 -0.001221 0.004317 0.000249 0.000104
P182 -0.000004 0.000007 0.000000 0.000000
P183 0.000001 0.000006 0.000000 0.000000
P184 0.000033 0.000037 0.000000 0.000000
P185 0.000012 0.000076 0.000000 0.000000
