6213217872385157e-27
38.600074227701896
.15694237918018494
.2923315071604238
11.092268625316636
.3764983071910821
5.907013939062817
.20702941322477897
.0025423469575466848
.3331815226688257
.027217441111118415
8.0613851662735
.7246657100292546
.5975963751643544
.008445777225745743
7.710105034755167
1.0851699869941822
.0037027291488972705
.08045909704135737
.00399807389118036
.0016897587819932544
.04062424434187027
.00014913784630399556
23443419545935244e-21
.25313712658087556
3660991131198405e-23
13306130328602814e-30
.0048087255504914
.006616498893410562
.00648968964572969
.002276636252221839
.00016978204340328
.013852784402358294
.0012811963847757007
.011067798460248909
3418358285138047e-20
.0004720238640062662
.0029394231204515186
.0005360992162833348
.005429295970320253
1483032027222131e-20
9.487358702090154
14.008349045438496
.004925829433356483
5949868136854766e-20
.11961700129387692
.007689841501387091
.007178180760313202
.41008704182503325
7681760181911676e-26
.44299653806374956
29013593659251233e-27
3.7811458527781525
17.599934812936272
14330093566225354e-25
19453457624983629e-26
.006685933870298455
2.9194364090630858
13.468675693358241
2672636182341993e-26
22059271094209738e-27
41.227183022908775
27.0059474374956
9.395002795618
.0024341615733917328
.0006545839766531549
.0014070784845810706
.006726406057753545
5123822405996338e-24
0
7526574369904979e-27
23.67971210990132
3.463430413305945
9.285939825881016
17.53729636445036
.0014980422252140614
.008203165525764977
.00040535315324970433
2.1783991268677902
.0003754521686842102
.003257056594290219
.011116669957428384
.0015270538942612109
.90064826507721
1.4494803834808716
.00013564468528631107
.025282613603236755
1.3874228854155328
1.837868564051084
3.2234726572483057
.003152847601767759
.0004291354127355601
.5980985330638107
.7798000581895543
11537519454246218e-27
.4879824270001468
.7895079368404677
2.010847993675736
2.6569194655084387
3354842840911575e-25
6.060899777279345
1.9369983740986454
.5562179160045445
1.1595074454706904
.949787171671106
.0008662691230707591
49.99999999991716
8.082215996420425
.455173338329923
.06111382376380912
6382835031812886e-28
68118612550208496e-31
3117076709039977e-24
4.909615097334994
.010307736742465694
.000527629307966962
.5354690712570535
.0012715967062176296
.00024733949494508596
.017338848856774634
2979575003494802e-30
0
0
0
0
0
0
0
0
0
0
0
0
0
0
0
0
0
0
0
1.9196574779401225
0
0
0
0
.6077526919149028
1296.3764317104099
.004617870180982891
.10531560042715915
.02031167779865386
.22838859494590158
.5745627325802047
1.0250572965797284
1.372253652079522
1.4432921320855552
.007559307864265756
5.865103824160694
6.153598409090888
.154443540121793
.35139170714930196
5.560414047119072
3.712428037256579
9052140090381896e-26
16416240451650152e-26
.019999999999997516
.019999999999997516
.9999999999937867
7.999999999602354
.019999999999997516
.019999999999997516
.019999999999997516
.019999999999997516
.019999999999997516
.019999999999997516
.019999999999997516
.019999999999997516
.019999999999997516
.019999999999997516
.019999999999997516
.019999999999997516
.019999999999997516
.019999999999997516
.019999999999997516
.019999999999997516
.019999999999997516
.019999999999997516
.019999999999997516
.019999999999997516
.019999999999997516
.019999999999997516
.019999999999997516
.019999999999997516
.019999999999997516
.019999999999997516
.019999999999997516
.019999999999997516
.019999999999997516
.019999999999997516
.019999999999997516
.019999999999997516
.019999999999997516
.019999999999997516
.019999999999997516
.019999999999997516
.019999999999997516
.019999999999997516
.019999999999997516
.019999999999997516
.019999999999997516
.019999999999997516
.019999999999997516
.019999999999997516
.4999999999984467
3.9999999999005884
.019999999999997516
3.9999999999005884
.24999999999961167
.09999999999993787
.019999999999997516
.019999999999997516
2.999999999944081
.019999999999997516
.019999999999997516
.019999999999997516
.019999999999997516
.019999999999997516
.019999999999997516
.019999999999997516
.019999999999997516
.019999999999997516
.019999999999997516
1.49999999998602
.019999999999997516
.019999999999997516
.019999999999997516
.019999999999997516
.019999999999997516
.019999999999997516
.019999999999997516
.019999999999997516
.019999999999997516
.019999999999997516
.019999999999997516
.019999999999997516
.019999999999997516
.019999999999997516
.019999999999997516
.019999999999997516
.019999999999997516
.019999999999997516
.4999999999984467
.4999999999984467
.24999999999961167
.019999999999997516
.019999999999997516
.019999999999997516
.019999999999997516
.24999999999961167
2.4999999999611675
.34999999999923886
.019999999999997516
.4999999999984467
.019999999999997516
.019999999999997516
.019999999999997516
.019999999999997516
.019999999999997516
2.999999999944081
.019999999999997516
.019999999999997516
.1999999999997515
.019999999999997516
.9999999999937867
.019999999999997516
.019999999999997516
3.9999999999005884
.019999999999997516
.019999999999997516
.019999999999997516
.1499999999998602
.019999999999997516
.019999999999997516
.019999999999997516
.019999999999997516
.019999999999997516
.019999999999997516
.019999999999997516
.019999999999997516
.019999999999997516
.019999999999997516
.019999999999997516
.019999999999997516
.019999999999997516
.019999999999997516
.019999999999997516
.019999999999997516
.019999999999997516
.019999999999997516
.019999999999997516
.019999999999997516
.019999999999997516
.019999999999997516
.019999999999997516
.1499999999998602
.019999999999997516
.019999999999997516
.019999999999997516
.019999999999997516
.019999999999997516
.019999999999997516
.019999999999997516
.019999999999997516
.019999999999997516
.019999999999997516
.9999999999937867
.2999999999994408
1.49999999998602
.019999999999997516
1e-12
.3299999999993234
.3299999999993234
1.49999999998602
1.49999999998602
.9999999999937867
.9999999999937867
.9999999999937867
.9999999999937867
