1.5051492970150828
.8699035473098308
.013038162724826285
.002626293501273178
4782718779704392e-21
.037243719753510734
6.972587891341137
.6919411239659393
.06003096490672141
.07536801411849174
.06718847786157169
4.830110600333342
.6917323173813722
.3671052836814815
.005451092350107661
3.187862519170527
.44028254952339047
.0030245146962215546
.07822730334532059
.004337828364868304
.001827569148582864
.010572528665989778
.00019687918460260968
.0026756192642783316
.3035413814263245
16.35845465938184
.00016619152141925277
.005366771625661192
.006355201774841676
.006330788708878723
13332015557207285e-22
.00016474728096515273
.0134419681826447
.0012429677857330101
.010739591340267644
2067835453728481e-20
.00224626283980326
.0028514883849879223
.00034081258830246275
.005260249341629665
32996154071647226e-21
.006334767495839857
.006482654534981118
.019170171059492026
.00033746679355218395
.11348793133053733
.007916569280919012
.0008574290441467023
.0478097118844171
.2688980262179188
.001068800015862558
.5805825843136598
.008881608200974169
11.866081176599664
11.064859061103833
1.2999482935819417
.006443100895764727
.06163632375547076
.06869870336120427
.21634517305952583
.125502668543476
29.93134270646556
23.282381763745363
8.31453628046506
.0022377085349462736
.0005465196376002115
.001404857268773647
.0064369954852067715
3.2906651310522417
7.3328778094369405
.02060807050616044
22.528007245138266
3.363792826951147
9.06149519351374
21.12884664667233
.0014533837819082419
.009132198518102411
.0006023725231422174
2.2180473708109743
.00030659414108247365
.0026305751696250102
.01088209604383749
.0003969674846138382
.9365336486837724
.7011601517022072
27682363640369573e-21
.008398261558597134
.8732287666393003
.7900842311771653
3.4221877645435272
.0001397425993278717
51738616996020185e-21
.5830390127803609
.8171536804815842
.08030778516746137
.010462024504148728
.281296440361322
1.5629726244732653
1.460757651689028
2.1954694067898344
1.5092555609483074
1.990988342334999
.02635369171201398
.03731730247244879
.009435709808978034
.00018285502882648975
6.306367013589283
5.961636672148182
.5496888753551232
.015996472415320984
.004356002048797411
6496585535204482e-20
.0005385974987279685
.0918157470190834
.02143127664608678
.0008647808317126933
.45760519097662444
4702066429810549e-20
.0002395046727272221
.03749267908463456
21128949666215903e-21
0
0
0
0
0
0
0
0
0
0
0
0
0
0
0
0
0
0
0
.7283472818470647
0
0
0
0
.5449420586926141
1257.933161850828
.0044809299950911916
.10219252911190589
.019709347108420393
.22161586738499406
.11542669277216333
.649876808571782
.13690384404516417
.41420348874928903
.006181271389448719
2.882023878120514
3.2403846514649004
.016946669665259803
.03848275545230424
.8323093411660243
.5518950598618445
.24186346659344352
.4382163282593898
.019406911928983205
.019406911928983205
.22198431509361916
488359506522252e-19
.019406911928983205
.019406911928983205
.019406911928983205
.019406911928983205
.019406911928983205
.019406911928983205
.019406911928983205
.019406911928983205
.019406911928983205
.019406911928983205
.019406911928983205
.019406911928983205
.019406911928983205
.019406911928983205
.019406911928983205
.019406911928983205
.019406911928983205
.019406911928983205
.019406911928983205
.019406911928983205
.019406911928983205
.019406911928983205
.019406911928983205
.019406911928983205
.019406911928983205
.019406911928983205
.019406911928983205
.019406911928983205
.019406911928983205
.019406911928983205
.019406911928983205
.019406911928983205
.019406911928983205
.019406911928983205
.019406911928983205
.019406911928983205
.019406911928983205
.019406911928983205
.019406911928983205
.019406911928983205
.019406911928983205
.019406911928983205
.019406911928983205
.019406911928983205
.23557597892311433
.009718340258456706
.019406911928983205
.009718340258456706
.17160127136746658
.0860264886466249
.019406911928983205
.019406911928983205
.03282017139775072
.019406911928983205
.019406911928983205
.019406911928983205
.019406911928983205
.019406911928983205
.019406911928983205
.019406911928983205
.019406911928983205
.019406911928983205
.019406911928983205
.15688309690932378
.019406911928983205
.019406911928983205
.019406911928983205
.019406911928983205
.019406911928983205
.019406911928983205
.019406911928983205
.019406911928983205
.019406911928983205
.019406911928983205
.019406911928983205
.019406911928983205
.019406911928983205
.019406911928983205
.019406911928983205
.019406911928983205
.019406911928983205
.019406911928983205
.23557597892311433
.23557597892311433
.17160127136746658
.019406911928983205
.019406911928983205
.019406911928983205
.019406911928983205
.17160127136746658
.05804522218247527
.2066715689149671
.019406911928983205
.23557597892311433
.019406911928983205
.019406911928983205
.019406911928983205
.019406911928983205
.019406911928983205
.03282017139775072
.019406911928983205
.019406911928983205
.14801113509890076
.019406911928983205
.22198431509361916
.019406911928983205
.019406911928983205
.009718340258456706
.019406911928983205
.019406911928983205
.019406911928983205
.11968495313317015
.019406911928983205
.019406911928983205
.019406911928983205
.019406911928983205
.019406911928983205
.019406911928983205
.019406911928983205
.019406911928983205
.019406911928983205
.019406911928983205
.019406911928983205
.019406911928983205
.019406911928983205
.019406911928983205
.019406911928983205
.019406911928983205
.019406911928983205
.019406911928983205
.019406911928983205
.019406911928983205
.019406911928983205
.019406911928983205
.019406911928983205
.11968495313317015
.019406911928983205
.019406911928983205
.019406911928983205
.019406911928983205
.019406911928983205
.019406911928983205
.019406911928983205
.019406911928983205
.019406911928983205
.019406911928983205
.22198431509361916
.1909931742337638
.15688309690932378
.019406911928983205
9999999999984943e-28
.20081686907247476
.20081686907247476
.15688309690932378
.15688309690932378
.22198431509361916
.22198431509361916
.22198431509361916
.22198431509361916
