1.5140482658903587
.7080740520410297
.010768253123855064
.0019587993109053533
33245490408442315e-22
.031144247355661105
6.753526339527524
.7188370582503534
.06074151335158477
.07126470763034104
.06678564273261757
4.974692032733489
.7660061755496401
.39289944914839103
.00600671800602649
3.2103630472150093
.4363018514469222
.0030384426557526316
.0772667371110872
.004447210226345364
.001970425645198954
.009880664980992073
.0002020433718594834
.002656983949252966
.2822337720301555
16.382671287080917
.00017866157720364864
.005644980468269661
.0061358086555516455
.005983566424643034
13326116527519085e-22
.0001757653443055273
.013611861184022581
.001293460222505273
.011000860051183793
242255325997182e-19
.0022393764319282535
.0028975380075491014
.0003198843355071398
.00547408323541204
3401193610598552e-20
.005986398518792613
.006139633714900174
.020853029495953922
.00031643112358632926
.11517339080877603
.008293454130784556
.0008599246038798428
.046666407208424285
.2901260212945807
.0010679825119101567
.586825352428074
.008962237912344266
12.449614859164411
11.690301985300207
1.312674006002747
.0067556178575641
.06305426347215318
.07005401346015323
.22560783322273348
.12360684047364981
29.81268978812855
23.50925973284722
7.804136164051241
.002200665553722944
.0005102493417716148
.0015121261770747398
.0063942965905762796
3.400275391941271
7.794933055028894
.020735041625355825
22.62471111990011
3.3196889610485707
9.772072384432056
21.27623415420278
.0014604614271608645
.00921663629352837
.000662298579990482
2.270974321832347
.000295700185193674
.0026571941230235166
.01144007427656866
.0003816059061748051
.8748032249777878
.689977946171375
2607655441496326e-20
.007311156527483806
.8713850398688578
.7826936935102933
3.4459058139712484
.0001461067826385234
592138305837006e-19
.6551152887643785
.7597358313981469
.07095543841903795
.009759990269872865
.27439996345394374
1.5111316993799822
1.421880853859367
2.0239618927297256
1.6843550488150045
2.062982203175528
.02375536745678217
.03906250335672379
.009035168102259449
.00017065362919179453
6.339011490676266
5.995263900107826
.5213135000143825
.01552945359913744
.0045400150691440365
6678210470400191e-20
.0004736482748975357
.08848808983096482
.020615877739072558
.0008053443816210953
.4359368265789773
49483192532649715e-21
.00023109459664994646
.036893625499244236
239742621533914e-19
0
0
0
0
0
0
0
0
0
0
0
0
0
0
0
0
0
0
0
.7070840887575409
0
0
0
0
.5852285153463782
1292.6068926978764
.004852101234076956
.1047306945720711
.020061925579503148
.21709296248687948
.10910340594561282
.6291973411734991
.14124524318471934
.37659650202609535
.006281842350435505
2.9993893008675414
3.1707580441075374
.01680153160597337
.04090057999820298
.781943547019156
.5633859978318981
.23008868266398827
.40677822607286046
.019403458206233022
.019403458206233022
.22001753261320398
43562760929384566e-21
.019403458206233022
.019403458206233022
.019403458206233022
.019403458206233022
.019403458206233022
.019403458206233022
.019403458206233022
.019403458206233022
.019403458206233022
.019403458206233022
.019403458206233022
.019403458206233022
.019403458206233022
.019403458206233022
.019403458206233022
.019403458206233022
.019403458206233022
.019403458206233022
.019403458206233022
.019403458206233022
.019403458206233022
.019403458206233022
.019403458206233022
.019403458206233022
.019403458206233022
.019403458206233022
.019403458206233022
.019403458206233022
.019403458206233022
.019403458206233022
.019403458206233022
.019403458206233022
.019403458206233022
.019403458206233022
.019403458206233022
.019403458206233022
.019403458206233022
.019403458206233022
.019403458206233022
.019403458206233022
.019403458206233022
.019403458206233022
.019403458206233022
.019403458206233022
.23453011139274346
.00937186217242784
.019403458206233022
.00937186217242784
.17121992699435043
.085949967993675
.019403458206233022
.019403458206233022
.03195090042766496
.019403458206233022
.019403458206233022
.019403458206233022
.019403458206233022
.019403458206233022
.019403458206233022
.019403458206233022
.019403458206233022
.019403458206233022
.019403458206233022
.1548022557818327
.019403458206233022
.019403458206233022
.019403458206233022
.019403458206233022
.019403458206233022
.019403458206233022
.019403458206233022
.019403458206233022
.019403458206233022
.019403458206233022
.019403458206233022
.019403458206233022
.019403458206233022
.019403458206233022
.019403458206233022
.019403458206233022
.019403458206233022
.019403458206233022
.23453011139274346
.23453011139274346
.17121992699435043
.019403458206233022
.019403458206233022
.019403458206233022
.019403458206233022
.17121992699435043
.05676499152533223
.20602886224552946
.019403458206233022
.23453011139274346
.019403458206233022
.019403458206233022
.019403458206233022
.019403458206233022
.019403458206233022
.03195090042766496
.019403458206233022
.019403458206233022
.14774794004516242
.019403458206233022
.22001753261320398
.019403458206233022
.019403458206233022
.00937186217242784
.019403458206233022
.019403458206233022
.019403458206233022
.1195252988030316
.019403458206233022
.019403458206233022
.019403458206233022
.019403458206233022
.019403458206233022
.019403458206233022
.019403458206233022
.019403458206233022
.019403458206233022
.019403458206233022
.019403458206233022
.019403458206233022
.019403458206233022
.019403458206233022
.019403458206233022
.019403458206233022
.019403458206233022
.019403458206233022
.019403458206233022
.019403458206233022
.019403458206233022
.019403458206233022
.019403458206233022
.1195252988030316
.019403458206233022
.019403458206233022
.019403458206233022
.019403458206233022
.019403458206233022
.019403458206233022
.019403458206233022
.019403458206233022
.019403458206233022
.019403458206233022
.22001753261320398
.19048396122491246
.1548022557818327
.019403458206233022
9999999999984858e-28
.20022800278528766
.20022800278528766
.1548022557818327
.1548022557818327
.22001753261320398
.22001753261320398
.22001753261320398
.22001753261320398
