3.0344208505943597
.008201744830151349
.00033115473536732493
17165435058599578e-21
5955099514684934e-28
.0013478077106077512
6.383558153593034
.7430434155690016
.04879867686439352
.01837892511504561
.06572360953452666
.770685274118391
.7389248154682593
.06158230422272806
.0010359957181913606
.007511139929613209
.000967197541917329
.002070695383663506
.07484772515140431
.0046174051742474175
.002042832727877225
.002808899732674286
60982382514174876e-21
.001842670578903394
.07621283863337106
3.86800319736191
6306892677736144e-21
.005388067340323445
.005903262352503411
.005814705248396718
1295262353492578e-21
.00017050122943367872
.013204168142099496
.0012544800610379482
.010671388057321292
37756010951925816e-22
.0024134381936053865
.002809975836917257
527467310075884e-19
.005302205443425036
5408458847371553e-21
.005813003415165496
.0058126062043275546
.02120250408331998
.0005272252188946139
.11127932452323692
.008139431102681139
.0005141648241840368
.026089083881314416
.07138986212996191
24757091907881696e-22
.12920653247122832
21337597276308018e-21
8.839837063876802
8.47633716662158
1.111966687563724
.006502000385289848
.0006677681578678655
.0007389808101087198
.18636430987408256
.10699027601936131
9.541055325408536
7.575348149974417
2.644565357486506
.0015963241770492118
.0003254227267049
.0014825583868303537
.005935655868831664
.007584269238685271
3.569260368671463
.0008385613529677327
9.541055325408536
3.2180291789738806
9.541055325408536
8.846416140058631
.0014144078443395888
.008990276113183893
.0001493349162141478
2.2275508798797037
.00019936361277023175
.001785190211030379
.011130140574347703
7851920981746742e-20
.66979189988309
.035499203438059596
1552141649861237e-20
.00036462086503337546
.3928071245180583
.3654531316529527
2.4753432932652593
.00011227329077709912
.00043069383037806964
.6421784047035691
.7093799837240442
.11519774423703183
.0002274162629673414
.156731037790333
1.1401245259035215
1.0016144952856267
.06579110484017817
1.320595731287444
1.9797405135769772
.016401174726653305
.022910374219700044
8762569028808646e-20
.00013475023575514012
3.752295689207567
4.292262376189953
.44654694360975355
.0030079220746278357
.0001324022921758791
18495116188480437e-22
4099424282994707e-23
.04543261467561377
.015016245297469324
.0004530722338391305
.3439212203270102
2760728530363491e-20
.00017717174622280387
.026436453591246047
7929167194737256e-22
0
0
0
0
0
0
0
0
0
0
0
0
0
0
0
0
0
0
0
.0727239451603662
0
0
0
0
.18925489227200043
1253.8935800954982
.004706781792478472
.10159403164621399
.019461075003235576
.21059107257123028
.01900732089347747
.4014886890748092
.01355502532742002
.33565583595239995
.004339581518361978
2.2330298402807425
2.2271800797095422
.0020571385596162826
.004943364062509089
.4797925438811599
.35774986135726466
.16893293126103326
.2990585060189494
.018822328593395152
.018822328593395152
.04810132271714908
2390261368428521e-25
.018822328593395152
.018822328593395152
.018822328593395152
.018822328593395152
.018822328593395152
.018822328593395152
.018822328593395152
.018822328593395152
.018822328593395152
.018822328593395152
.018822328593395152
.018822328593395152
.018822328593395152
.018822328593395152
.018822328593395152
.018822328593395152
.018822328593395152
.018822328593395152
.018822328593395152
.018822328593395152
.018822328593395152
.018822328593395152
.018822328593395152
.018822328593395152
.018822328593395152
.018822328593395152
.018822328593395152
.018822328593395152
.018822328593395152
.018822328593395152
.018822328593395152
.018822328593395152
.018822328593395152
.018822328593395152
.018822328593395152
.018822328593395152
.018822328593395152
.018822328593395152
.018822328593395152
.018822328593395152
.018822328593395152
.018822328593395152
.018822328593395152
.018822328593395152
.10966098239840617
2145097331444863e-20
.018822328593395152
2145097331444863e-20
.11707972834975072
.07382726166569308
.018822328593395152
.018822328593395152
.0003339791630590886
.018822328593395152
.018822328593395152
.018822328593395152
.018822328593395152
.018822328593395152
.018822328593395152
.018822328593395152
.018822328593395152
.018822328593395152
.018822328593395152
.015824067696326646
.018822328593395152
.018822328593395152
.018822328593395152
.018822328593395152
.018822328593395152
.018822328593395152
.018822328593395152
.018822328593395152
.018822328593395152
.018822328593395152
.018822328593395152
.018822328593395152
.018822328593395152
.018822328593395152
.018822328593395152
.018822328593395152
.018822328593395152
.018822328593395152
.10966098239840617
.10966098239840617
.11707972834975072
.018822328593395152
.018822328593395152
.018822328593395152
.018822328593395152
.11707972834975072
.0012686919447824946
.12101135372553742
.018822328593395152
.10966098239840617
.018822328593395152
.018822328593395152
.018822328593395152
.018822328593395152
.018822328593395152
.0003339791630590886
.018822328593395152
.018822328593395152
.10900926754673688
.018822328593395152
.04810132271714908
.018822328593395152
.018822328593395152
2145097331444863e-20
.018822328593395152
.018822328593395152
.018822328593395152
.0951516600080394
.018822328593395152
.018822328593395152
.018822328593395152
.018822328593395152
.018822328593395152
.018822328593395152
.018822328593395152
.018822328593395152
.018822328593395152
.018822328593395152
.018822328593395152
.018822328593395152
.018822328593395152
.018822328593395152
.018822328593395152
.018822328593395152
.018822328593395152
.018822328593395152
.018822328593395152
.018822328593395152
.018822328593395152
.018822328593395152
.018822328593395152
.0951516600080394
.018822328593395152
.018822328593395152
.018822328593395152
.018822328593395152
.018822328593395152
.018822328593395152
.018822328593395152
.018822328593395152
.018822328593395152
.018822328593395152
.04810132271714908
.120717760790215
.015824067696326646
.018822328593395152
999999999996965e-27
.12123520720879295
.12123520720879295
.015824067696326646
.015824067696326646
.04810132271714908
.04810132271714908
.04810132271714908
.04810132271714908
