0
40.51938437267932
.16178770078967541
.3098202619235718
10.86658017548635
.3636739678177271
5.9609687900479615
.19894753197135187
.0027137135404709857
.35554010440035133
.02720392829743006
8.09689442618063
.7657442107328869
.6232657402703294
.00887664903893196
8.086739630894499
1.0760589693887415
.0037867165668089326
.07807422449041829
.004291103464197495
.0018056803329022566
.0428414629225252
.00013162549501577147
2011579979895613e-20
.28443402341102897
0
0
.005152308988333367
.0068191053574857075
.006060663299227611
.002417282850043963
.00016723615345221388
.014289546652196505
.001279138602811727
.010876614211080698
3427550853455432e-20
.0004813122291968332
.0027723509445708523
.0005142669124710409
.005468605758103918
15055070145013432e-21
8.490817271569117
14.586107490747114
.005837543324559021
6010089318621269e-20
.12474575652833138
.007482989775149589
.007128883231272602
.3957863787228894
0
.45480800731854476
0
4.097035320896125
18.316548020334743
0
0
.00709755352948484
3.085978416018037
13.074247911546463
0
0
44.25754031818623
27.41068358889082
9.272464606975872
.002532679120763806
.0006175473947636432
.0013809310407527553
.00672139038762466
0
0
0
23.171549579077325
3.2705427785794563
9.438640711906508
16.59499025336993
.0014773690715620942
.008011461370749193
.00039024151356755073
2.1432514224727868
.00036897901905892855
.0033289880250987544
.01164462456491256
.0015664975719426584
.9015210839137501
1.4036039424845457
.00012472849175263978
.024863546143219267
1.2918931450871785
1.6819703898991039
3.3765956265637196
.003416057171353294
.00044904594564054717
.6050253798649192
.7651011061502486
0
.5138153320122649
.7643568557072381
1.951553106930202
2.487306254023726
0
5.742705968274557
1.8940462105507179
.5589668597334511
1.1568510469947615
.963719769223707
.0008762659392864704
50
8.282031325864237
.43857826213468054
.06624698682407613
0
0
0
4.808370054786483
.009770761139114579
.0004857698193840731
.5452680468612173
.0012945766774978737
.00023934292475206328
.016947261753619887
0
0
0
0
0
0
0
0
0
0
0
0
0
0
0
0
0
0
0
0
1.8275331980870149
0
0
0
0
.6108341327153349
1302.005437094595
.004810585779416386
.10816806953214153
.01904070051160006
.2274508554254846
.5571290054084191
1.0213288100470759
1.4691220159263776
1.40261819450611
.007805550267427769
6.016755848803915
6.0046943238360155
.14712105759618985
.3599022033012468
5.482509357209447
3.8928369849544517
0
0
.02
.02
1
8
.02
.02
.02
.02
.02
.02
.02
.02
.02
.02
.02
.02
.02
.02
.02
.02
.02
.02
.02
.02
.02
.02
.02
.02
.02
.02
.02
.02
.02
.02
.02
.02
.02
.02
.02
.02
.02
.02
.02
.02
.02
.02
.02
.02
.5
4
.02
4
.25
.1
.02
.02
3
.02
.02
.02
.02
.02
.02
.02
.02
.02
.02
1.5
.02
.02
.02
.02
.02
.02
.02
.02
.02
.02
.02
.02
.02
.02
.02
.02
.02
.02
.5
.5
.25
.02
.02
.02
.02
.25
2.5
.35
.02
.5
.02
.02
.02
.02
.02
3
.02
.02
.2
.02
1
.02
.02
4
.02
.02
.02
.15
.02
.02
.02
.02
.02
.02
.02
.02
.02
.02
.02
.02
.02
.02
.02
.02
.02
.02
.02
.02
.02
.02
.02
.15
.02
.02
.02
.02
.02
.02
.02
.02
.02
.02
1
.3
1.5
.02
1e-12
.33
.33
1.5
1.5
1
1
1
1
