1.512072010446343
.5768215385095905
.009822857522193041
.0021321668538016683
2892562403562345e-21
.025565586210567915
7.059108711808099
.6747213475781968
.056923372054022425
.06203576923373884
.06609255607757149
4.68297045485152
.7298627873420424
.36859175192366006
.0055260158549999975
2.890317438899166
.3828061565929093
.0030959680853136057
.07589120424312933
.004642493141375379
.0019495771258498148
.009288029061859524
.00016093762014326944
.002888635683404423
.2547550757037668
17.729166738575728
.00016501732948519878
.005733633077826313
.006551256947515881
.005911940796565795
15112412261531195e-22
.00016225442522025166
.01386385925960206
.0012408063210965503
.01055261549887191
19992790791315383e-21
.002271605960074856
.0026889762271839284
.0003141228018681051
.00529764888637882
31451138210318117e-21
.005936620473796856
.006083729854914603
.019388579836919943
.00035172885654516194
.11800744825223393
.007709273786928794
.0008359126849173594
.04574984876031743
.27618661580391757
.0010782967239281198
.5795635237237798
.009319431379536761
12.294155570017724
11.510714447526636
1.3758840625548825
.0068438355833781205
.06124086663259161
.06857387133673419
.21583636720203223
.1205023215493021
29.839039860715427
23.23032019856915
8.184666898783707
.0023282581668067123
.0005097392315494437
.0013909422321462556
.006367173930709658
2.724659727348175
7.266236067182274
.017976515955257306
21.946271709496816
3.1763939392134852
9.307577790026249
20.54469323671961
.0014318241455840944
.009047972756928613
.0006159362006393573
2.179962021507423
.00030010137259084754
.0026819196843312406
.011400915066048184
.00033344070816648764
.9767702722974123
.686478540279648
23495301665302392e-21
.007740695431149276
.8646086090053046
.7769307424508493
3.4672399516025543
.00014363149345229828
5912292386463984e-20
.5958025668802238
.820391544009581
.0762738911256941
.010660044946843876
.295740663402278
1.465118229101478
1.3623105531621038
2.0336547083136742
1.474719590054993
1.940720240612144
.02497411105721165
.034406218402836766
.009545139671825893
.0001924545959886493
6.1292461668938
6.096480335465513
.5387214093996562
.018123793464702623
.003802758117735369
56415127199252414e-21
.00043474625694479456
.0838629217971889
.020240592357727672
.0008161719816027519
.464199828761528
44545464379306237e-21
.00024894607011179386
.03662278754474951
19891524448564346e-21
0
0
0
0
0
0
0
0
0
0
0
0
0
0
0
0
0
0
0
.7289798092723063
0
0
0
0
.5539522427972644
1263.2203320823166
.004667284477202482
.10494587873611742
.018473501982462046
.22067538040711948
.11141232380646664
.647842816235304
.14444917088442602
.41260907312763734
.006328478454623599
2.9803884710867443
3.1638489077688434
.016723156308109183
.040630686320409254
.7578594302716418
.5331330372542313
.2549015940956415
.43491018678940896
.019404225145190995
.019404225145190995
.22045303226898888
44629039404822086e-21
.019404225145190995
.019404225145190995
.019404225145190995
.019404225145190995
.019404225145190995
.019404225145190995
.019404225145190995
.019404225145190995
.019404225145190995
.019404225145190995
.019404225145190995
.019404225145190995
.019404225145190995
.019404225145190995
.019404225145190995
.019404225145190995
.019404225145190995
.019404225145190995
.019404225145190995
.019404225145190995
.019404225145190995
.019404225145190995
.019404225145190995
.019404225145190995
.019404225145190995
.019404225145190995
.019404225145190995
.019404225145190995
.019404225145190995
.019404225145190995
.019404225145190995
.019404225145190995
.019404225145190995
.019404225145190995
.019404225145190995
.019404225145190995
.019404225145190995
.019404225145190995
.019404225145190995
.019404225145190995
.019404225145190995
.019404225145190995
.019404225145190995
.019404225145190995
.23476198812135063
.009449890190467759
.019404225145190995
.009449890190467759
.17130454220862854
.08596695559072962
.019404225145190995
.019404225145190995
.032144514994450715
.019404225145190995
.019404225145190995
.019404225145190995
.019404225145190995
.019404225145190995
.019404225145190995
.019404225145190995
.019404225145190995
.019404225145190995
.019404225145190995
.15526279369927617
.019404225145190995
.019404225145190995
.019404225145190995
.019404225145190995
.019404225145190995
.019404225145190995
.019404225145190995
.019404225145190995
.019404225145190995
.019404225145190995
.019404225145190995
.019404225145190995
.019404225145190995
.019404225145190995
.019404225145190995
.019404225145190995
.019404225145190995
.019404225145190995
.23476198812135063
.23476198812135063
.17130454220862854
.019404225145190995
.019404225145190995
.019404225145190995
.019404225145190995
.17130454220862854
.057049115335450616
.20617142295440874
.019404225145190995
.23476198812135063
.019404225145190995
.019404225145190995
.019404225145190995
.019404225145190995
.019404225145190995
.032144514994450715
.019404225145190995
.019404225145190995
.1478063493803606
.019404225145190995
.22045303226898888
.019404225145190995
.019404225145190995
.009449890190467759
.019404225145190995
.019404225145190995
.019404225145190995
.11956073599948097
.019404225145190995
.019404225145190995
.019404225145190995
.019404225145190995
.019404225145190995
.019404225145190995
.019404225145190995
.019404225145190995
.019404225145190995
.019404225145190995
.019404225145190995
.019404225145190995
.019404225145190995
.019404225145190995
.019404225145190995
.019404225145190995
.019404225145190995
.019404225145190995
.019404225145190995
.019404225145190995
.019404225145190995
.019404225145190995
.019404225145190995
.11956073599948097
.019404225145190995
.019404225145190995
.019404225145190995
.019404225145190995
.019404225145190995
.019404225145190995
.019404225145190995
.019404225145190995
.019404225145190995
.019404225145190995
.22045303226898888
.19059692990315547
.15526279369927617
.019404225145190995
999999999998488e-27
.20035862955946637
.20035862955946637
.15526279369927617
.15526279369927617
.22045303226898888
.22045303226898888
.22045303226898888
.22045303226898888
