3.0040920529818784
.008099873047021788
.0003710007902670667
2328971799187394e-20
7638170224540539e-28
.0012878515229259022
6.661375982553783
.6966507092940667
.045679691947976754
.015248192547741615
.06494633989123454
.7368257069836381
.7047367212271508
.0588423597117308
.0009403588675094358
.007033588332723124
.0009675729425468164
.002137933780536982
.07354962503623014
.004813332490551724
.00201861149561159
.002602533008120211
498836074264838e-19
.0020084147205801073
.06863027764565308
4.014526893199018
6661899708681663e-21
.005468584193142464
.006312829227401242
.005748188791169367
14641043357271852e-22
.0001574842375793366
.013456248831225306
.001204094669286992
.010242374812139595
3135769238627399e-21
.0024273607882095306
.0026091177278065977
5237241212685137e-20
.005134508416532885
5056103757398808e-21
.005746255554581122
.0057458726547831235
.0194101527434046
.0005797841724000591
.11406745815811542
.007569087760572862
.0004907154401048858
.026147761304210877
.07498431847858439
29004432614609815e-22
.1468201585669162
24790514296409453e-21
8.776574253823014
8.376623609451064
1.1693249277801696
.0065967197714019475
.0007044175596875071
.0007853192807432511
.1786319407975476
.10420499604041289
9.94543929357495
7.830569819205115
2.7995279101465766
.0016991512521402719
.00034017204677930766
.001352676628578662
.00606416046919657
.007839523053264989
3.7387144953119575
.0008268397044458236
9.94543929357495
3.08105961758091
9.483039676227952
9.202080561186094
.0013877969943947568
.008837145243870574
.00016094476406008256
2.139956250808018
.00020499758704695985
.0018196155985362918
.011098793790217373
6743658851422842e-20
.7140309216877989
.034042090635020485
15113233613317951e-21
.00037619213078635095
.3921608998236426
.36656242543442175
2.5796531494578505
.00011686753257825135
.00039870003046377315
.6060301753103506
.772630588759757
.12366623769346591
.0002697389712537778
.17050393295012883
1.130469963042852
.9630554399104199
.07428606772368676
1.2092709789423468
1.866875435550109
.01839622611907941
.021870604894464563
.00010065396936110263
.00014567443381302282
3.5601944118566453
4.3890148728005505
.46372703019922995
.0035873965124659114
.00012940014390779595
17522188249250873e-22
4943965123134472e-23
.047095346558532133
.015079698284145187
.0004721297944234666
.3681905410882132
27107351505837387e-21
.0001923025512766257
.02708457037189812
7307144914778733e-22
0
0
0
0
0
0
0
0
0
0
0
0
0
0
0
0
0
0
0
.09266534228317304
0
0
0
0
.26580422759641786
1226.0821952180388
.004530068312059592
.1018605148381036
.017930388934355668
.2141876187142511
.020293827993564842
.4141200286063736
.014590932118184793
.3671604828343996
.004889175810837371
2.2555665406645913
2.2394307574037353
.0021348989521578128
.005093610887296078
.47143947983494056
.3423503997909167
.18978989642123462
.3229173988790157
.018833749234627196
.018833749234627196
.04958387784916376
29086356606597874e-26
.018833749234627196
.018833749234627196
.018833749234627196
.018833749234627196
.018833749234627196
.018833749234627196
.018833749234627196
.018833749234627196
.018833749234627196
.018833749234627196
.018833749234627196
.018833749234627196
.018833749234627196
.018833749234627196
.018833749234627196
.018833749234627196
.018833749234627196
.018833749234627196
.018833749234627196
.018833749234627196
.018833749234627196
.018833749234627196
.018833749234627196
.018833749234627196
.018833749234627196
.018833749234627196
.018833749234627196
.018833749234627196
.018833749234627196
.018833749234627196
.018833749234627196
.018833749234627196
.018833749234627196
.018833749234627196
.018833749234627196
.018833749234627196
.018833749234627196
.018833749234627196
.018833749234627196
.018833749234627196
.018833749234627196
.018833749234627196
.018833749234627196
.018833749234627196
.11133706699250089
24185696162127568e-21
.018833749234627196
24185696162127568e-21
.11797089192526751
.07405151361685346
.018833749234627196
.018833749234627196
.0003657634061197869
.018833749234627196
.018833749234627196
.018833749234627196
.018833749234627196
.018833749234627196
.018833749234627196
.018833749234627196
.018833749234627196
.018833749234627196
.018833749234627196
.016561721698426998
.018833749234627196
.018833749234627196
.018833749234627196
.018833749234627196
.018833749234627196
.018833749234627196
.018833749234627196
.018833749234627196
.018833749234627196
.018833749234627196
.018833749234627196
.018833749234627196
.018833749234627196
.018833749234627196
.018833749234627196
.018833749234627196
.018833749234627196
.018833749234627196
.11133706699250089
.11133706699250089
.11797089192526751
.018833749234627196
.018833749234627196
.018833749234627196
.018833749234627196
.11797089192526751
.0013687414665636715
.1223029271964147
.018833749234627196
.11133706699250089
.018833749234627196
.018833749234627196
.018833749234627196
.018833749234627196
.018833749234627196
.0003657634061197869
.018833749234627196
.018833749234627196
.10967253380584337
.018833749234627196
.04958387784916376
.018833749234627196
.018833749234627196
24185696162127568e-21
.018833749234627196
.018833749234627196
.018833749234627196
.09558553370923042
.018833749234627196
.018833749234627196
.018833749234627196
.018833749234627196
.018833749234627196
.018833749234627196
.018833749234627196
.018833749234627196
.018833749234627196
.018833749234627196
.018833749234627196
.018833749234627196
.018833749234627196
.018833749234627196
.018833749234627196
.018833749234627196
.018833749234627196
.018833749234627196
.018833749234627196
.018833749234627196
.018833749234627196
.018833749234627196
.018833749234627196
.09558553370923042
.018833749234627196
.018833749234627196
.018833749234627196
.018833749234627196
.018833749234627196
.018833749234627196
.018833749234627196
.018833749234627196
.018833749234627196
.018833749234627196
.04958387784916376
.1218212590941108
.016561721698426998
.018833749234627196
999999999996997e-27
.12245484006439124
.12245484006439124
.016561721698426998
.016561721698426998
.04958387784916376
.04958387784916376
.04958387784916376
.04958387784916376
