46.44695260200116
.32931476149556926
1.129337236338742
47.32704838539688
1.3139592786130807
7.817052538093324
.8230358894462168
.1863237454099984
1.3465558973948109
.08070196032188853
22.083743245105925
.7626658122066791
1.5305076104993465
.019857814468314396
9.580260772817281
11.702198204757334
.010557245816001516
.0822104690276923
.016800209287813332
.006963584814499294
.04622423791519979
.013964510666838903
.009593071641756306
1.7344012638033592
30.762167855581
.00475777567766431
.006363413047714449
.006487075532518156
.006053701340604136
.005474381696150175
.0001803648076574269
.014480190535391157
.0013568558865880867
.010395544570582279
.0002793833832349306
.0044768197311182
.0031205186752262457
.0025273310304728207
.008608033573486006
.00021962279985802784
18.385981632984603
17.655747908180533
.029558391793648834
.0037271078406849955
.14703132441705177
.010543894460414675
.009316216728255531
.5909586458010359
5.8214486714929246
4.9617785061353255
3.566585495127259
5.13184340465512
22.156629721427414
21.73774093833633
1.940628625383285
.007920607906223454
8.966805546877685
167.517308428868
.3619888744387716
.1748027012257026
53.159148434778565
49.81221798093483
19.043610308090464
.00592227991756576
.0022187602961128614
.0017034719352409056
.010751395969268574
83.45121629215963
84.05474456976525
.042558169028060096
28.004486217884946
3.4564269399753327
105.44285224805309
34.512354293167036
.0015296494829866306
.009778891950862257
.0055530307916772
2.6584188482898115
.00110247718974583
.010313874889165088
.011657010655527416
.008357697408827745
10.955915806876716
23.673879943994947
.009580617346292147
.05396210320651723
27.255641149239626
135.68012090680804
7.648229964618519
.015664055942688035
.009613326232209791
5.474886787748262
1.6181422159658598
12.480809425226008
10.599978944395618
6.530850205666566
8.139753935423151
6.489499103655711
3.729308898944658
60.28926291808922
2.212696387197712
7.634709783903348
5.293466532223613
2.7313893933549442
.0031577938450934374
61.73216404553233
8.518510509099245
2.102307719678733
.4925780017681938
.017145326100594546
.00017412662010428105
56.65487055911617
108.7455182228432
.09712940873062627
.0035054024442336246
.6062938921373986
.006565828003892726
.0071047582624571256
.19232064595242965
4336627040124271e-20
0
0
0
0
0
0
0
0
0
0
0
0
0
0
0
0
0
0
0
3.5247026521445326
0
0
0
0
4.500291746255553
1292.7142901443613
.004545585162455072
.10187908968611678
.018895268427482296
.22590527996370152
.8277946574765056
1.1910227936744022
1.6251418243856208
18.595481578702287
.01592386938186106
6.126881932629094
6.4661079839153475
.34398565270704223
.8371362831393836
84.22102402645781
87.48193139025517
48.680784407435716
77.92409192565556
3.5563021390110627
2.0040866104839945
1.5899936927120857
1.7079429887424964
2.6183887375413857
1.6462542203991541
2.4601868990505253
1.9522632180364745
1.9206470393409434
2.177062526528828
1.9157309819056256
1.8866180046559218
1.4550937165425848
2.0245354019894677
1.5931548007784977
2.6757673319550745
1.8888538926930523
2.278527401884853
2.255499042919477
1.801231522477074
2.47069521816677
2.806799272774662
2.579448859615147
2.1275699481108488
1.7447630696621952
2.496165633218172
.02428798772018876
1.7320822656441157
2.4255038167133915
6.332845991220327
2.037047170635052
2.199913449645018
1.332130679306236
2.9159371746472083
1.529356822211185
1.6330831501265684
3.0380549930307543
1.3034764269865289
2.0543082650002176
1.5664627715605646
2.011242589426801
1.457175992085972
1.9221272661327227
2.4967194005269597
1.956799408903655
2.091464675397334
1.8661501479210638
2.1446380693773084
1.8292336015807649
2.248161639003602
2.863287818792355
2.9758896284454495
2.311003101240333
2.047082450398576
2.119610982875385
2.7353571531787395
2.3471707430742206
1.0359773143587703
2.6482785042262207
2.8086518396661155
2.1260546165480467
1.1264289422142373
1.69028090260142
1.8209122483058222
1.9855010525076093
1.6036492740780344
2.4673380921620343
2.143561377336318
1.951007515808554
1.7085293553584882
2.705872030087525
2.5937736860534604
2.0325695362618568
2.287698265528646
2.386893229109194
2.127296408776853
2.472490798128554
2.3773814398282007
1.8276530342523738
3.051702496925844
2.219652309625198
1.8488806135585094
1.3409701383667192
1.5257296910995206
1.5604333731260687
.7879558088958836
.18945276664639432
2.0732212912067234
.011559624350174068
2.377391028461951
2.180455057441211
2.4238128315752263
1.9470478225764105
.1955154192630851
1.414012843810579
.2126980404566387
1.1577963358293322
3.1446078463920983
1.7333445038456277
1.7110122140612802
1.9806300445079479
2.1761091183323096
1.770508445886813
1.9702848652322746
2.177073819060491
2.3878541703070053
.01023388971924991
1.9055465446012436
2.049115768482257
1.3894811927632607
2.3314725144292017
1.8331878356947982
1.402256906787018
2.2708693209179835
1.9318240232432298
2.144197462510435
1.9070027184383362
.7725334326405112
1.679969333938151
4.7520039841468975
6.426961247309556
1.5355522885690396
2.1675197926547196
2.617490048079342
2.708139521681418
2.769298440859667
1.8352584912187677
.00888545965246897
1.6191217665955513
1.4126120023595128
2.691890621249665
2.390593834733572
1.8787800977097364
1.9528625169423992
2.331064572791633
1.970945196659705
2.7203644077981295
2.1423436365893527
2.544983593718734
1.6484243674004317
1.5927062483100456
2.2907935217452846
1.2110433509978245
.2170052099642767
2.3519218927235763
5.7179305945564955
1.5759712539880282
1.8376135239379747
2.1865449780830013
2.2921898763514146
.9729607169269697
1.62925448463472
2.0780082102454394
2.0948995766827045
2.1540553180212325
1.5532505946747344
2.1294676356459803
2.703154422493044
1.6821526537321292
2.5387172699781293
1.5416943708137254
1.1958684095130176
1.5810694685977504
1.9000142000582
2.345275041750434
2.3801484030042026
2.876330282841039
1.329934757631656
2.3888618868789724
2.225568183484355
2.2674506875579445
2.4824566186491235
1.7183392222639773
1.9142344173379504
2.914078633300147
1.8966272841766059
2.0399365606527935
.0253760966938989
1.912119690289472
.05721093742051579
1.8098727471589149
1.8381074277829934
.544926015307369
1.4236004773163358
2.2231498061543977
1.2292275685738367
.04976442315088948
1.9808758680106615
1.181705679791335
1.5897256452547452
2.197962122809888
1.9572916584699358
1.5267764748182424
2.4204616338917733
3.2907741792442904
2.897487951193584
.664051152558826
.012112307462236835
2.0911465219933616
2.1146988508953246
1.934446326062781
.047442319514973665
2.245819701813362
1.712631762402116
2.117248046319945
1.247944711396169
1.3223540184863762
.006580374262444344
.004234870510256259
2.5137906170335
.5914580976192636
.14402863168387292
.819771481034174
.20403934545008767
2.2826925978048647
.10830324690982582
.09947775181323708
1.812149861110762
.6127867903243779
8.44685803300231
2.131425201597536
2.231494984245433
2.5163062281104627
2.333493235569568
2.0918356327417382
2.0379353829938207
.12351841512518223
.15500548994753546
2.0285697535386453
2.951992488917473
1.0206022255322695
2.049260216520405
2.292992292608824
1.9145582292494796
.010423480351121507
.2917590810082432
2.9806839543636365
3.687384472489194
4.245947130722836
4.09373180145895
2.3540925334262295
.011750744521107678
2.9506255975885995
1.3013461759865814
.01428048598140005
.010552052244268754
.16193109977085915
.012194878039945765
1.7899282680939277
2.7488381624954683
.01
1.7146143847256101
.014510205297060054
.0073207065958796344
1.8885783685319266
.009512615344490511
.007530593467303695
2.401635991802838
.007032255015313697
2.4084914136139743
2.1856226313261984
1.6079403012319344
1.7173522746154706
.009493220518494137
2.067003478710206
2.513540998751976
2.3554365176760026
2.4298906367036355
2.1834339659873865
2.7573871246402017
.010624648214480475
1.487361767577905
.011061346252100488
.009556908787176415
.01060995010684783
.012383387834269028
.010800300438323845
1.4672465033489663
.08847550441647876
.0678034755136021
.008891571951146638
1.3455942508429788
2.2173398376942863
.09698114494688295
1.9537432922417948
1.4995613536865744
.06689990205843736
2.315305194882938
1.759338914859535
1.7541069867449668
2.8166683226801577
.009128458559227467
1.5508656785885324
2.6785016570164184
3.4730206081260153
.7994195609826605
1.5710052748878216
2.1121428941228735
1.505885919606447
2.1706769192859734
1.6211902154547324
1.8860206958438603
2.0142898889142082
.009352819018770987
.21158177579582627
.2009911830547793
1.8623849802393286
1.4203530125941155
1.893552402868488
1.7332828935814621
1.4779438327496717
2.1689800077106147
1.9838699636413855
1.7573769413254219
1.9640881651810433
2.1135600844107034
1.8182907227243912
.006131072188680078
1.6333321074071712
2.0244507301207406
1.9426984399004035
2.2738826730644317
3.318204807785685
1.6923475132761225
1.8091566916153952
1.763609823089198
2.114996563798914
.11349411469597848
1.8002466415931246
2.4628101494973866
2.338428962478664
1.6243262416802986
2.5827835797194076
1.5990515280197402
.22039193565363593
.14503139320786979
.12393723298952873
1.727134315185108
2.128980576476364
1.9134154231479732
2.3698041242672456
1.3984133198301023
1.866590878813751
1.4306400404051953
2.005366677190272
2.2469881689521025
1.6737150168834196
2.2036059687796388
2.2917648148533076
2.1017750567474422
2.195620833718832
3.1924903815272208
2.160838824889567
1.9519940501509248
1.8117841634522298
1.442724664509603
2.084777134014877
1.5717678914590976
2.161802876268604
1.8002520469015748
1.6455935050376778
2.199799209106849
1.6442947931730958
2.210938905274886
1.35991494308632
2.1931248134356123
1.5794030045069
2.320780218918734
1.7231928857437528
2.251978994688427
1.6411129988353979
1.971305500984982
15.872520044508299
17.170186851655625
2.4816429335567642
2.1426637964933732
1.7785004392976844
1.3829844835017278
1.4670282106030963
1.455224700313448
2.6414050601462886
1.873831440387354
1.691727521052437
2.237867444852091
1.920874888509449
2.9035798428712956
1.7972433263553558
1.7995973174039865
1.4988706843190553
1.901622616424875
1.465423403327544
1.7756975373916788
1.3057074357355596
1.9525165984661825
2.3379452003223684
1.1661650168414186
1.7911136479404695
1.5482334083037244
2.4381218696082847
1.8471975794132893
2.846790684298277
2.037200452039974
1.9377773765606772
2.5376895778226247
1.2764702242298465
2.4949902738015552
10.964082372976279
1.8824538897336842
1.6866638451904357
1.6183657650291225
3.573270446023102
1.9657482868987735
1.9937671894240994
2.833963133435679
1.4795896542830849
1.878429592328143
2.887539754489075
1.3767292656282366
3.007160385298351
2.496792298894092
2.4348236397924796
2.030034832681258
1.3743805866313914
1.7752436038250579
1.747390104808788
.28611483482591904
2.7365100595396186
1.8917905608067733
2.526496312543977
1.5930897861917086
1.996113204265805
2.5035098902824258
2.1594291891831747
2.014637467243843
1.8267278852718345
1.7080918321166352
1.39086921371007
1.9979984636588193
2.5228322466724453
1.761959775671692
1.8283867373441012
1.6149443522782712
1.6992656686308607
2.428966877783115
2.938995004485759
1.95643587517247
2.082937691910537
1.8356629448428121
2.2420436791437344
1.6261797930058741
1.3200584066234005
2.246814926881852
1.8783708622929325
1.6321825684367315
2.2224429284228693
.16293904296957265
1.0009788435321683
.12079751364331784
.9650850753304167
.09947136682183076
.900348574423142
.08696385020429437
2.1050097283487443
.17402336308271382
2.6270247242200564
.0868872701666697
.9749611028820193
6.111804986958285
.3528863945548185
.11404169713110306
1.1920912188790171
.06703437243965614
.2190215603863284
.04283540726519221
.8651836719522915
.0722652003151329
1.0936770093624948
.10550451239864692
1.3537197050054175
.1819520493830284
.9654477188896458
.04899438709450946
.6966424960582303
.058689501177473465
1.4429907313966432
.00020980669109827398
.00042004721591790335
.10883330263518959
.12572418217825612
