46.84620870633746
.3335353219425021
1.1224242454820001
49.035644507569444
1.3177023320472823
7.9745585072822465
.8381089461073412
.17924165060998803
1.3811353253098493
.07472814257448093
22.461079561536007
.771141899261378
1.6349210772492349
.020456512882925035
9.50924864097073
11.791023158685645
.010195575283993659
.08422827017640121
.01642743204648394
.0067928481584099126
.04562322379229669
.014957557691930112
.009735808746695579
1.6429682677400443
29.333518118395446
.004932236239640482
.006254010356679012
.006992474512445932
.006271692303697674
.0051404620512663125
.0001796289010862685
.013966182120820955
.001355049214757174
.010898006043563441
.0002830848758938156
.004773812178856835
.003258844131726415
.002424484815026776
.008795777811951764
.00022232979046125936
19.11878251657492
18.024787828606662
.029411548638809067
.004014721835959595
.15054036457617634
.009982160814940131
.00875062819243063
.6082083258002432
5.473844688132192
5.218250394787327
3.9037288060979884
4.905668107459798
21.96393055573374
20.59235715957002
1.8895105249468753
.007794011472184049
9.94035022939457
165.04487324194866
.3685484851378758
.17078933225418735
55.40553569457696
55.79593606504602
18.85241161893746
.006257992465236886
.0022527119105579052
.0017380466090438941
.010968867624252351
79.68577217204958
82.36088465284102
.03841918610270062
27.38350779078604
3.2336295868904936
106.49813110205471
35.39267837475812
.0015446874443816529
.010318952520063915
.0048302092772601795
2.7552431843761647
.001092833546997949
.009516635173705221
.011248049799187195
.008120197067395796
11.236591519778015
25.100543021527713
.009552429783905593
.05250521102995244
25.269015755917195
133.0411198150606
7.619935090250053
.014965250108522414
.00991976186566589
5.045649804060804
1.5538519987091641
12.367182007833991
11.187051732040139
6.4143434588973145
7.757177731529711
6.552390792622571
3.8968779657371804
65.14891608730156
2.1263466600463916
7.214125927643841
5.001953328248969
2.617208062199863
.0032316937193498205
63.77444588988771
8.888563806967682
2.1775633364463443
.46737328252202903
.016856173092052045
.0001791809440920819
50.899592298977524
105.407470517555
.09060079059706566
.0032271620872025807
.626110917185222
.006500431388412721
.007068232475874634
.1917613070793429
444442789298712e-19
0
0
0
0
0
0
0
0
0
0
0
0
0
0
0
0
0
0
0
3.5393257515897405
0
0
0
0
4.544864450806426
1390.42709082255
.0049957244638745785
.10686509297156749
.020922961387687723
.22348738092156714
.8349725061241864
1.1322937418313546
1.6180842799286794
18.983576456006784
.015488784340430857
6.370698427660032
6.341881728796563
.37897666543442926
.8220129132682035
83.48086421219291
90.12329218959329
49.87410162848956
82.61520159439524
3.3646151232808386
2.255384996603411
1.58379035528786
1.6848293534728875
2.7940200292375414
1.803119141630394
2.4412459422351263
2.00185862763408
1.913420233881918
2.2685214303405803
2.028620671264561
1.8738784425728794
1.4271218620443427
2.09034592903935
1.557697670916611
2.6761824938959715
2.003363988391694
2.031644023016099
2.379915173723773
1.858115794434256
2.3128655625597605
2.65916541450356
2.688355987985409
1.9730936128571186
1.7734192329922989
2.4687145227894756
.024359604226856367
1.6615616964453606
2.249450278458215
5.819933135373679
2.240604292048663
2.091943215524675
1.2429808223215837
3.056198171201429
1.3722940682586442
1.5140902350953138
3.104729653022418
1.2619579539680976
1.8824545372563608
1.5176656955324412
2.166298656388687
1.4380336802420017
2.004456261044183
2.8586071757166933
2.093754669873639
2.3177980941389738
1.8347841856224674
2.2703224460326488
1.649548210069251
2.232366819840458
2.619497770231682
2.9927958679199955
2.4077169408262895
2.0148276391228195
2.0483777540883947
3.1301461191087823
2.356449490283101
1.0495035199480047
2.7272912922236934
2.902998165166764
2.064176008310479
1.1227257357909397
1.660044125583834
1.7082399011116733
1.98115770093947
1.5620768228257884
2.395377528218298
2.2790656359125343
1.8470507464692674
1.7164684661898106
2.5758404940571165
2.51691718671978
1.8627198752528173
2.349365252319506
2.4494544750615876
2.1087037743068118
2.4904097674999375
2.1368436197935483
1.9932945035283687
2.977430119529944
2.0629602701209016
1.7695690105026785
1.290682188957484
1.5548978940989342
1.5115993791756812
.7246476141448219
.18999587836914808
2.097935781051922
.012347904783829463
2.389300828440817
2.214787263832499
2.4333804911277097
1.8807402357310046
.1915096400215587
1.4361123593664922
.21480020264326055
1.1207231706898608
3.2281074075074767
1.6693522489781067
1.8915915459297754
1.846496771846677
2.2497147736280136
1.8533238684014752
2.1310719225608845
2.2215500260407266
2.351630935087836
.010075510555297137
1.8486530421718588
2.0089176882471134
1.4142375868599986
2.3167759802280163
1.7785436774801557
1.3765706353687073
2.3001640671615053
1.954987090352786
2.0971010847431044
1.9415223679136255
.76035580219076
1.7398298022209724
4.744586292432335
6.5813591240591
1.616506093894027
2.0377374451025716
2.3573873807139414
2.3880414387231865
2.795274612668876
1.923605712483005
.008398788164990388
1.3985765350834514
1.3315244811568159
2.7848850139418997
2.495159751667971
1.952496658953344
1.9064623655920703
2.302730762535162
2.0408753582498482
2.6852558515744143
2.1575375389363454
2.4064717788038776
1.6406556058018693
1.6384282599621889
2.249410004245633
1.3040322788957208
.22488704329844886
2.1710323830271347
5.379552291392413
1.4681641324012755
1.9216108367944804
2.1543166928080932
2.2492239885156318
.9139610126018988
1.6940652311473166
2.182645895277783
2.102258837955017
2.054140203444116
1.3798075636617875
2.1590210394756544
2.5261558811035867
1.818185229636426
2.5534910123214405
1.5108668192814636
1.264897019740478
1.4637209717408497
2.0927232082419565
2.1732970998219714
2.3284022152771318
2.745564414360135
1.324707599291103
2.375644015906333
2.313397281856033
2.3645099980864988
2.536728875069842
1.671896519799075
1.9822368235586258
3.0914056794507143
1.7601808472487839
1.9727025086665235
.023023299150360686
1.9950402477121352
.06046319235001582
1.9459803161886935
1.8129548641068802
.5433896994013585
1.3479344474596302
2.0588384588219393
1.208818179573638
.0492135681416583
1.9530138129478347
1.119507072385144
1.6702273533240768
2.110479224875416
2.0541514937010135
1.493453794612619
2.441141134762199
3.1575538655478357
2.7962902695635923
.6808936999234056
.011381378307991291
1.9346011247332138
2.1160137044347027
1.9838848665835263
.05242662343179771
2.3539299936683484
1.770373893852314
2.0861298807100277
1.3168908138082398
1.2525653024735872
.006444019191837367
.00417075433224128
2.219996482649221
.5954899694122487
.14432192939991803
.8403805324181401
.19554029913833143
2.13793001255188
.11126603900487013
.09245608913575033
1.7413491642671692
.6507172149862324
8.360021093125754
2.175546002185778
2.3114913475786762
2.516082558331502
2.285029111512802
2.263424170262436
2.145304128811776
.11394200385907993
.1763398620622942
1.8214383562797745
2.80055617774739
1.0876402496113247
2.0771182380286515
2.3348871867563656
2.1011035609436792
.010922717450447686
.27648139413370104
2.9126409530195305
3.4803691430888466
4.346546926403898
4.289034566613722
2.3752268336102538
.011174257905697748
2.8833720919836914
1.304861167191063
.01571810767006319
.011079353575187426
.15850227092547958
.012861713378311726
1.912990280140813
2.7041401138146264
.01
1.746600858908873
.01437777891596754
.007164028343943247
1.9440228932132864
.008943424615626945
.008063892138180831
2.1939063139356407
.006776230312566438
2.2967129071386263
2.136506509189235
1.5920206927228457
1.6094692454384443
.009164017400760472
2.1239321011260572
2.18647491822796
2.670669823912657
2.4266515430974485
2.100030888382387
2.6854958121826575
.01037774052933051
1.44156290653227
.011080575772118234
.008925586602843339
.009554546831290901
.011741136336523319
.010295384978937557
1.3755448108146904
.08783572634189332
.06762604185214362
.009132804933671435
1.3441817271192018
2.204907701043008
.09500939440861839
1.8912909748372961
1.5091567661490835
.06457320039801884
2.131628366844559
1.6643629302580638
1.662858561423167
2.8788398014221555
.008924461035275782
1.63948144014385
2.616414943451655
3.4213209232725488
.8048679814614701
1.714477965110307
2.2143124355629302
1.5086483795074737
2.366303057729232
1.715586767595233
1.798183198267324
2.1535806439646135
.00855631533508328
.21616749907627836
.1950648025771978
1.9383873624025436
1.4235630318688033
1.8522850469203596
1.6804970755282043
1.434720540764688
2.1635752778256676
2.186606531689072
1.8342443730528442
1.8764126317913203
2.1848588579340023
1.8018849589171535
.006398745300222951
1.5213572836634826
1.9918292376791569
1.8218283463025688
2.1506230909307953
3.1592700886625047
1.7493001801512646
1.965739090446519
1.7156805614119204
2.210067405441459
.11618681745727642
1.8462827306222276
2.1882827512882987
2.34086655746311
1.491147423625974
2.4692482463503134
1.610964737628231
.236071331173203
.15350443725319815
.1317110821131015
1.7301344790730504
2.0369627188388586
2.069910171682796
2.5260227972219886
1.4315531662501495
1.7674092002163766
1.5161924345680042
2.0897948790607703
2.296328074452223
1.7688181126584748
2.22653734530039
2.338037385154976
2.072960151004448
2.0969447254561473
3.117500614506709
2.0951906678972563
2.117200237457665
1.8891752323149276
1.3984312252409399
1.96885040926447
1.4726886153349819
2.1058340930486406
1.748549975825774
1.538085430853205
2.2097388476058355
1.7149941116514533
2.2190151873557706
1.304587703472122
2.3109839641565912
1.6066969034313532
2.494367095624869
1.7510149080443804
2.2435228109159215
1.6952932094393987
2.0009165753193856
16.075963046536618
16.092579526595248
2.5139836293990263
1.988138235715848
1.8952496890731516
1.3542552886586394
1.5872693158116495
1.4434035313879212
2.6283041475698985
1.8466874435909326
1.6810734309565838
2.4053532175291323
1.879079685229378
2.722455198441112
1.7389216708687316
1.9081184711138384
1.4690188877872787
1.8897263725965705
1.561898750614957
1.849254091286087
1.3571281267044055
2.0583564549152693
2.3128229579470028
1.1952974639158582
1.7044568594714338
1.5744056994363254
2.2236088193607655
1.9529817432339693
2.904286625365556
2.060872770007249
1.9419431670919436
2.5774449407599507
1.2897412261039467
2.455496383712158
10.264012504875868
1.8503133009609192
1.6149555910163502
1.6014875134314144
3.5191239271542676
1.9646881781077588
2.0510007023835066
2.9403650274689515
1.6992566105125984
1.8159318642013036
2.7037023294710405
1.4030071757509102
3.3048411691219965
2.6399371292888905
2.502904579086047
2.041915282504891
1.3575780828358972
1.6849180666849728
1.6066178473046027
.26522526528267576
2.858633721790339
1.7540187669231677
2.395015115049405
1.819718908383998
1.9903671322828949
2.4732065265291383
2.0169946796909213
2.14446833540307
1.9483124619707524
1.6760326640647734
1.4269424781568287
1.829063977384872
2.5310058685664987
1.675214607377257
1.8070785285568445
1.5606476474049722
1.653120580087316
2.425797116476806
2.9005870991482534
1.9012060671514368
2.1218647141314517
1.9089360986272774
2.266806524746122
1.6537039398317648
1.1868608624400556
2.1020068288127054
1.821674992810445
1.621820490559769
2.337847911330468
.16503644681673765
1.0177655312168397
.13019963947291374
1.0027685926659926
.10282046390017939
.9003451763192414
.08847775387653387
2.159440180977663
.15852687554483186
2.586497598196955
.08892039494847993
.9679281663924074
5.716804478252352
.36216259717971144
.11183242961054596
1.246776932355773
.06752577280447883
.20286065334238554
.04119950441438996
.8993560272539377
.07063012187785889
1.0817605230366982
.10380424875004207
1.3300040852361672
.17871008021268073
.9699202035137544
.05217208938305716
.6909151989424779
.06040980785104673
1.3629636214696907
.0002096061551930292
.0004260036889541304
.11581445346496752
.12538312404846455
