41.31026006369671
.1651457787171835
.3266037514630497
11.731612875096474
.38420344450066146
5.964866313921965
.21014468018057467
.002871916744159832
.3162969725041887
.027891711093679578
7.742915030963447
.6982233236843838
.5814604314631812
.00818515839612928
7.811363944098708
1.0492832594692834
.0038158862841466477
.07219014072007512
.0043745253251117125
.0018633824569363674
.0432546024826648
.0001408005429919433
13490495701864992e-21
.2825273530982906
0
0
.005211040692001473
.006647456409357683
.005863533428867568
.002283520198286439
.0001845225502336435
.014420524713457143
.0012918022911044373
.010159708219424532
3748226775060024e-20
.0004889388320966205
.0029611146219442057
.0004852364416869986
.005239298125941808
1561501079353718e-20
9.166214547849455
13.77121772827744
.0055954161520689275
5776580641598068e-20
.11804069705182534
.0075303432996507175
.007133054215002755
.3702280951997241
0
.4325676460731324
0
3.8647140000719062
18.047800458518502
0
0
.007236881151860688
2.951045262200507
13.470053118233098
0
0
43.24374657877167
27.180858009828626
8.7493862070874
.0025204273555808994
.000596323264836915
.0013525253850010875
.007002608526391988
0
0
0
23.470337557706067
3.597254221494
9.360073836744244
17.66241502554714
.0015392244301464476
.008694294920341376
.0004122336392198134
2.1132879456178983
.0004108887191303692
.003504925659919031
.011811291922087961
.0016524068384711741
.87987568279829
1.553643637117295
.0001265088697974916
.02622904849851205
1.3352115832717963
1.66796090073753
3.1197567036685596
.003418961015004741
.00043174428983605746
.6314109981027682
.8001625832040599
0
.4658643147720964
.7271733112703103
2.2181500199432813
2.6995752353240645
0
6.135167025827823
2.1173567404687685
.5218414785736571
1.1731688330265009
.9058237377008193
.0008077195960340819
50
8.06799065884347
.4649853405874071
.06892191037367718
0
0
0
5.35722607774564
.009219545740120539
.0005006688450310663
.5329353613776122
.0013419000736257757
.0002501230703414804
.01590594433606095
0
0
0
0
0
0
0
0
0
0
0
0
0
0
0
0
0
0
0
0
1.7949429367404024
0
0
0
0
.5962095377358647
1332.4971627068494
.004574536110962467
.10592909996645593
.019631970455122896
.23243679110416998
.519950368908128
1.0162182271815952
1.4093557083471633
1.4086389204407668
.007767292448716834
5.931537917341431
6.389089719045164
.13767509842693423
.35708151405579697
5.007627634688891
4.05373115901414
0
0
.02
.02
1
8
.02
.02
.02
.02
.02
.02
.02
.02
.02
.02
.02
.02
.02
.02
.02
.02
.02
.02
.02
.02
.02
.02
.02
.02
.02
.02
.02
.02
.02
.02
.02
.02
.02
.02
.02
.02
.02
.02
.02
.02
.02
.02
.02
.02
.5
4
.02
4
.25
.1
.02
.02
3
.02
.02
.02
.02
.02
.02
.02
.02
.02
.02
1.5
.02
.02
.02
.02
.02
.02
.02
.02
.02
.02
.02
.02
.02
.02
.02
.02
.02
.02
.5
.5
.25
.02
.02
.02
.02
.25
2.5
.35
.02
.5
.02
.02
.02
.02
.02
3
.02
.02
.2
.02
1
.02
.02
4
.02
.02
.02
.15
.02
.02
.02
.02
.02
.02
.02
.02
.02
.02
.02
.02
.02
.02
.02
.02
.02
.02
.02
.02
.02
.02
.02
.15
.02
.02
.02
.02
.02
.02
.02
.02
.02
.02
1
.3
1.5
.02
1e-12
.33
.33
1.5
1.5
1
1
1
1
