.04641013424125401
.0029502749418148103
.0007537878054724821
.001388708415396198
-.015413740059463886
.0003692804044201688
.0003712902266119887
.008001520587341212
.00021779557807947376
.00024290953306552155
.00013458644707192496
.0003674331113584148
35239133821840496e-22
-20518939781786784e-23
.007807059780781466
.09645292800640508
.007626293157580159
.0014466489862007344
2728119976269749e-21
.00011152371711660017
.0013789087272962988
-.001145537745794505
2997149693606165e-21
-.0006181593891639304
-.0259739756428645
.00037138555156577066
-921527540401582e-20
.00037153937241457145
.0003715298781229783
2938071416662515e-21
12826909697073252e-22
12145893505015148e-22
11721585165955119e-22
.0003712226898973851
34959099021532947e-22
-7551024453398281e-23
19556804960823855e-22
.0003712425672434806
.0003157404687355736
-8687179450805055e-23
.0005143401382441152
.021075666554374484
.00039584150083850323
.00037124021366980044
.00037051178068039654
.007237762284962446
.00024328550874861156
.0019197565391791875
-.004039733556879461
-.1512779186308142
.00036623462214096885
.0013280194032983823
.013145887409928657
.00087867806069175
.00025699483955007787
.00024212027500529186
.013165415348921175
.0178530074181498
.0003826554491697556
.00036813261081617034
.029162989932736066
-.01761098744983902
-.13054388849047047
.016169877170044353
.007703027689736533
24416819072257173e-22
-10504646933672178e-21
-.006252336350010609
.0013139693539692308
.0003213455832200179
.007197614823258093
.001798229118829815
.1656209064903103
.00453449643747258
.0003711755177825559
-8633910917413666e-21
.0003713777969129141
.0015978607031008852
.007863098340663352
.008043165897351854
.00037047500569576574
.007898825760850998
-.00589511229772789
-.011813281548980035
12098412663252178e-24
.0004893995605270933
.20910842722626038
.012463672115891137
.3572865142448607
.0003360080249136976
.007958953918393548
-.0012630887154968708
.04217183571990223
.0003181672526914854
.0015782477946441843
-.006718184156180908
-8033248733609866e-20
.0006324441314882392
.0004121591341302159
-.11432516692622116
.08128383177596096
.034289650404825775
.009523406032767379
.00281428150071471
.005448624157597665
.009945069300452
.1367167948528779
43360251061726765e-21
-.1479090761381814
.00024604050978544806
2011627869030539e-21
.05798607456359045
.01608866704159295
.007310436288233783
.007893710724451171
.0076507934056489636
.007709146805358631
.014326681283953948
.01250652385838641
-8974262421323958e-21
0
0
0
0
0
0
0
0
0
0
0
0
0
0
0
0
0
0
0
-.022578900449069194
0
0
0
0
-.00221455801698819
907531559691846e-21
.00037119562385871246
12627189645557723e-23
36314970942669858e-22
0
-.009830182099927807
-.27835318590106495
.00011426859714147613
.002409859183774635
.7648394627911979
-.15646540338584256
-.14640797528690247
.0029245316141309845
.00807816993936715
.0005351352773163284
.0005221219615340559
.00031452174898935817
.000345486327337164
