.0003716651080270068
-7288592132106624e-21
913125124011989e-21
-.0012492908816450197
-10145914212861005e-23
.00037124066080774555
-25746646263768724e-22
.00024115725482304624
803475205313922e-20
-8767989898693622e-21
.00021263408050476628
.000369646856018109
.0003716237338086857
-8487972810303624e-21
.0003712402825234137
-8995386287603781e-21
.000180666125311922
.0067167816348224565
.0003714719073687203
.0003712223742499007
.014008632178080661
.00037124763508055255
-12513482067305264e-21
.0002414474986084148
.01618587161866838
.0003136848712071643
.005410835310080192
.011675942496554743
.0003098183539751041
.011024348276287902
.015093215599099454
.00037133014833577304
11054051144781261e-22
.0003801259841839989
0
0
.007221838132475941
.000167360166776481
-.0016635510826111422
8515948608132111e-23
.0319948384081655
.014278885975540247
-474550363201762e-22
0
0
-8498429879507825e-21
3695981963368003e-21
.00024052662188128038
.010453111228374544
1462699416448568e-25
19086537128150924e-22
20099552071477357e-22
-6009888220608162e-23
.00037124288089690797
.0003712405811627653
.0003712405138340191
.005695452943546246
-.12561383597431508
.0014681408300012487
19508820912926437e-22
-8487236885994177e-21
.00037123844541048185
-7386387370548612e-21
.0003712521412973514
.00010948546518575359
-.02036594265984535
.0003712337361517672
14253659785762946e-23
.00024157830076765
.0001123645494656045
3522435785989262e-21
.0003719201731289762
6067864018657249e-21
.011186854931338046
0
0
0
0
0
0
0
0
.007590857198256402
-.0010990070937476261
.013017893881891762
-41861421914014716e-21
-.0013383075608654328
-8020905321726796e-21
.001794985768790326
0
0
.010530776287203383
.0004472340507941394
.00035051290619802356
.008926165071580228
-20489167338652624e-22
-2683858903063456e-20
.01465161580311684
.006659774896133013
-.002192932980154166
.0003712430840561212
.04865589556930994
.00035649455892421074
.00031355388735415234
.004073251016541003
.0003744076089073548
.0002990354328761076
.000371204304105883
.00018873890614231928
.00024357760735882952
6988335483042307e-20
.01046918460142048
.012542759455657868
-6862130457872802e-20
-7650011785999802e-21
.0004939450649396234
.0054817098866883135
-.12406581242860286
33174235073469223e-22
-.06993447585609613
.001747025539082012
0
0
0
0
0
0
-3998771029560733e-20
.0003687286601245883
.027620030056399535
0
0
0
.012293758715673923
-.001214004550841287
.00030929655150020046
.00021803760228363066
.003979276695002308
.039376996075328304
5699351386920235e-21
2861618804276748e-21
.0008116534317581693
29639457130679793e-22
.009311100022017918
-7937897423087007e-21
.061213841969910573
.00038368306882072777
.00018340791419664383
-6694144849036669e-20
.05798299505394942
.08015886913244476
.0003712343559515841
0
0
22681361990368456e-22
21415249610085508e-22
-.000422037726124971
9093328429393735e-20
.00041242280980466025
-1452670682405477e-20
.0002994560330903359
-.14922337472608332
.0013420571816702964
.0005200062175006689
.00023879656142126432
11462062173743347e-23
-.0009705841178658466
.00010882081504010923
.0003718001439210245
14278072907619035e-22
.0012592427302480708
.00011157422282544826
.02018429255411487
.014456595963162306
-6114518265168596e-21
-.12836177171457164
-.008447461048119585
.02016977901275854
-8818245060151685e-21
.00888674561918683
.000319662981549841
.0374106181695254
.01300495050707028
-.006328091986124438
.004089007695340008
.055896229991490236
-.005704676686771718
.015484669690811232
-.0028470201945744664
.0928027274658401
-9121288579740092e-21
.005712407679673422
.0002417384405483083
0
0
0
.004582796410145544
-.007539387850130043
.09257712672168822
.00037460615199608405
9086528706947738e-20
.07939634261651547
.0713691364905509
-.004782593962912816
0
.005443332609036703
.00010687667813967007
.08148116721583087
.009786426967529113
.011611075854343319
.0059746136780825885
.03473996644985591
-.36822132367113924
-.102378170513926
-.1640879990806961
-.0016381748781705541
-.005132290928457357
-3953204893004212e-20
.12589918589575178
-.002020373558217464
.0019229123883578519
.00032003532558604785
.005536950368326921
.006390835922345903
-.0007087026370927852
.0002290611802502085
4168436185640995e-20
54589906367949446e-21
.005388826106563643
.0054531794094297235
.00034974961181486933
.0013641648330683948
.005483192530779603
.005989223041616666
.008407852888968463
.07590599210148469
.05936727019937245
.0032343844295154756
.03009832531762454
.008157938798532072
.00571378118715146
-.06440910472600732
.09189621925499845
0
-.002560062181282007
.001021915730027791
.01098541634876515
-.008795951697069393
.008069755025753505
0
-.004900013189847558
.02085024186996741
-.0066757551570418875
.0028906337451766856
0
-.0007112739830219216
-.002278298748141915
0
-.0029356224489404093
.046144582131895935
.0004402961317565726
.000375922924214087
0
.0025029608335052243
-60429135101847577e-21
0
0
0
0
0
-.0017608726164046664
0
.0007009541301543564
-.007551926491917583
-.0025073988774853098
-.004870117421798508
-.00172933555615556
.0003620450927857952
.016700343699555004
.004406727105949689
.009155153295034468
-6670668030753308e-20
.05798316125108858
.00517056708267219
.00022563677910679184
-664644651430995e-19
.00023167160336136505
.00018929188393806523
.0003712342752509266
0
0
-.0009285837327040161
.02241353004227763
.015063163911398022
-.10687321008498395
.07212942569687664
.006802665815740198
-.07182783292550034
-.14791494181632123
1265164616747669e-22
.008575320271494873
.0002415042330473681
0
-.005866471406721225
.005486713300120475
2531178584455603e-21
0
0
0
0
0
.00028179381470897375
.00024041729043693564
.007420888292056609
.0003712553168916819
.005302926138110596
.0067719681451985465
.007742686581567101
-885531645548215e-20
0
.0016292804557951723
.006911216510313823
.00010540681560149227
8250708396610236e-20
.006795075518687199
.005967574522181594
.00438219459568171
.003249961150540245
-2900763901530501e-21
.0003712378026203614
529068701106564e-21
5246235962881409e-22
1982333178480436e-21
.0003736536078852323
.00037160867844417085
36156017625892634e-23
.0002401610829749328
.00037124243774707674
.0003704233310003592
-887921546253934e-20
.012170064692047749
-3289783414869669e-23
.00037123524905449966
.00029073151421948765
9090640511013006e-22
.0003108634192783784
-6748044114368886e-21
-11253894358637391e-23
0
0
0
0
.0053900377590201595
.005564481253343253
.00035846911704007537
-23212778165686836e-21
.0003137814595719659
.0003142048370383259
.004073163349352369
.00750422910530629
.0002390054187108827
2955274497802465e-21
3237218877417144e-20
-7352005840736832e-23
14500030212973405e-22
.01436354050540891
.00025424737733875815
.0002950760949911909
-5901974316154952e-21
36050730246325803e-22
.04903641592575989
-.15679841021781896
-.017009455965004427
-.0007856961879795583
9340777547572401e-20
768724373810342e-19
.005033639687467631
.0013506114273149942
.08188269757310002
.0002307833483501415
.00037126601125366237
0
0
0
0
0
0
0
0
0
0
0
0
0
0
0
0
.0015411982232112831
.0003712597329067285
.007711078034845777
.0072291945834214956
.0003733772086026243
.0002404195421964142
-8776765977894846e-21
.0003011751043025388
.00037124415052469336
.06306699300910829
.0010699141849866206
5337722122453107e-22
.00022775677271011938
-33548067966427715e-22
0
0
0
0
0
0
0
0
0
0
-21401864444206664e-21
-9035409825589672e-21
5419208672942827e-22
.0004140092464365949
-189757143638077e-19
4837748706202342e-22
5074781082046042e-22
.00036669462069768263
.00037123969627067245
.00024195911508856097
.0002440016741824045
.00024178548692025263
5718515447117458e-22
0
0
0
0
0
3407070208037405e-21
.00024238617241106316
-5199069478330637e-23
22342095488030106e-22
.012436594811735193
.00037153661592409135
.01065735979435096
.04998786109974869
-36215593009502437e-24
.006026440329073635
.016105620720752646
-6623552664438757e-20
3530798626213409e-21
47039017393125826e-23
0
0
