46.91559448965957
.3059566012405388
1.1602225580055485
48.331891349766885
1.2635001996593322
7.660188128349491
.7876654465018994
.18234278439217483
1.384516076140217
.07140358671120117
22.411146791164814
.7857674681868652
1.6720265808387362
.021329725963760007
9.323370802597532
12.146970679438672
.01100692415895742
.08285439000240849
.016765202608561066
.006622864020779746
.042305138973241826
.01454933040129612
.01022809119410338
1.614201081045699
29.731280884378023
.004945799334435501
.0062988495183646685
.007451002469872545
.0062368132459777615
.005179441752160527
.0001729522202454597
.013732307524885374
.0013308379474206583
.010666080808417642
.00029487847787395145
.004785915812980423
.0028778920307324677
.002452769288286691
.008986308072079974
.00021965915412009175
19.006633102239043
18.658360695990012
.02880244567324813
.0037952566253404924
.14946072603006866
.010325620362551847
.008567950932472037
.617458020246751
5.256857184164226
4.763899765235468
3.6759087290586363
4.8713631395898105
21.538765364560174
20.055898772375468
1.967099909419495
.007382039087360502
9.705448758238887
159.09665741253454
.33274431195413906
.17352802390177027
55.34476012472572
55.02815635996493
18.515247697777955
.0059053450253231795
.0022129675862931747
.0017736083967815066
.010720945908729788
80.79546378132206
77.41042125351932
.03967272615105273
29.15917493851983
3.2523825432702513
110.8305550644153
34.00192754351316
.0014523656189067372
.010339464279678169
.004870493315929424
2.663101714104458
.001101818808490451
.009077210798466158
.011614191480482379
.00825970105460245
11.191060166490935
23.681802421868078
.00985387533846952
.052060444260032694
26.536544418661794
128.52970822822905
7.547881023968256
.015636366254200937
.009859779646810882
5.372730459794885
1.522028960053462
12.110440552302439
11.001607590544653
6.13998139711028
7.822591897591227
7.1749038309226565
3.872268400999271
66.56078579968244
2.1836376677171305
7.656074185049099
5.358364115061084
2.472107212427015
.00344456321687491
65.95779550367247
8.834792388954234
2.126172020363144
.47347924763771176
.017114968298462728
.00017750286298393495
53.25124227753125
103.13931624492098
.09363237713922268
.003315362838417049
.6302097777396372
.006584363567287434
.0073612898157226795
.1915126071167147
42124628739480495e-21
0
0
0
0
0
0
0
0
0
0
0
0
0
0
0
0
0
0
0
3.3886354963264766
0
0
0
0
4.451428882689354
1301.534938127819
.004551709853203199
.1006712602681154
.020364099768890837
.23381510050633963
.8674419181495175
1.1608834967980943
1.6512705313726295
17.927715612047823
.015082802850170572
6.622243627851612
6.491503934252485
.37136402216496534
.8324480542433844
88.13850386116472
85.97975387776663
50.359990513367556
85.58263494096526
3.3991542665145182
2.160009815652178
1.5685348538935324
1.715408945570594
2.8840005454111384
1.8137316306569595
2.5618906838090463
2.0026562931040357
1.9073292391952053
2.306727239941411
2.0929813014281886
2.043945995689886
1.3751624507425786
1.9744964824738043
1.4599607070431535
2.6117330826632155
1.9240292887704857
2.1089106994215605
2.251175889863005
1.7265993189439957
2.417581935341365
2.8607492763293596
2.642615166738019
2.0448985350113262
1.8126283359029174
2.424866927567633
.02407371659394257
1.7268165149755106
2.266059619529306
6.085518623787242
1.9688634439792656
2.152656616186833
1.4133604661078367
3.0505795348437834
1.371491526491014
1.562188020900033
3.0947644585335246
1.2760107434768977
1.839130392148035
1.5500563735434503
2.106816623957649
1.436736829838828
1.8957787390952354
2.6322512127957345
2.1347448545146492
2.2858047055371866
1.9489845080405082
2.2860570410028247
1.6917094730136117
2.2391262591446677
2.6654264458321917
3.0822132755513563
2.382209103564925
2.0982493031116642
2.0115904041523236
3.3763661971489762
2.4043567226713525
1.084210728281327
2.780516565014357
2.754437499408003
2.105656250763365
1.1676015534324005
1.740653361339209
1.7942851734382932
2.02794827597056
1.4670053984686093
2.2871521367079213
2.1469169019900445
1.8021347580389966
1.6484744558201527
2.550796533902168
2.498910027454893
1.8527891511779415
2.373067582925242
2.632208114658555
2.093119201874725
2.345080961702508
2.291232142457122
2.016524997744411
3.102086264569574
2.0968167147798638
1.9250106822765298
1.3287802464657108
1.5467257476619272
1.6092938915678219
.7193495374972262
.19711008355035445
2.2058950124040835
.012437951711563528
2.472094137892674
2.1387802101327282
2.5413790114075003
1.9031628621545258
.19903060964232655
1.523921334431736
.21471612094808235
1.147632821229728
3.0583622655150635
1.8484927971795027
1.7988495545699803
1.904591095486184
2.1797796069762443
1.8107094605135636
2.061049332837872
2.2405754810815983
2.316983183694652
.00976031628283128
1.9560862352193096
1.9256244794352735
1.3778675380005094
2.175269333716512
1.735656097639961
1.4447740223246988
2.2099688973772627
1.8903885444517976
2.169647515367251
1.931169358072567
.6982237911702531
1.824703386030917
4.794097257097896
6.571143196311229
1.5635921939088024
2.186217521166449
2.6329865383660684
2.511049274356987
2.8496850047669593
1.920732976474259
.008161072429826364
1.5267418274552937
1.3050877876945193
2.688513402442017
2.514574525014199
1.8457328727112992
1.9458662839292915
2.3316281397679517
1.9707408545947933
2.790918357347159
2.362025754154624
2.482164789134857
1.7101428335920044
1.5836406762005866
2.158253229846066
1.2995026728060957
.21061720139800036
2.222116485400261
5.429186015289861
1.4427070888428146
1.7736936676593977
2.1658440800299594
2.334363770611973
1.0037025519913663
1.7607942568411383
2.2443553945897703
2.108202232398196
2.2888157466677512
1.3930747703529334
2.030117624504162
2.636375090404344
1.8243968489328948
2.361800237986303
1.5007392544057203
1.2162407075018276
1.4898943260138766
1.998981205161599
2.1352484965302874
2.3928394780599778
2.712454057171271
1.28540122747285
2.3373428310337268
2.2076483186929168
2.3729102732199103
2.6495031140228678
1.712136314703614
2.0558321704128475
3.0980736200541577
1.798283073190833
2.0367657650419804
.022981507554862852
2.0404880373582546
.057312188257133724
1.9391001112691486
1.8133619852667238
.5304585426064562
1.4142038187402082
2.124586424843514
1.3086446229482602
.04656157328894057
1.993724560235095
1.167213867661999
1.5625365281329722
2.136957462799173
2.037921800249715
1.5015107001448498
2.626198318366367
3.0483579603497235
2.756837485623778
.6461820793949999
.011494671006849113
1.8970527258877485
2.2032700762344346
1.8803878108208723
.04824559313323469
2.407991679124719
1.8234666097212693
2.1875122686715014
1.2924335808508898
1.2826740381405162
.006201331847089114
.0042478238399199925
2.3742235066682116
.5951310713047225
.1513065173235399
.8309674603453299
.19546810234267462
2.2383384004752647
.10607597344591108
.09201642306762367
1.8017083214863152
.6085604158388195
8.21155241714145
2.0118211702062028
2.2122126777582745
2.5587831486546104
2.3295876264294972
2.220221254093244
2.056616242601707
.12142896234889236
.16475813741767587
1.9744910335992967
3.06876556753014
1.0213132192725476
1.9455190965493818
2.3718903345697546
1.9412475622016552
.01031094570203893
.30190269256297453
2.9042609161489685
3.677051775464404
4.240857464569769
4.5706303044330205
2.364616133426422
.011680135619108831
2.8953732275619446
1.3732648231556648
.014439829634837285
.011266865015364306
.155174015250623
.012544946537815037
1.9465501831937575
2.7681834029119585
.01
1.8061355969001283
.013899559876767314
.007193673359801889
1.8778914229866046
.009208823041181374
.007411375363461017
2.27281171211542
.007227546307057819
2.2841666284448046
2.185368317086735
1.6466990215903723
1.65713103915399
.009779215672716111
2.0791628449759325
2.4808388519542066
2.513303518565587
2.3126083761582237
2.1279801952851303
2.807992345574854
.010483163050467235
1.4952741225600135
.010427708174355685
.008994285918302352
.010382533763858755
.011951296843433478
.010710110613843655
1.4252702558406816
.08607576780043562
.06843575040639899
.00909723623767276
1.3776866435570758
2.2285789429405694
.09056667090641787
1.8991805195691214
1.512452892131111
.06384896921823745
2.1589083141237255
1.6346540389996946
1.7724138305447779
2.764034645185603
.009193456801205948
1.7335520143579575
2.6395132544078885
3.2304221907626114
.792263023866233
1.7411748700754142
2.249935279665864
1.4874483231906643
2.2613139347476254
1.753842754269937
1.8598745041218123
2.075851809107631
.007847690045774961
.2105357557579202
.1854279044848618
1.9994192704691685
1.4773101049537787
1.8358769180074195
1.7161079737560754
1.4125039589331778
2.11158321229869
2.2069119945745257
1.7609535784459731
1.9335590821282798
2.06805406790213
1.9337162660558278
.006277182172524125
1.6097612030070267
1.9824033982179523
1.8472911716523153
2.281709656786352
3.0789420132805563
1.7765177625293
1.9690584510569358
1.8569544858837663
2.1544677714217344
.11244203201185528
1.8461537684290632
2.272580640022328
2.345228511667047
1.5485849809339736
2.4024642909509426
1.6237703658625129
.2299784059672221
.1514074284300066
.12338809840864283
1.6672342544654628
2.0483026230358607
2.076255127636653
2.5079512664803776
1.4443503606022858
1.8436018296472172
1.4981200570215911
2.118193986356078
2.3000652261781385
1.6930252114843325
2.3231914644933385
2.3217351398856207
2.107978151919504
1.9792832926721715
3.2179312240437397
2.071867036599477
2.03355542557865
1.9444515733282528
1.4928335570775488
1.9649209985520144
1.5346157480993012
2.105854600653697
1.7666714960388235
1.5373282342678385
2.241425796191432
1.6370327153383284
2.276945243186415
1.364672082416717
2.2515247587067058
1.6104299473476997
2.5030253116311445
1.7334757404562469
2.2001794594458444
1.7668382822020579
2.0310563901498195
18.12677342898711
17.23153599697357
2.6369809121096504
2.0829173735983284
1.713046012626901
1.3397092178044812
1.4456141703819043
1.4956125259521045
2.7358106998984204
1.8168682631865032
1.6766436292040525
2.3795415456249596
1.8813122510359719
2.7122274325557783
1.782292369208087
1.9438501615540462
1.4768274133033796
1.8614811747085842
1.480266702918222
1.8598686410015433
1.3694340420659221
1.9607618044926605
2.2217524804596414
1.216805712167226
1.7425355279933816
1.6712545202875753
2.1925201438391975
1.8679116693057352
2.812434663344842
1.970840611666154
2.0044974579716186
2.4659546872349494
1.2552710886407132
2.5606890171456755
10.603000866891197
1.8383626356885818
1.6304142498937704
1.733350965677967
3.5963252315706384
1.9801939035727292
2.04196673860877
2.8450417699939115
1.6344006834141804
1.8982852113524182
2.8598799915609296
1.4337510080008222
3.0899974225864564
2.606012087059434
2.6965536835731987
1.9553916381679517
1.3654331099200965
1.7782022453694766
1.6882549266326985
.28100633749090465
2.8008397965047758
1.766723402034658
2.426253771593429
1.8042120031519255
2.0171442895777822
2.5024653238451915
1.9322404624310947
2.1272089790780035
1.826287894713846
1.6358122645132178
1.348429679273133
1.852882495860839
2.5800836926245494
1.8506145514489944
1.978367371557886
1.493538454481016
1.590770177010796
2.4921246378078052
3.104853379757805
1.9083011731863426
2.1391791741691097
1.875957856740587
2.3845622195123655
1.6707798361729365
1.2445329276957613
2.0517987373290985
1.736779396980511
1.6028795894420884
2.3059769002049406
.1586780303325884
.9502214493340991
.1220459920265997
.9250866691755801
.10023124086591535
.8586509602709081
.08713127713378456
2.00228561510761
.1717836804538967
2.4481999801741026
.08613835407337217
.9871454468776545
5.4443472961126504
.3799332059192058
.1200532578879393
1.2822252777502563
.06794902014907976
.20903310528962568
.04211821266082008
.8896212634595436
.06757603902648417
1.139940751029992
.09844720198913985
1.229517165673917
.19519040179454447
.9331135184595941
.05160971918675553
.6805566426668039
.06067729935637867
1.4742304110397701
.00019733497196956377
.00040673741603827995
.11697485452662419
.12796294372172665
