.010974328999443679
.0006359258230099807
3407876830844271e-20
13534528120288563e-28
.0022969486409060123
6.277606059076383
.7495050351809264
.048807335233619936
.016443757855522448
.0668596266939147
.7528122896985855
.7223204100381573
.058364984382124896
.0008864394242321256
.00488129791458114
.0005283103947600096
.0023470301385781836
.06969450435013623
.005064695041847875
.0019023062010315127
.002003903390308341
4556081098553587e-20
.0021467715245375944
.06255054624678993
3.84805963457181
5651868256620431e-21
.005532578918105012
.0061446091967206256
.005515555239123947
12802645276883979e-22
.00017963211866103948
.013889229135328383
.0012151077383569934
.009548433095159788
30693193674592173e-22
.0024121167527823457
.0028039113680196166
48700540574261364e-21
.005104408273435512
5268460557456009e-21
.005513797067982576
.005513388149594297
.022145933203259534
.0005855465010031245
.11295876055537879
.007633340162052677
.00047458383701423276
.022475839506651628
.07170175645124821
2849061260145988e-21
.14192543427633755
24925945173046477e-21
8.523686017779061
8.039926778333445
1.1480109266732232
.006739763275570886
.0007257782135308387
.0008022883181208121
.1821492967726016
.10694229453538484
10.079201718972513
7.964193470113005
2.8409464357854857
.001743958352144718
.0003421131038304583
.0013887659881733926
.005784229376457178
.007764197843310813
3.550666063800762
.0007688721321532776
10.079201718972513
3.44308292561072
9.535513375945005
9.249210934983934
.0014286839360991871
.008834492165381607
.00017009852625977164
2.1736395097977486
.0002252420290474327
.001985881492085075
.010752708518991742
6985450528843155e-20
.7142333179084936
.0353264315241291
1948312836741649e-20
.0004061541936256119
.39798907119852966
.36875526960180505
2.478576759905169
.00014081119538415101
.00043545583385702484
.6179860083900031
.811233348612272
.14067955100209897
.00029340255349458107
.17067459273689203
1.2315420315463568
1.063175837001356
.07288695019012605
1.2341405018113447
1.997152440396366
.019020522500095914
.025450666709421286
9437904550508387e-20
.00011449646520069911
3.7002276362848416
4.3606751697403805
.4690042982111476
.003493693761618469
.00013098312990071395
18192504613138772e-22
6120137276761653e-23
.05310759372638824
.016371641270004636
.0005221989067459366
.3493457612477207
33702785950482536e-21
.0001813136781375112
.026172448520707377
7561380714800926e-22
0
0
0
0
0
0
0
0
0
0
0
0
0
0
0
0
0
0
0
.10616177818349537
0
0
0
0
.20208024628355079
1305.4951081807994
.004324510994664156
.09855191991476112
.01818208870161712
.19706144254667315
.018907046661616196
.4246033782927098
.013410791672235134
.38450958212706854
.004484372657513266
2.163601397871357
2.3440673745681426
.0022051778748085724
.005186110326901484
.5270435764364194
.37069553389050525
.19947102904604375
.32492451866772665
.018837528485712622
.018837528485712622
.050083674398592584
31179257795062543e-26
.018837528485712622
.018837528485712622
.018837528485712622
.018837528485712622
.018837528485712622
.018837528485712622
.018837528485712622
.018837528485712622
.018837528485712622
.018837528485712622
.018837528485712622
.018837528485712622
.018837528485712622
.018837528485712622
.018837528485712622
.018837528485712622
.018837528485712622
.018837528485712622
.018837528485712622
.018837528485712622
.018837528485712622
.018837528485712622
.018837528485712622
.018837528485712622
.018837528485712622
.018837528485712622
.018837528485712622
.018837528485712622
.018837528485712622
.018837528485712622
.018837528485712622
.018837528485712622
.018837528485712622
.018837528485712622
.018837528485712622
.018837528485712622
.018837528485712622
.018837528485712622
.018837528485712622
.018837528485712622
.018837528485712622
.018837528485712622
.018837528485712622
.018837528485712622
.111896927060419
2515820244640508e-20
.018837528485712622
2515820244640508e-20
.11826713832214254
.0741258406982029
.018837528485712622
.018837528485712622
.00037685399640968373
.018837528485712622
.018837528485712622
.018837528485712622
.018837528485712622
.018837528485712622
.018837528485712622
.018837528485712622
.018837528485712622
.018837528485712622
.018837528485712622
.016812592036558008
.018837528485712622
.018837528485712622
.018837528485712622
.018837528485712622
.018837528485712622
.018837528485712622
.018837528485712622
.018837528485712622
.018837528485712622
.018837528485712622
.018837528485712622
.018837528485712622
.018837528485712622
.018837528485712622
.018837528485712622
.018837528485712622
.018837528485712622
.018837528485712622
.111896927060419
.111896927060419
.11826713832214254
.018837528485712622
.018837528485712622
.018837528485712622
.018837528485712622
.11826713832214254
.0014033510552068427
.12273311461548733
.018837528485712622
.111896927060419
.018837528485712622
.018837528485712622
.018837528485712622
.018837528485712622
.018837528485712622
.00037685399640968373
.018837528485712622
.018837528485712622
.10989280517538638
.018837528485712622
.050083674398592584
.018837528485712622
.018837528485712622
2515820244640508e-20
.018837528485712622
.018837528485712622
.018837528485712622
.09572948157212975
.018837528485712622
.018837528485712622
.018837528485712622
.018837528485712622
.018837528485712622
.018837528485712622
.018837528485712622
.018837528485712622
.018837528485712622
.018837528485712622
.018837528485712622
.018837528485712622
.018837528485712622
.018837528485712622
.018837528485712622
.018837528485712622
.018837528485712622
.018837528485712622
.018837528485712622
.018837528485712622
.018837528485712622
.018837528485712622
.018837528485712622
.09572948157212975
.018837528485712622
.018837528485712622
.018837528485712622
.018837528485712622
.018837528485712622
.018837528485712622
.018837528485712622
.018837528485712622
.018837528485712622
.018837528485712622
.050083674398592584
.1221884484793015
.016812592036558008
.018837528485712622
9999999999970071e-28
.12286090918395147
.12286090918395147
.016812592036558008
.016812592036558008
.050083674398592584
.050083674398592584
.050083674398592584
.050083674398592584
