3.0512996216523662
.0099116625603553
.0004380526141798235
27239778567914574e-21
7961756728012848e-28
.001598921033522317
6.416828676200081
.691513224342837
.04517816081401152
.019403484815435978
.06951658862762501
.7102762579898323
.6684316926105343
.052349723928496544
.0008785218951304156
.0065810659862555465
.0008153327869846208
.0021730829650541098
.06572495635501034
.004637874832683262
.0020538319725418304
.0027940733262302245
56287370395817985e-21
.001718386940033873
.07924052065910579
3.8511558042266385
4065197336889061e-21
.005220449709711674
.006452326278569402
.005987039720800229
15136958329131777e-22
.00016615838531219558
.013523080091407054
.0012581254398471035
.010332827277672306
29078124852547996e-22
.0022673922390273092
.0027088286281526435
52176407283962974e-21
.0044598259116131415
5118965918263912e-21
.005985058553174886
.0059846254416370025
.019737577644318192
.0005594544944612116
.11159213236393985
.007399343558429156
.00047974751144286976
.025856112234623925
.07932779436448559
2373098190991436e-21
.11989237363942219
1934141257220532e-20
8.41326043218484
7.8775282965539
1.212319039584349
.006870193754752425
.0005743333936945173
.0006345477017813971
.16813545405159727
.1063878526406723
9.316005044635112
7.172512335879513
2.790048404069551
.001576844739013978
.00033984878138986147
.0013268689403928855
.006186234654302058
.0060258346101095895
3.560516947409596
.0007267752896584544
9.316005044635112
3.1648116504738026
9.316005044635112
8.486549259985553
.0014077548423659571
.008916169541513074
.00013447993031410986
2.23489488460948
.00022209780636933994
.0019030648216261546
.01037720298216873
7634156943571725e-20
.6362287304827252
.018701558485104915
20213091504766215e-21
.00021153504440995
.34708440679905955
.32161474749264657
2.4947230033880587
.0001636500845093018
.0003724987158194294
.5733964304235587
.8338654379207907
.1493652008468227
.00023280493312863792
.15855972521629094
1.2157712152714553
1.0492624885962811
.06244800964112296
1.3206575104896128
2.0273432143488943
.022028648358137413
.027166471449780554
8051333333473315e-20
.00012544999087828198
3.79121357795194
4.270013540871061
.45025151923003015
.00344329017317843
.00010401278102021375
13418878077905106e-22
4394813624968014e-23
.05844016480396077
.015423446900781523
.0005074886831198717
.341905657394084
3609828501194692e-20
.0001571956411791732
.0260923015546028
6484664969781629e-22
0
0
0
0
0
0
0
0
0
0
0
0
0
0
0
0
0
0
0
.08743388240724188
0
0
0
0
.3329455354252887
1286.581314275922
.0043746477227292
.1003903326111692
.017728146522737413
.21140757937362278
.0180388797951744
.4036634945291193
.012296157969958251
.3967163141637263
.004862351747233955
2.193814620258713
2.2550938050197087
.002027062393575527
.004977357660557156
.5021048644875576
.3799176183010125
.19611598113481488
.3307392133232116
.01881597571622242
.01881597571622242
.04729814453731135
22021153184558245e-26
.01881597571622242
.01881597571622242
.01881597571622242
.01881597571622242
.01881597571622242
.01881597571622242
.01881597571622242
.01881597571622242
.01881597571622242
.01881597571622242
.01881597571622242
.01881597571622242
.01881597571622242
.01881597571622242
.01881597571622242
.01881597571622242
.01881597571622242
.01881597571622242
.01881597571622242
.01881597571622242
.01881597571622242
.01881597571622242
.01881597571622242
.01881597571622242
.01881597571622242
.01881597571622242
.01881597571622242
.01881597571622242
.01881597571622242
.01881597571622242
.01881597571622242
.01881597571622242
.01881597571622242
.01881597571622242
.01881597571622242
.01881597571622242
.01881597571622242
.01881597571622242
.01881597571622242
.01881597571622242
.01881597571622242
.01881597571622242
.01881597571622242
.01881597571622242
.10873994717838799
20111237410168518e-21
.01881597571622242
20111237410168518e-21
.11658680121367508
.07370275835539289
.01881597571622242
.01881597571622242
.00031786234015048886
.01881597571622242
.01881597571622242
.01881597571622242
.01881597571622242
.01881597571622242
.01881597571622242
.01881597571622242
.01881597571622242
.01881597571622242
.01881597571622242
.015430577367606956
.01881597571622242
.01881597571622242
.01881597571622242
.01881597571622242
.01881597571622242
.01881597571622242
.01881597571622242
.01881597571622242
.01881597571622242
.01881597571622242
.01881597571622242
.01881597571622242
.01881597571622242
.01881597571622242
.01881597571622242
.01881597571622242
.01881597571622242
.01881597571622242
.10873994717838799
.10873994717838799
.11658680121367508
.01881597571622242
.01881597571622242
.01881597571622242
.01881597571622242
.11658680121367508
.0012170750570557882
.12029878347517003
.01881597571622242
.10873994717838799
.01881597571622242
.01881597571622242
.01881597571622242
.01881597571622242
.01881597571622242
.00031786234015048886
.01881597571622242
.01881597571622242
.1086419340349661
.01881597571622242
.04729814453731135
.01881597571622242
.01881597571622242
20111237410168518e-21
.01881597571622242
.01881597571622242
.01881597571622242
.09491107098765492
.01881597571622242
.01881597571622242
.01881597571622242
.01881597571622242
.01881597571622242
.01881597571622242
.01881597571622242
.01881597571622242
.01881597571622242
.01881597571622242
.01881597571622242
.01881597571622242
.01881597571622242
.01881597571622242
.01881597571622242
.01881597571622242
.01881597571622242
.01881597571622242
.01881597571622242
.01881597571622242
.01881597571622242
.01881597571622242
.01881597571622242
.09491107098765492
.01881597571622242
.01881597571622242
.01881597571622242
.01881597571622242
.01881597571622242
.01881597571622242
.01881597571622242
.01881597571622242
.01881597571622242
.01881597571622242
.04729814453731135
.12010816461185313
.015430577367606956
.01881597571622242
9999999999969481e-28
.12056197738445179
.12056197738445179
.015430577367606956
.015430577367606956
.04729814453731135
.04729814453731135
.04729814453731135
.04729814453731135
