3.0512996216523662
.009911630616827063
.0004400488558365127
27237467947015606e-21
7961960120434257e-28
.0015989616333637476
6.4168286776889545
.6915132031016482
.04540003142119806
.019403529405978184
.06951659106247232
.7102767377434424
.6684316925891776
.05234975930028187
.0008785216501740739
.006582537195836527
.0008044452410056763
.0021843552007011656
.06572495629143413
.004637874833155827
.0020538319727446074
.0027940798592363393
5551699118108615e-20
.0017276453624728942
.07924070389671664
3.851266347567019
4087489075441896e-21
.0052204497847042845
.0064523326822121425
.005987040489172803
1513695899559784e-21
.00016615838531219558
.013523080091407055
.0012581254287694946
.010332827277672306
2907814455001468e-21
.0022673921318405793
.0027088285938957238
521764422385873e-19
.004459825904995112
5118969261182637e-21
.005985058713754731
.005984625481286132
.019737452933832618
.0005594544904473886
.11159213237663164
.0073993435721160525
.0004799367488869224
.025866323965277882
.07977059150750061
23409101064483743e-22
.11988963526185341
1934145314807151e-20
8.413275645099157
7.877528849740943
1.2123190988469337
.0068701988142631665
.0005743325624026531
.0006345442339145709
.1681354645706141
.10638785966435002
9.316005044635112
7.173796647408914
2.7835845521789064
.001584222183686986
.0003416706071507975
.001326869597912783
.006186239223106042
.006026039651089638
3.560530816851836
.0007268000738819115
9.316005044635112
3.164811880229738
9.316005044635112
8.48641147054631
.0014077547405086871
.00891615261758003
.00013447718928822293
2.2348970572603877
.00022328170312990383
.0019133355486019043
.010377205168533594
767554403809432e-19
.6394208808260126
.01879420151372829
2025848349373883e-20
.00021149820195393409
.3488504219920876
.3233302155569588
2.495430710062281
.00016310153664908796
.00037450840635607386
.5656839086338579
.8340022160497427
.15013061039334133
.00023401442832000473
.159059966086642
1.2158087635635815
1.0492635407172433
.06245024153076713
1.3231126514894602
2.027343664198138
.022069624543926275
.027196635651822107
8051328967071415e-20
.00012549497574174709
3.7926937895965174
4.272244600070376
.45025189712022073
.003461274701676969
.00010401655956648031
13419375034481465e-22
43992205617282265e-24
.0585261717975714
.015423520625412529
.0005101596027169654
.3419057696753231
36161598911504884e-21
.0001579525878165638
.026092403515282848
6484906466914929e-22
0
0
0
0
0
0
0
0
0
0
0
0
0
0
0
0
0
0
0
.08743417724250684
0
0
0
0
.32881189023245483
1286.581314275922
.0043746477227292
.1003903326111692
.017728146522737413
.21140757937362278
.018104405440700713
.40366588072667425
.012296270892796977
.39668247811405305
.0048608283402982845
2.1938221659070654
2.255097696250921
.0020270780724558
.004977386349527349
.5021053856515783
.3799176365462231
.19610374853537432
.3307184061438404
.01881597571622242
.01881597571622242
.04729814453731135
2202115318455795e-25
.01881597571622242
.01881597571622242
.01881597571622242
.01881597571622242
.01881597571622242
.01881597571622242
.01881597571622242
.01881597571622242
.01881597571622242
.01881597571622242
.01881597571622242
.01881597571622242
.01881597571622242
.01881597571622242
.01881597571622242
.01881597571622242
.01881597571622242
.01881597571622242
.01881597571622242
.01881597571622242
.01881597571622242
.01881597571622242
.01881597571622242
.01881597571622242
.01881597571622242
.01881597571622242
.01881597571622242
.01881597571622242
.01881597571622242
.01881597571622242
.01881597571622242
.01881597571622242
.01881597571622242
.01881597571622242
.01881597571622242
.01881597571622242
.01881597571622242
.01881597571622242
.01881597571622242
.01881597571622242
.01881597571622242
.01881597571622242
.01881597571622242
.01881597571622242
.10873994717838799
2011123741010584e-20
.01881597571622242
2011123741010584e-20
.11658680121367508
.07370275835539289
.01881597571622242
.01881597571622242
.00031786234015055987
.01881597571622242
.01881597571622242
.01881597571622242
.01881597571622242
.01881597571622242
.01881597571622242
.01881597571622242
.01881597571622242
.01881597571622242
.01881597571622242
.015430577367606516
.01881597571622242
.01881597571622242
.01881597571622242
.01881597571622242
.01881597571622242
.01881597571622242
.01881597571622242
.01881597571622242
.01881597571622242
.01881597571622242
.01881597571622242
.01881597571622242
.01881597571622242
.01881597571622242
.01881597571622242
.01881597571622242
.01881597571622242
.01881597571622242
.10873994717838799
.10873994717838799
.11658680121367508
.01881597571622242
.01881597571622242
.01881597571622242
.01881597571622242
.11658680121367508
.0012170750570560673
.12029878347517003
.01881597571622242
.10873994717838799
.01881597571622242
.01881597571622242
.01881597571622242
.01881597571622242
.01881597571622242
.00031786234015055987
.01881597571622242
.01881597571622242
.1086419340349661
.01881597571622242
.04729814453731135
.01881597571622242
.01881597571622242
2011123741010584e-20
.01881597571622242
.01881597571622242
.01881597571622242
.09491107098765492
.01881597571622242
.01881597571622242
.01881597571622242
.01881597571622242
.01881597571622242
.01881597571622242
.01881597571622242
.01881597571622242
.01881597571622242
.01881597571622242
.01881597571622242
.01881597571622242
.01881597571622242
.01881597571622242
.01881597571622242
.01881597571622242
.01881597571622242
.01881597571622242
.01881597571622242
.01881597571622242
.01881597571622242
.01881597571622242
.01881597571622242
.09491107098765492
.01881597571622242
.01881597571622242
.01881597571622242
.01881597571622242
.01881597571622242
.01881597571622242
.01881597571622242
.01881597571622242
.01881597571622242
.01881597571622242
.04729814453731135
.12010816461185313
.015430577367606516
.01881597571622242
9999999999969481e-28
.12056197738445179
.12056197738445179
.015430577367606516
.015430577367606516
.04729814453731135
.04729814453731135
.04729814453731135
.04729814453731135
