3.0512996216523662
.009911651699009181
.00043893647508883493
27238784356894395e-21
7961847885204614e-28
.0015989394254615028
6.416828676772553
.6915132150254434
.045276362086968565
.01940350483608933
.06951658969488737
.7102764781624289
.6684316926035815
.05234974016142159
.0008785217961129501
.006581710050243433
.0008105293877521942
.002178071360997212
.06572495632742922
.004637874832918903
.002053831972642944
.002794076259726341
5594747206652546e-20
.0017224836905772273
.07924060297592676
3.851201472200657
4075056667899275e-21
.005220449742091432
.006452329110453475
.005987040061065877
1513695862183421e-21
.00016615838531219558
.013523080091407055
.0012581254349896492
.010332827277672306
29078133892172628e-22
.00226739219200403
.002708828613131223
5217642332544954e-20
.004459825908697814
5118967455462345e-21
.005985058624417716
.005984625459243903
.019737523871632627
.000559454492741733
.11159213236940767
.007399343561726514
.0004798294128358559
.0258605315324825
.07952370252587652
2358897458223064e-21
.11989068522192742
1934143011462248e-20
8.413267022286872
7.877528527544938
1.2123190641951775
.006870195987459707
.0005743330338398733
.0006345461769970461
.16813545842586028
.10638785560006463
9.316005044635112
7.173153053134993
2.787245108780609
.001580110450784187
.00034065492287993824
.0013268692449276017
.006186236587010575
.0060259193791234325
3.5605226715331884
.0007267855310893261
9.316005044635112
3.16481175191352
9.316005044635112
8.486461013823957
.0014077547983179443
.008916162057324492
.00013447815483573868
2.2348958431945456
.00022262168439607214
.0019076094824797055
.01037720395006786
765247006000797e-19
.63764165894003
.01874258754560191
20233427276028887e-21
.00021151899725965894
.34786604343775923
.32237382632289396
2.495036914114514
.00016340866090785988
.00037338592307172144
.5699940403478659
.8339273400332797
.14970390176551704
.00023334014477907118
.15878147275115256
1.2157876256584057
1.0492629530421158
.062448940428109036
1.3217589525390536
2.027343422354203
.022047060257278987
.027180167586595364
8051331502626056e-20
.0001254694441305403
3.791854244355159
4.271003433055737
.4502516844234722
.00345124925414161
.00010401435764072243
1341908613847199e-21
43968160037448596e-24
.058478973618391564
.01542348069213453
.0005086706491279299
.34190570836242445
36126756401166805e-21
.00015753070783901648
.02609234872901627
6484766002816653e-22
0
0
0
0
0
0
0
0
0
0
0
0
0
0
0
0
0
0
0
.08743401856651989
0
0
0
0
.3311240244882085
1286.581314275922
.0043746477227292
.1003903326111692
.017728146522737413
.21140757937362278
.01806790242685624
.40366454670533036
.01229620731840027
.39670164926111323
.004861687748525375
2.193817668150215
2.2550953182219433
.002027069270149326
.004977370211803081
.50210507553525
.3799176108648998
.19611052226292502
.3307299292328679
.01881597571622242
.01881597571622242
.04729814453731132
22021153184558196e-26
.01881597571622242
.01881597571622242
.01881597571622242
.01881597571622242
.01881597571622242
.01881597571622242
.01881597571622242
.01881597571622242
.01881597571622242
.01881597571622242
.01881597571622242
.01881597571622242
.01881597571622242
.01881597571622242
.01881597571622242
.01881597571622242
.01881597571622242
.01881597571622242
.01881597571622242
.01881597571622242
.01881597571622242
.01881597571622242
.01881597571622242
.01881597571622242
.01881597571622242
.01881597571622242
.01881597571622242
.01881597571622242
.01881597571622242
.01881597571622242
.01881597571622242
.01881597571622242
.01881597571622242
.01881597571622242
.01881597571622242
.01881597571622242
.01881597571622242
.01881597571622242
.01881597571622242
.01881597571622242
.01881597571622242
.01881597571622242
.01881597571622242
.01881597571622242
.10873994717838799
2011123741012697e-20
.01881597571622242
2011123741012697e-20
.11658680121367508
.07370275835539289
.01881597571622242
.01881597571622242
.0003178623401506976
.01881597571622242
.01881597571622242
.01881597571622242
.01881597571622242
.01881597571622242
.01881597571622242
.01881597571622242
.01881597571622242
.01881597571622242
.01881597571622242
.015430577367606498
.01881597571622242
.01881597571622242
.01881597571622242
.01881597571622242
.01881597571622242
.01881597571622242
.01881597571622242
.01881597571622242
.01881597571622242
.01881597571622242
.01881597571622242
.01881597571622242
.01881597571622242
.01881597571622242
.01881597571622242
.01881597571622242
.01881597571622242
.01881597571622242
.10873994717838799
.10873994717838799
.11658680121367508
.01881597571622242
.01881597571622242
.01881597571622242
.01881597571622242
.11658680121367508
.0012170750570558502
.12029878347517003
.01881597571622242
.10873994717838799
.01881597571622242
.01881597571622242
.01881597571622242
.01881597571622242
.01881597571622242
.0003178623401506976
.01881597571622242
.01881597571622242
.1086419340349661
.01881597571622242
.04729814453731132
.01881597571622242
.01881597571622242
2011123741012697e-20
.01881597571622242
.01881597571622242
.01881597571622242
.09491107098765492
.01881597571622242
.01881597571622242
.01881597571622242
.01881597571622242
.01881597571622242
.01881597571622242
.01881597571622242
.01881597571622242
.01881597571622242
.01881597571622242
.01881597571622242
.01881597571622242
.01881597571622242
.01881597571622242
.01881597571622242
.01881597571622242
.01881597571622242
.01881597571622242
.01881597571622242
.01881597571622242
.01881597571622242
.01881597571622242
.01881597571622242
.09491107098765492
.01881597571622242
.01881597571622242
.01881597571622242
.01881597571622242
.01881597571622242
.01881597571622242
.01881597571622242
.01881597571622242
.01881597571622242
.01881597571622242
.04729814453731132
.12010816461185313
.015430577367606498
.01881597571622242
9999999999969481e-28
.12056197738445179
.12056197738445179
.015430577367606498
.015430577367606498
.04729814453731132
.04729814453731132
.04729814453731132
.04729814453731132
