61294287604024406e-28
40.31927830850017
.15353415122470288
.30113550424978314
11.701766934807964
.3639699476175645
5.820864551980307
.2220044990085312
.00324628646022295
.32213592387885553
.027551841720911276
8.365609153467341
.7778516930706544
.5946516266518396
.008462751817729994
7.6581135761156895
1.0296988402590792
.003947219833243549
.07787033704989954
.004360829654614048
.0017401352733911577
.04201199241518749
.00015480433552903536
13388799759515335e-21
.27953825948406835
4000723931075214e-23
12930069444688006e-30
.005448687816577303
.006079138355046812
.00622582254972389
.002326255794833323
.0001789757455298665
.013234521840281687
.001307279221738622
.010495136656674833
3516042437068401e-20
.000474928382512164
.0029911979997404537
.0004974181037248279
.005320129212082353
1620643260519126e-20
9.126418056525665
13.345942357155362
.005635064017192038
60587278444110916e-21
.12208898567615509
.007312100187989366
.007384620450401107
.3737994618018686
9413498268081521e-26
.4577146257661117
28761346379565593e-27
3.8303665557796998
17.937867307680047
14906170646023857e-25
21338904292022807e-26
.007072231724894973
2.974084021413256
13.227672956284897
27873249359467305e-27
2216839885066711e-26
43.233694547701226
27.86394045675993
9.082415021593215
.0024389460887357826
.0005993224220546644
.0014271150562240814
.006832586379175181
55151548647745656e-25
0
709192047329804e-26
24.7545204194561
3.3782396189723087
9.548558132255556
17.141974724775956
.001455101179274097
.008621521066979668
.0004294470774700767
2.1449536045547806
.00041923830467715547
.0036608089478539453
.011331592391382676
.0017263100455753157
.8905336148340366
1.584787227734013
.0001252200318465273
.024694449109498414
1.330246797503587
1.6429866753533255
3.2226748584873506
.003622143880197419
.0004103055510181362
.6214841330219798
.7680079802037866
11036576477813345e-27
.44268485159752874
.7424615138821503
2.212898094275155
2.6164643932286835
309521387158666e-24
5.889451920502898
2.01931105970571
.49890267065979904
1.1693526991445409
.9416371118758436
.0008060499329672976
48.967829860860014
8.25902489206599
.4357153840882837
.06538248700598161
6002066210468749e-28
6549983452619461e-30
36502994507671657e-25
5.436129768639125
.01028440867887733
.0005255698557364873
.5114214494169631
.0012927182578502967
.0002286158920184206
.015567545818415799
31126842133455535e-31
0
0
0
0
0
0
0
0
0
0
0
0
0
0
0
0
0
0
0
1.7347755254589836
0
0
0
0
.628969322843712
1306.5279140980042
.004735964494094877
.10910342600769475
.01945173876460656
.2330833841525596
.5827445119483666
1.0526798585931436
1.3955038504929065
1.3826884606259178
.007332145876958581
5.966997721746496
6.391448747217481
.14181516720210377
.36869514962002287
5.245497125096839
3.941598151725403
9108098432979096e-26
15465656861167188e-26
.019999999999997548
.019999999999997548
.9999999999938706
7.9999999996077165
.019999999999997548
.019999999999997548
.019999999999997548
.019999999999997548
.019999999999997548
.019999999999997548
.019999999999997548
.019999999999997548
.019999999999997548
.019999999999997548
.019999999999997548
.019999999999997548
.019999999999997548
.019999999999997548
.019999999999997548
.019999999999997548
.019999999999997548
.019999999999997548
.019999999999997548
.019999999999997548
.019999999999997548
.019999999999997548
.019999999999997548
.019999999999997548
.019999999999997548
.019999999999997548
.019999999999997548
.019999999999997548
.019999999999997548
.019999999999997548
.019999999999997548
.019999999999997548
.019999999999997548
.019999999999997548
.019999999999997548
.019999999999997548
.019999999999997548
.019999999999997548
.019999999999997548
.019999999999997548
.019999999999997548
.019999999999997548
.019999999999997548
.019999999999997548
.49999999999846767
3.999999999901929
.019999999999997548
3.999999999901929
.24999999999961692
.09999999999993871
.019999999999997548
.019999999999997548
2.9999999999448352
.019999999999997548
.019999999999997548
.019999999999997548
.019999999999997548
.019999999999997548
.019999999999997548
.019999999999997548
.019999999999997548
.019999999999997548
.019999999999997548
1.4999999999862088
.019999999999997548
.019999999999997548
.019999999999997548
.019999999999997548
.019999999999997548
.019999999999997548
.019999999999997548
.019999999999997548
.019999999999997548
.019999999999997548
.019999999999997548
.019999999999997548
.019999999999997548
.019999999999997548
.019999999999997548
.019999999999997548
.019999999999997548
.019999999999997548
.49999999999846767
.49999999999846767
.24999999999961692
.019999999999997548
.019999999999997548
.019999999999997548
.019999999999997548
.24999999999961692
2.499999999961691
.34999999999924913
.019999999999997548
.49999999999846767
.019999999999997548
.019999999999997548
.019999999999997548
.019999999999997548
.019999999999997548
2.9999999999448352
.019999999999997548
.019999999999997548
.19999999999975482
.019999999999997548
.9999999999938706
.019999999999997548
.019999999999997548
3.999999999901929
.019999999999997548
.019999999999997548
.019999999999997548
.14999999999986208
.019999999999997548
.019999999999997548
.019999999999997548
.019999999999997548
.019999999999997548
.019999999999997548
.019999999999997548
.019999999999997548
.019999999999997548
.019999999999997548
.019999999999997548
.019999999999997548
.019999999999997548
.019999999999997548
.019999999999997548
.019999999999997548
.019999999999997548
.019999999999997548
.019999999999997548
.019999999999997548
.019999999999997548
.019999999999997548
.019999999999997548
.14999999999986208
.019999999999997548
.019999999999997548
.019999999999997548
.019999999999997548
.019999999999997548
.019999999999997548
.019999999999997548
.019999999999997548
.019999999999997548
.019999999999997548
.9999999999938706
.2999999999994483
1.4999999999862088
.019999999999997548
1e-12
.3299999999993325
.3299999999993325
1.4999999999862088
1.4999999999862088
.9999999999938706
.9999999999938706
.9999999999938706
.9999999999938706
