.007796766795793917
.007991857862137424
-.0009843668831373538
.00033494505527972244
.020029730910621994
.0004497475479923668
.002313954443637144
.005834550633418616
-.0016388192473838976
541561106661509e-19
.00809488714246961
.014765236656817459
-.00019689697328409647
-.00019663120819063458
-.0010751836163049317
-.003837281489087627
-19544154055675305e-22
-.0001908745149760837
-.005052341434779334
.00125365621113732
-.0031522350198717997
-.004293251873050689
.013182261624255046
.011942872229682605
-.000721247130586812
-.0056126268402565006
.00291304034409502
-.0013971035624542663
.0012253922410362247
-.004193785484510315
-19553696444892504e-22
-1685685233596816e-21
.0033313825333354066
.0030271747447948674
