-.001536132540303169
-.0005243591752585993
-4697632910176261e-22
.007819733167261875
16011753780074124e-23
-16450783298755022e-24
-.00013970888536403745
-8233025560751276e-22
-6232682078578516e-20
-16820101057925788e-22
.001192967847241417
-1726303055904123e-21
-10589002788486784e-22
-16262190884830226e-22
-9615814433304228e-22
-15732079886615107e-22
-.0005566519480014319
.3038658962662781
.007184871661777535
-36397595470873216e-23
-.0018542714474542477
-988331069132241e-21
-36961645073884683e-22
4278406976841002e-22
-.0008014492049047293
-.0011380400403746833
.00026157513340074586
.014409960417719744
-.003575470591228201
.008045954302389914
.008252224235846798
-.00019648774263382658
-.0032691263778656414
-.0018855510349004335
0
0
-.002716502377671652
-.0014023445010188898
-.008738655051942882
-27529110480007805e-23
.02478853663427948
.01030760071715966
-6552566462846122e-22
0
0
-.0010715399620072322
-.0010810248420083908
-21125704412712175e-22
.002852416348675606
-35702297640104077e-23
-11234213880716327e-22
10212369576700402e-23
-12224083788062024e-22
14359191669382265e-23
-7843940611521513e-22
46615447087624504e-23
.0009527339374926616
-.020372587236883646
.007118838707701614
-15984316283354716e-22
-15170693963644959e-22
-15449311256438568e-22
-11448343274986044e-22
-29964125759456203e-23
.007703737668330212
.011565377205487348
-2427702670214547e-21
-1259327871314036e-21
-.0002014518285083823
.013089791407834821
.002314358942331473
-.0004893595210417266
-.00014684669736242538
.006003664613052979
0
0
0
0
0
0
0
0
.011258200789101365
-.0020640161821198215
.005461247586265769
-.002947426294733046
-.0008843101047014065
-7424126666836398e-23
.007018087853292912
0
0
.006653005663846608
.005399114774308708
.0032125541729196867
.0061217360388551734
.0002970714221174423
-.000271854855981176
-.0007147620148262932
.02075237145807373
-.013954026247635571
-.00095081852839435
.00015007197612540907
.00026466045499881884
-.001134382172921402
-.024285939413210104
-.0006624360628725166
.014035667997000274
-23441845861862157e-22
-5954313502075019e-20
.0028216443303519106
-.0003688479771134258
.023542950898026466
.017411553466579313
-7679847559692917e-20
.005260222530367144
.0008888505952747301
.0003315727559365725
.0027289449276935935
-2771095156825998e-21
-.1870372346737099
.0001821909878748305
0
0
0
0
0
0
-.0034564738723581664
-.0023349518608061373
-.1035335663393662
0
0
0
.0059813434323186376
.007622013795844576
-.0005868913189166387
-.0008156886755297813
.0031424425705822625
.004649623260881661
69918132158941855e-22
-8179434638519403e-22
-.0006923270084016454
-15648365040568352e-22
.004333839593157617
-.0002003398891508355
.001248986231252201
-.0030165636051419555
.0019795952040478756
.026082300998138637
-10787806355020884e-22
.020700943462233057
-10229218319711564e-22
0
0
.0077019305943520095
-.004007902457988778
-.00014885631725251115
.0023789037517101498
-.0001471509630961293
-.00036014595085664746
-.0004796434528342421
-.0031410804833487535
.007700781939201824
.005841726788533896
.37913554181595427
-.00020093685885929364
.0012173983130599991
.007705365052522807
-.0006272604617840639
.007701991847846902
.00395874749508625
.007705745887001762
.01745223027757107
.02491465024195255
.005958055246105902
-.13154836005126067
-.13804147396297373
.01625791559431354
.007701570356648179
-.03287973300010894
.003121768316830887
.008298060865313595
-.09336547029316226
.17986073213357304
.018780799887038898
-.05519376451071068
.10499952080327438
.32855102352138615
-.14505334889312094
.0019992319508973628
.00316907930730373
.003548452419733021
.007703747917811607
0
0
0
.011323473706661721
-.005553913544612777
.010402456661224808
.0002318595064695614
.013147839333719453
.01051862757633928
-.0334042212237277
.0018481976307336328
0
.026887617607601888
.006696064648256072
-.008713174404108896
-.10757611562269728
.009136543537523403
.0006118193787057889
.034052690055676384
-.3798375770758794
-.09916899267452062
.09931135913529905
-.0022191690994902346
-.0031093394860122465
.0004182436983629035
.01416060423500682
-59868123320787484e-21
-.01781332967745798
.003329346933807302
-.00017988584917577434
-.041295091535050926
-.0003446160705580162
.00032762718988406814
-.0005549405617812297
-.0011618633812899512
.0020695331830281162
.0029145470651740384
.0009786332806849443
.006649819186098717
.005971370842055675
.00012081992892604123
-.0031401944719412597
.08970662645510989
.0038566113019739587
-.3083832657880516
.04135106963004808
.030049707488083176
.007703959244427599
-.06547841554057046
-.48800781627127987
0
-.0012355255357109846
-.0046550764470905
.018931077229255962
-.009970302697272055
.06053508423984181
0
-.010491096807030349
.030866914744096127
-.013970534551978839
-.0003199467382649787
0
.0010024304630566125
-.0009744410276070316
0
-.0002869461640906501
-.003332645278610401
.0009739483945415039
.005841316073069666
0
-.0034558009200960443
.026476969038136504
0
0
0
0
0
-.0009081730708712738
0
-.0023844145730399775
.04721840951614311
-.0008732033438161978
-.0018668896605782683
-.0008668031606652697
.0031736914085606443
.01814627397419003
-.001443765267723746
.015390254066394483
.026495444639655846
-1640980903010914e-21
.05013156668626488
-17398673972602352e-21
.0036936990844157044
-.003971095394957066
-.0002552781162156062
-5503738465841143e-22
0
0
.053578164847949986
.015765233964962447
.014831387783090792
-.13821815288036426
-.3280111663739179
.10873694722718202
.08622156983202169
.0012281910753157083
-.0030810148908036283
-.0030178015620421572
.007721016858851464
0
-.0005433820225633694
.00012160070995884699
-.0010816528530293579
0
0
0
0
0
.002340156888710104
-21171206482487221e-23
-.06133814796491133
-8700584434750929e-22
.010727543994770572
-.0005475796764743496
-.0033011226007892743
-.0001893953669662272
0
.009119598660115831
-.1228654341481658
.0002824996591132646
-.00018893735309735596
-.041245965042475116
.013958140822366932
-.004535674533580014
.013252803024219224
2818813927028262e-21
-.00035963736266613085
-.00018940779356817574
-.0004708562067863141
-.0034184896843044974
-.0005721383950748633
-21847164767815442e-22
-1473976012153713e-21
-.00022187190178603523
10608202439544664e-23
-31107692962303217e-22
534518581163086e-21
.013088793088647944
-.00020198063541798284
27809308693065055e-23
.05250130326221223
-29314325449051287e-22
-14608572173472962e-22
20532287225436413e-24
-5625556902299668e-22
0
0
0
0
.007566823076933648
.033980686702883
-.0002099228526297377
-.00022182532548662781
-.0013484843237267711
-.003715649173575593
7310875339648265e-21
-.04124545374886371
-11617244701483257e-22
-64553717125082705e-22
.002331559850571887
-7172889775656274e-21
-8398095245976405e-22
-.0008565378584660848
.005779199773312951
-.0009487443333707876
-16342831466508197e-22
47194405109927873e-23
-.003209141146909575
.00963364573702556
-.12885105633401267
.014109439414621224
.0007730912238447308
-.0005688477059065744
.019731687335936478
.007801606020813521
-.08509240970828366
-.0005355650424428416
10146096034425497e-23
0
0
0
0
0
0
0
0
0
0
0
0
0
0
0
0
-.0027983220223068575
-.00039967852099154574
-.001013637795719819
-.0005050449651453877
.0007270480507850174
.0023149036015493777
-.002759661862319628
.0006737169715647925
-15443914517840757e-22
-.017624062067615374
-.08513015864982908
-8471614862351764e-22
-13333084112476976e-21
-790683166684386e-20
0
0
0
0
0
0
0
0
0
0
3168839545618959e-20
-.000751902482909285
.00023104771813109274
-.0025589675393758306
-.0001826732866124508
.0005254855965281726
-.001493115152294282
-6342876156194372e-21
-10894182953767614e-22
.0023136973488108426
4591327964650114e-22
-7253258416301845e-21
-18535712315966355e-22
0
0
0
0
0
.00030634802144689506
-7130633028097239e-21
-10247957342922845e-22
-.00019430589308201522
.026964059055786742
-.0005013012372301768
-.006615999774842513
58501101341350186e-24
-18563080434170593e-22
.0253380630770075
.011570648915584418
-5030836308820938e-22
38304674370483525e-23
-8232609289660275e-22
0
0
