.40625841185310785
.00653679215562502
.0013155228675624541
242343585566639e-20
.01654374084834123
6.61200155780061
.7095370967504935
.06126523826725543
.06314674580980847
.06700433454210514
4.510284415757435
.730222585116242
.3062828179523928
.004972936608463331
2.775606863456844
.32209922135804236
.0031516408317287677
.07779216973573458
.004783475864652976
.001950859608489851
.00880161168037092
.00017790011741851145
.002839007941286577
.2721387734646081
17.088585775465315
.00013873241077673134
.0061643778590429995
.006009433967311659
.005806359304017116
13659901866640271e-22
.00017591739788468407
.012923029739182804
.0013915920654663481
.01016329697329427
179102009076082e-19
.0020848206399773643
.002820752948583182
.0002641786410360574
.0050147172152679945
28707495597857778e-21
.005820543664007684
.0064686817812440196
.021475035038643883
.0003296809139960093
.11580013336605172
.007815517411882487
.0008707610342757465
.04063005400597616
.2797549917980213
.0011543560971089776
.5801121477157173
.008711632684012083
12.106409477106368
11.267225416783031
1.3698476808869942
.006869617537891327
.06260242630084664
.06953296283930636
.21002183867788088
.1256097530063783
29.901919100646136
23.605437052255535
7.91285692777233
.0023879877112449755
.0004885605444669124
.0013629873639666582
.006556107966595965
2.900631374216205
7.302613200141416
.018947916216586855
22.86718905427282
3.5414677483794414
10.23506058601816
21.470263152791592
.0014749325371163158
.009222659478202763
.0007220140048395722
2.3174206693515345
.00032036525076570315
.003125292236337624
.011190648853474528
.00034095876381541514
.924357275585424
.6576659288371289
3202754035818745e-20
.007049390266669246
.8447824522073196
.7579597064422477
3.3917987411491275
.00019562789516301747
6194145774354978e-20
.6767061448771396
.8154779337876119
.08201479795620775
.01040174260512991
.2874199604450799
1.7158732274960182
1.5980313309727487
1.9115276895772961
1.7670579335659153
2.2177057073986335
.028126399532205953
.04243173994201677
.00919236795695125
.00016143847380195215
6.541026007747231
6.199182661097419
.5483770326579498
.017775873914263315
.004199576314058381
5589096113068849e-20
.000589695508732808
.10725936791906056
.020402941476445335
.0008799557529027563
.4619782867341784
5635250108987165e-20
.00022203225876540374
.032576647803575616
19412647676161526e-21
0
0
0
0
0
0
0
0
0
0
0
0
0
0
0
0
0
0
0
.7366488525566689
0
0
0
0
.5912961510985818
1297.7272675617805
.0046814967891707915
.1062373104932536
.018016936778151818
.22330597526585133
.10827453594099151
.6345415803111405
.1324411994875607
.4069115547310261
.006264479917157245
3.0676477419495933
3.3678084754909476
.01603604346865583
.04042564553614331
.9052514358490165
.6093547861799227
.25157152874074673
.4235631257974702
.01940605541589227
.01940605541589227
.22149482264242604
4633908506198063e-20
.01940605541589227
.01940605541589227
.01940605541589227
.01940605541589227
.01940605541589227
.01940605541589227
.01940605541589227
.01940605541589227
.01940605541589227
.01940605541589227
.01940605541589227
.01940605541589227
.01940605541589227
.01940605541589227
.01940605541589227
.01940605541589227
.01940605541589227
.01940605541589227
.01940605541589227
.01940605541589227
.01940605541589227
.01940605541589227
.01940605541589227
.01940605541589227
.01940605541589227
.01940605541589227
.01940605541589227
.01940605541589227
.01940605541589227
.01940605541589227
.01940605541589227
.01940605541589227
.01940605541589227
.01940605541589227
.01940605541589227
.01940605541589227
.01940605541589227
.01940605541589227
.01940605541589227
.01940605541589227
.01940605541589227
.01940605541589227
.01940605541589227
.01940605541589227
.2353161820252029
.00962747467945473
.01940605541589227
.00962747467945473
.17150662593745525
.08600750666516925
.01940605541589227
.01940605541589227
.032599549030370586
.01940605541589227
.01940605541589227
.01940605541589227
.01940605541589227
.01940605541589227
.01940605541589227
.01940605541589227
.01940605541589227
.01940605541589227
.01940605541589227
.15636394694749195
.01940605541589227
.01940605541589227
.01940605541589227
.01940605541589227
.01940605541589227
.01940605541589227
.01940605541589227
.01940605541589227
.01940605541589227
.01940605541589227
.01940605541589227
.01940605541589227
.01940605541589227
.01940605541589227
.01940605541589227
.01940605541589227
.01940605541589227
.01940605541589227
.2353161820252029
.2353161820252029
.17150662593745525
.01940605541589227
.01940605541589227
.01940605541589227
.01940605541589227
.17150662593745525
.05772298998508307
.20651200185107524
.01940605541589227
.2353161820252029
.01940605541589227
.01940605541589227
.01940605541589227
.01940605541589227
.01940605541589227
.032599549030370586
.01940605541589227
.01940605541589227
.14794582405847734
.01940605541589227
.22149482264242604
.01940605541589227
.01940605541589227
.00962747467945473
.01940605541589227
.01940605541589227
.01940605541589227
.11964534207302363
.01940605541589227
.01940605541589227
.01940605541589227
.01940605541589227
.01940605541589227
.01940605541589227
.01940605541589227
.01940605541589227
.01940605541589227
.01940605541589227
.01940605541589227
.01940605541589227
.01940605541589227
.01940605541589227
.01940605541589227
.01940605541589227
.01940605541589227
.01940605541589227
.01940605541589227
.01940605541589227
.01940605541589227
.01940605541589227
.01940605541589227
.11964534207302363
.01940605541589227
.01940605541589227
.01940605541589227
.01940605541589227
.01940605541589227
.01940605541589227
.01940605541589227
.01940605541589227
.01940605541589227
.01940605541589227
.22149482264242604
.19086677174577923
.15636394694749195
.01940605541589227
9999999999984918e-28
.20067067917949502
.20067067917949502
.15636394694749195
.15636394694749195
.22149482264242604
.22149482264242604
.22149482264242604
.22149482264242604
