46.21714416013246
.3264902655990729
1.1644682985293453
52.59253182724294
1.2921821128388356
7.446613372598208
.8493074033525699
.19760073485763419
1.3716863014251732
.07702473401427853
23.481317765430855
.7962464727956213
1.52610017603042
.02055753893872237
9.854815849986963
11.701556056294368
.010519883978181899
.08542523720125123
.01683449764175467
.006383885083631476
.045673221322934214
.01481107718615366
.010316346081345306
1.7705552167370606
28.417261851658196
.0047350925758551125
.006771727262199235
.006598092117484375
.0061874154087855435
.00535957058478835
.00018258237725527656
.01347214736296371
.001452244502703042
.010563610402317914
.00026627249722092054
.004338954241564871
.0029929283847595577
.0023534051553746895
.008424530120013084
.00021807981075682212
18.257993642214608
17.700344896285717
.030623568509786862
.0038104834441825813
.14709339860630724
.010324654064755358
.009860939943429016
.5565691719233105
5.55219461473335
5.1059309624287215
3.6374265771458343
4.883570773737455
21.482275977089397
20.41170032961521
1.988429636877549
.007761713388658851
9.731616437615667
163.53662539946012
.33794639865348985
.17082366363219498
52.401356206866474
53.166304487409015
17.786628731596984
.006000622685048257
.0021857047302653284
.0016477862396440954
.011017124942017276
84.27020601943603
78.55992967542748
.04117703591134274
28.955471551459606
3.678105955378983
105.1770505882444
34.29620900860402
.001585637780637936
.010301003699945717
.005612142853685549
2.8436196149301223
.0011149404724671687
.010212671760180115
.01174570873400187
.00865518995501165
10.737137711718486
24.868934797051214
.00960932091069745
.052974080158685814
26.345943775042116
137.11899398761543
7.531599100940693
.016357259072427743
.009746370143635488
5.445138751009191
1.5340742554044338
12.971623171845929
10.871813241853785
6.232055898975661
8.344059861308326
6.777715718246939
3.767137742169723
63.539709963347555
2.3102775210652315
7.481192754506959
5.197483166754752
2.7383713554277307
.0032757434631405153
62.71675139264559
8.803699648294478
2.056637038662252
.48502503163635036
.017795288751928935
.00017709007816284184
55.29894328068771
106.18367445800175
.09684520217095267
.003483916158179145
.6494791121236813
.0064846811758581665
.006457798003240334
.17687348890935642
4127506816790448e-20
0
0
0
0
0
0
0
0
0
0
0
0
0
0
0
0
0
0
0
3.470186796899487
0
0
0
0
4.495772355601155
1337.4456990358053
.004824779367925495
.10948882523158449
.018568365793078325
.23014051076343786
.8321415169473705
1.153705136961935
1.5494158614956348
18.21765654926094
.015740354696292376
6.327124027606943
6.604483480431035
.3596126000110386
.8549040439051553
82.81701113203249
86.60281938502098
47.04004438051473
78.36708181722193
3.428409165405652
1.920939041571466
1.615131833927845
1.801630665175236
2.688498528137709
1.7575613535080703
2.58525456398863
2.0479763473418777
1.8615846267856093
2.1751712051911016
1.872287244270352
1.8831606645799934
1.409116922229751
2.0006789127116082
1.5654768141283621
2.5878273334907864
1.9144553042836707
2.422191135822018
2.277069958876766
1.7402837114326108
2.356190107514497
2.692736865464536
2.42553193940142
1.959493838466477
1.7245517010002809
2.454992565539195
.02503222356167776
1.7310173377710962
2.448453350987518
5.871978857965181
1.9671782496491164
2.0087016691173547
1.2792272668824263
2.985896072746992
1.463253978962952
1.5580932471166116
3.023710435843471
1.327195865720232
2.0278983748294652
1.5100367414409674
2.0641903772847927
1.5020136299964042
1.8549709746199896
2.5989610362073083
2.012327074443416
2.115972240730503
1.8095967280646887
2.251081795068631
1.8271841732815766
2.2137867635255035
2.6702256997508504
2.8855322359950404
2.583039094897454
2.046542664910295
2.065061584926929
3.1171549946248356
2.3628452737937633
1.0222400839844554
2.6571029882332744
2.7504062859597718
2.0399442680269595
1.1777359498412936
1.7450020219848814
1.819236190968584
2.034094065825695
1.6266226733844766
2.474665247109508
2.259434521663198
1.8204019862756027
1.7105400383428124
2.6335547939075776
2.547312997385714
2.0458800036591547
2.1249403113936327
2.347979311711001
2.107566710857361
2.499597850591028
2.388007429050324
1.9149741477005975
2.965378450996462
2.2021724811608014
1.937519868680845
1.2873775728959804
1.5397169175531802
1.613203594011853
.743773353344077
.17960956635699876
2.0881005415626332
.010848810857125944
2.5387922171642523
2.234695353233106
2.4799656546614064
1.8556813063355562
.19491513302977168
1.558816650327461
.1930370342355592
1.1787216926114832
3.1132928368329913
1.7289762505983823
1.7852752776156953
1.9218516747517136
2.144286881733443
1.8715842076310112
1.9987942030404828
2.0893057235497885
2.3420674242018733
.010234666810212779
1.8517150098104374
2.060353900235907
1.4474781517487079
2.293756870884307
1.8602524923943813
1.381073621899621
2.210175040053243
1.9117956293596208
2.0142037692478207
1.8518809350180543
.6823202617281877
1.705000077970426
4.855321024031091
6.453653394896433
1.498634847325817
2.203439420927935
2.4484805921727
2.6075887770512716
2.932380328900837
1.9254623691924257
.008888048621184691
1.6487933046370244
1.373797208002498
2.8649771583520334
2.475945983731007
1.8172362512202083
1.8307210613958596
2.2618414248334657
1.9561314752596755
2.7674803410006312
2.175868661439452
2.223333236607675
1.741279554418324
1.628533902911189
2.24411497885074
1.3465370476906775
.2194675586305024
2.317903052156399
5.522580595683171
1.662913579278487
1.6688222463085391
2.0349062788110435
2.439417379363108
.9859230649920525
1.6464953946700849
2.1301825866137607
2.120934062691656
2.273479443543525
1.376291699263329
2.143212678816006
2.6338446648061575
1.8351002851357399
2.5331489963782396
1.4154930261813794
1.1698252103950346
1.4477228967422864
1.9646819507639257
2.270864003777519
2.3506436700678144
2.880100709049545
1.2574025261709845
2.373961232611837
2.3211766668286664
2.1027697742035616
2.467321263934138
1.616891027522822
1.8187401697312244
2.8678901252721407
1.7807651155641155
2.0702476318346488
.025423347363722103
2.009536526557465
.05710796005400804
1.8960798916611417
1.872916263934733
.5217375041539779
1.4265328795787144
2.2230131780046825
1.227599657624272
.046946809747026474
1.980499656005599
1.1495829996283513
1.6305705685688472
2.086539215805603
1.9982799412535468
1.5115222094235945
2.3957727597108773
3.2639839586841477
2.8650570725032107
.6957776145892118
.010906472515629869
2.01826189251559
2.170311702088404
2.03774098300575
.05042648973015076
2.2760301676326837
1.7275226803702641
2.202496765327699
1.253182404509196
1.3051759527421813
.006300078626484844
.0042904207573597536
2.44957079034624
.575501226839895
.1512526853930354
.8572337496735762
.2051017459490715
2.300893853905592
.11360676948222863
.0978879439060385
1.7472926182055177
.5699683164853849
8.12226082467816
2.0556330633075963
2.22449305321945
2.448152429865849
2.392570343364044
2.034433485430127
2.03249464028739
.12197849040670453
.1643268105924716
1.9018292092988405
2.9831444437855685
1.06877371619351
2.084028342774535
2.4185641270612215
1.963264685822389
.010139510895872984
.28900513207545164
3.0011897848549705
3.5600409402499738
4.304297201676268
4.2041922686322755
2.4011589085166194
.011338714661651149
3.044588900882091
1.4156441527249444
.014774802347617784
.010910793436262804
.15013604427365534
.01233834342354534
1.7950345237079786
2.9054844236554382
.01
1.821402238555139
.014212540540803134
.007071798055312905
1.871260625695373
.0094021759744545
.008096804164667138
2.2782235316573467
.007113188207604565
2.461885165431857
2.1583223380103287
1.6545951742594935
1.5856044666175848
.009494360378068946
1.9439026069884895
2.402939858164387
2.349253563437155
2.3461389711271647
2.297563148531966
2.781071156127858
.010583441810979831
1.3424315775976172
.011573376121291489
.009102897769481704
.010766970404894572
.013256682946849731
.010548883744421788
1.4251238698843114
.08956011008542211
.06976772680144318
.009498749146505283
1.3052422474794454
2.4641669456314985
.0953602539001935
1.9906035102410573
1.4229320109835275
.06487690096066345
2.330000008655489
1.828760736410211
1.7392912853594917
2.9718421863185163
.009330480707584951
1.6819955051668205
2.6403195407240045
3.3424159368028823
.8049197863421393
1.6513374542983434
2.1653457838686387
1.4720061158251403
2.250291039582882
1.7118928522635277
1.7795375398229722
2.032430499550553
.008937933820809896
.21339723193782742
.1957430815929178
1.9562842593898369
1.5011606879279151
1.955660746356651
1.6586721016864236
1.4062739643975228
2.152512257985151
2.1089357799093205
1.8153121286636382
1.9521127513342034
2.198597043604932
1.774466951529871
.006386433965317725
1.6056533155735186
1.9512305592255994
1.9309443324147335
2.0270100045566264
3.1651564560596173
1.7270710719196705
1.9754394317620119
1.8597741098504432
2.2004320933603454
.109456408851423
1.9197671764504156
2.458928739262413
2.241760575407484
1.598684877858103
2.5513951876155327
1.618070960714845
.22747543422548974
.14552181480006207
.1265890797639411
1.7450770447704336
2.0354522800772217
1.8559047070365728
2.4381514362058225
1.431283417189577
1.8876236241816085
1.6226073630168678
2.0820414730898054
2.3820394332053545
1.703580257386496
2.194280732514001
2.357837723415792
2.0386160683797585
2.332533810353879
2.9994963885684522
2.0011066425229234
1.958266869754687
1.8678163336513787
1.4012262799624284
2.1362605810615136
1.4905279699572325
2.1867762241406523
1.891437751398082
1.615149092999177
2.2016510470551878
1.6789284106959705
2.119112012745507
1.3116762052901598
2.3676907504116667
1.6449440963148212
2.40080163312119
1.7828733163712482
2.2399386349356023
1.6608012363562346
2.036577087786943
15.544735363560491
18.666770916829172
2.2834996244999104
2.0618031174529805
1.733072031768143
1.3935780736288983
1.5994396237529065
1.4574267768714841
2.6502312110880575
1.799569955080479
1.6598958234326653
2.3216902459163777
1.8641273696753908
2.873495800351176
1.7902541331516837
1.8093934029030194
1.4779124642573642
1.8168638972980313
1.5341850483892996
1.7304472325076312
1.3320668705034124
2.0152143214800984
2.098507092047493
1.1014847072938276
1.9104146713609855
1.4977790590007647
2.2860906062196533
1.8673430833094176
2.916263997891687
1.8422961459270997
2.0842271811241195
2.549998594557478
1.2691572462632756
2.6383152689032117
11.180860468780853
1.8805966527380515
1.6616895786984573
1.5719392041978442
3.355082251093234
1.9708298939314464
2.0096205120308834
2.7858627997859906
1.5492594033393094
1.7782532089127725
2.833639107499222
1.3710335689773214
3.2700810901078845
2.409519301259408
2.539821731581539
2.1479255352998905
1.3210191902945436
1.6593128632994412
1.765947502723896
.26867637488763585
2.844158479479046
1.7424051067544506
2.487473272020168
1.7220904933382675
1.9966098872761786
2.562892424771369
1.9399734479792525
2.199249612012414
1.8594555924165534
1.6192841115319139
1.3737266136761213
1.940693453958538
2.4477083705615805
1.8308427560254998
1.7730082713498578
1.5685736164363133
1.7869837331883416
2.7206741023888488
3.0086513118806346
1.9941301952146988
2.0865756363744596
1.869136724757929
2.2805234565205645
1.7326200839187607
1.2684843969775033
2.1661399311253837
1.8881050397451733
1.7635226138162976
2.322607000819631
.17189285036872007
.9661158384930789
.12556556621177165
.9355594405706338
.10388451878321603
.8739705150567711
.0852067273650607
2.187780558849576
.16633774080261646
2.535777992465232
.08750391528424988
.9593106835412407
5.889276817103924
.36730544465278425
.1126723244630694
1.2788293932889887
.07060549032223039
.22328348194648875
.04258856571083355
.8929908930663667
.07651624913333407
1.1154892991634606
.09860845911074413
1.2819612344334663
.1833385185490318
1.0316866142567818
.04438686594537575
.7207361504255956
.057797699634689184
1.4283436794933257
.00019087212639681716
.00040787477623117566
.11316281943009579
.11919500870498452
