-.011992556030156948
.002954325052816105
-.009170453786608739
-.009181071523102552
6679419374138147e-21
1550576721763956e-22
-581916379831963e-22
25574284947870445e-24
-.01825951794930764
-.009565875280470915
.006568307257663973
.011516779396761247
-.025139544082711587
-.025135153497283253
-.009164927677313781
-44837010686137425e-21
-20360860113009843e-23
11435037507655969e-21
.022385670329480124
-.005051066828016572
-.030368469195132503
-.005439071508658674
-.028794288915462287
-.036796787226156175
.0032834125664952594
.003236896420401638
-.01660723340128215
-.019367621171846462
-.026817562541200105
.0032554801768685
-32708125532566864e-25
-3183389168509306e-24
-.0002759272550172493
.0002087203800543176
