4365005153947669e-20
7836055470818472e-22
3453383039756798e-20
-.001919949350525026
-.0005494022131412003
-.0005283181704188558
-.03125160648790408
29700207118811475e-21
-.0006578997608591077
3759714155923735e-20
.0003421713163071616
-.00043746158943476867
.0001392623561267409
4610874983647882e-22
31564127809213345e-21
4752598424765007e-20
-.031734329259354724
-.15718253860632694
-.0004306362438637312
3092668894334557e-20
-.0002672015640704874
-8077138993896371e-21
35084845902046886e-21
-.03125849416041294
-.01127193357120543
-.00017197839645901307
-.0011134942798054076
.0034314362010057016
-.14495600280919693
-.00026987389868070414
-.05173689381241681
-28977007875048457e-21
-.0005879090426231153
-7205683662103382e-20
0
0
-.0056982428536952205
-.005401913716770608
-.03767410787063146
-.00031761217368831004
-.031870992396187035
-.06451299084657665
43155874687151474e-21
0
0
-.0004942538843053659
-.0005981413962995631
.00044857808003469576
-.032128945449189816
3906941587129687e-20
30017369148181713e-21
-.0004264581215329161
47032204902246015e-21
3050702416754558e-20
4771334132993064e-20
4899159320990739e-20
-.06593245066880181
-.060240043601001395
-.0532256554211142
1509665554590759e-20
4877017099977562e-20
4120454801807387e-22
3814452003467353e-20
4672773973241472e-20
-.00022424090693195313
-.12619788139243723
33421990206242056e-23
-.10059690033617984
.00028785693657973566
-.0613537446332535
44725070366181316e-21
-.14497922505356517
.0003215999161615957
-.061050182557850746
0
0
0
0
0
0
0
0
-.06686694341319786
-.03331092369388383
-.05653010141021201
-.10039250817490761
-.0006665799019238192
-.0008574152494075635
-.04023586860840993
0
0
-.06449395385700979
-.10101104421233122
-.053365276740031525
-.0356961079395539
-.0003385885023001125
-.10013343111427325
-.06339324216019049
-.04309980796276139
-.07516644198810175
-.00011448191601275182
-.06255621246718066
787068448270855e-19
-.0004926458525895037
-.00011294140100673571
-.0007762791764248213
.0005925640367453771
-.0006660362742193884
-.0009296277981854508
-.0065586671046011236
-.0010603923240330817
-.06046678546372925
-.04183603082760236
5700639323103741e-21
-.053342581059831515
-.03165445309936631
-.00015604990240244285
-.5581541424969332
4601864991953533e-20
-.13054161666734806
-.05484521435865246
0
0
0
0
0
0
-.0011337231539359012
-.06415849071470772
-.06420413270257258
0
0
0
-.1086583480215207
-.006442558361367158
-.0328958968238921
-.0010465245385389542
.0031600595708886907
-.5441622407745509
4499204859212674e-20
-.03243878874407116
-6459410303764089e-21
4786258753938526e-20
.0018856131864319794
13682693221984131e-21
-.12590268622406117
-.0007757959130194161
.00014317595488699437
-71934467731733595e-22
-.005685781875754404
-.12445644471920386
3235243736518005e-20
0
0
-.00042403659172590247
-.0013225176015391443
-.00020384185736294845
-.002518369846946812
-.00017507304447529585
.0003158322169843297
-.0010778260917296166
-.050946197252638284
7908498717911903e-22
-.00020454746778087436
-.031259143131699106
13731758602106557e-21
.00048398466230444086
-.0007565351659925115
-.03125235394321131
-.03125577495856862
-.0004692844246358046
-.0005486457365860636
.02498038361012113
-.03830288333733111
-.053317786804316696
-.1843160078724599
.07211863745827507
-.01211902294449563
-.03127322846273747
-.0600959532081669
-.031980563053660115
-.033098533892524165
-.08604425660131082
.004919195965186968
.06670363734701083
-.06538461081514091
-.09410500024962491
-.14197751944905396
-.03168319802361007
-.06661017806249979
-.0312576957516562
-.03235367226390982
-.006560283364556867
0
0
0
-.049209133045453476
-.147032370021857
-.06676273898376671
-.005418718042699553
-.03222106002017393
-.06847598101330366
.044514621990276476
-.06677784022910757
0
-.050399977600965255
-.0007709046681096015
-.05417772564027706
.050719316514631775
.010754565835908414
-.03193882050639492
.0318413199261785
-.3721620107346381
-.16807742292080236
.040622605606016896
-.003059690105467081
-.03777763740493015
-.0005307471802937752
-.05705713433397416
-.0022673925079234923
.0018869222886954992
-.03151285442291707
-.0010077475998593929
-.2646339072730131
-.0008039982497549471
.00014907750157060589
-.0005036981465885947
-.0007254707996008018
-.033558487873178604
-.06428648987174514
-.10115777273766217
-.1011856468595757
484821178276331e-19
-.03199368126793973
-.26187729236752816
.13934882474398008
-.058785931538040036
-.03571426327741196
-.06994478490752949
-.06916447549432737
-.032352404852205224
-.06314436012215292
-.053204164841019606
0
2300788029525512e-20
.00043137582301201516
-.030775864539971984
-.1501982233362366
-.07200897004780615
0
-.0017793614588989504
.022182791802778958
-.1547232001072608
.0011842492814956003
0
.0025164400972696277
.0005692175770687709
0
.0011705920399255818
-.06399586325914527
-.031573804182501455
-.006561910937354286
0
.0003708009349902993
-.005803454969424977
0
0
0
0
0
.0006447202122880666
0
-.14726126074281434
-.10854854194874433
.00029621492784123347
-.14349546553863549
.0011943654575503864
525520030000637e-19
.07035913435894545
-.06241082281040844
-.061577731136463844
-.003546635939830671
5098735298789194e-20
-.061354662671181316
.00012953369492689205
-.00017409608526111465
-.00032278406945749976
-6730753212338928e-20
-.0003906139637859386
0
0
-.10202117425145725
-.05518431007305857
-.14134682175415936
-.16267459663114567
-.01637444458836442
.07137142779556792
.009180528144422146
-.06068600129039797
-.0009934217934162864
-.05919646207934574
-.005922837233598208
0
-.10641749803251487
-.05393243682375412
4512919178363762e-20
0
0
0
0
0
791670481114796e-19
4554264523356911e-20
-.04838401056961625
4465273602347738e-20
-.06064991402419061
-.06870293133850129
-.0627877041766863
-.03125627331579204
0
-.030810350268138432
.08328077144837326
-.03158057299701919
-.0316560902762802
-.26575763334038094
-.061028226949523534
-.011484442024900373
-.00022476875317505222
-9239537581990327e-20
-.03125647296951318
-.00020893070970048034
-7748616018496685e-20
.00023442219117513039
-.13087079226050213
-.0006116544549473067
4401735029442623e-20
9014855673517483e-20
3714750188263547e-20
-.002977846668741139
-.0008560147538252391
-.005305661396188899
4727987708189407e-20
46987870314644865e-21
-.062012823689423215
-10816648262144254e-23
-.032417629771943124
-8851496281110345e-20
4501118426145939e-20
0
0
0
0
-.06547746785684413
-.06547442605258855
-.0001884856858425734
-.000956227133101246
-.0006963422669013798
-.0005934948761894943
-.0008804860687706283
-.2646971343392478
-.0008626485558074432
-3524384843453429e-20
.0004679543763887071
3405933550636674e-20
4585396618839724e-20
-.005607269373347164
-.1005630179614572
-.012271950554039367
416253932796994e-21
-.0005090720076129361
-.0644725013470816
-.06228765694403713
.02796748780303659
-.05987152609065749
-.00024082338093268894
-.0002382084402336259
-.06406214327422406
-.0010246019523116436
-.05266938790086246
-.0005574937846214715
-.0002939053318063889
0
0
0
0
0
0
0
0
0
0
0
0
0
0
0
0
-.10004292504802526
.00023600954014218518
-.0056171036508026835
-.14464023201440626
25185939413851275e-22
.0004481908723066554
539865625303434e-19
-9978609292454169e-20
6264976913947152e-22
-.07982174500002491
-.10925304711926515
-.0001731240086920542
29923880806256905e-21
-928230328564094e-20
0
0
0
0
0
0
0
0
0
0
-.0019209102417991563
-.0010396514192198116
-.0006713256718073831
-.13052379550066237
-18949095347261893e-21
-.0006083329417432191
-.0006083614897959362
-.0006163590862272332
6785273782056686e-20
4597485548826695e-20
.00044021743365350456
16558720100948582e-22
-.0006170160664106364
0
0
0
0
0
47960943895721907e-21
-.0008643101367437418
50061608570153425e-21
5120780485165397e-20
-.06134197069558537
1656723611743481e-20
-.06378421995076976
-.0063017076167850945
3401826687055481e-20
-.031134253876489867
-.0656403720963932
9646556682134535e-20
-.00045244154560905754
4599284972632759e-20
0
0
