.03135884450423964
.023006394472388992
.0005959454366169206
.0012463510869346298
-.013499515166761077
-8130115972485088e-21
12891888672309298e-22
.005815129886950567
-30941213627020615e-21
689777156853506e-19
-.0006588204597155842
-11373490354574537e-21
-4581566251668316e-21
-11265049314896742e-21
.0031386691505767557
.0044222090528988935
.0047521531737818755
19478486865665333e-21
-7166013566086986e-21
648881374349005e-20
.00194731677559324
5833352260401351e-20
6016258412830171e-20
-.001402625466890708
-.026539345445329116
.006029958379932236
8315132844202259e-22
-67462332697482005e-22
-2032468085874514e-20
6816195986373958e-20
1080696245568447e-21
-9802638495190552e-21
-63025508436918575e-22
11552582173974318e-22
-7847451278316688e-21
-6759157107858486e-21
-9381925972341547e-21
30509970569415083e-24
110744861369269e-20
15603814360427603e-21
.01189671502202173
.21873365679609896
-.00020622756219096017
-7007590825641252e-21
21251002996648035e-21
24060244116882853e-21
.001989775184429093
-.004621399428628469
-.0005706436931066247
-.08747305602197941
398937176597212e-19
-.000499559914618283
.0015376134755899404
.0006666571820240896
-31879437685737694e-21
-.00021339044192381104
-.003693780490688961
.004192195195478539
-.00018217430628751074
-.0005069310191784161
.02355041847966953
-.018754727321127797
.01275312143906325
.005425790381005061
.00030747563749949143
878949381768075e-20
-.0004131681158238132
-.0027681178782957587
-.00043287819150176316
.0001521184455112688
.10399034013229619
.0022478600958400373
.015104425327668779
.09794827694262716
-6562462890831149e-21
15714666827503972e-22
-943650107285208e-20
.0021489987059367705
-7478468264762509e-21
.005435522964722772
-8472875816787662e-21
.00025150132982543194
-.01050142182927368
-.012586941526227097
-8640189098293729e-21
6467525728405575e-20
.20587149269329186
.0063716310796632205
.2744809137532555
.00024172480378016793
-10094145980531984e-21
.00023000286077234255
-.044302890346265666
-.0005306944276893213
.036746324404673035
.13260039062167628
-.00030759370577617946
-.00022081663951388934
.0006278415909456855
-.12901712312424812
.07863701237204518
.13443860486736586
.06031710019951906
.005297547155071093
.0025794686713736473
-.0013462929862663882
.12298734976037434
.006955135784924397
.0008057472000934588
-.003524155376663614
14668519077644744e-22
.009228949228647396
-.0013202303392399338
.002668117207101497
-827281412899777e-20
.003348239694227973
.005376074259301301
.00480997646386143
.0002887704618013571
-8749074990327913e-21
0
0
0
0
0
0
0
0
0
0
0
0
0
0
0
0
0
0
0
-.043663028226806413
0
0
0
0
-.002297363779689354
-66710223176991144e-22
-6869080833817867e-21
-1021935222638262e-20
-7067952608357798e-21
0
.13720524914882087
-.27554039396582325
-.0007048348888641114
.002091894251606483
.7731675444835757
.003311183143239973
.004107373166793574
.0023204485269522792
.007168032247758014
-.00025291634533850904
-.0014309912358578525
.012288488853353735
.012982522689130211
