0
40.34630928734513
.15939407539848724
.3054952152726805
12.019058167951734
.35751890071311815
5.524853297219768
.19074292943612656
.003756650631332802
.3035484577639903
.02756270668053631
8.327814574014798
.745589049697941
.6083419967094162
.00871220988623867
8.293948782890203
1.0012609764969915
.003885131857041155
.07813133597710233
.00451057802721812
.0019059987964144133
.04310221220647113
.00014872349398578716
12942696357024323e-21
.2981585756556052
0
0
.005529060791890771
.006730739075297886
.005827028429481056
.0021855641495769017
.0001742946817622289
.013903989488917141
.001270160468396894
.01047668820317504
32370938929254025e-21
.00045329409341417004
.0029795735115254714
.0005249834308015456
.005305392374200319
14800126478083253e-21
9.396167288195368
13.642888324159868
.005412092765260849
59002431318037386e-21
.12330221224197194
.007444569360155135
.0069662364526267345
.386566531462363
0
.4244670609200562
0
3.837344676804394
17.810050709466076
0
0
.007493344686202801
2.7686952921461465
13.950278297788657
0
0
41.51236668237399
27.428229975170368
9.117602346606912
.0023598107001095133
.0006345448588523568
.0013200797334842536
.006206157675506896
0
0
0
25.049374600472326
3.5506180753353984
8.994339937463662
17.313129305709865
.0014752226408213432
.008701528597761026
.0004224540064835251
2.2392141322076453
.0003809254030447007
.0037868244823608768
.011222920418250727
.0017275350347117013
.8985850110296643
1.5759884281374679
.00015386941503551854
.02566767113177985
1.3117242162053906
1.7585843579657923
3.2512274914857584
.0036215314826132175
.00044965321423554277
.6361016305942329
.7717626547785951
0
.47869101403293496
.8063853057847231
2.09647606091253
2.622564587682348
0
6.226134205840616
2.1012523578505657
.4807330888968591
1.1574251082117772
.9698542253116418
.0007947462756751184
48.56993697780772
7.992670733731218
.4736912322654925
.0684918513690104
0
0
0
5.2719217171889605
.00929846408524043
.0005219217107784994
.5042801083728512
.0012638758811722133
.0002311682135738954
.015572373954930194
0
0
0
0
0
0
0
0
0
0
0
0
0
0
0
0
0
0
0
0
1.8560023590541683
0
0
0
0
.5923797102323848
1302.1636955774845
.004643008548573338
.10738523581040835
.018242318764604575
.21530681019708375
.5605902395211672
1.0346991335818239
1.379715872333303
1.3248725497242595
.00770265964268576
5.950625046160666
6.1332801807670005
.1419568412758568
.362954130965282
5.425500483965322
4.107512119438134
0
0
.02
.02
1
8
.02
.02
.02
.02
.02
.02
.02
.02
.02
.02
.02
.02
.02
.02
.02
.02
.02
.02
.02
.02
.02
.02
.02
.02
.02
.02
.02
.02
.02
.02
.02
.02
.02
.02
.02
.02
.02
.02
.02
.02
.02
.02
.02
.02
.5
4
.02
4
.25
.1
.02
.02
3
.02
.02
.02
.02
.02
.02
.02
.02
.02
.02
1.5
.02
.02
.02
.02
.02
.02
.02
.02
.02
.02
.02
.02
.02
.02
.02
.02
.02
.02
.5
.5
.25
.02
.02
.02
.02
.25
2.5
.35
.02
.5
.02
.02
.02
.02
.02
3
.02
.02
.2
.02
1
.02
.02
4
.02
.02
.02
.15
.02
.02
.02
.02
.02
.02
.02
.02
.02
.02
.02
.02
.02
.02
.02
.02
.02
.02
.02
.02
.02
.02
.02
.15
.02
.02
.02
.02
.02
.02
.02
.02
.02
.02
1
.3
1.5
.02
1e-12
.33
.33
1.5
1.5
1
1
1
1
