1.48328321259805
.7090660342117189
.011773045304457318
.002566810803826947
534753147244153e-20
.029714660718350036
6.55864961911052
.6453340704781925
.05874780133747843
.06303172132500781
.06683568744223048
4.838226260097433
.7115561006742771
.3628220440742551
.005421409215043062
2.9527698771245925
.3583940619634235
.003169959083480251
.07598593704892205
.004865410361565947
.0020539342903146463
.009952854410104527
.00019734028911159318
.002745287705608223
.2925400679093031
17.785457847546745
.00013781741591612566
.006075937413350896
.006468228238451862
.005690871398790735
12024807611762279e-22
.00016920008180518791
.013497556135349142
.0012328090569772394
.010170456939601566
18977832955649633e-21
.0021395778770600185
.0028917530539338205
.00032399358210204084
.0051426782784901905
29710428736935018e-21
.005700164846554118
.006181061439032497
.0202074622059697
.00034021446354119916
.11708582257333648
.0077269049984972984
.0007998389422748061
.043205149478731344
.2751857970963766
.0011818730968911446
.5848960070875979
.009880131931077661
12.132174270092728
11.24866992819012
1.4207572750285142
.007221224738710209
.06391356895170378
.07103833196314376
.23104900413208285
.12511420656435956
30.222890498692667
23.636944835682964
8.265317878514196
.0021753256024489697
.0005196861463625936
.0013313982217073718
.00587356720528798
2.9436494964680517
7.081184876705974
.018504720237104998
23.50957256552185
3.450329133540285
9.31659805392837
22.119112375622873
.0014314051318276655
.009705623633985024
.0007447399664163073
2.2887680345176333
.00030869608423648304
.003064095019940777
.011000449519480005
.0003908138582787383
.8981765693462459
.6950149087332111
3584053833018883e-20
.008204781396123495
.7818661857344831
.7014804594090248
3.337008574609995
.0001932199876943939
56587954933057256e-21
.6570380250438491
.8041204896160703
.07740711432457892
.011005260276211045
.29173182529866065
1.6361351066397558
1.5234694750310998
1.8529223678483173
1.6883432281602433
2.1599001233374966
.02484563580651537
.04363635845832434
.010149100289215927
.00015292637708256304
6.319096266224449
5.922038700262788
.5514829031126545
.017345715163701887
.0039624641526183
60725413933336635e-21
.0006474516211779011
.1102002954082331
.019515804324130102
.000856995365673408
.43020747592625364
5479636531201335e-20
.00021117516583812017
.03468687829893564
19845640710692272e-21
0
0
0
0
0
0
0
0
0
0
0
0
0
0
0
0
0
0
0
.7587230321335477
0
0
0
0
.560396136272968
1264.1015060020068
.004507293605685156
.10424636992365016
.01770909656107298
.20901340126973808
.11467162625964161
.650944897396978
.14162695924955238
.39856570361902877
.006146312523225233
2.982234472293143
3.254488519433426
.015305213979441835
.03920116466911374
.8261598471973811
.6217981947834139
.25139543418662064
.42102562305263425
.019415400848530065
.019415400848530065
.22689151647552924
5603986535425145e-20
.019415400848530065
.019415400848530065
.019415400848530065
.019415400848530065
.019415400848530065
.019415400848530065
.019415400848530065
.019415400848530065
.019415400848530065
.019415400848530065
.019415400848530065
.019415400848530065
.019415400848530065
.019415400848530065
.019415400848530065
.019415400848530065
.019415400848530065
.019415400848530065
.019415400848530065
.019415400848530065
.019415400848530065
.019415400848530065
.019415400848530065
.019415400848530065
.019415400848530065
.019415400848530065
.019415400848530065
.019415400848530065
.019415400848530065
.019415400848530065
.019415400848530065
.019415400848530065
.019415400848530065
.019415400848530065
.019415400848530065
.019415400848530065
.019415400848530065
.019415400848530065
.019415400848530065
.019415400848530065
.019415400848530065
.019415400848530065
.019415400848530065
.019415400848530065
.23816566197226832
.010599896631746514
.019415400848530065
.010599896631746514
.1725419015788764
.08621480069528113
.019415400848530065
.019415400848530065
.03504038456992556
.019415400848530065
.019415400848530065
.019415400848530065
.019415400848530065
.019415400848530065
.019415400848530065
.019415400848530065
.019415400848530065
.019415400848530065
.019415400848530065
.16211323480306766
.019415400848530065
.019415400848530065
.019415400848530065
.019415400848530065
.019415400848530065
.019415400848530065
.019415400848530065
.019415400848530065
.019415400848530065
.019415400848530065
.019415400848530065
.019415400848530065
.019415400848530065
.019415400848530065
.019415400848530065
.019415400848530065
.019415400848530065
.019415400848530065
.23816566197226832
.23816566197226832
.1725419015788764
.019415400848530065
.019415400848530065
.019415400848530065
.019415400848530065
.1725419015788764
.06130315912288106
.20825931913500054
.019415400848530065
.23816566197226832
.019415400848530065
.019415400848530065
.019415400848530065
.019415400848530065
.019415400848530065
.03504038456992556
.019415400848530065
.019415400848530065
.1486598371769888
.019415400848530065
.22689151647552924
.019415400848530065
.019415400848530065
.010599896631746514
.019415400848530065
.019415400848530065
.019415400848530065
.12007815377053319
.019415400848530065
.019415400848530065
.019415400848530065
.019415400848530065
.019415400848530065
.019415400848530065
.019415400848530065
.019415400848530065
.019415400848530065
.019415400848530065
.019415400848530065
.019415400848530065
.019415400848530065
.019415400848530065
.019415400848530065
.019415400848530065
.019415400848530065
.019415400848530065
.019415400848530065
.019415400848530065
.019415400848530065
.019415400848530065
.019415400848530065
.12007815377053319
.019415400848530065
.019415400848530065
.019415400848530065
.019415400848530065
.019415400848530065
.019415400848530065
.019415400848530065
.019415400848530065
.019415400848530065
.019415400848530065
.22689151647552924
.1922501734818041
.16211323480306766
.019415400848530065
9999999999985159e-28
.2022711641757773
.2022711641757773
.16211323480306766
.16211323480306766
.22689151647552924
.22689151647552924
.22689151647552924
.22689151647552924
