1.5117617688530687
.6162806861906769
.010695792825844203
.002273594458324085
38658365782894776e-22
.02708836276880808
6.552711245626688
.6465351398248312
.05893927247063637
.059987130057730015
.06684932500141968
4.568551334311912
.7110028487126262
.34298479430544393
.005141513595483439
2.746073618115652
.33221846380793
.0031589448449907197
.07594190331538692
.004869534340417686
.002055646839626125
.009512917237324194
.00018903140811973388
.002741000049795587
.278946969665981
17.972687849357253
.00012997888319003336
.006071441149519647
.0064635411717504886
.005687946764808469
12012730678580173e-22
.00016910373823107472
.01348987011446181
.0012321022903419214
.010164665824040736
17910169590903474e-21
.002146408514921931
.0028900909456793956
.0003071457395658282
.005139609057817992
28009886575997633e-21
.005694292439579724
.006044388311920242
.02030014125629545
.0003450587997350269
.11700772489619723
.007727342147938735
.0007877841160278493
.04224157085794532
.2659400061110118
.0010539912408626026
.5823544168505255
.008823849417930584
12.056176557311154
11.195038846328961
1.4178035614481461
.007216423862690982
.0587331258352311
.06526575948534437
.23050346401522717
.12487888920271006
29.843176415292415
23.270172542610897
8.183068126196659
.002169995609873483
.0005144836640165826
.0013340609423189399
.005844140136392955
2.5403998475070786
6.941411420644847
.017323116962045405
23.495942477133145
3.4483209955992233
9.305002681392395
22.106731592998738
.0014305002154527094
.009703983992655573
.0007442922239238721
2.2884721189272796
.0003075939244290793
.0030531854971423402
.010995170357499976
.0003733460255872208
.8981815029420916
.6715083943996534
35539908544439877e-21
.00786713547314999
.7743497047981762
.6962011362194047
3.320974100900496
.00019099639262598186
58292051572213605e-21
.6562326747286661
.8053958493539466
.07870877341249603
.010284603917964296
.28992223864689826
1.6328038060115435
1.517178662409127
1.7403633120684818
1.6857066894520496
2.158481472857766
.024641051355980836
.04305280574544628
.009323328607487177
.00015164894138167023
6.2238068139323195
5.887175768485906
.5504744892983022
.016906838046376355
.003698736991467173
5656647135713639e-20
.000546753742968679
.10838041295399835
.019438811475040785
.000852495652214863
.4283606621969049
540471559614077e-19
.0002111462283098541
.03454456655424825
18667346418640585e-21
0
0
0
0
0
0
0
0
0
0
0
0
0
0
0
0
0
0
0
.737205518606162
0
0
0
0
.557765241188871
1263.3817152904537
.004504727112364636
.10418701110758366
.01769901284299011
.20889438716833106
.11125511015626358
.6454572033244089
.1356522256128587
.39783276754925834
.00613175218028511
2.9748656363356836
3.2404396841883383
.014751682625589124
.03777274801726603
.8214609483183652
.6184792313717363
.2509140680715007
.4202121147523987
.01940434554551405
.01940434554551405
.22052110882978887
4456511944375112e-20
.01940434554551405
.01940434554551405
.01940434554551405
.01940434554551405
.01940434554551405
.01940434554551405
.01940434554551405
.01940434554551405
.01940434554551405
.01940434554551405
.01940434554551405
.01940434554551405
.01940434554551405
.01940434554551405
.01940434554551405
.01940434554551405
.01940434554551405
.01940434554551405
.01940434554551405
.01940434554551405
.01940434554551405
.01940434554551405
.01940434554551405
.01940434554551405
.01940434554551405
.01940434554551405
.01940434554551405
.01940434554551405
.01940434554551405
.01940434554551405
.01940434554551405
.01940434554551405
.01940434554551405
.01940434554551405
.01940434554551405
.01940434554551405
.01940434554551405
.01940434554551405
.01940434554551405
.01940434554551405
.01940434554551405
.01940434554551405
.01940434554551405
.01940434554551405
.23479838538785672
.009458367485839253
.01940434554551405
.009458367485839253
.17131782816348556
.08596962267161226
.01940434554551405
.01940434554551405
.03217078930969405
.01940434554551405
.01940434554551405
.01940434554551405
.01940434554551405
.01940434554551405
.01940434554551405
.01940434554551405
.01940434554551405
.01940434554551405
.01940434554551405
.15533390846924083
.01940434554551405
.01940434554551405
.01940434554551405
.01940434554551405
.01940434554551405
.01940434554551405
.01940434554551405
.01940434554551405
.01940434554551405
.01940434554551405
.01940434554551405
.01940434554551405
.01940434554551405
.01940434554551405
.01940434554551405
.01940434554551405
.01940434554551405
.01940434554551405
.23479838538785672
.23479838538785672
.17131782816348556
.01940434554551405
.01940434554551405
.01940434554551405
.01940434554551405
.17131782816348556
.057090195021476345
.2061938065462235
.01940434554551405
.23479838538785672
.01940434554551405
.01940434554551405
.01940434554551405
.01940434554551405
.01940434554551405
.03217078930969405
.01940434554551405
.01940434554551405
.14781552044343366
.01940434554551405
.22052110882978887
.01940434554551405
.01940434554551405
.009458367485839253
.01940434554551405
.01940434554551405
.01940434554551405
.11956629994446666
.01940434554551405
.01940434554551405
.01940434554551405
.01940434554551405
.01940434554551405
.01940434554551405
.01940434554551405
.01940434554551405
.01940434554551405
.01940434554551405
.01940434554551405
.01940434554551405
.01940434554551405
.01940434554551405
.01940434554551405
.01940434554551405
.01940434554551405
.01940434554551405
.01940434554551405
.01940434554551405
.01940434554551405
.01940434554551405
.01940434554551405
.11956629994446666
.01940434554551405
.01940434554551405
.01940434554551405
.01940434554551405
.01940434554551405
.01940434554551405
.01940434554551405
.01940434554551405
.01940434554551405
.01940434554551405
.22052110882978887
.19061466773164645
.15533390846924083
.01940434554551405
9999999999984874e-28
.20037913969367643
.20037913969367643
.15533390846924083
.15533390846924083
.22052110882978887
.22052110882978887
.22052110882978887
.22052110882978887
