-.0020662511433533434
-.002238330133671452
.0002129795612691913
.018064597292307038
8939480067129162e-20
6432139495381206e-20
.00018416241527344357
-.0007715464062942474
.00032634179068690534
-.0014615215719376183
.0003740294832266772
.00026903919965681994
39998126218521616e-21
-.0010835497317964115
34460582880220814e-21
9038696680404094e-20
-.0003499030495716197
.007303179922079743
-.0009854391957338428
.00014373081754664432
-.0004339006930237454
.00046686133702183384
-.00019625549810670266
-.0005760492010810444
.00031786565055421626
.00025854300439778993
4984321653003451e-20
.018046202180123923
.006504186282119812
.015316994946782257
.0036130417459123636
-.0003857329342426897
.00609490513889917
.006366683024314307
0
0
-.0009975691444622015
-.0005776738822989249
-.007004406690688831
.0061221596110126566
.0384712071706546
.017049893040306713
.000112717703794746
0
0
-.0001776140829985183
.00034296188980077714
.0002992630461877679
.016510318919684196
-11471053177659529e-21
.00014145726089430133
.00014001388290348863
9002753914458677e-20
.0001931669426797595
9343463393209558e-20
-.0004910416418188652
.0118978680725075
.01980136538115648
.01701925116710317
-.000570248125356148
.00021010847079580577
.00016389371515288653
.00017214458520624395
.0004140778272697475
-.0009597814101216244
-.006081750217148407
.00016166826464575197
-8344705845558185e-20
.00021493195434039173
.003773875883404525
.00015390889932307233
.003313705552498244
.0001731526773093313
.004284075353669019
0
0
0
0
0
0
0
0
.0008053378509458573
-.029506347300987324
.006992126400427381
.00024140707143331734
-.0049620717879593
-.0009552663227925795
.020042189479733512
0
0
.014094235220011408
.017441904786761223
-.0006373943641202692
.015094378993350374
-.0008073283744402946
-.0007797782140877327
.016989552701315084
.025919966190842955
-.007014527502800605
-.0008415647933195767
.017174126477155233
.00028665446635720167
-.0008253952944619243
.013109081997138698
.0061256789099439
.01695720195505895
5566788426475489e-20
-.00017827532483335779
.030894197276980735
.016352848094316256
.018852721323620057
-.03153897923951991
-.0006822520524886893
.0002564411772783964
-.0004984273094414561
1740036740475337e-20
.012008126008967421
-.0009503971196487457
-.10052506852307057
-.000942526974104773
0
0
0
0
0
0
.015456956341023693
.01695000538811466
.00587482811769472
0
0
0
.033858844533702026
.01076186302996854
.0002668091746512587
380998862401065e-19
.003181885320281217
-.0001845265183810496
.00015393740410145492
-.0001222383181934299
.0007016928321517453
.00014032714548613552
.010729187117090928
.00032790327820327335
.02167955786025285
-.0008505206003813033
-.001140419339418996
9086227919878987e-20
.0001409881958116717
.29287993730259154
-.0008304426796562331
0
0
-.0009891313223657472
.0002213388474311535
-.0007964677193846294
-.00040442167989521095
.00029660373902849166
.0002761391992746415
-42806185926793204e-21
.01741291335844421
.017267076512262416
.017257529848820244
.0003639338117289331
.00010807145774180249
-.000536758174792549
.00019194722830984386
.0003977291217514261
-.002778793300577556
.017257801799587434
-.0008927407025472935
.02047819744490411
.02097279299594283
.0001592107041545687
-.14168739986223883
.0035540756458025324
.00680455049652962
-.000981032613420003
.021430235627490715
-.00010045151615087712
.29590325250470434
.01444060359264364
.018008925983071956
.13177917948000947
.0035038054641215997
.12571275840153948
.013641125171440872
-.035673840209826904
.015700733460162694
.00010398940069399045
.01725482757332546
.030876711011041526
0
0
0
.02147180486639818
.008581576706493283
.010022601802670639
.029013959985634878
.01695007617866672
.00793703311565479
.0011463739321657099
.01602601123283487
0
.02473312952923588
-.0018438276063554749
-.04304016153284243
.010826254251788268
.009131219769369626
.00022850886046525953
.03561430102733633
-.4448938508949428
-.08753611083172468
-.001280527511845328
-.0015816898418670909
-.0047028730450806395
-5658447022373937e-20
.024966596470517983
-.002238552918144216
.012480353605508305
.00037452012498479144
.00037142766416128475
-.0001645194438189447
.013791847065032501
.00037727667683728865
-.0009507989969628389
-.0030997065149487046
.017655647331012728
.01788471329180522
6844940396234472e-20
.0003139301939961691
6961625113825585e-20
-.0005269634677214503
.02394226391850856
.08155582584850457
.01841541583970587
.12626639551632685
-.054746873617798654
.0169010395624845
.00027230040095685003
-.05306005302961524
.0186661730572271
0
.012468924095563015
.012784665417599254
.01239443498005282
.006573679173402241
.001356083647886644
0
.010191743390352863
.028809832638118142
.001226582639852402
.013451474501798136
0
.014591109265029554
.01312662300533926
0
.013305195661117574
.016983750262119512
-.0006752922379170412
.030704305613069704
0
.013195286293668767
-.00012201508729854802
0
0
0
0
0
.012867800546716983
0
.01334387945792475
.009070056642062844
.013119254092183175
.012436095596762455
.013392559779313029
-.0007604311213189846
.013283304353558055
.01651377885096755
.0171645278655748
-.0037227229120796405
.0001411930817210451
-.03200271174559846
-.00025638637314843565
-.0009905925403573025
.0179853273900271
-3327525859863446e-21
.0002272962834180233
0
0
.01668029978944984
-.022743487483877445
.034041263816892084
-.14416833859399703
.03580678531538672
.018036351960385666
.040246177688704005
-.03229477121869487
.017996790430157974
.00823057567139061
.0314396677007979
0
.011728152245714165
946918660607752e-19
.00022123933024745102
0
0
0
0
0
.00032222611395656196
-.00046506304199420254
.005437448818160733
-.0012044077998175629
.004551019493616272
.010668205647693055
.00010336520740831479
9497993761356424e-20
0
.006774802940247952
-.2594368007109519
-.0005545749620572532
-.0009571335141776058
.00045965145026309547
.017785967749501665
.006127137900783797
.010559915463657445
3953425656368126e-20
-.0009903404006489974
-.0008707264621906085
.0002908812790533086
.006505194930213842
.018919542854818297
.0004843391773781829
-.0001229314824566483
-.001016068292126196
.00011020921469849244
8588432616287382e-20
4907748228398112e-22
.00034160502147398213
-.00034162862765218865
.00015170586059950033
-.02628366238108705
-.000331056951634211
-.000985323910675337
.000360231910920298
990031413257697e-19
0
0
0
0
.017728169324827774
.017956679928948636
.0003825804304117266
65427818701197e-18
-.000869678051947958
-.0010926860716794083
-7016616443539985e-20
.0002801030015709777
6506160804669555e-20
-.0010173511571021274
.00016665484433748683
-.0008499150141962122
31858470529310805e-21
.0003189227420009581
-.0008362354097315633
.00037539459802436086
.0002715345229017144
.00024235239712969405
.012357692181867507
.01785459583530418
-.005384565189659037
.018244951096418424
-.0008270317778243492
.0008046660877882505
-.6322689318778819
.016724160148963073
.017027418474161858
.00031543985156220073
-.0004877734571592454
0
0
0
0
0
0
0
0
0
0
0
0
0
0
0
0
.01741038679663153
-.00015882490736425262
.008046266542870693
.014253103370931998
.00021111094147507032
-.000871061995817552
-.0006779482708811938
.0002263586951933943
-57542194317423615e-21
-.05581610500233276
-.04175996822751889
-.0006116794718978656
-.0010045632081467732
-18339955260431136e-21
0
0
0
0
0
0
0
0
0
0
.00010878739945092157
.00012828568385571078
-.0009902816122518106
.00033939349258334267
-.0006517081635679332
-.0009896018421870492
-.0009806120202629895
-.0009957637118757513
54207553568153045e-21
.0002551750971129216
-.0009594838033654895
.0005472224145636409
-.000990837449940023
0
0
0
0
0
9181174371583164e-20
34706528289771124e-21
-.000477603302238611
.0003822418703002135
.00864405546847365
-.0009735860654385503
.006125932729786228
-.0004622203205188674
.00013123004352160714
.00044239911152106203
.003679811803849295
-.0009096873545407975
8391241331111673e-20
7618304174574954e-20
0
0
