-.03100402009680961
-.06693258346990676
.0003643419485968362
.001822522563172944
-.07308225081185549
-7106948916392358e-21
5551030480649519e-22
.09505741196469744
-28844897626670534e-21
9899590272224584e-22
-.0002164145111128247
-33251817421575646e-22
36585440688314433e-22
5940326669367848e-23
.009426784395607178
-.0589086475304459
.0950758395377976
9871523457892675e-23
5193072892321126e-23
3562176855145369e-21
-4993670035869467e-20
.00011871823812435358
.00997343828952097
-.0014829506257834375
-.028141815293826585
2928947196357234e-22
-12333615951731053e-23
-10386913648184273e-21
-113398517491409e-19
-9266352473540244e-21
-4643132460370194e-24
12608642694763496e-23
15875906588230715e-23
10784344984834993e-24
3162146178306462e-23
5688645600868307e-23
49428050002460955e-24
9654504780733517e-23
9306524217962163e-23
30106762764217785e-24
.00016971632464725468
-.020381260714079714
-.005691599003817542
-6724458698388585e-23
.03324108246111498
23654440015167664e-22
-6430687583261437e-22
-.024563193891945313
.03439399775071947
-.0544324211416842
.03328124583342754
.009776958465387479
-.06576108693918908
.0005164350837824982
-969883630605698e-19
-19384763392446407e-21
.010572109253141455
-.064092304581778
.00018972294253270482
-10756081456344793e-22
.030857981182964612
-.018603592569143745
-.04238187959851407
-.05921618829839557
-7028060999265763e-22
.0015355192308895208
-21859119205188454e-21
-.00461180359416558
.00044631029898841145
.0019843945665085363
.001085229916161786
.03317915431969941
-.03389333976762122
.0075337390638080416
12242076035656989e-23
-106862349289281e-19
.00018513446879702772
.010017312897259368
.009524504704578602
-.05788135992438005
-11596812783924752e-21
.015673960531663617
-.05826614465340788
-.14359215667084602
.015678294734034936
.00010552064861502393
.13849877904993674
-.05985194844899924
.2279972527591296
.05020655428304458
.009474789550036005
.03284055037006146
-.10666348710056285
-.05897356111739906
.03349763619098114
-.06273188018645597
-.056123272252282905
-.05539058109210121
.0007952462430731777
-.18472907076646605
.011663798508529765
.0110056054850226
-.017528520373268505
.035975222551258165
-.05578986765603246
.004379603180879622
.03277737197653998
.00016760879472670244
-.08397626338280749
-.0001841043701327517
-.00017458822041141285
-.05164212146915731
-.06303685725192663
.003373713026804456
.07423133306673226
-.06412639702764791
.09538276576483794
.015897868412689326
.0002516515713245587
22762891880849348e-23
0
0
0
0
0
0
0
0
0
0
0
0
0
0
0
0
0
0
0
-.03439018651056383
0
0
0
0
-.0012592427577220115
2859689115603706e-22
11046935775331752e-23
17905024436422005e-23
6620041918734387e-23
23741363931768704e-28
.029678666616695108
-.25507406825870627
-.0001718029762993112
.002023181579825452
.6817271320692692
-.05509356370722956
-.2459624975816559
.0023167468535965252
.006211663123979858
.00070171564890632
-.0007083168523919367
.0002666256721526032
.0015877494626583828
