8982529216008736e-22
-10736855925941074e-21
-19164933398635387e-23
.014538693649484439
22355026553912958e-23
2726028628291267e-23
-4983333882614018e-21
8818883386050473e-21
-35247086868047074e-22
27248008606136527e-23
7975378513198125e-20
-13348441683535645e-22
-10624927491792978e-21
15178046153573469e-23
8904390734603586e-23
15057033029989822e-23
.00018471801576654074
-.06662967486952505
4893079278761576e-22
1743478715481344e-22
-.00010860215521576209
-3907591089529811e-23
-2356883544007654e-21
-29358796746253102e-24
-12038404414137929e-21
-960679029193636e-21
.050870447928540174
.003892069226709538
.05091670302371271
.010147454294448357
.007463709591998028
.002024907573704722
.0001863166364369383
6969022332089608e-21
0
0
-17591986639193656e-21
-.005758026788959826
-.003750976999916953
.0015326110265228305
-.032036815566242945
.013895747744576746
-40531595666657415e-24
0
0
19476510536711358e-24
-10783200424985255e-21
-9146433939887968e-22
-.05596183584803116
-6502601305151903e-23
12608100035016485e-23
6472641964952291e-23
-390511520443407e-23
9131505144139443e-23
6557850850644548e-23
8700079339853623e-23
.02464220069338653
-.04336327022493231
-.06115792215932152
-10719827376133956e-21
18318678133993188e-23
-7236119007352387e-23
18316089194783485e-23
10457381181848955e-23
2699284207930358e-21
-.2039194521807102
2673797627641376e-23
2988602460670931e-22
-19798658234442668e-23
.009638307086524908
39005116409135855e-23
.050931830410656985
-8074410401044845e-21
-.03899043988798993
0
0
0
0
0
0
0
0
-.059260195029989755
.009496376751373242
-.08425277719952076
.033193122474065764
-.05748531255707571
-20192958763515475e-21
-.24339254910806868
0
0
.03322270472464239
.009479655424085838
-.05570759905912527
.03325546078394668
-12396575222525253e-21
-37431631512111675e-21
-25403385575383695e-21
.010174826005622395
-.07552676635773901
-10719741681115573e-21
-.05763268574755741
-.05913138829596949
-12767232744745433e-21
4643694791533036e-21
.00018799507048543934
-.05580238414289234
.00018596661931735806
-6121778522274936e-20
-.05716422585388916
-.0001947791885180897
-.044474260347385636
-.05278179941219053
-6646546370433001e-20
-9799817190301326e-21
7518530795576507e-20
-10838153090374638e-21
-.05933825724576796
-4668298306137869e-23
-.13188969410948004
.003310991041333153
0
0
0
0
0
0
.010062982415195203
.014614327538867121
-.06441132288352507
0
0
0
.030987170905206265
-.0533190299093697
-4568512686513373e-20
.00021385652702395769
-.058408516590816854
-.06743353184425432
8775431828728435e-21
.009972547038492862
.0003215776175003349
8245292033458941e-22
.003682438616791573
7691840140728387e-23
-.02742212493731962
.002034363065597865
-.00013125466230333539
-1134195172930772e-20
-9281776672416144e-23
-.0005723525738954343
5011779315173582e-23
0
0
7691998416487931e-22
21699550106579615e-23
3913205017666763e-21
-.00019708656645697273
.00023271030000198117
-28629224632629853e-23
-15487278549325895e-22
.037236435787129166
.012851232274187805
.012076314094744816
-5276673017971722e-22
48111987061843245e-24
.010506893834767057
.012695109635443553
4396965041008522e-22
-10347210400010607e-21
.012694146136279488
.012695395717409227
-.06316286307095184
-.05083467785334095
12158217016085423e-22
-.1851955889544834
.007642913012815982
.025318760044058152
45896002068686145e-23
.005907703433046003
.0018377856503268505
-.06951671819055157
-.05984142066709871
.005189955879493141
-.06198798837975147
.04872891383884017
-.07853252154640362
.011087902110305721
-.061186722705932325
-.08298026241599109
-.06005550869096188
.013598407995621786
-.058001820590607996
0
0
0
-.06022087037746312
-.06407552707247477
-.060737579714698516
-.06393258227076423
-.06674522469250742
-.059914931865099726
-.07832474636093256
-.06243324158015295
0
.04954891326038059
45958091388073413e-23
-.05287143579612668
-.06304683893248682
.009206125600843116
.0033022158564146096
.028207973658014078
-.4211665827797403
-.08427616626230068
-.0781408375161941
-.061911146287723075
-.06674705069473423
-.059358747780595855
-.06331176884289992
-.001892227409025994
-.05538736684086453
.00033670886739062484
.0018723147065496605
.000977030563483629
1323523799898207e-20
.0006549988319141479
22258283774460306e-21
.0013159096477182396
-.05619672628481035
-.05927583459525695
.03262541165845794
.03320940404165181
.003305506240326598
.0033130156494527384
-.05305175459232707
-.0059955405219809035
-.06202268091957158
.028701904995947367
-.06274581572199715
-.2172648438734013
.014534627465292466
-.1552179458471071
-.05879532422016883
0
-.06111473494501569
-.05935387890891619
-.055513217671517734
-.06521800254792395
-.05748742524836878
0
-.062356312757530494
.01954575948823213
-.06848222737767896
-.09030597629143484
0
-.08915198105308507
-.09091565472488307
0
-.08846974848971662
-.0582258307310017
4760075172329382e-20
-.0574301485830333
0
-.08913314667646222
-.00017771691240769483
0
0
0
0
0
-.09080209212189425
0
-.06271197760514918
-.0026542657578966814
-.060935729730557275
-.058300041851318304
-.08890612380480746
-6281053996738995e-20
-.07817867579917112
.0021360169622262155
-.06604023338476134
.03140914630435574
-1386427821146916e-23
.019146707075424575
-15711557222521274e-21
-.05947905303721216
-20433655494302584e-21
-716637115356636e-19
819805124139928e-22
0
0
.0035943831134134224
-.055508436955253135
-.18172576944809568
-.13831642289401716
-.04311390225332706
-.05589500534706378
.03035802713198527
-.25050005861526886
-4153098159811839e-21
-.058015543458472645
-.057164487927909305
0
-.0022846174001104947
-40750875426095794e-23
-615266490620903e-22
0
0
0
0
0
8893486891420295e-21
9823091075471867e-23
-.06266352062452732
.00018506973457664433
-.05965439149489869
-.003476151470257372
.009932902095152117
2734554039025051e-22
0
-.06615482148432061
-.0609450670570469
-.00021140257250440455
-548877858944637e-20
17337578140194813e-21
.004809963619383372
-.061203452872468686
-.048691791024136885
.0001962604514435703
-10756991428908065e-21
-1085881678216205e-20
3386886451449143e-23
-10801419208504151e-21
15313860547865088e-21
-10118780266696473e-21
-10943214391532527e-21
.00018473959033532433
-10823332600467288e-21
-11402049261315234e-21
-10720515310417408e-21
.02098103203203473
17397705405434294e-23
5530550727905521e-23
-.2429628044311195
-1109788655119515e-20
-.03287361845532865
-10680499354564525e-21
8839802919297779e-23
0
0
0
0
-.06016692781508299
-.059673329630891524
-.05898288869692826
-33428245827983e-18
-1234998946600188e-20
-9545284331777124e-22
3555360596506444e-21
-7842405722755497e-21
3596175618836801e-22
6411897989521151e-22
21271136176943826e-21
8510057985108305e-23
1253027358296587e-22
-.005744634326604559
.033262367319008904
-.005822025360910126
-10813158295481386e-21
-1075201942203018e-20
.0034949072019163896
.011641683212546182
-.09049977230168535
-.0570868875291423
5497152959883903e-21
-28179971099005323e-21
.0075599960789418125
-.08704378141171937
-.06111719011927608
-12605458073427336e-21
-10660798657719829e-21
0
0
0
0
0
0
0
0
0
0
0
0
0
0
0
0
-.0652014047043317
.0001962852669346388
.0004450772282814736
.013696881515191524
18079038459171613e-22
1199350395529137e-22
.0015332304047915764
-30713794393177775e-22
5947980432882995e-23
-.06774778855804064
-.05828656387957952
17791348524834418e-23
-2491329079087437e-20
-6290726590177962e-21
0
0
0
0
0
0
0
0
0
0
-11033299075051685e-21
.00019624957642918608
.0015329509635115019
.00027290764541495365
-.055843820255356835
-1089023938175866e-20
-10861214433810933e-21
-14912099690866126e-21
-10723449516891147e-21
9490983310300611e-23
16385712809725563e-23
23008094948618938e-23
.00018595692311822008
0
0
0
0
0
-10965707864154397e-21
7484272787496351e-23
.00019724738661240662
2464909802358279e-22
-.14469341371557026
-1050647798329751e-20
-.06578084347967864
9860161519439614e-23
26454775720941947e-24
-.056376029816742036
-.0638522523069232
-.032875830646677956
-1082492508071654e-20
-11177434139076708e-24
0
0
