1.5172686154506516
.8252616802535737
.013766666474911895
.002111638746798135
4815004354132416e-21
.03629646206001571
6.818913875424237
.6617114082497919
.057301314118029884
.06592332533866402
.06719607489020407
4.87934614316454
.7298432196953137
.3444948692386158
.005148936003268812
2.7164462450711726
.26659232652345205
.0038938963401679706
.07960138454117277
.005078861780595671
.00224248143219688
.010001245334347392
.00014380808316654008
.002822622804442869
.31936859058207817
16.311254597844936
.0001581149538890095
.005549953800421383
.0063235791000777735
.005184002267670155
13277545165598005e-22
.00016690568908210666
.014071584468641467
.0012672679571021001
.009629213408882972
19822642093627235e-21
.00228301659641699
.0028506101728812136
.0003333024211277299
.005352832842179431
35259718160194035e-21
.005208240260023292
.005435839575268863
.020187210373834908
.0003357502952928995
.10573407356056669
.007392780780841164
.0009466866925734988
.05349196759749976
.28250122633225133
.0009917284942363009
.616198106083586
.00881455895998838
12.225370816761123
11.315752693206036
1.475392564499248
.006948854784338351
.05744527709944881
.06333071204938977
.21100439671390905
.1348671485788294
29.76975179399131
23.59792777341832
8.318986972064788
.0024803386744753457
.00044121085206692416
.0015670673824194434
.006138560290234457
3.224328781349208
7.019335715218202
.021099782114479538
21.54300385523633
3.7387948748631454
9.335077058254045
20.158948945778718
.0013784733289842783
.009227921367797536
.000543497304528853
2.3366780666637132
.00034200573615323054
.0027986357244298983
.010994558411895925
.00039728259159429194
.9612154748264019
.6586014779482255
35224335872537546e-21
.00788738407525342
.8006658865420226
.7157384408578993
3.3030437507432264
.0001976801629027453
5550290105074318e-20
.6623139900497181
.7666634847190477
.08256504080831958
.00949138991776425
.28182140081795676
1.61770360550751
1.5083245219919597
2.1740774081728946
1.6779248379335239
2.0829711609291492
.03254556710850514
.03697007866222579
.008270965745849991
.0001933674888784422
6.488255877496892
6.068406797615555
.5429243385694501
.01699664482496545
.004047596822323586
6408542891481447e-20
.0007066126626347602
.10469988316297016
.020388759493908
.0008119146841477924
.40376160442277614
624033589009344e-19
.0002502409671626965
.034192356934194236
23149373852839187e-21
0
0
0
0
0
0
0
0
0
0
0
0
0
0
0
0
0
0
0
.750223847126099
0
0
0
0
.5803888765710442
1201.3480657740474
.004197252803138864
.1105998227459049
.019731620065165104
.21922755015457981
.10490377352274428
.6217521983087514
.13459802652001598
.3632582732206384
.0060906618713902514
2.955269902795781
3.297770050520954
.015606418878636414
.040886534266504515
.8256973227879668
.5999465589474182
.2249501426308524
.4049286228622149
.019402208528117228
.019402208528117228
.21931029208486605
4289970186296271e-20
.019402208528117228
.019402208528117228
.019402208528117228
.019402208528117228
.019402208528117228
.019402208528117228
.019402208528117228
.019402208528117228
.019402208528117228
.019402208528117228
.019402208528117228
.019402208528117228
.019402208528117228
.019402208528117228
.019402208528117228
.019402208528117228
.019402208528117228
.019402208528117228
.019402208528117228
.019402208528117228
.019402208528117228
.019402208528117228
.019402208528117228
.019402208528117228
.019402208528117228
.019402208528117228
.019402208528117228
.019402208528117228
.019402208528117228
.019402208528117228
.019402208528117228
.019402208528117228
.019402208528117228
.019402208528117228
.019402208528117228
.019402208528117228
.019402208528117228
.019402208528117228
.019402208528117228
.019402208528117228
.019402208528117228
.019402208528117228
.019402208528117228
.019402208528117228
.23415278967975856
.009255102048915729
.019402208528117228
.009255102048915729
.17108213584166268
.08592229356045944
.019402208528117228
.019402208528117228
.03164655188759097
.019402208528117228
.019402208528117228
.019402208528117228
.019402208528117228
.019402208528117228
.019402208528117228
.019402208528117228
.019402208528117228
.019402208528117228
.019402208528117228
.15405690220077622
.019402208528117228
.019402208528117228
.019402208528117228
.019402208528117228
.019402208528117228
.019402208528117228
.019402208528117228
.019402208528117228
.019402208528117228
.019402208528117228
.019402208528117228
.019402208528117228
.019402208528117228
.019402208528117228
.019402208528117228
.019402208528117228
.019402208528117228
.019402208528117228
.23415278967975856
.23415278967975856
.17108213584166268
.019402208528117228
.019402208528117228
.019402208528117228
.019402208528117228
.17108213584166268
.05631201697446104
.20579677512683367
.019402208528117228
.23415278967975856
.019402208528117228
.019402208528117228
.019402208528117228
.019402208528117228
.019402208528117228
.03164655188759097
.019402208528117228
.019402208528117228
.14765281081192433
.019402208528117228
.21931029208486605
.019402208528117228
.019402208528117228
.009255102048915729
.019402208528117228
.019402208528117228
.019402208528117228
.11946757579237147
.019402208528117228
.019402208528117228
.019402208528117228
.019402208528117228
.019402208528117228
.019402208528117228
.019402208528117228
.019402208528117228
.019402208528117228
.019402208528117228
.019402208528117228
.019402208528117228
.019402208528117228
.019402208528117228
.019402208528117228
.019402208528117228
.019402208528117228
.019402208528117228
.019402208528117228
.019402208528117228
.019402208528117228
.019402208528117228
.019402208528117228
.11946757579237147
.019402208528117228
.019402208528117228
.019402208528117228
.019402208528117228
.019402208528117228
.019402208528117228
.019402208528117228
.019402208528117228
.019402208528117228
.019402208528117228
.21931029208486605
.19030002349156755
.15405690220077622
.019402208528117228
9999999999984835e-28
.20001533180782288
.20001533180782288
.15405690220077622
.15405690220077622
.21931029208486605
.21931029208486605
.21931029208486605
.21931029208486605
