1.5172686154506516
.8252619836158874
.01376795209175586
.0021116369995283052
4815006770062811e-21
.03629647807142764
6.818913874043482
.661711407426333
.05730713590518896
.06592332864547483
.06719607491916307
4.879346228035626
.7298432197114076
.344494875140723
.005148935924473807
2.7164463448250413
.266596874330664
.003894322452885255
.0796013845306639
.005078861780394922
.0022424814321102627
.01000124582453872
.0001438105480623041
.0028229483427057163
.31936860560365465
16.311254827542264
.00015813347291973159
.005549953800067912
.006323578967706552
.005184002333219563
13277545172813082e-22
.00016690568908210666
.014071584468641467
.0012672679569874564
.009629213408882972
19822642444116268e-21
.0022830165925054324
.002850610172494948
.0003333024266986545
.005352832842496398
3525971876855284e-20
.005208240262452231
.005435831700211153
.02018720872753613
.0003357502952787281
.10573407356069892
.007392780778031828
.0009466888376029617
.05349208964352068
.2825365999034908
.0009917453199695184
.6161979879913071
.008814559179888923
12.225371231422269
11.315752695356252
1.475392564561267
.006948854699471694
.05744527608265921
.06333070734852214
.21100439673068705
.134867148607191
29.76975179399131
23.597927071988327
8.319012291247219
.0024805640283806357
.0004412643222093511
.0015670673331095353
.006138560348047849
3.2243287246400345
7.019335707726587
.021099782484985407
21.543004041772416
3.7387948700432014
9.335237628389212
20.158947278892928
.0013784733285101744
.009227921354185572
.0005434971999115784
2.3366780266221214
.0003420459594371463
.002798962334417149
.010994558596636329
.00039733029631354585
.9613191716489851
.6586722495166062
3522825888624649e-20
.007887378476467224
.8007526511863944
.7158170737734162
3.3030595048560256
.00019767819351991045
5514336896359712e-20
.6623249728059368
.7666692643494357
.0825738006338241
.009492436035533272
.28183830891809475
1.617703895009274
1.5083245599393214
2.1740774681172437
1.6780778267544176
2.082971164541002
.032548925254499414
.03697336779433683
.008270965641643922
.00019336774461062368
6.488270206801365
6.068452774087556
.5429243495719254
.016998541392265008
.004047596889953046
6408542958828672e-20
.0007066659483834705
.10470987613676452
.02038875990862261
.0008120079306428593
.40376161031398367
6240968430370134e-20
.0002502655280379977
.03419235837239521
23149374126522576e-21
0
0
0
0
0
0
0
0
0
0
0
0
0
0
0
0
0
0
0
.7502237645062081
0
0
0
0
.5803981058391902
1201.3480657740474
.004197252803138864
.1105998227459049
.019731620065165104
.21922755015457981
.10491096415255008
.6217522099416705
.13459803159543166
.3632578230577187
.006090664217157642
2.95125971353806
3.29480505701671
.015606412769853955
.04088651763684585
.8256973285515178
.5999465512572119
.22495005527575443
.404928455802009
.019402208528117228
.019402208528117228
.21931029208486605
4289970186296237e-20
.019402208528117228
.019402208528117228
.019402208528117228
.019402208528117228
.019402208528117228
.019402208528117228
.019402208528117228
.019402208528117228
.019402208528117228
.019402208528117228
.019402208528117228
.019402208528117228
.019402208528117228
.019402208528117228
.019402208528117228
.019402208528117228
.019402208528117228
.019402208528117228
.019402208528117228
.019402208528117228
.019402208528117228
.019402208528117228
.019402208528117228
.019402208528117228
.019402208528117228
.019402208528117228
.019402208528117228
.019402208528117228
.019402208528117228
.019402208528117228
.019402208528117228
.019402208528117228
.019402208528117228
.019402208528117228
.019402208528117228
.019402208528117228
.019402208528117228
.019402208528117228
.019402208528117228
.019402208528117228
.019402208528117228
.019402208528117228
.019402208528117228
.019402208528117228
.23415278967975856
.009255102048915727
.019402208528117228
.009255102048915727
.17108213584166268
.08592229356045944
.019402208528117228
.019402208528117228
.03164655188759097
.019402208528117228
.019402208528117228
.019402208528117228
.019402208528117228
.019402208528117228
.019402208528117228
.019402208528117228
.019402208528117228
.019402208528117228
.019402208528117228
.15405690220077622
.019402208528117228
.019402208528117228
.019402208528117228
.019402208528117228
.019402208528117228
.019402208528117228
.019402208528117228
.019402208528117228
.019402208528117228
.019402208528117228
.019402208528117228
.019402208528117228
.019402208528117228
.019402208528117228
.019402208528117228
.019402208528117228
.019402208528117228
.019402208528117228
.23415278967975856
.23415278967975856
.17108213584166268
.019402208528117228
.019402208528117228
.019402208528117228
.019402208528117228
.17108213584166268
.056312016974461046
.20579677512683367
.019402208528117228
.23415278967975856
.019402208528117228
.019402208528117228
.019402208528117228
.019402208528117228
.019402208528117228
.03164655188759097
.019402208528117228
.019402208528117228
.14765281081192433
.019402208528117228
.21931029208486605
.019402208528117228
.019402208528117228
.009255102048915727
.019402208528117228
.019402208528117228
.019402208528117228
.11946757579237147
.019402208528117228
.019402208528117228
.019402208528117228
.019402208528117228
.019402208528117228
.019402208528117228
.019402208528117228
.019402208528117228
.019402208528117228
.019402208528117228
.019402208528117228
.019402208528117228
.019402208528117228
.019402208528117228
.019402208528117228
.019402208528117228
.019402208528117228
.019402208528117228
.019402208528117228
.019402208528117228
.019402208528117228
.019402208528117228
.019402208528117228
.11946757579237147
.019402208528117228
.019402208528117228
.019402208528117228
.019402208528117228
.019402208528117228
.019402208528117228
.019402208528117228
.019402208528117228
.019402208528117228
.019402208528117228
.21931029208486605
.19030002349156755
.15405690220077622
.019402208528117228
9999999999984835e-28
.20001533180782288
.20001533180782288
.15405690220077622
.15405690220077622
.21931029208486605
.21931029208486605
.21931029208486605
.21931029208486605
