1.511693710827637
.84904143528935
.01403577298824848
.002163462499001316
513277307549937e-20
.03697437976897928
6.8201294073555925
.6614777904117514
.05724978883900589
.06663146814538971
.06719336559159658
4.939145743312141
.7299565512047251
.34864483948647157
.005207073968996983
2.7580162379022704
.27098408229685855
.0038963871575857607
.07961049831262493
.0050779621004588445
.00224209894167716
.010096012997501442
.000145085629311653
.0028228842577522647
.322478498224616
16.268480950093497
.0001588055517328896
.005550786963811539
.006324465671301416
.00518452449142299
13282417351769781e-22
.0001669242996655928
.014073153591252965
.0012674101401805623
.00963028709947117
20068778215675832e-21
.0022817722121087312
.0028509309961503647
.00033721502260499543
.005353459424501826
3570096783668417e-20
.005210177759446091
.00545187638088316
.020168412137612664
.000334843236758628
.10574782381986643
.0073926083675338004
.0009485803261141104
.05365170410686868
.28414353442625395
.0010143176846205935
.6167168164611027
.009011766052341316
12.24046581247911
11.326180729132615
1.4759726122888912
.006949729776414569
.058399999393918996
.06438565957600509
.21110101401390288
.13491451992546682
29.844083855631506
23.662651047919834
8.335602997731959
.002481366987855618
.00044185455760147805
.0015663920597330772
.006142927101480252
3.2886228452389434
7.037542430270411
.021244303748284482
21.545440256135578
3.739222070769347
9.33841421546397
20.161120776455256
.0013786431219063157
.009228030559294333
.0005435590067210433
2.3367155887875386
.0003422321963927393
.002800512929177738
.010995612285095567
.0004009752190469502
.9612831669667495
.663353171401198
35288449534805964e-21
.007955247601483096
.8021247773250146
.7167279028319674
3.3062779917706817
.0001981640165973674
5509797234063564e-20
.662545269150224
.7664162772835044
.08229582912440567
.009616574169284058
.2821654124612112
1.618430363183685
1.509591992540498
2.188260487299004
1.678702318031519
2.083243901812118
.03260656814811493
.037075648631563755
.008409585180057973
.00019351001576919577
6.501371477783652
6.075422652319169
.54314529002065
.01708062550922775
.004076909320450028
645781142927154e-19
.000727170438659308
.1050613963877896
.020405355542487878
.0008127616998801613
.40410276212159746
6258265659514168e-20
.0002502402267871647
.03422210528433481
2330302682394074e-20
0
0
0
0
0
0
0
0
0
0
0
0
0
0
0
0
0
0
0
.7548522185005225
0
0
0
0
.5810940871448893
1201.4820212595139
.004197720814910712
.11061215510267186
.0197338202258181
.21925199497098666
.1055248834913223
.6227746250524634
.13573982984043872
.3633900378694233
.006093471902757384
2.9559022599472504
3.3002931169636986
.015719257579717816
.041185398890352914
.8266694204885991
.6006024714941529
.2250424942495785
.4050968567575887
.01940437195796454
.01940437195796454
.22053634054591634
4485677274623338e-20
.01940437195796454
.01940437195796454
.01940437195796454
.01940437195796454
.01940437195796454
.01940437195796454
.01940437195796454
.01940437195796454
.01940437195796454
.01940437195796454
.01940437195796454
.01940437195796454
.01940437195796454
.01940437195796454
.01940437195796454
.01940437195796454
.01940437195796454
.01940437195796454
.01940437195796454
.01940437195796454
.01940437195796454
.01940437195796454
.01940437195796454
.01940437195796454
.01940437195796454
.01940437195796454
.01940437195796454
.01940437195796454
.01940437195796454
.01940437195796454
.01940437195796454
.01940437195796454
.01940437195796454
.01940437195796454
.01940437195796454
.01940437195796454
.01940437195796454
.01940437195796454
.01940437195796454
.01940437195796454
.01940437195796454
.01940437195796454
.01940437195796454
.01940437195796454
.2348063899353366
.009463810465729536
.01940437195796454
.009463810465729536
.17132074372766473
.08597020777423658
.01940437195796454
.01940437195796454
.032180286312702214
.01940437195796454
.01940437195796454
.01940437195796454
.01940437195796454
.01940437195796454
.01940437195796454
.01940437195796454
.01940437195796454
.01940437195796454
.01940437195796454
.1553505832289877
.01940437195796454
.01940437195796454
.01940437195796454
.01940437195796454
.01940437195796454
.01940437195796454
.01940437195796454
.01940437195796454
.01940437195796454
.01940437195796454
.01940437195796454
.01940437195796454
.01940437195796454
.01940437195796454
.01940437195796454
.01940437195796454
.01940437195796454
.01940437195796454
.2348063899353366
.2348063899353366
.17132074372766473
.01940437195796454
.01940437195796454
.01940437195796454
.01940437195796454
.17132074372766473
.05710234999447234
.20619872122945246
.01940437195796454
.2348063899353366
.01940437195796454
.01940437195796454
.01940437195796454
.01940437195796454
.01940437195796454
.032180286312702214
.01940437195796454
.01940437195796454
.14781753269328354
.01940437195796454
.22053634054591634
.01940437195796454
.01940437195796454
.009463810465729536
.01940437195796454
.01940437195796454
.01940437195796454
.11956752062635903
.01940437195796454
.01940437195796454
.01940437195796454
.01940437195796454
.01940437195796454
.01940437195796454
.01940437195796454
.01940437195796454
.01940437195796454
.01940437195796454
.01940437195796454
.01940437195796454
.01940437195796454
.01940437195796454
.01940437195796454
.01940437195796454
.01940437195796454
.01940437195796454
.01940437195796454
.01940437195796454
.01940437195796454
.01940437195796454
.01940437195796454
.11956752062635903
.01940437195796454
.01940437195796454
.01940437195796454
.01940437195796454
.01940437195796454
.01940437195796454
.01940437195796454
.01940437195796454
.01940437195796454
.01940437195796454
.22053634054591634
.1906185611343453
.1553505832289877
.01940437195796454
9999999999984892e-28
.20038364240963769
.20038364240963769
.1553505832289877
.1553505832289877
.22053634054591634
.22053634054591634
.22053634054591634
.22053634054591634
