1.511693710827637
.8490413976768189
.014037301858332237
.0021634617839343642
513274252821869e-20
.036974374048719366
6.820129407245184
.6614777900515032
.05725659720832428
.06663146372658466
.06719336565230498
4.93914484556989
.7299565510810887
.3486447770609272
.005207072914329808
2.7580159096058887
.2709880895039791
.0038968862170388084
.07961049833727132
.00507796209739493
.0022420989403551554
.01009601247752419
.00014508779296063025
.002823265345139244
.3224784798146317
16.268480386757528
.00015882734518496305
.005550786963205258
.006324465520048621
.0051845245663515215
13282416821542907e-22
.0001669242996655928
.01407315359125297
.0012674101401602279
.00963028709947117
20068774505858395e-21
.0022817722106033664
.002850930996081854
.00033721496371760644
.005353459425106737
35700960939135366e-21
.0052101775520623445
.005451935335519058
.020168411415174916
.0003348432368278405
.10574782381966528
.007392608374712721
.0009485812420745909
.05365175710410629
.28418519437239487
.0010143324076588897
.6167166793999656
.009011763074858853
12.240466047198646
11.326180728195618
1.4759726123989525
.006949729672364895
.058399994119064436
.06438564313386468
.21110101402551545
.13491451990154005
29.844083855631506
23.66265393998427
8.335626442013014
.0024816308229227892
.00044191723616446727
.0015663920027890177
.006142927185652853
3.288623330592126
7.037542666098304
.021244306049126405
21.545440560817408
3.739222065116184
9.338554913723252
20.16111820775738
.001378643122575355
.009228030593898717
.00054355884761477
2.33671553975305
.00034227930816230987
.002800895479631617
.01099561249521777
.00040103153688995897
.9614056629453802
.663438298640554
3529345867999022e-20
.007955253166160062
.8022275723600109
.7168193996581965
3.306295243217256
.00019816399976143134
54679058796160516e-21
.662554892529997
.766424702509171
.08230617479297293
.009617810748391869
.28218571029552114
1.6184302775594146
1.509592002233371
2.188260656435482
1.6788994846267484
2.083243900340305
.03261091853515886
.037079949845592944
.008409584343232848
.00019351019573952022
6.501377504092215
6.075476497790235
.5431452577593142
.0170828728406727
.004076909601048814
6457811813636212e-20
.0007272430635134542
.10507438884788714
.0204053548154383
.0008128709152267469
.4041027682138616
6259081804850672e-20
.00025026922265727436
.034222104665490916
23303028098277133e-21
0
0
0
0
0
0
0
0
0
0
0
0
0
0
0
0
0
0
0
.7548521163089769
0
0
0
0
.5811022108315426
1201.4820212595139
.004197720814910712
.11061215510267186
.0197338202258181
.21925199497098666
.10553334774508537
.6227746041549671
.135739826960686
.36338989762665136
.006093483327521962
2.951160515806985
3.2967830818486066
.01571924151046124
.04118535777631099
.8266694504317103
.6006024805244236
.22504273803818114
.40509728384403293
.01940437195796454
.01940437195796454
.22053634046227377
4485650776990343e-20
.01940437195796454
.01940437195796454
.01940437195796454
.01940437195796454
.01940437195796454
.01940437195796454
.01940437195796454
.01940437195796454
.01940437195796454
.01940437195796454
.01940437195796454
.01940437195796454
.01940437195796454
.01940437195796454
.01940437195796454
.01940437195796454
.01940437195796454
.01940437195796454
.01940437195796454
.01940437195796454
.01940437195796454
.01940437195796454
.01940437195796454
.01940437195796454
.01940437195796454
.01940437195796454
.01940437195796454
.01940437195796454
.01940437195796454
.01940437195796454
.01940437195796454
.01940437195796454
.01940437195796454
.01940437195796454
.01940437195796454
.01940437195796454
.01940437195796454
.01940437195796454
.01940437195796454
.01940437195796454
.01940437195796454
.01940437195796454
.01940437195796454
.01940437195796454
.23480638993251376
.00946380730731551
.01940437195796454
.00946380730731551
.17132074372759998
.08597020777423625
.01940437195796454
.01940437195796454
.03218028359102762
.01940437195796454
.01940437195796454
.01940437195796454
.01940437195796454
.01940437195796454
.01940437195796454
.01940437195796454
.01940437195796454
.01940437195796454
.01940437195796454
.15535058278903607
.01940437195796454
.01940437195796454
.01940437195796454
.01940437195796454
.01940437195796454
.01940437195796454
.01940437195796454
.01940437195796454
.01940437195796454
.01940437195796454
.01940437195796454
.01940437195796454
.01940437195796454
.01940437195796454
.01940437195796454
.01940437195796454
.01940437195796454
.01940437195796454
.23480638993251376
.23480638993251376
.17132074372759998
.01940437195796454
.01940437195796454
.01940437195796454
.01940437195796454
.17132074372759998
.05710234800153798
.20619872122903427
.01940437195796454
.23480638993251376
.01940437195796454
.01940437195796454
.01940437195796454
.01940437195796454
.01940437195796454
.03218028359102762
.01940437195796454
.01940437195796454
.14781753269326522
.01940437195796454
.22053634046227377
.01940437195796454
.01940437195796454
.00946380730731551
.01940437195796454
.01940437195796454
.01940437195796454
.11956752062635552
.01940437195796454
.01940437195796454
.01940437195796454
.01940437195796454
.01940437195796454
.01940437195796454
.01940437195796454
.01940437195796454
.01940437195796454
.01940437195796454
.01940437195796454
.01940437195796454
.01940437195796454
.01940437195796454
.01940437195796454
.01940437195796454
.01940437195796454
.01940437195796454
.01940437195796454
.01940437195796454
.01940437195796454
.01940437195796454
.01940437195796454
.11956752062635552
.01940437195796454
.01940437195796454
.01940437195796454
.01940437195796454
.01940437195796454
.01940437195796454
.01940437195796454
.01940437195796454
.01940437195796454
.01940437195796454
.22053634046227377
.1906185611341662
.15535058278903607
.01940437195796454
9999999999984892e-28
.20038364240933473
.20038364240933473
.15535058278903607
.15535058278903607
.22053634046227377
.22053634046227377
.22053634046227377
.22053634046227377
