1.489266759974208
.9535230393073899
.01519388969744648
.002387310125893988
6643253329505226e-21
.03986653884260309
6.824993083668439
.6605183766483501
.05705567210718012
.06963659229707221
.06718088380544153
5.182993126478304
.7304156075903583
.36554920352868964
.005442996307231182
2.926420486451144
.28888701334976785
.0039084393253690135
.07964712621880636
.005074317160049292
.0022405490888276216
.010494800271639428
.0001504470885735441
.0028248031929018194
.33558367222074315
16.093961782414034
.00016130276536234115
.005554124354037119
.006328031256552779
.005186624605987848
13304041658271679e-22
.00016699918803792047
.014079467688778718
.0012679822797741435
.009634607594878525
21073254389276598e-21
.0022766757924200364
.0028522219770100634
.0003531283730583999
.005355980894179383
3750246484785859e-20
.005218766888794086
.005527004276639248
.02009297182042889
.0003311871555983633
.10580326909849211
.0073917713108744105
.0009558293691710039
.054267892185397425
.2909391050831408
.0011105485197460598
.6187996111308639
.009850666209442294
12.301394381583922
11.367906273379115
1.47827408252868
.006953261241725111
.06240027232919876
.06880570522786521
.2114842110943755
.1351026200008917
30.14310986701056
23.919936651993005
8.402214656460249
.002486555117736704
.0004446495471464425
.0015636667312181282
.006159952069491419
3.549980702880615
7.10796714481698
.021794325753564915
21.555242053326573
3.740940890419143
9.352246316452623
20.16987243659385
.001379324831766291
.009228427558815675
.0005438087787819438
2.336867332722924
.0003433352963370653
.0028096246310962843
.010999849007696178
.0004166913988031024
.9620079865666378
.6828847440513305
35567729927185704e-21
.008231245255981406
.8084012421298555
.72103222760735
3.3193955569257616
.00020014075976503915
5182862883000559e-20
.6635035298056294
.7654430284561268
.08125874861871317
.010142724872701245
.2836360079905794
1.6213402967085462
1.514682078434244
2.2420532369477137
1.682688805054037
2.084340265585842
.03287340832013748
.0375251223875146
.008990976177758602
.00019399687154912792
6.551650533317486
6.103944514044685
.5440151130787924
.01743130211173045
.004188561538622949
6644708889246027e-20
.000815518936818726
.10659422280224791
.020472047445488133
.0008166130104344646
.4054772088901239
6334940555179555e-20
.0002503445478479667
.034341606045022864
2388642355180776e-20
0
0
0
0
0
0
0
0
0
0
0
0
0
0
0
0
0
0
0
.7736147471662044
0
0
0
0
.5839225187027365
1202.0210537038595
.004199604078806055
.11066178009853889
.019742673599538536
.21935036010395215
.1080957522353237
.6269005766848788
.14043144513305972
.36393799495738094
.006104604797668007
2.9377782863415316
3.295044765775212
.01618044289874923
.04240728272085233
.8305740314691656
.60323730648987
.2254039746687345
.40575523246195133
.01941307752813739
.01941307752813739
.22553817606460513
536670444281153e-19
.01941307752813739
.01941307752813739
.01941307752813739
.01941307752813739
.01941307752813739
.01941307752813739
.01941307752813739
.01941307752813739
.01941307752813739
.01941307752813739
.01941307752813739
.01941307752813739
.01941307752813739
.01941307752813739
.01941307752813739
.01941307752813739
.01941307752813739
.01941307752813739
.01941307752813739
.01941307752813739
.01941307752813739
.01941307752813739
.01941307752813739
.01941307752813739
.01941307752813739
.01941307752813739
.01941307752813739
.01941307752813739
.01941307752813739
.01941307752813739
.01941307752813739
.01941307752813739
.01941307752813739
.01941307752813739
.01941307752813739
.01941307752813739
.01941307752813739
.01941307752813739
.01941307752813739
.01941307752813739
.01941307752813739
.01941307752813739
.01941307752813739
.01941307752813739
.23745420345464865
.010352007665137027
.01941307752813739
.010352007665137027
.172283992019176
.08616322909978213
.01941307752813739
.01941307752813739
.03441988118903485
.01941307752813739
.01941307752813739
.01941307752813739
.01941307752813739
.01941307752813739
.01941307752813739
.01941307752813739
.01941307752813739
.01941307752813739
.01941307752813739
.1606655379548666
.01941307752813739
.01941307752813739
.01941307752813739
.01941307752813739
.01941307752813739
.01941307752813739
.01941307752813739
.01941307752813739
.01941307752813739
.01941307752813739
.01941307752813739
.01941307752813739
.01941307752813739
.01941307752813739
.01941307752813739
.01941307752813739
.01941307752813739
.01941307752813739
.23745420345464865
.23745420345464865
.172283992019176
.01941307752813739
.01941307752813739
.01941307752813739
.01941307752813739
.172283992019176
.060395369088125615
.20782363320835143
.01941307752813739
.23745420345464865
.01941307752813739
.01941307752813739
.01941307752813739
.01941307752813739
.01941307752813739
.03441988118903485
.01941307752813739
.01941307752813739
.14848204117720795
.01941307752813739
.22553817606460513
.01941307752813739
.01941307752813739
.010352007665137027
.01941307752813739
.01941307752813739
.01941307752813739
.11997042818178148
.01941307752813739
.01941307752813739
.01941307752813739
.01941307752813739
.01941307752813739
.01941307752813739
.01941307752813739
.01941307752813739
.01941307752813739
.01941307752813739
.01941307752813739
.01941307752813739
.01941307752813739
.01941307752813739
.01941307752813739
.01941307752813739
.01941307752813739
.01941307752813739
.01941307752813739
.01941307752813739
.01941307752813739
.01941307752813739
.01941307752813739
.11997042818178148
.01941307752813739
.01941307752813739
.01941307752813739
.01941307752813739
.01941307752813739
.01941307752813739
.01941307752813739
.01941307752813739
.01941307752813739
.01941307752813739
.22553817606460513
.19190538313393113
.1606655379548666
.01941307752813739
9999999999985116e-28
.20187216185399143
.20187216185399143
.1606655379548666
.1606655379548666
.22553817606460513
.22553817606460513
.22553817606460513
.22553817606460513
