1.489266759974208
.9535291788026581
.015192490547166612
.002387324709703739
664328150115172e-20
.03986670577795133
6.824993063691581
.6605183774592618
.057049643786169384
.06963675146704967
.06718088379998663
5.182992299854181
.7304156075105217
.3655491461240788
.005442995691756646
2.9264201856851892
.2888807067789183
.003907995412798243
.07964712625855734
.0050743171458413295
.002240549082696908
.010494820783252236
.00015044409145383567
.0028244646025236985
.3355843510611371
16.093962225976227
.00016128302663445164
.005554124342928517
.006328031394183844
.005186624535598732
13304041972674423e-22
.00016699918803792047
.014079467688778722
.0012679822799373723
.009634607594878525
21073250967464038e-21
.0022766757963269715
.0028522219775600276
.00035312831903887884
.005355980894009438
3750245852988355e-20
.00521876701280641
.005527041566240404
.02009297380156717
.00033118715568486776
.10580326910620028
.007391771078448821
.0009558268755033731
.05426774971030686
.2909012833253627
.0011105244605959254
.6187997449338918
.00985066587646779
12.30139386643871
11.367906268620978
1.4782740821855043
.006953261327769811
.06240027016829497
.06880566115589255
.21148421102883047
.13510261994379102
30.14310986701056
23.919939100495537
8.402182585223988
.0024863207488834125
.00044459359990660894
.001563666786444924
.0061599520094863395
3.5499803468564157
7.107966937157289
.02179432413649459
21.555241870780588
3.7409408953932726
9.352040980621066
20.16987408623849
.0013793248324167197
.00922842759089573
.0005438088826054802
2.3368673741572263
.0003432933769311519
.0028092842472716914
.010999848808580714
.00041664021450545563
.9619007074837482
.6828092531578158
3556372402099886e-20
.008231256129964361
.8083107307686311
.7209498836204504
3.3193785399587474
.00020014343883621534
52209136851691364e-21
.6634894863845171
.7654375477191151
.08124981129364528
.01014156275288868
.2836185989371349
1.6213398724880523
1.5146820305341127
2.242052987780476
1.682534549551446
2.0843402592890428
.03287000004418105
.037521775616765896
.008990976313120961
.0001939966343881
6.551633860803266
6.103896645242232
.5440150832329517
.017429289755251386
.004188561087934302
664470810285244e-19
.0008154576723911266
.10658399846823431
.020472046464734755
.0008165156373303319
.40547720229849127
6334293625440593e-20
.0002503191506956701
.03434160349846527
23886421218529587e-21
0
0
0
0
0
0
0
0
0
0
0
0
0
0
0
0
0
0
0
.7736148355484953
0
0
0
0
.5839106697671113
1202.0210537038595
.004199604078806055
.11066178009853889
.019742673599538536
.21935036010395215
.10808807040509924
.6269005549780501
.14043143712691233
.3639386780648963
.006104604558846962
2.9425031997549786
3.2985705951046036
.016180447798068716
.04240729661843139
.8305739457747849
.6032372562009386
.2254040931174632
.4057554562721195
.01941307752813739
.01941307752813739
.22553817606460513
53667044428093304e-21
.01941307752813739
.01941307752813739
.01941307752813739
.01941307752813739
.01941307752813739
.01941307752813739
.01941307752813739
.01941307752813739
.01941307752813739
.01941307752813739
.01941307752813739
.01941307752813739
.01941307752813739
.01941307752813739
.01941307752813739
.01941307752813739
.01941307752813739
.01941307752813739
.01941307752813739
.01941307752813739
.01941307752813739
.01941307752813739
.01941307752813739
.01941307752813739
.01941307752813739
.01941307752813739
.01941307752813739
.01941307752813739
.01941307752813739
.01941307752813739
.01941307752813739
.01941307752813739
.01941307752813739
.01941307752813739
.01941307752813739
.01941307752813739
.01941307752813739
.01941307752813739
.01941307752813739
.01941307752813739
.01941307752813739
.01941307752813739
.01941307752813739
.01941307752813739
.23745420345464865
.010352007665136996
.01941307752813739
.010352007665136996
.172283992019176
.08616322909978213
.01941307752813739
.01941307752813739
.03441988118903487
.01941307752813739
.01941307752813739
.01941307752813739
.01941307752813739
.01941307752813739
.01941307752813739
.01941307752813739
.01941307752813739
.01941307752813739
.01941307752813739
.1606655379548666
.01941307752813739
.01941307752813739
.01941307752813739
.01941307752813739
.01941307752813739
.01941307752813739
.01941307752813739
.01941307752813739
.01941307752813739
.01941307752813739
.01941307752813739
.01941307752813739
.01941307752813739
.01941307752813739
.01941307752813739
.01941307752813739
.01941307752813739
.01941307752813739
.23745420345464865
.23745420345464865
.172283992019176
.01941307752813739
.01941307752813739
.01941307752813739
.01941307752813739
.172283992019176
.06039536908812564
.20782363320835143
.01941307752813739
.23745420345464865
.01941307752813739
.01941307752813739
.01941307752813739
.01941307752813739
.01941307752813739
.03441988118903487
.01941307752813739
.01941307752813739
.14848204117720795
.01941307752813739
.22553817606460513
.01941307752813739
.01941307752813739
.010352007665136996
.01941307752813739
.01941307752813739
.01941307752813739
.11997042818178148
.01941307752813739
.01941307752813739
.01941307752813739
.01941307752813739
.01941307752813739
.01941307752813739
.01941307752813739
.01941307752813739
.01941307752813739
.01941307752813739
.01941307752813739
.01941307752813739
.01941307752813739
.01941307752813739
.01941307752813739
.01941307752813739
.01941307752813739
.01941307752813739
.01941307752813739
.01941307752813739
.01941307752813739
.01941307752813739
.01941307752813739
.11997042818178148
.01941307752813739
.01941307752813739
.01941307752813739
.01941307752813739
.01941307752813739
.01941307752813739
.01941307752813739
.01941307752813739
.01941307752813739
.01941307752813739
.22553817606460513
.19190538313393113
.1606655379548666
.01941307752813739
9999999999985116e-28
.20187216185399143
.20187216185399143
.1606655379548666
.1606655379548666
.22553817606460513
.22553817606460513
.22553817606460513
.22553817606460513
