1.4809462270605709
.9962893939286269
.015651558842531107
.0024772071540045434
7316656610430613e-21
.041013081282440376
6.826785945203052
.660154274251509
.05696538108997525
.07082151147637397
.0671755908969868
5.27475450185214
.7305872052678806
.3719028719229608
.005531300848789498
2.9892773212596246
.29560604734754464
.003912035889777288
.07966070078713008
.0050729541197089495
.0022399694154231465
.010650539863598516
.0001525296748872653
.002824534166504852
.3407098650270964
16.028536217709036
.0001620457574274768
.005555356253711763
.0063293542085194245
.005187403212807361
13313080113031643e-22
.00016702698061589304
.014081810977110313
.0012681946122506654
.009636211017434912
21451575615792463e-21
.002274747416188557
.002852701085893797
.00035909956993871996
.005356916712014816
3818126933462197e-20
.0052223522710670225
.005560017170366736
.020065075096173897
.00032982781510393637
.1058238943394604
.007391396633521748
.0009583795023057577
.05448634611001314
.2933933905144004
.0011485198603310856
.6195709937298954
.010181495932916059
12.324082419250026
11.383292813092526
1.4791147166644927
.0069545765327191
.06395168084248214
.07051983775105938
.21162411068676312
.13517138685240712
30.254050305859053
24.014085898166094
8.426760583043059
.002488008724293435
.00044555638465970985
.001562653476734513
.0061660533950578305
3.64809554501861
7.133006669170559
.021986445117565128
21.558878124647613
3.7415787148652995
9.357231801124458
20.17313153621575
.0013795771842752803
.009228557029212412
.0005439024746176979
2.336924140173234
.00034366204427725515
.0028123352544647856
.011001418969384601
.00042269824313742593
.9620445671001886
.6900038178373141
3566278258082756e-20
.008334829469056214
.8105446104940858
.7224470557853091
3.324246534993179
.0002008861555764218
5137478208138607e-20
.6638490470445774
.7650619027641122
.08085793307869828
.010342993643154521
.284148429682147
1.6224151689628614
1.5165678504200026
2.2607758744619835
1.6838444086209392
2.084746672728467
.03296620597505893
.037687176026810584
.009216732729272693
.0001941447667038403
6.5693668957410285
6.1144642009769425
.5443300582332626
.017558907556549784
.004227605073341176
6709728140642137e-20
.0008504748404699246
.10715017861534654
.020496759606302196
.0008178495598923487
.4059879345545937
636243172008639e-19
.00025032833091099513
.034385864633776665
2408972467717352e-20
0
0
0
0
0
0
0
0
0
0
0
0
0
0
0
0
0
0
0
.7806337118597625
0
0
0
0
.584950657774196
1202.2210994630757
.004200302995837303
.11068019693054679
.01974595926422553
.2193868653791186
.10904996665218433
.628436597126168
.14221288567404405
.36415018131672305
.006108622711082793
2.9396768298863485
3.2994965512991925
.01635457444633732
.04286879339074742
.8320208095839972
.6042137761792439
.2255337175897028
.4059915322068662
.01941630833996125
.01941630833996125
.22742260432626138
57380883787312644e-21
.01941630833996125
.01941630833996125
.01941630833996125
.01941630833996125
.01941630833996125
.01941630833996125
.01941630833996125
.01941630833996125
.01941630833996125
.01941630833996125
.01941630833996125
.01941630833996125
.01941630833996125
.01941630833996125
.01941630833996125
.01941630833996125
.01941630833996125
.01941630833996125
.01941630833996125
.01941630833996125
.01941630833996125
.01941630833996125
.01941630833996125
.01941630833996125
.01941630833996125
.01941630833996125
.01941630833996125
.01941630833996125
.01941630833996125
.01941630833996125
.01941630833996125
.01941630833996125
.01941630833996125
.01941630833996125
.01941630833996125
.01941630833996125
.01941630833996125
.01941630833996125
.01941630833996125
.01941630833996125
.01941630833996125
.01941630833996125
.01941630833996125
.01941630833996125
.2384441340227869
.010702433892367087
.01941630833996125
.010702433892367087
.17264273866788785
.0862349513323769
.01941630833996125
.01941630833996125
.03528993714132971
.01941630833996125
.01941630833996125
.01941630833996125
.01941630833996125
.01941630833996125
.01941630833996125
.01941630833996125
.01941630833996125
.01941630833996125
.01941630833996125
.16268334692704217
.01941630833996125
.01941630833996125
.01941630833996125
.01941630833996125
.01941630833996125
.01941630833996125
.01941630833996125
.01941630833996125
.01941630833996125
.01941630833996125
.01941630833996125
.01941630833996125
.01941630833996125
.01941630833996125
.01941630833996125
.01941630833996125
.01941630833996125
.01941630833996125
.2384441340227869
.2384441340227869
.17264273866788785
.01941630833996125
.01941630833996125
.01941630833996125
.01941630833996125
.17264273866788785
.06166487688798541
.20842973651345728
.01941630833996125
.2384441340227869
.01941630833996125
.01941630833996125
.01941630833996125
.01941630833996125
.01941630833996125
.03528993714132971
.01941630833996125
.01941630833996125
.1487293368257567
.01941630833996125
.22742260432626138
.01941630833996125
.01941630833996125
.010702433892367087
.01941630833996125
.01941630833996125
.01941630833996125
.12012025434436002
.01941630833996125
.01941630833996125
.01941630833996125
.01941630833996125
.01941630833996125
.01941630833996125
.01941630833996125
.01941630833996125
.01941630833996125
.01941630833996125
.01941630833996125
.01941630833996125
.01941630833996125
.01941630833996125
.01941630833996125
.01941630833996125
.01941630833996125
.01941630833996125
.01941630833996125
.01941630833996125
.01941630833996125
.01941630833996125
.01941630833996125
.12012025434436002
.01941630833996125
.01941630833996125
.01941630833996125
.01941630833996125
.01941630833996125
.01941630833996125
.01941630833996125
.01941630833996125
.01941630833996125
.01941630833996125
.22742260432626138
.19238500801523936
.16268334692704217
.01941630833996125
99999999999852e-26
.20242721925134488
.20242721925134488
.16268334692704217
.16268334692704217
.22742260432626138
.22742260432626138
.22742260432626138
.22742260432626138
