1.5172686154506516
.8252632859484863
.013764054332556643
.002111642476210183
4815105944467628e-21
.03629652454464533
6.818913870129855
.6617114087911644
.05728935683357452
.065923372068183
.06719607475616927
4.879348319699288
.729843219998577
.3444950206433361
.005148938437579636
2.7164468680263574
.2665825790114088
.0038930214936581885
.07960138449410215
.005078861786453774
.0022424814347244753
.01000125138380842
.00014380285122172202
.00282195434093785
.3193687920587061
16.31125639700318
.0001580768432443041
.005549953798814328
.006323579368052899
.005184002136481323
13277547112202726e-22
.00016690568908210666
.014071584468641454
.0012672679571251561
.009629213408882972
1982265108456288e-20
.002283016598588595
.0028506101729588937
.000333302564036227
.005352832841062875
35259734849409624e-21
.005208241022294241
.005435722811348624
.020187212630445314
.0003357502951091839
.10573407356293157
.00739278071002261
.0009466843352989477
.053491831055747514
.28242856732083377
.0009916930795102804
.6161983929565475
.008814567491941499
12.225370388830763
11.315752695703676
1.4753925641598904
.0069488549717612045
.05744529128617052
.06333077173440416
.2110043966766131
.1348671486338714
29.76975179399131
23.59792079520772
8.31892930464169
.002479876003312422
.0004411010687681242
.0015670675033995327
.006138560054055808
3.2243272050270457
7.01933497661156
.021099775086388176
21.54300318436115
3.7387948849101016
9.334729825579423
20.158954433071216
.0013784733273674776
.009227921285365415
.0005434976417655008
2.336678155020851
.00034192315696859757
.002797965176953006
.0109945580442844
.00039718490892792964
.9610005424546588
.6584531017210583
3521566761388655e-20
.007887373303766439
.8004858448581279
.7155780705350531
3.303013488666986
.00019768076641343244
56241053128129363e-21
.662290239879646
.7666489563531393
.08254679968122723
.009489249777092507
.281785780758443
1.617703803288334
1.5083245299728578
2.174076866792832
1.677583011648836
2.0829711650428386
.03253804283653365
.036962661605062105
.008270968085599392
.00019336701382367585
6.488240248840522
6.068312379224143
.5429243989643177
.01699272141020235
.004047595835786596
6408541422117893e-20
.000706491118331858
.10467747398643687
.020388761103242264
.0008117233274900906
.4037615939521832
6238926272254268e-20
.000250190088322483
.03419235863248216
23149369027406684e-21
0
0
0
0
0
0
0
0
0
0
0
0
0
0
0
0
0
0
0
.7502240352600558
0
0
0
0
.5803688279692606
1201.3480657740474
.004197252803138864
.1105998227459049
.019731620065165104
.21922755015457981
.10488900887260222
.621752247938436
.1345980328875047
.36325846537205847
.00609064468856655
2.963375636178369
3.3037548494697235
.015606445622468186
.04088660282815194
.8256972545702002
.5999465312804407
.2249496227883964
.4049277078574509
.019402208528117228
.019402208528117228
.21931029231978308
42900544013726346e-21
.019402208528117228
.019402208528117228
.019402208528117228
.019402208528117228
.019402208528117228
.019402208528117228
.019402208528117228
.019402208528117228
.019402208528117228
.019402208528117228
.019402208528117228
.019402208528117228
.019402208528117228
.019402208528117228
.019402208528117228
.019402208528117228
.019402208528117228
.019402208528117228
.019402208528117228
.019402208528117228
.019402208528117228
.019402208528117228
.019402208528117228
.019402208528117228
.019402208528117228
.019402208528117228
.019402208528117228
.019402208528117228
.019402208528117228
.019402208528117228
.019402208528117228
.019402208528117228
.019402208528117228
.019402208528117228
.019402208528117228
.019402208528117228
.019402208528117228
.019402208528117228
.019402208528117228
.019402208528117228
.019402208528117228
.019402208528117228
.019402208528117228
.019402208528117228
.2341527896876755
.009255111078312065
.019402208528117228
.009255111078312065
.1710821358418442
.08592229356046037
.019402208528117228
.019402208528117228
.03164655960487702
.019402208528117228
.019402208528117228
.019402208528117228
.019402208528117228
.019402208528117228
.019402208528117228
.019402208528117228
.019402208528117228
.019402208528117228
.019402208528117228
.1540569034385741
.019402208528117228
.019402208528117228
.019402208528117228
.019402208528117228
.019402208528117228
.019402208528117228
.019402208528117228
.019402208528117228
.019402208528117228
.019402208528117228
.019402208528117228
.019402208528117228
.019402208528117228
.019402208528117228
.019402208528117228
.019402208528117228
.019402208528117228
.019402208528117228
.2341527896876755
.2341527896876755
.1710821358418442
.019402208528117228
.019402208528117228
.019402208528117228
.019402208528117228
.1710821358418442
.056312022607947286
.20579677512800612
.019402208528117228
.2341527896876755
.019402208528117228
.019402208528117228
.019402208528117228
.019402208528117228
.019402208528117228
.03164655960487702
.019402208528117228
.019402208528117228
.1476528108119757
.019402208528117228
.21931029231978308
.019402208528117228
.019402208528117228
.009255111078312065
.019402208528117228
.019402208528117228
.019402208528117228
.11946757579238135
.019402208528117228
.019402208528117228
.019402208528117228
.019402208528117228
.019402208528117228
.019402208528117228
.019402208528117228
.019402208528117228
.019402208528117228
.019402208528117228
.019402208528117228
.019402208528117228
.019402208528117228
.019402208528117228
.019402208528117228
.019402208528117228
.019402208528117228
.019402208528117228
.019402208528117228
.019402208528117228
.019402208528117228
.019402208528117228
.019402208528117228
.11946757579238135
.019402208528117228
.019402208528117228
.019402208528117228
.019402208528117228
.019402208528117228
.019402208528117228
.019402208528117228
.019402208528117228
.019402208528117228
.019402208528117228
.21931029231978308
.19030002349206956
.1540569034385741
.019402208528117228
9999999999984835e-28
.20001533180867226
.20001533180867226
.1540569034385741
.1540569034385741
.21931029231978308
.21931029231978308
.21931029231978308
.21931029231978308
