1.507678816809981
.7171662014807858
.010963385707306351
.00260305933130655
37748704952138414e-22
.031122345814456023
6.65425153064801
.683833451824937
.060348732132197255
.06791789944670322
.07401277136554532
4.81736515094236
.7050528114815432
.3335251329067005
.005138001825667309
3.380473949029098
.3540310480831728
.0032924757926385832
.0774443810033042
.004916577266787723
.0019557612196484625
.00989233504767676
.0001693053411281828
.0028976158193246837
.2994837776083873
17.165371095864653
.00015066943209736793
.005794039329756323
.0063823468664010565
.00566442991468917
1320366409249127e-21
.0001702785611591145
.013739846463632752
.001294731658213382
.00979729063560613
20156329798972435e-21
.0022878805393637207
.0028089620631155375
.00029935554211083605
.00521854320621009
29598664017701433e-21
.005677748386631977
.006138054728384759
.019255050105080093
.000350366472284165
.11702724421903447
.00780499329603206
.0008581724693644661
.04510545965697298
.3169261436050833
.001007478225708078
.5405959733835113
.008918499547146255
11.841045132368892
10.906591584609885
1.418304789523344
.006839971258642899
.061204374904199166
.06775213797402592
.22108321733342806
.12461508811253581
29.897615775866917
22.93178956616837
9.06456472890083
.0023647157436464763
.0005220154857199161
.0014230445937814965
.006378726887133606
3.3837797234288005
7.62880938913011
.021842659837729417
22.507869885087878
3.458332889015701
8.76767911379362
21.1251943413523
.0014109986796022045
.009419825903331076
.0006479165738723263
2.2666135993359156
.00035147032227269073
.0031225580493262563
.01116499782233576
.0003964687141394813
.9401775784574024
.6714627008230976
29399681890229395e-21
.006907862511691359
.8790052284902319
.7845630284002834
3.4933203064764204
.0001675348901534211
5387698787162115e-20
.574068025635589
.8409443866765274
.08669680597136707
.010703402933714946
.2700881240643041
1.604942356804575
1.5040440361218983
2.0389174508709202
1.5488842334606543
2.065142239236246
.027282453121638187
.03845753768828311
.00837107310825852
.00016569940360326623
6.207829790903051
6.085242186057597
.5636093860850767
.016892384030706357
.004458093321579866
6117629098204388e-20
.0005836469135572243
.09933573686165019
.01913639187429048
.0009119126215991611
.4191546757932012
5425723898830089e-20
.00023720792789350215
.034404987074131706
2193714019697657e-20
0
0
0
0
0
0
0
0
0
0
0
0
0
0
0
0
0
0
0
.7318667042105492
0
0
0
0
.5429141999245566
1270.8750094898312
.0042513510703791856
.1008288647720759
.018089802650148593
.21769998195991408
.10763501339348566
.6455609963950066
.13448747955819632
.4442967089094911
.006405383159974181
3.0491900097471647
3.1489551139389973
.01684192145302675
.045116423011418605
.8544172957189233
.5744852433222706
.25976380196874377
.4365335081998991
.019405930150457634
.019405930150457634
.22142330269540594
4580899967381678e-20
.019405930150457634
.019405930150457634
.019405930150457634
.019405930150457634
.019405930150457634
.019405930150457634
.019405930150457634
.019405930150457634
.019405930150457634
.019405930150457634
.019405930150457634
.019405930150457634
.019405930150457634
.019405930150457634
.019405930150457634
.019405930150457634
.019405930150457634
.019405930150457634
.019405930150457634
.019405930150457634
.019405930150457634
.019405930150457634
.019405930150457634
.019405930150457634
.019405930150457634
.019405930150457634
.019405930150457634
.019405930150457634
.019405930150457634
.019405930150457634
.019405930150457634
.019405930150457634
.019405930150457634
.019405930150457634
.019405930150457634
.019405930150457634
.019405930150457634
.019405930150457634
.019405930150457634
.019405930150457634
.019405930150457634
.019405930150457634
.019405930150457634
.019405930150457634
.23527820949919231
.009612865076348636
.019405930150457634
.009612865076348636
.17149278804418794
.08600473082293383
.019405930150457634
.019405930150457634
.03256632012249622
.019405930150457634
.019405930150457634
.019405930150457634
.019405930150457634
.019405930150457634
.019405930150457634
.019405930150457634
.019405930150457634
.019405930150457634
.019405930150457634
.15628802768062783
.019405930150457634
.019405930150457634
.019405930150457634
.019405930150457634
.019405930150457634
.019405930150457634
.019405930150457634
.019405930150457634
.019405930150457634
.019405930150457634
.019405930150457634
.019405930150457634
.019405930150457634
.019405930150457634
.019405930150457634
.019405930150457634
.019405930150457634
.019405930150457634
.23527820949919231
.23527820949919231
.17149278804418794
.019405930150457634
.019405930150457634
.019405930150457634
.019405930150457634
.17149278804418794
.05767526366019938
.20648867486986455
.019405930150457634
.23527820949919231
.019405930150457634
.019405930150457634
.019405930150457634
.019405930150457634
.019405930150457634
.03256632012249622
.019405930150457634
.019405930150457634
.14793627447136282
.019405930150457634
.22142330269540594
.019405930150457634
.019405930150457634
.009612865076348636
.019405930150457634
.019405930150457634
.019405930150457634
.11963954989223813
.019405930150457634
.019405930150457634
.019405930150457634
.019405930150457634
.019405930150457634
.019405930150457634
.019405930150457634
.019405930150457634
.019405930150457634
.019405930150457634
.019405930150457634
.019405930150457634
.019405930150457634
.019405930150457634
.019405930150457634
.019405930150457634
.019405930150457634
.019405930150457634
.019405930150457634
.019405930150457634
.019405930150457634
.019405930150457634
.019405930150457634
.11963954989223813
.019405930150457634
.019405930150457634
.019405930150457634
.019405930150457634
.019405930150457634
.019405930150457634
.019405930150457634
.019405930150457634
.019405930150457634
.019405930150457634
.22142330269540594
.1908482918998785
.15628802768062783
.019405930150457634
9999999999984938e-28
.2006493072574904
.2006493072574904
.15628802768062783
.15628802768062783
.22142330269540594
.22142330269540594
.22142330269540594
.22142330269540594
