0
39.502523011976876
.16364443463234285
.29252208257760764
11.033501238464767
.36586065377245724
5.597394869564171
.2196201420950698
.003205496079381087
.31625080585707427
.026424221726173484
8.3922817258464
.7242958893965014
.6013778117074664
.008655908754564848
8.008222383281444
.927618223649405
.004091863157900593
.08142172413395302
.0038393353951656386
.0018662650975008633
.04101850375238374
.0001480770377326391
23251346421538907e-21
.2952370151073294
0
0
.005473735878543825
.006429802505999956
.006095663566266963
.002342845327335754
.000179402423869906
.01408495164111897
.001309627729489751
.010429424647357475
3212678979489332e-20
.0004596579697507006
.002924033678461079
.0005035926876413194
.005400436225079233
15801056954530698e-21
9.496232521262106
13.186866657199168
.005922106050894112
55827781292039006e-21
.12430611057499978
.007409091537495163
.007449105124434813
.3849338397271783
0
.4576804922557099
0
3.9535455915385134
18.03669924972308
0
0
.006956178436097699
2.7736187260239684
12.988684082438649
0
0
42.281681128783454
26.040316898682626
9.783468861787629
.0024016250898173386
.0006187595914475214
.0013201635723809617
.00654724217351472
0
0
0
23.94181325162587
3.5351497600864676
9.320329835494576
17.075482544995378
.0014922884805277437
.008487565001981905
.0004433409346540271
2.1810834944412694
.00039354599650294985
.0035097993039776517
.01151504848106817
.001638833025811982
.9434492971180704
1.6409761024698686
.00012538378094419184
.026271424269588232
1.313168738122246
1.679784146295964
3.1295656545312864
.0035332599692959915
.00048319196505646915
.6463594915267594
.827563456662357
0
.4489742369087569
.850901887481686
2.21251238640295
2.715749932532378
0
5.8605214300969175
1.9908710871130635
.5032521909619292
1.126908079952733
.935542117673992
.0007912581121058332
50
8.342394798327506
.45867831449221785
.06859953396311558
0
0
0
5.050390110738752
.01041706441617294
.0005048400330176739
.5273571528176655
.0013455814431385384
.00022819349516354096
.015451615657662416
0
0
0
0
0
0
0
0
0
0
0
0
0
0
0
0
0
0
0
0
1.8452717757179595
0
0
0
0
.6112729194086726
1374.8768466326264
.004572410742669996
.10989196718351922
.01873803747925199
.2272260930035386
.5175760821938749
1.0222013289828542
1.345086960826696
1.3410934500731577
.0075319658443778695
5.957606842821084
6.377732769608566
.1435397322528689
.3584460531860316
5.373646302966275
3.7942932886257603
0
0
.02
.02
1
8
.02
.02
.02
.02
.02
.02
.02
.02
.02
.02
.02
.02
.02
.02
.02
.02
.02
.02
.02
.02
.02
.02
.02
.02
.02
.02
.02
.02
.02
.02
.02
.02
.02
.02
.02
.02
.02
.02
.02
.02
.02
.02
.02
.02
.5
4
.02
4
.25
.1
.02
.02
3
.02
.02
.02
.02
.02
.02
.02
.02
.02
.02
1.5
.02
.02
.02
.02
.02
.02
.02
.02
.02
.02
.02
.02
.02
.02
.02
.02
.02
.02
.5
.5
.25
.02
.02
.02
.02
.25
2.5
.35
.02
.5
.02
.02
.02
.02
.02
3
.02
.02
.2
.02
1
.02
.02
4
.02
.02
.02
.15
.02
.02
.02
.02
.02
.02
.02
.02
.02
.02
.02
.02
.02
.02
.02
.02
.02
.02
.02
.02
.02
.02
.02
.15
.02
.02
.02
.02
.02
.02
.02
.02
.02
.02
1
.3
1.5
.02
1e-12
.33
.33
1.5
1.5
1
1
1
1
