62012770735758405e-28
39.50252301193595
.16364443462410785
.29252208257160345
11.033501237599756
.3658606537705337
5.597394869603745
.21962014210595615
.0032054960793765227
.31625080586638626
.026424221726932404
8.392281726203146
.724295889396384
.6013778117327659
.008655908754894697
8.0082223832753
.9276182241201602
.00409186315764874
.08142172413394333
.0038393353951673447
.001866265097501654
.041018503752369005
.0001480770378135736
23251346420312895e-21
.2952370151347753
3895600081731992e-23
11831357452121067e-30
.005473735878568598
.00642980250599859
.006095663566266531
.002342845327293067
.00017940242386988372
.014084951641117224
.0013096277294895875
.01042942464735618
3212678979628595e-20
.00045965796977595624
.002924033678460712
.0005035926876609363
.005400436225078533
15801056956073406e-21
9.496232521105156
13.186866657183685
.0059221060509728855
55827781293225536e-21
.12430611057495114
.007409091537494705
.007449105124401281
.3849338397270433
8656635745811531e-26
.45768049247498577
26669011804679294e-27
3.95354559143256
18.036699249668263
15411772618664287e-25
2071662930080294e-25
.0069561784360965
2.7736187259850014
12.98868408195702
2661385118543342e-26
22023219656089876e-27
42.28168112855054
26.04031689892396
9.783468862779737
.002401625089694606
.0006187595914097355
.0013201635723750662
.0065472421735302405
4838525940250766e-24
0
716951300720851e-26
23.94181325148485
3.53514976008658
9.320329840267489
17.075482546708702
.0014922884805275301
.00848756500202406
.0004433409347355166
2.181083494443187
.00039354599647665485
.003509799303745767
.011515048481067767
.001638833025698737
.9434492970483872
1.6409761023394123
.00012538378094026497
.026271424269511665
1.3131687380123134
1.679784146064587
3.1295656546844435
.003533259969248245
.0004831919650340871
.646359491848715
.8275634566592398
12997695418643117e-27
.44897423687275373
.8509018874357439
2.2125123863412672
2.7157499334155015
3335994367030876e-25
5.860521429760446
1.990871087144015
.5032521909152382
1.1269080798790705
.9355421176511132
.000791258112089826
49.999999999917314
8.342394798305486
.45867831449754953
.06859953395730109
6132799523277264e-28
633832616560079e-29
33136587527157278e-25
5.050390110304621
.010417064417865584
.0005048400330582259
.52735715282514
.0013455814430400755
.0002281934951469651
.015451615660261498
3289346443068786e-30
0
0
0
0
0
0
0
0
0
0
0
0
0
0
0
0
0
0
0
1.8452717757116168
0
0
0
0
.6112729196997989
1374.876846632456
.004572410742669428
.10989196718350559
.018738037479249667
.22722609300351043
.517576082172163
1.022201328980163
1.3450869608066467
1.3410934500496927
.007531965844363561
5.957606842813072
6.377732769598754
.143539732245184
.35844605316757033
5.3736463014614
3.7942932875378292
10130943589815413e-26
16813268798435374e-26
.01999999999999752
.01999999999999752
.9999999999937987
7.999999999603118
.01999999999999752
.01999999999999752
.01999999999999752
.01999999999999752
.01999999999999752
.01999999999999752
.01999999999999752
.01999999999999752
.01999999999999752
.01999999999999752
.01999999999999752
.01999999999999752
.01999999999999752
.01999999999999752
.01999999999999752
.01999999999999752
.01999999999999752
.01999999999999752
.01999999999999752
.01999999999999752
.01999999999999752
.01999999999999752
.01999999999999752
.01999999999999752
.01999999999999752
.01999999999999752
.01999999999999752
.01999999999999752
.01999999999999752
.01999999999999752
.01999999999999752
.01999999999999752
.01999999999999752
.01999999999999752
.01999999999999752
.01999999999999752
.01999999999999752
.01999999999999752
.01999999999999752
.01999999999999752
.01999999999999752
.01999999999999752
.01999999999999752
.01999999999999752
.4999999999984497
3.9999999999007794
.01999999999999752
3.9999999999007794
.24999999999961242
.09999999999993799
.01999999999999752
.01999999999999752
2.9999999999441886
.01999999999999752
.01999999999999752
.01999999999999752
.01999999999999752
.01999999999999752
.01999999999999752
.01999999999999752
.01999999999999752
.01999999999999752
.01999999999999752
1.4999999999860472
.01999999999999752
.01999999999999752
.01999999999999752
.01999999999999752
.01999999999999752
.01999999999999752
.01999999999999752
.01999999999999752
.01999999999999752
.01999999999999752
.01999999999999752
.01999999999999752
.01999999999999752
.01999999999999752
.01999999999999752
.01999999999999752
.01999999999999752
.01999999999999752
.4999999999984497
.4999999999984497
.24999999999961242
.01999999999999752
.01999999999999752
.01999999999999752
.01999999999999752
.24999999999961242
2.499999999961242
.3499999999992403
.01999999999999752
.4999999999984497
.01999999999999752
.01999999999999752
.01999999999999752
.01999999999999752
.01999999999999752
2.9999999999441886
.01999999999999752
.01999999999999752
.19999999999975196
.01999999999999752
.9999999999937987
.01999999999999752
.01999999999999752
3.9999999999007794
.01999999999999752
.01999999999999752
.01999999999999752
.14999999999986047
.01999999999999752
.01999999999999752
.01999999999999752
.01999999999999752
.01999999999999752
.01999999999999752
.01999999999999752
.01999999999999752
.01999999999999752
.01999999999999752
.01999999999999752
.01999999999999752
.01999999999999752
.01999999999999752
.01999999999999752
.01999999999999752
.01999999999999752
.01999999999999752
.01999999999999752
.01999999999999752
.01999999999999752
.01999999999999752
.01999999999999752
.14999999999986047
.01999999999999752
.01999999999999752
.01999999999999752
.01999999999999752
.01999999999999752
.01999999999999752
.01999999999999752
.01999999999999752
.01999999999999752
.01999999999999752
.9999999999937987
.2999999999994419
1.4999999999860472
.01999999999999752
1e-12
.32999999999932467
.32999999999932467
1.4999999999860472
1.4999999999860472
.9999999999937987
.9999999999937987
.9999999999937987
.9999999999937987
