2.990187394302196
.009486077565227388
.0005123582704333375
272244941740503e-19
11613160878902698e-28
.001980933311189955
6.455156941130266
.7467840783615907
.04770311101150939
.014819297255352335
.06813086911172789
.7256134416124745
.6764832894460281
.051941196055962716
.0008105572997304753
.011468757823577992
.0015078035993907125
.0021625966901850477
.07443772308528204
.004563818838897478
.002128967572599996
.0021768270204168085
492911936468798e-19
.0018670941251960386
.06482200246367649
4.079367749308463
5710694604454752e-21
.005572478867903512
.005949826043975388
.005414091512488933
11891036885002683e-22
.00017158430554299836
.013591055589027665
.001273915726002645
.009766448494887349
28876626462683067e-22
.002394987446112896
.002879447788902341
4598118000830133e-20
.004511866736139746
51151141333938244e-22
.005412469447402634
.0054120396913249
.02106282249010346
.0005380093623566119
.10874437806612262
.007584971869524529
.00047532818776961075
.022807401341761954
.06509666022216587
30332535810136647e-22
.12544767260660436
23510231276576e-18
8.637155542334032
8.235608935793111
1.1368867224712513
.006531421081992424
.0006813330295301051
.0007536932594266119
.19267232854315325
.11492295460123203
10.130834742637383
7.974732126538841
2.878772268560046
.001795323336824842
.00031806740976776166
.0014947765989076957
.005751651732373123
.008308727945444568
3.773503668613733
.0007838475025200161
10.130834742637383
3.4186232212078558
9.393698505970141
9.385531750534907
.0013882049877163368
.009162180689526726
.00016196208770287597
2.1407657148660206
.0002251208403261793
.001934541908925964
.01087686137519751
6636504497007071e-20
.6651251141898803
.029713041980635953
13719088196760149e-21
.00031713688171868833
.42315075612644065
.38998435748526766
2.554128907049633
.00011952585104866472
.0004101806574582194
.6251728802235034
.7481518193480955
.11924214710083028
.00026938823848799277
.1536426966227987
1.1359020429134556
.9929612337135397
.07219358180465912
1.2251266129994192
1.956669336374482
.013510288196372604
.01736963465708418
.00010149674941776026
.0001201895174769341
3.6462021435493415
4.387573983892706
.4474202032987143
.003940153530604368
.00011855822599957038
1833265788387498e-21
51540351438731945e-24
.043329341510220803
.01502632687828961
.0004863194108171237
.34740188622956414
23551853887598675e-21
.00017186012037986902
.025127950451784103
7307197885242785e-22
0
0
0
0
0
0
0
0
0
0
0
0
0
0
0
0
0
0
0
.1016087434209409
0
0
0
0
.14364370720304842
1292.7948112097172
.004132809797770302
.09595474787040972
.017813693424590167
.2137093517299434
.01895513952174537
.39284258564258057
.013368688371881815
.37136633816910436
.004387247619473567
2.211579038977074
2.2236734863409042
.002239339951548398
.005433315901930144
.49469061688036486
.3448984066218439
.1902175632483496
.30525165889183614
.01883898750008285
.01883898750008285
.05027870385237895
35222087518422493e-26
.01883898750008285
.01883898750008285
.01883898750008285
.01883898750008285
.01883898750008285
.01883898750008285
.01883898750008285
.01883898750008285
.01883898750008285
.01883898750008285
.01883898750008285
.01883898750008285
.01883898750008285
.01883898750008285
.01883898750008285
.01883898750008285
.01883898750008285
.01883898750008285
.01883898750008285
.01883898750008285
.01883898750008285
.01883898750008285
.01883898750008285
.01883898750008285
.01883898750008285
.01883898750008285
.01883898750008285
.01883898750008285
.01883898750008285
.01883898750008285
.01883898750008285
.01883898750008285
.01883898750008285
.01883898750008285
.01883898750008285
.01883898750008285
.01883898750008285
.01883898750008285
.01883898750008285
.01883898750008285
.01883898750008285
.01883898750008285
.01883898750008285
.01883898750008285
.1121138913545318
25662733241208747e-21
.01883898750008285
25662733241208747e-21
.11838169664035629
.07415455141490504
.01883898750008285
.01883898750008285
.0003817510493274271
.01883898750008285
.01883898750008285
.01883898750008285
.01883898750008285
.01883898750008285
.01883898750008285
.01883898750008285
.01883898750008285
.01883898750008285
.01883898750008285
.01691177612657591
.01883898750008285
.01883898750008285
.01883898750008285
.01883898750008285
.01883898750008285
.01883898750008285
.01883898750008285
.01883898750008285
.01883898750008285
.01883898750008285
.01883898750008285
.01883898750008285
.01883898750008285
.01883898750008285
.01883898750008285
.01883898750008285
.01883898750008285
.01883898750008285
.1121138913545318
.1121138913545318
.11838169664035629
.01883898750008285
.01883898750008285
.01883898750008285
.01883898750008285
.11838169664035629
.0014178588640154836
.12289960063910077
.01883898750008285
.1121138913545318
.01883898750008285
.01883898750008285
.01883898750008285
.01883898750008285
.01883898750008285
.0003817510493274271
.01883898750008285
.01883898750008285
.10997795195857632
.01883898750008285
.05027870385237895
.01883898750008285
.01883898750008285
25662733241208747e-21
.01883898750008285
.01883898750008285
.01883898750008285
.09578510489961282
.01883898750008285
.01883898750008285
.01883898750008285
.01883898750008285
.01883898750008285
.01883898750008285
.01883898750008285
.01883898750008285
.01883898750008285
.01883898750008285
.01883898750008285
.01883898750008285
.01883898750008285
.01883898750008285
.01883898750008285
.01883898750008285
.01883898750008285
.01883898750008285
.01883898750008285
.01883898750008285
.01883898750008285
.01883898750008285
.01883898750008285
.09578510489961282
.01883898750008285
.01883898750008285
.01883898750008285
.01883898750008285
.01883898750008285
.01883898750008285
.01883898750008285
.01883898750008285
.01883898750008285
.01883898750008285
.05027870385237895
.12233049585177956
.01691177612657591
.01883898750008285
9999999999970087e-28
.12301803526070255
.12301803526070255
.01691177612657591
.01691177612657591
.05027870385237895
.05027870385237895
.05027870385237895
.05027870385237895
