1.5144690289405298
.5852866770061403
.010700715531355855
.0019836640454409817
30425056643519374e-22
.028843700707606175
6.819365777900516
.720804947067426
.05999893907358866
.06160886376570594
.06919919386327142
4.850496437400281
.7004394679490313
.3447515226476225
.0050973881585162336
3.287790273815144
.449659166348933
.0031530876189161264
.07677246923096032
.004400878801043436
.0020570543611423404
.008537012484512824
.00018065069282170726
.0027233641141300134
.2619252625741929
17.651295615902633
.00013672944490770463
.0058276047277825115
.006183694654199283
.005566047266148441
12238217255112837e-22
.00017672395448459856
.013998186322623275
.001312327052386376
.010058992863216716
19585918485377832e-21
.002238909139622086
.0029665018024158823
.00029420441271354417
.004653204749284532
33569437552517036e-21
.005575559889164753
.006151557577724593
.02105870083198607
.0003265440924383394
.11239789836114744
.0077126021426797585
.000794728029288078
.040070316239817244
.24937022665941191
.0010937821552422173
.5945791601448402
.008277889107631307
12.081986592905025
11.233191015820609
1.327694951537176
.006783957310903718
.05635956841138971
.06251086623688776
.23140381678398786
.13179712535234447
29.80707961412627
23.184124940010776
8.006033050585076
.002445870200580013
.000488103291277953
.0015398677444586094
.006124595423122932
2.7842274822750452
7.891724363514733
.01701424807803588
24.44935235761672
3.524299005784848
9.581483889408084
23.044578894549154
.0014319238952148962
.009406085561383032
.0007678687036512471
2.175785611301025
.00033032121071779733
.0028488014917445355
.011169893102575984
.0003581615575810521
.8839343708843203
.6847228012453631
23489385081161052e-21
.007582365740246959
.9055136918126621
.8097838000673828
3.4975795989019307
.0001568191584249591
689258672466332e-19
.6378894669048443
.8079927995701125
.07547455181352555
.010281654477071127
.26634661960501105
1.5964824794599761
1.489010934129732
1.8724339455442893
1.5979943596478519
2.0362311731560236
.019868012389093685
.03015040812261223
.009209815251598197
.00015319674181960084
6.144417558879107
6.07420661544235
.5208338233410271
.019283305363783802
.0036345599154174414
6071578826258851e-20
.00045712006615479517
.08516736508949714
.02072230595937554
.0008526307515012313
.43720524919737935
4272532156680107e-20
.00021944407189023238
.03486042448354096
19588156418111678e-21
0
0
0
0
0
0
0
0
0
0
0
0
0
0
0
0
0
0
0
.734543720133176
0
0
0
0
.563255005541386
1331.519488247719
.004256604945531135
.09882899874868133
.018347288948597364
.22011085145285675
.10419924129359746
.6048420624346549
.1332385481440123
.42761395426195437
.006396846785787222
3.0732504482872853
3.2200032993640564
.017138023538000653
.04208174097575427
.8422727594538391
.5678584021877016
.25931625103745926
.4165341512800126
.01940329492175405
.01940329492175405
.2199249693773283
4380873788121787e-20
.01940329492175405
.01940329492175405
.01940329492175405
.01940329492175405
.01940329492175405
.01940329492175405
.01940329492175405
.01940329492175405
.01940329492175405
.01940329492175405
.01940329492175405
.01940329492175405
.01940329492175405
.01940329492175405
.01940329492175405
.01940329492175405
.01940329492175405
.01940329492175405
.01940329492175405
.01940329492175405
.01940329492175405
.01940329492175405
.01940329492175405
.01940329492175405
.01940329492175405
.01940329492175405
.01940329492175405
.01940329492175405
.01940329492175405
.01940329492175405
.01940329492175405
.01940329492175405
.01940329492175405
.01940329492175405
.01940329492175405
.01940329492175405
.01940329492175405
.01940329492175405
.01940329492175405
.01940329492175405
.01940329492175405
.01940329492175405
.01940329492175405
.01940329492175405
.23448077413898666
.009357522348677347
.01940329492175405
.009357522348677347
.1712019170872286
.08594635161119747
.01940329492175405
.01940329492175405
.03191149755459728
.01940329492175405
.01940329492175405
.01940329492175405
.01940329492175405
.01940329492175405
.01940329492175405
.01940329492175405
.01940329492175405
.01940329492175405
.01940329492175405
.15470462366936688
.01940329492175405
.01940329492175405
.01940329492175405
.01940329492175405
.01940329492175405
.01940329492175405
.01940329492175405
.01940329492175405
.01940329492175405
.01940329492175405
.01940329492175405
.01940329492175405
.01940329492175405
.01940329492175405
.01940329492175405
.01940329492175405
.01940329492175405
.01940329492175405
.23448077413898666
.23448077413898666
.1712019170872286
.01940329492175405
.01940329492175405
.01940329492175405
.01940329492175405
.1712019170872286
.05670584668416679
.2059985227980251
.01940329492175405
.23448077413898666
.01940329492175405
.01940329492175405
.01940329492175405
.01940329492175405
.01940329492175405
.03191149755459728
.01940329492175405
.01940329492175405
.14773550715651237
.01940329492175405
.2199249693773283
.01940329492175405
.01940329492175405
.009357522348677347
.01940329492175405
.01940329492175405
.01940329492175405
.11951775525674849
.01940329492175405
.01940329492175405
.01940329492175405
.01940329492175405
.01940329492175405
.01940329492175405
.01940329492175405
.01940329492175405
.01940329492175405
.01940329492175405
.01940329492175405
.01940329492175405
.01940329492175405
.01940329492175405
.01940329492175405
.01940329492175405
.01940329492175405
.01940329492175405
.01940329492175405
.01940329492175405
.01940329492175405
.01940329492175405
.01940329492175405
.11951775525674849
.01940329492175405
.01940329492175405
.01940329492175405
.01940329492175405
.01940329492175405
.01940329492175405
.01940329492175405
.01940329492175405
.01940329492175405
.01940329492175405
.2199249693773283
.19045991794008296
.15470462366936688
.01940329492175405
9999999999984852e-28
.2002002023696056
.2002002023696056
.15470462366936688
.15470462366936688
.2199249693773283
.2199249693773283
.2199249693773283
.2199249693773283
