.027279524248319732
-.013059645440617705
.00070324231507158
-.0006695035305995167
-.012210530048723653
-20445403816481284e-22
3564970559437191e-23
.04196714255675601
-21981932622111583e-21
.0006038253633274342
-.0018325174879257626
-3562300940147893e-21
33913965662933714e-22
-9469826771796251e-22
-.013326391370720383
-.010831572783597697
.04189809620976994
11690466708716458e-23
6576449496640598e-24
4360137396980866e-21
-52719101150549506e-21
3057049019145008e-23
29035020926239213e-22
-.0016430127289473698
-.04441161990881148
200634290511317e-21
-2905199566171483e-22
33795521865128496e-23
.000244667025642708
-31923258962174844e-23
7230469007751875e-25
13156500422307138e-24
-9770796995017979e-24
-1545937418912939e-23
7632988725218122e-24
14922281073727068e-24
-7617742675674962e-24
2128300497171367e-23
-31776368676970044e-24
16978937142809006e-24
.00018728249827836327
.0003340331255877299
-.013620388151601033
25147938554721667e-24
-645325541395016e-21
22494263992198395e-22
-5702423488239822e-22
-.013397729528123396
-584708208792488e-20
-.018802647176268426
.005572529639641514
.006207649959864543
-.005420094830322019
.0008410326968079854
-.00012509463001648458
9092719938013401e-22
-.0033572632707216145
-.01989253566199585
.0005947961364631006
.0005875815371523516
.024492054105653933
-.03755376060988961
.005707434556802476
.04189722359264057
-11541077031767654e-22
26268878537141107e-22
-10520570580785228e-21
-.014971575237002328
.0004318506920651697
-4554960829777877e-20
-.017054367341590073
.0003556562584001785
.015368046022967987
.04705619503713255
-408582122993251e-22
31212564962958643e-23
17062490296210885e-23
.005781798060445159
-3662664123671267e-22
.04189840685199095
-8383993519521706e-22
.04189502639068371
-.01680490998089047
-.022146753530722728
-1448023207127207e-21
.00014282101482214824
.22576108311933088
.03171179883183369
.2712359192172987
19084399177812355e-21
-1401122757303423e-22
.021920563128535984
-.037373439582322046
5251127288551123e-20
.04112288491446855
.03416162848749188
6330779336159862e-20
.04228593529052553
.00031783261944178095
-.13532582957082143
.06600618223269762
.0011095395012152723
.003958566052943642
.0009317227118347571
-12343234243050684e-21
-.007244438519372264
.14042433489771208
-.0005668101837209722
.3610248830652005
-.020658836002322507
1762497348624611e-22
-.0028982074980798177
-.007543488891848461
7845560456435991e-20
8921399959249286e-22
-.0034349024260436974
.041899963874848505
-.020641357646373242
.00026655172952502515
4005725448395534e-23
0
0
0
0
0
0
0
0
0
0
0
0
0
0
0
0
0
0
0
-.03889743339442033
0
0
0
0
-.017627967576883737
3017800645620279e-22
-4631209636857921e-23
3833278222346298e-22
14495991924689596e-24
7322905686084416e-27
-.024369780904403854
-.30601891948075177
-.00022845014223835892
.003292827074136226
.8354168081077625
-.006358675436128936
-.0021349835250776966
.0025885145133974336
.0071729630965031155
-.00018636821033426223
.00020529317268847683
-.006489556308812619
.00019820741474122614
