4958239800511373e-22
38054739897896745e-24
-8219925618339498e-23
-.013261810266076323
4704186593686949e-23
17185659168898144e-24
.0006098667492339762
-4052979798644934e-22
8090494580861932e-21
1577871290085977e-22
.000703766201146506
-15369887081169098e-22
40449354066773187e-23
-5438638019710957e-24
-6649438458233046e-24
4486780328154182e-24
-.00016766375063420927
.04068493666848969
22243025902395917e-23
-22071357785492626e-24
.0004382138919456117
4917595273000921e-23
-2989544673816169e-21
-1483716730108061e-22
-1127714150369604e-21
-31929189315304234e-24
-5310072189542584e-20
-.01516497282911411
-.02057555044854259
.0002610036726485527
-.01041970874748054
38600596490595534e-24
11522547679429176e-22
8491274087822843e-21
0
0
-.012574017928465306
-.015350174092290572
-.01854881460162956
-47254098149368323e-23
.03137971895976552
.0011192980089339776
-1543476442411878e-23
0
0
5787976635227443e-24
7776145528999363e-23
.0006030834765110909
-.013827342694951658
8177404746306528e-24
8452794019156982e-24
-524968304348314e-23
16249647765055517e-24
61224293441033645e-28
19812661548055276e-24
953190220296375e-23
.005488393881385439
-.006792145862495189
-.09347190168866518
761470547052975e-22
2135611398094032e-23
-163586510169074e-22
-46632503504253955e-25
20395612859721277e-24
25048127350220337e-22
-.00999332506597314
1096995281302285e-23
1227144923918161e-22
.0006025142301974879
-.005419709160010298
28554218146512387e-23
-.013568471691693828
.04190528434109835
-.013198233432881295
0
0
0
0
0
0
0
0
.067964589632363
-.01834085708262407
-.010079064116686269
.0051566369198062555
-.0018791100431787846
-9983833526665936e-23
.3827928063641861
0
0
.0002509362080575703
-.0005326349924852612
49710883787519625e-21
.0021686969898230403
-20418941716474995e-22
-281259515728444e-19
.0020029742648964627
-.011145550595354365
-.011622547912255839
24605683391048824e-24
.06741353425285607
-13639097073831793e-21
2268562376263447e-20
-.006060513845556193
31329502162954677e-22
.041693535064505655
-15933082153675114e-24
-5601402743800128e-20
.11571435970476714
-.00019277282568812144
.38637099699875166
-.0914542681443725
-7594709280158533e-20
.04190223156193346
.000494034982667454
4014717016196972e-23
.0026878294108470336
-24959283697579346e-23
-.0670272385011244
24784832876515345e-22
0
0
0
0
0
0
.00442976909323009
-.012525884246462216
-.014421314623373836
0
0
0
-.009956988312882345
-411258484157685e-19
-4094544419242935e-20
.0004934477617416301
.00324774468138684
-.01671294174871462
9942153708358159e-21
7948798036503078e-23
.0010112749677439474
8123380909964697e-22
-.016361186499772147
-5565060183284981e-23
-.006787426909082115
11904336130850482e-21
.0004918132830700668
-4932221876751618e-22
-45223264326402405e-24
-.0024571392362969734
9936822873113958e-24
0
0
4921071852487299e-22
14538728882464122e-24
26102913043005126e-21
-.0010453533332397719
44048406389654495e-21
.00024322857179264563
.0005977189799102607
-.015604375991315193
-5910761475532899e-21
.04190350315629465
-20045786850809945e-22
-1409467268356533e-22
.0006542074873391432
.00012796070389781348
2138887498031298e-22
26027119408534913e-23
.04190343923008911
.00013040073724875534
.07479350139651263
.05682238426373501
.041902486193409735
-.09992922200182353
.3751674611477075
-.0028304138533186587
8534222329433556e-23
-.05758956265658777
-19207766369191307e-21
.0010370913893888436
.0026196904689940103
.07627532365082379
.0022292261944969224
.0678170145820074
.06500257654059734
-.015759885202659404
-.005084365582562945
.006945852443246139
-5810669239519911e-22
.005600938415637432
.1155735136505978
0
0
0
.009428310795339961
.0334860160968925
-.022186779160818307
.013178092200718344
-.0051079721960489086
.03963233349199458
.02852395808053544
.04475638123132491
0
-.004454631616613743
14852221274409053e-23
.005250833572566341
-.013542988554214135
.009518648643428954
2283004802933757e-21
.03939221814947307
-.4053547734378106
-.0952460797256385
.03039617178280655
-.001810238532486737
-.00453899360487656
-9811969648085559e-20
.004008056833235383
-.0023639428722856044
.0006939055823507236
.00021630055707412847
-.0053989034685137756
9235638903421768e-20
-.0006727779020909458
.0004777232218963215
.0002748867211608864
.00011210392113929146
.04180008966718789
.04526547782355081
.005584756766813958
.005129809770310468
14482799890167565e-22
7032872642671576e-21
-.008310131558808321
.05589000663827436
.02999991831355089
-.00244951936589703
-.009789031775552088
.002155210919509331
.0055554355676938885
-.08615871555076055
.007356897892552843
0
-.01787488224657844
-.018070674750217085
.08831334796864382
.03196292108779398
-.0133310722596697
0
-.01974580392082039
.022832680242384294
-.027117515244736032
-.01665355551804613
0
-.015357482776293578
-.01795133708469039
0
-.016704404015111935
-.013723553696364932
.0005141697903612131
.11576543869136983
0
-.017272810478587364
-.019744216512225958
0
0
0
0
0
-.017288772071453924
0
-.017865613350854907
.03356901072135337
-.01792656102357446
.03768026324031241
-.016777662443067057
.000528095524090791
.07877341102482195
-.01188035105051109
.08874074691700316
-.02066167414772198
.00021998386554935749
.006316986761426994
-17384698626589137e-21
-15864390897386958e-23
-10172656450496135e-21
-6225696912069473e-20
-14571021696063413e-24
0
0
.04056536809073838
.07375645563218755
.027955186651723907
-.18215672211108286
-.04189718349493004
.003523649180916222
.07003312606130215
.006954294174875805
.04190987821364006
-.01432276961313097
.11517212047393635
0
.035386036731111334
.041958686357345606
-1414929435712547e-22
0
0
0
0
0
.0006403802722611893
3316291885195816e-23
.0038773465632458495
-.0012741068716239444
.041894927209129046
.04154291353220386
-10469078068858097e-22
6445657599181763e-23
0
.00012435698340262875
-.014168815523329879
-.0001823688891870559
.0002689601350062135
9662893379495353e-22
.04188488810711217
-.013543918560355125
.00040752234307878826
-29308158105472107e-22
19750837016443252e-24
12950978872559983e-24
7694213018659156e-24
-9203691971066129e-24
-.009371905405531664
.000603632277392066
-9753918297649724e-23
-20007282772617244e-22
1530487288391643e-24
-8466074888928317e-22
4795710909999585e-23
-.007939310380496745
5519189982257886e-24
12293357932422763e-24
-.00014613214177793031
-35304556641288934e-23
14045573201178306e-25
27156335474855967e-24
28192226510351417e-24
0
0
0
0
.06733877012360749
.06733774673121139
-12402779910422725e-21
-22395616769558252e-21
2319215635179898e-20
3104551867997198e-23
-.006185290332415336
-.013017625939485774
.0006031753597698298
826801189869389e-21
2768801084052693e-20
-11702723572168086e-24
5479886386821426e-23
-.020577001440287613
.006155437653487191
.0012181632041043465
15163336723196865e-24
2978177723476853e-23
.005959407741606346
.0025253015819164735
-.02354530982867011
-.012637215810294653
2937980649513347e-20
14985506921373086e-21
.3802222430475984
.005440749006218039
.041927894361261916
-1200469283180161e-20
6849197721538693e-24
0
0
0
0
0
0
0
0
0
0
0
0
0
0
0
0
-.004042318885777152
20745431665774554e-24
-.020292228330665695
-.00047700182613070715
23214506580238716e-22
-4103240141654655e-22
21649462379866807e-23
.00024141362647297332
-5640798235700567e-24
.34294377104725665
-.0006940577927869331
5623631424010237e-24
-13501998593957993e-21
-7610008486794115e-21
0
0
0
0
0
0
0
0
0
0
-125021022809576e-19
-45869000550754e-22
-.001274209842122035
-.009215379284723735
-14977619311615734e-21
2461816834500543e-24
-12955420635025313e-24
-4646205387083778e-21
41427238085424116e-25
.0006023661036617461
.0006028563640341903
.000602743551790953
-14902713309352778e-25
0
0
0
0
0
12592156493941846e-24
.0006023769529666867
11814848062509116e-24
1164103109295368e-22
-.002548980187488474
34588196393738584e-23
-.01505451127965828
-4855362579432623e-23
6220388213609018e-24
-.012835437698578896
-.000311433811752369
-1895468110644142e-23
6526341614126308e-23
-33395811262302485e-24
0
0
