1.5102921123655504
.6179297708908426
.012345835097643415
.002485354958333105
41866688152975e-19
.032388530892003026
7.124907378553806
.7341449675384888
.059405716425690334
.051880005459713725
.06703090259627632
4.593471239068473
.7106408592580343
.30815083717014413
.004705152037148065
3.044427999408386
.4063827585171621
.0032406291048911813
.07654896647679534
.004740468214293221
.0020459098128515754
.007084534254575651
.00016654354783496685
.0028510028739230624
.2749444733659008
17.270975827134862
.00014746140116621309
.00574391271931958
.0062559804098994
.005992365688312775
13472139952465358e-22
.0001731668624425264
.013718731177067546
.0012527641227511757
.010132500258758007
17408993450109866e-21
.0022616020210958873
.0027792564156786047
.00029481247923758514
.005352184257176766
3101517685651689e-20
.006002692054647591
.0060706413634956345
.02041132764346464
.00033700079594217513
.11073156462490634
.007745917123771213
.000836905688774719
.046479258201793806
.2693250777361758
.0012051978677579415
.6437350273166702
.009028873099719292
12.403385283105392
11.453681010313305
1.4872057886571146
.0070695124569273605
.05909775238707531
.0655544573485039
.22187925217394946
.1268304080051755
29.862771835125994
23.223831033838866
8.164454824882988
.002220874964872094
.0005118927293884241
.0013744448702220887
.006729538447330061
3.159236240845468
7.725159109267587
.02014342603134661
23.175000397763625
3.2708679515200196
9.637940135427534
21.65913485524047
.0014447040083583843
.00924809557584643
.0007850364884883936
2.1562389892443927
.00030649293851117254
.0030579517231062244
.011008838357241285
.00031887618847296727
.8775311129208836
.675381452711011
29901521195850164e-21
.007788337227531517
.8161027163142579
.730741077386418
3.4064276659882817
.00017928034494442652
6677062246007286e-20
.700981840289214
.8699221860092251
.08811942905193929
.01028266886590931
.3062627132209151
1.7207564174379553
1.5968756502733394
2.0007189879898064
1.7148486760938493
2.2003966751727178
.02442575504405271
.03906863223016132
.009429133060090454
.00015468184048916472
6.504870548768921
6.058972036395989
.5454914672951646
.017335830199720004
.0040161754556908656
6334611139493227e-20
.0005765722106862138
.10694296339216781
.02045138045289365
.0008183269297715024
.4305727027450571
57823479452044715e-21
.0002285299511975872
.03260534493861833
21565891852270052e-21
0
0
0
0
0
0
0
0
0
0
0
0
0
0
0
0
0
0
0
.7379441798161327
0
0
0
0
.6044121529899438
1347.424761911788
.004608578351282147
.1042793053360599
.01866051057576132
.21808621096997252
.10748010038510021
.6538321252090816
.1395551332136896
.4273387326793031
.006248711079005593
2.9844339985818005
3.4638233811944157
.016551112048792133
.0393421443224517
.8881726999676519
.623679293980907
.28352970647085457
.436519212347286
.019404915908343076
.019404915908343076
.22084540900211594
44810443520991336e-21
.019404915908343076
.019404915908343076
.019404915908343076
.019404915908343076
.019404915908343076
.019404915908343076
.019404915908343076
.019404915908343076
.019404915908343076
.019404915908343076
.019404915908343076
.019404915908343076
.019404915908343076
.019404915908343076
.019404915908343076
.019404915908343076
.019404915908343076
.019404915908343076
.019404915908343076
.019404915908343076
.019404915908343076
.019404915908343076
.019404915908343076
.019404915908343076
.019404915908343076
.019404915908343076
.019404915908343076
.019404915908343076
.019404915908343076
.019404915908343076
.019404915908343076
.019404915908343076
.019404915908343076
.019404915908343076
.019404915908343076
.019404915908343076
.019404915908343076
.019404915908343076
.019404915908343076
.019404915908343076
.019404915908343076
.019404915908343076
.019404915908343076
.019404915908343076
.23497098436499247
.009512651055360765
.019404915908343076
.009512651055360765
.1713807842974022
.08598225818138067
.019404915908343076
.019404915908343076
.03231181314266875
.019404915908343076
.019404915908343076
.019404915908343076
.019404915908343076
.019404915908343076
.019404915908343076
.019404915908343076
.019404915908343076
.019404915908343076
.019404915908343076
.1556765611815281
.019404915908343076
.019404915908343076
.019404915908343076
.019404915908343076
.019404915908343076
.019404915908343076
.019404915908343076
.019404915908343076
.019404915908343076
.019404915908343076
.019404915908343076
.019404915908343076
.019404915908343076
.019404915908343076
.019404915908343076
.019404915908343076
.019404915908343076
.019404915908343076
.23497098436499247
.23497098436499247
.1713807842974022
.019404915908343076
.019404915908343076
.019404915908343076
.019404915908343076
.1713807842974022
.057299555810842076
.20629989561837975
.019404915908343076
.23497098436499247
.019404915908343076
.019404915908343076
.019404915908343076
.019404915908343076
.019404915908343076
.03231181314266875
.019404915908343076
.019404915908343076
.14785897443147702
.019404915908343076
.22084540900211594
.019404915908343076
.019404915908343076
.009512651055360765
.019404915908343076
.019404915908343076
.019404915908343076
.1195926610572426
.019404915908343076
.019404915908343076
.019404915908343076
.019404915908343076
.019404915908343076
.019404915908343076
.019404915908343076
.019404915908343076
.019404915908343076
.019404915908343076
.019404915908343076
.019404915908343076
.019404915908343076
.019404915908343076
.019404915908343076
.019404915908343076
.019404915908343076
.019404915908343076
.019404915908343076
.019404915908343076
.019404915908343076
.019404915908343076
.019404915908343076
.1195926610572426
.019404915908343076
.019404915908343076
.019404915908343076
.019404915908343076
.019404915908343076
.019404915908343076
.019404915908343076
.019404915908343076
.019404915908343076
.019404915908343076
.22084540900211594
.19069872762937548
.1556765611815281
.019404915908343076
999999999998488e-27
.2004763443727104
.2004763443727104
.1556765611815281
.1556765611815281
.22084540900211594
.22084540900211594
.22084540900211594
.22084540900211594
