6134903303249011e-27
39.74775517359163
.152876208586475
.3013320914834592
11.851153316288725
.35668757412601315
5.81737045667304
.2081348210289427
.0030861867616724555
.3028048401529705
.0302253227930653
8.054244916971735
.754572368135684
.5998959311138238
.008337688851738818
7.967842402923381
1.0472483403988588
.0042932502257986066
.07861034163347297
.004487766083391414
.0016686317882224867
.04520038083513799
.0001404599401416004
14861554592667707e-21
.26996202201103203
443749996371632e-22
13349613039033413e-30
.00511252231204633
.006408785882409843
.005973830571468241
.0023268237525792606
.00018142293472706673
.014415941883545384
.0013373547284099925
.010216039589683066
3644020739305228e-20
.0004591755660586327
.0028926603655001254
.0005133301784299502
.0055992174954755764
164165313846101e-19
9.222195189042239
14.241226984359566
.006309526109217487
602734862860426e-19
.11735931159321251
.007303072980741864
.007625684624654843
.3958451083756343
845755501404781e-25
.45588269256128566
28251115105236557e-27
3.856937144835082
18.579568699667288
15740999179211109e-25
21107161894491454e-26
.007140962965455394
2.864896350401808
13.887982409063378
27499712487558e-24
23453236276693392e-27
42.691052095619305
27.17729618873469
9.386971044855043
.0026072704989228046
.0005686272493359452
.0013775716732847194
.006649755188067688
5041538426781463e-24
0
7414346340112363e-27
23.43052467995419
3.646606134664287
10.065661158642719
18.252432727596066
.0014522877654746709
.008183221948122368
.00045319583222545444
2.1849961894665113
.00040419058435718267
.0035332675002465634
.011126504545973633
.0016392279369253783
.9629307768671109
1.570078018272669
.00012750398241027246
.027723239962100108
1.290982145443561
1.5873859725109127
3.116992104311777
.0036959576717907677
.0004428719862981796
.615627635627061
.765049573457681
10806355795503567e-27
.47752972494319723
.7766434190962277
2.2677844822593998
2.6384634472422768
3464057983672934e-25
5.759745697928047
1.9467051554325177
.5222429292863704
1.1204490535382967
.9570528394328135
.0007829093703120245
49.9999999999182
8.24112931502491
.46746052654935016
.06518413748861003
6455394170721316e-28
6854104460020321e-30
33189929198325936e-25
5.006935439254942
.01004264942498057
.0004952016176730106
.5274443334833452
.0012246756535268404
.0002428037777300042
.01592039503591742
33423449836158162e-31
0
0
0
0
0
0
0
0
0
0
0
0
0
0
0
0
0
0
0
1.8084579641329634
0
0
0
0
.588850610004821
1267.103575765916
.004679594763967435
.09941712702556761
.018536437008942225
.21814807764222455
.5392768797469767
1.0305483407112999
1.3936952873367927
1.3742053501601283
.0072868456052596646
6.297924666496919
5.815266928356032
.145658342203909
.37877189442332776
5.431908709005417
3.5250098200195272
909968906060188e-25
1557871109012247e-25
.019999999999997548
.019999999999997548
.9999999999938651
7.9999999996073665
.019999999999997548
.019999999999997548
.019999999999997548
.019999999999997548
.019999999999997548
.019999999999997548
.019999999999997548
.019999999999997548
.019999999999997548
.019999999999997548
.019999999999997548
.019999999999997548
.019999999999997548
.019999999999997548
.019999999999997548
.019999999999997548
.019999999999997548
.019999999999997548
.019999999999997548
.019999999999997548
.019999999999997548
.019999999999997548
.019999999999997548
.019999999999997548
.019999999999997548
.019999999999997548
.019999999999997548
.019999999999997548
.019999999999997548
.019999999999997548
.019999999999997548
.019999999999997548
.019999999999997548
.019999999999997548
.019999999999997548
.019999999999997548
.019999999999997548
.019999999999997548
.019999999999997548
.019999999999997548
.019999999999997548
.019999999999997548
.019999999999997548
.019999999999997548
.4999999999984663
3.9999999999018416
.019999999999997548
3.9999999999018416
.24999999999961656
.09999999999993865
.019999999999997548
.019999999999997548
2.999999999944786
.019999999999997548
.019999999999997548
.019999999999997548
.019999999999997548
.019999999999997548
.019999999999997548
.019999999999997548
.019999999999997548
.019999999999997548
.019999999999997548
1.4999999999861966
.019999999999997548
.019999999999997548
.019999999999997548
.019999999999997548
.019999999999997548
.019999999999997548
.019999999999997548
.019999999999997548
.019999999999997548
.019999999999997548
.019999999999997548
.019999999999997548
.019999999999997548
.019999999999997548
.019999999999997548
.019999999999997548
.019999999999997548
.019999999999997548
.4999999999984663
.4999999999984663
.24999999999961656
.019999999999997548
.019999999999997548
.019999999999997548
.019999999999997548
.24999999999961656
2.499999999961657
.34999999999924847
.019999999999997548
.4999999999984663
.019999999999997548
.019999999999997548
.019999999999997548
.019999999999997548
.019999999999997548
2.999999999944786
.019999999999997548
.019999999999997548
.1999999999997546
.019999999999997548
.9999999999938651
.019999999999997548
.019999999999997548
3.9999999999018416
.019999999999997548
.019999999999997548
.019999999999997548
.14999999999986197
.019999999999997548
.019999999999997548
.019999999999997548
.019999999999997548
.019999999999997548
.019999999999997548
.019999999999997548
.019999999999997548
.019999999999997548
.019999999999997548
.019999999999997548
.019999999999997548
.019999999999997548
.019999999999997548
.019999999999997548
.019999999999997548
.019999999999997548
.019999999999997548
.019999999999997548
.019999999999997548
.019999999999997548
.019999999999997548
.019999999999997548
.14999999999986197
.019999999999997548
.019999999999997548
.019999999999997548
.019999999999997548
.019999999999997548
.019999999999997548
.019999999999997548
.019999999999997548
.019999999999997548
.019999999999997548
.9999999999938651
.2999999999994479
1.4999999999861966
.019999999999997548
1e-12
.32999999999933194
.32999999999933194
1.4999999999861966
1.4999999999861966
.9999999999938651
.9999999999938651
.9999999999938651
.9999999999938651
