44.60569590839636
.35200986819154434
1.1012356762517819
49.440685618738705
1.496169749186042
6.707519924427458
.8280933363552763
.2000588613953487
1.158465933614646
.08620484928572655
23.23974751806879
.8151573166698425
1.498531203547363
.017392913094997187
9.37413455630244
13.224188898708022
.010474657263956006
.0810925171094794
.017556520056800824
.0075631995392071525
.04114160408122853
.012559138454074937
.010860582807992507
1.7242473700108438
30.42572866509645
.004036913715133458
.005624212260610907
.006935610198121045
.005700516890079073
.00624214603821482
.0001912099773649922
.013855986986575657
.001258599988686553
.009280452306131419
.0002764769106446698
.004860021967717431
.0029823056993147183
.002394898123287563
.008498962554319867
.00020085581935873356
17.481701549136943
20.973354475197482
.028632445401193342
.004499730716519632
.12959776295768952
.01179503263578319
.008347822772047627
.6387567173425015
5.5235706130476725
5.309949766709698
3.4831018923595827
5.401056679428528
20.44350725785322
19.12249993819112
1.9188942202436765
.008848818934315482
10.535823180418305
172.0622229816656
.3423471450166369
.17729426069701643
54.63777389573537
51.64979720987813
17.99369889322052
.006117468776199605
.001850984856023833
.0017650947594307672
.009373743504737192
83.43743923368176
88.85669266083987
.04238180330553256
26.083196810144955
3.306160981995421
109.005836572437
30.882152784447896
.0015418145994994664
.008593986750576994
.0051440620241479966
2.269449850872298
.0011884189388273753
.00961379443404211
.011837109821576909
.009955683168248231
11.617955706697485
23.620749787451103
.01132405778946977
.053901081336507464
26.0233247536142
139.2393566376858
8.548304748254813
.016261045609875315
.010292991225674621
6.149138225661128
1.4372407106187202
13.025559358624385
11.215107193938358
6.005906980320685
7.887364703250366
6.880967047262496
4.239234350973533
67.22591066977031
2.164195520320367
8.07768053910117
5.8619789279275425
2.68820463007477
.0037218889033353787
54.148487372598616
8.748155038801716
2.185846231961214
.5599681060327828
.01651032003761818
.00017993353744639946
59.61904235064555
113.85067105088156
.1188321532697387
.003551713181527515
.6031927307182565
.0077172696740711415
.0076128756519861064
.18377751029182934
4060779459394938e-20
0
0
0
0
0
0
0
0
0
0
0
0
0
0
0
0
0
0
0
3.425844722384588
0
0
0
0
3.8389757124491615
1363.343024653937
.004145418927464685
.10077500606421304
.01854986704091952
.2414615257991154
.7716964825457313
1.0860498298212908
1.4380193601707185
20.19013573451974
.016337796225339627
6.353924391559408
6.763592233562588
.3481529019078019
.9363290428983804
78.56049238379751
87.69270900105528
47.824865759545155
67.43432877158406
2.67574361275108
1.8598923265721135
1.7729713440619386
1.7050694219122036
2.279250702658466
1.7664140220596312
2.65740644765856
1.8994764807971327
1.8987123963462351
2.445330148379901
2.1393190678897906
2.1539901579222125
1.6101900450619635
1.9749554020047595
1.5648092159205593
2.2956255940814208
2.1085315402714855
2.477035775752858
1.9472913063794666
2.072662146979756
2.606032038429918
2.8407358742337103
2.295817438436763
2.0944823422009082
1.6738946744728638
2.376698933812955
.022960753138870978
2.0467356707696616
2.3247078377875736
6.201440771259473
2.1965761504345322
1.9811103545596023
1.5901628991390069
2.9892168753537813
1.6285908481650428
1.6065677166031946
3.0264410955116423
1.3201244635640552
1.867947878295618
1.5815775972512098
1.9628897862313437
1.2290618637094128
1.7165740283165911
2.741310766056769
1.8989127189256925
2.2175090864445157
1.8155452180499676
2.0618262719274676
1.976259183654496
2.1526695257775894
2.509877633437793
2.9716804532777283
2.1196798815666025
2.0148999892012953
1.9418279328174974
3.0208184356840664
2.2283602490519105
.9343347977666178
2.728739115212005
2.577228609272923
2.244875273818539
1.4909551559325935
1.7993615338313758
2.0659213050360834
2.0575425280452717
1.4378198307772747
2.202930128518611
2.249898322708233
1.8958869723018832
1.6983824359709774
2.356997197334043
2.661260084256542
1.8946967543587505
2.046572200349025
2.242408651138833
2.0831857577141624
2.5319157706041175
2.150560963396001
2.115726212181718
2.6692866194783464
1.945983580471715
1.888073844718567
1.4164350700246604
1.633261202853266
1.6312733326359632
.6198528785780681
.17031945389247016
2.0862648517412343
.012157295734669397
2.1358335918809104
2.3995906158005553
2.234215790108996
1.9108626956124415
.18276886310780782
1.5333840941926922
.2078041809683354
1.3483786954072683
2.570798508614754
1.7836487558007712
2.023580395752097
1.8984219665587454
2.2137378410525805
1.9482356710141215
1.972599084109527
2.290251444945747
2.20629145238661
.012232834864930627
1.9524067452901739
2.1209800050745082
1.5763258899201436
2.14440500185545
1.5216616263596756
1.3931267539545646
2.129255311458336
1.8910418203458994
2.065846040944945
1.654887391030134
.6355394770670679
1.770738481468515
4.499105239482724
6.421198126183477
1.5401703816815036
2.196482975473073
2.793129280416347
2.45531710019176
2.5373606552450676
1.9907973389583107
.008341055301068856
1.7945147531535166
1.6007832295782627
2.693523430744207
2.26848558452857
1.8722611290192817
2.07287330480535
2.080689944508621
2.041481978797234
2.1097109211481064
2.2667412804107987
2.2324362814271974
1.809162883351975
1.7695907605199186
2.2698925695946772
1.292559092003152
.23956339622419762
2.210774082125906
5.848645784968584
1.7124548128393273
1.9038591121657722
2.1370954060620675
2.626882009972349
.8253959077669023
1.6689563596958068
2.0497739961559684
2.005373770976322
2.1028938915460067
1.492685097930735
1.7838964073184131
2.3906209038368464
1.9665791491453837
2.644662904350169
1.73025847110207
1.5341479833648863
1.5225053119526661
1.8693222480471134
2.3103977354007803
2.233204150249139
2.703694291539398
1.2454223955164752
2.3985028224296427
2.4476514710146993
2.1068358846621025
2.5368482157662853
1.9160392817585954
1.8928160403465832
2.5689007782138433
1.912198310745534
2.054093266091613
.024057087293821517
2.116927220040814
.05508199703970735
1.702148425540147
1.8222039875486227
.5691117356014499
1.368789166133409
2.0308610562737983
1.4359949890354091
.04827707693015105
2.0539352113204354
1.074014711251096
1.660087573736987
1.9823605226499774
1.706398648580927
1.535787935389531
2.6560919718498033
2.853927813412729
2.873446180112747
.7314862181188762
.010313142805280786
2.347938754493436
2.1482064507537793
2.0650249467290602
.0507532026261286
2.614882081231668
1.9790939209811298
2.09417983403514
1.147086515431243
1.3798034425698753
.005932565391547181
.004420992288588305
2.43004219441866
.5437599035161429
.12864778589752573
.9497689602264053
.20795115377507642
2.13916719679401
.11806848456142158
.10003912715389338
1.9625618354818342
.5280268303062907
6.908594058225845
2.0785012743655176
2.289359978889973
2.3778236338325307
2.3398024251297813
2.314889781066971
2.0413287566468097
.12928162348647332
.16126043464086168
1.8250716909263873
2.84631983089471
.9394264646267346
1.7282585579665153
2.356546312556503
2.133586877871016
.010526200237619918
.31850311021221744
2.456921142136023
3.6139923803317258
4.879984470763071
4.700911396421541
2.6684809697396092
.010964877413399122
2.6553057153195954
1.4503961437944377
.016350117482968163
.009974572579041111
.14855319508098253
.012286345676323817
1.8658973963521674
2.9288263792528753
.01
1.7102730098249304
.014373311533758868
.007583665634376099
1.930951312429094
.010014492827812239
.006926503378382263
2.336917480085054
.0077434204957386715
2.2554237701655264
2.480539833862702
1.6871372054275477
1.6903647096034622
.00821669741540045
2.2311379474832846
2.512827192908723
2.4180071409720973
2.2719955865091133
2.3092809512060453
2.7311287211286888
.009980100583571539
1.4554497178035013
.010094795142471287
.010997153775582847
.01058476497298408
.014259995699786074
.01087425490748662
1.4067789114816278
.0794278808652403
.07292149491307162
.00823268421990231
1.600782056292158
2.291309738354834
.10461045017432796
1.805305055142592
1.6893586877592148
.052900356506703675
2.160836506720951
1.8907721601199245
2.016205359991233
2.855438251610662
.01030652175654741
1.5103313793200466
2.529341422204827
3.4750480614269845
.8406888267341833
1.7009495369198142
2.020345479732992
1.3602193359143122
2.090051764511375
1.647225239234335
2.041898525463015
1.8806642966933216
.009234842881798539
.2250629079886283
.2074853522354531
1.840105549465361
1.4946238329776926
2.044391402786809
1.7849603764879054
1.5683565274672524
2.187244979953355
1.8680201335592121
1.6598815838279353
2.0275847073883058
1.9034749539587559
1.8534049820650518
.007493334929494737
1.6743485386131527
1.8046767302698794
1.9678352320825758
2.106164464341917
2.7290162560070876
1.778320378573757
1.849874877327452
1.8284758207051472
1.9558836274392688
.11757094214718337
2.0884668173120855
2.2827890177983714
2.628744184087475
1.5189937050553353
2.347134374336013
1.579350792141251
.2244064851166555
.1705383045284128
.1486244170233022
1.4920068532471675
1.9266608814978399
1.7839280695867215
2.2064249008285657
1.6920079184981727
1.991195268337886
1.5796285537182715
1.9676899782978938
2.190417622070648
1.8054709777750846
2.4489467029510728
2.315162284357006
2.369258494037753
2.4614543276193745
3.216707795854439
2.1427425692458044
1.7901568655572466
1.8689091578860981
1.2207492542745049
2.2857409479740856
1.4729816078315932
2.296518389260252
1.7502294379987353
1.5797738640559666
2.0335286537694826
1.9040128319415262
2.538853599007373
1.6240260304122447
2.084594699186718
1.5990665889907911
2.1624820996744503
1.8356179403052186
2.094575437535878
1.6495898235518685
1.9798002180781418
15.562223181437734
15.391254219037572
2.8455465883342352
2.232808618536037
1.997936416222613
1.6143484556443186
1.5573186650006912
1.4922025017752671
2.653470049327667
1.6090645293453176
1.9633251780605263
2.030092985133021
1.8093442186140278
2.965292544027585
1.826391105126971
1.7353301908082792
1.5480745058326895
1.8350908902481313
1.5167239278948768
1.570253507152904
1.2129106427639853
2.025963554432215
2.254209646188659
1.270493654090837
1.6983025267094916
1.6082842787257061
2.3167701460103385
1.6838977844501868
2.6275387426532357
1.943476177703624
1.788485098067905
2.1742523606646973
1.1871398846116867
2.1990168405934902
10.831414771114373
1.9630066865107085
1.6714139560773433
1.5015698819816783
3.266093588031178
2.1198129500815837
1.629888856571503
2.409166043803279
1.3556550044933315
2.091542052260179
2.7843084548377117
1.8913552929590676
2.876738644149918
2.399673922842114
2.4567365470705025
2.041023107232318
1.6486570656522885
1.843328652983054
1.7440730431275526
.232139894684253
2.6927300814684076
1.5599967473793153
2.407264598695849
1.9018983318717235
1.7924147620403492
2.4807146049796547
2.009227317080476
1.8957060271823705
2.1974143146335257
1.940633529512195
1.497139320580029
1.8092631513064912
2.5962811635850263
1.8547502883982334
1.7138996891370548
1.423272537373043
1.7115230396247163
2.4449695502807383
2.5706238265557544
2.141432868599676
2.0994263479387483
1.890237208960004
1.846222768802833
1.6547580966270572
1.4033858450079382
2.1683185997874586
1.7409063058600258
1.562674318151791
2.3514013135836445
.20744450756507826
.837941795908905
.12113308665390299
.9120054121158127
.08802348654531375
.8790587958298619
.1045965738345968
1.9685841495892709
.15134795031652165
2.468295935997399
.08136451841977226
1.0853600119215376
4.895478460897353
.2837464241487549
.10812272282809648
1.1913046484587058
.061546085739601096
.23217250480435658
.03888596353779852
.8599421975645719
.08880477496795182
1.0697369294556995
.0980798183859438
1.2088611408952101
.16009042256409217
1.0102987848383271
.046990341928517865
.6789125168087335
.06669623540850042
1.517556664611483
.00018065187982631113
.0004303135186402188
.0883367973608216
.13782502573978142
