-.1469507147045142
-.2428545654565628
-.2604764687299821
.0002780186481617402
-.013170831441023774
-.26383687715038284
18170279311977844e-21
-.33310405854445374
-.0007003128257509114
-.0006830191853947999
.0014097760126063916
26365424063981148e-21
.00017713012397556533
.0011344374410846888
-.2990563926527041
-.25981923826549275
-.33301938035890677
5447735552955717e-20
.00017016342092049126
6934754071989471e-21
-.0006642132184184835
-.21679618723717828
-.2625362940020626
-.038750819031576296
-.06788524145449852
-.1762848896178642
-.00032036106329683616
-.000786953668656678
-.004129083479251834
-12543264860489597e-22
1643473502095459e-20
.0001408703227584276
6087699349995784e-22
-.0005985475371550386
2533705325086627e-21
4550569596944536e-20
15009041043637837e-22
-.0005985477654143991
26937926295504463e-22
-5928548397403e-19
-.29737031986897583
-.26251884570044676
-.036436599768413146
-.0001637574327657985
-.3114748141882918
35847595231769145e-22
-.0010639414691247908
-.06029515929547865
-.23292620366626324
-.26235820354865813
-.31234945322179347
-.26315366624177994
-.2381648674443246
.001244412890479039
.00018593217017762753
.00017362021975603258
-.2836858284596767
-.24343808350547602
-.001102052277454471
.002154731459927629
-.22700399184851697
-.07501900815305597
-.19920494900792438
-.045338868493909876
11809308876929696e-22
.00039914464059271124
-.0009383183427464046
-.008462515054588728
.003218226555660551
-.000364004428446668
-.2441309584777593
-.26632766496576044
-.043160803460211845
-.2547567008504167
.0001370606604863319
4048849838183313e-20
-.0008470520859089327
.0004054890979729107
-.0007315947301800852
-.04243705682241308
-.0005497302759208746
-.0424367298361052
-.2547595696731233
-.30800448578807477
-.02406769008052151
8723495450424313e-22
-.05738246055641749
-.2443809738420253
.0760375677479217
-.24251560885399787
-.000782462250519048
-.15825166227875037
-.331253922121025
-.2619534040781681
-.2622521478088597
-.2495237999557487
-.03835326570200381
-.03691521788989402
-.014442140546619789
-.36805229320149413
-.1578958846944634
-.25896514745792487
-.8034190540913276
-.21033230088452076
-.0005209115035965751
-.26568100434616626
-.096871046698416
-.03743157235878033
-.23959715067253098
-.04652902274151639
-.000598548425767841
-.22411692241417927
-.2081974660060235
-.02399356239377873
-.12136382942139395
-.1721804535248569
-.04242987228032592
-.21974216430631313
-.014150900752257037
1617908964411253e-20
0
0
0
0
0
0
0
0
0
0
0
0
0
0
0
0
0
0
0
-.04236615294187216
0
0
0
0
-.2518704068478764
15948231723939005e-21
2440213133146637e-21
-19363789999351523e-22
-.00020171664335170655
15764994745922787e-27
-.27225915376349796
-.28362511602019275
.001782273296850773
.0021973488902890972
.6477298621624583
-.21904585119661826
-.27660919138372714
.0032167515236889025
-.026498491222594893
-.03964014867476581
-.2974435333770906
-.0004044523681599056
9832552417021761e-20
