-.0009001828859584603
-.00016349672282888375
55075145922863837e-21
-.28486547531774625
-11843843097110448e-22
.00014460878343094317
-.00040149658774069725
-.0010890762825838333
-.001240139768225276
742766395201075e-21
-.0010982559246126577
-7196797816276584e-22
-.00046455803331298416
224060536270611e-19
5405552867859218e-20
-15885621380368843e-22
.0013554129459613506
-.17663114223335252
-.2750655793845771
-13152009038596349e-21
-.2639015291858934
-22846596635380015e-21
12945418552306931e-21
-.0056188460599323285
-.037679196164905816
.0013024182178002766
-.000638875649141592
-.17154287537097576
-.21051175215517443
-.0015711460525208764
-.01776014024698208
-22508345128533288e-21
-.004162753525702634
-.002031162774152366
0
0
-.03768487672027703
-.01666598583410675
-.021244240587566948
-.000811746393053885
-.2427752789425172
-.12150340993665829
2544332263798456e-21
0
0
-.0008898583762445715
-.0011401161092083987
3020228339447755e-20
-.02498840656738364
5333491520959964e-20
56760297963287194e-21
2596767568900549e-20
12855269649463973e-22
-17737071467059375e-21
25283459152037695e-21
2444042916658999e-21
-.24171295114228375
-.26420295970855767
-.2707016141414374
-.0005995346780660494
-3471950483174746e-20
9760547890716248e-22
-22772735414573573e-21
-18393393733182788e-21
-.2712527101470687
-.35454234181390826
-52056813779220745e-21
-5491807794795713e-20
-.0016618678863588047
-.17622892858359646
-8532248300781908e-22
-.2107781919754628
-.00024235965000620087
-.29262374672466523
0
0
0
0
0
0
0
0
-.173172138426488
-.2246042037622018
-.22408938541919363
-.31225286803236324
-.24434644677526648
942324834530578e-19
-.24467230958403346
0
0
-.23103898521476368
-.266455728795541
.0008678639812689065
-.2310596115328211
5303017031172685e-20
-.0014202276807695213
-.2608775921944916
.013171105154527869
-.30423683885865394
-.0005985972335254479
-.2120813513094408
-.2625507247858745
.0008065371576244291
.0037684976550551967
-.0037985325810401685
-.05376450851714028
26446564715600976e-22
-.02411845673475877
.003553000261812184
-.025041038025990395
-.23001057762224913
-.2267350343199323
-.0006969466407745368
-.2591832275887353
-.26226955928589024
-.24625893874542273
-.21012966361621255
16940730290699347e-23
-.8413826223412723
-.33281026748467113
0
0
0
0
0
0
-.2612017283197828
-.1214804840002444
-.39669775335026014
0
0
0
-.23922528594637746
-.12139038669378678
-.2638617614759498
-9167322240536147e-23
.0028168102799100594
-.3869076488357281
-11727322688690257e-21
-.2638136479207828
.0002296974207190211
-.26253369137306865
-.1733319763491628
22649384766669165e-21
.09390240024872806
-.0013828364378697465
-.00046403302767999754
-.05025938815395522
-.046536434292089486
-.23213201826411783
554105781601572e-19
0
0
.0029852154713782145
.00016098228987681076
-.001268870310313206
.00017826562370107542
-.0014372990198228894
-.0002574163099936164
-.000677908677911877
-.26222046148180067
.003058222846746688
-.27129888480572145
-.26253428332608403
15936034502933613e-21
-.2642442829305491
-.2708143414310601
1736728197720234e-20
.0030052288042518647
-.27153580076129796
.0030107064922290346
-.3397890699872524
-.21483823841267163
.003005257308694618
-.4347967172106842
-.24106367135821452
-.21731347395437414
-.27240618842601816
-.2294843420401213
.0004316864838460638
-.2347235926070521
-.23822974954550882
-.20911149611563976
-.21510360874259976
-.21098207537456923
-.37711097547176387
-.23791506253374572
-.23043042665259486
-.2130367681741993
.06885946743834412
-.27162923451795346
-7981220212524337e-20
0
0
0
-.9050621119106937
-.34063322515512473
-.30824936398047864
-.26173042230340693
-.24155613065137155
-.7782393854112123
-.32706549278508557
-.2471966041650357
0
-.24349539267638617
.003005023808916593
-.24387669788395605
-.2615853956640163
.014178345013879884
-.33281085503192565
.03778802870658142
-.6018144996943927
-.37082344627217795
-.2721880289093555
-.001168769911964791
-.2658752765062039
-.26056602384907185
-.2562675044422344
-.26335569642667456
-.2631306801576923
.0006880699912867042
.004565345528116215
.0004018235892584764
-.00033689697538956387
-.03673853659320948
.0014449697713342373
-.037309067629519105
-.021371105710984262
-.019898691975119613
-.2632938629872635
-.00109035134381269
-.2750643857428849
-.21022466890226152
-.12445451294409732
-.15677114457120614
-.2993840610037822
-.34030030930186805
-.22963105621084529
-.22249504254523908
-.27506171163518267
-.39036888631653116
-.29201681445903754
0
-.34214290985486173
-.3367555874227589
-.2585100235316414
-.22240073513265335
-.3052758413423105
0
-.33909516747414964
.024950861449031417
-.3467123738988164
-.34081631353019104
0
-.33967406023003316
-.33691113452741744
0
-.34103258766972117
-.33312320224135983
-.2622297022110748
.0009261904177746052
0
-.33652726507839376
-.05026016378892119
0
0
0
0
0
-.33650610316229224
0
-.3421874779318765
-.015260948850196524
-.34193202320433547
-.21455625236347345
-.3362135007629077
.0013550111557525811
-.25731804810506953
-.10055509131369833
-.20993432906661252
-.05268632728209469
-.04653340555993423
-.22785121276508527
-.02408315680456441
.06885884505300473
-.2625448140344908
-.024924489108353546
2436345158379398e-21
0
0
.0011146665558448145
.05618917132836261
-.25619959859407493
-.45455344014305266
-.7393354846492642
-.22373297215534685
-.15033671632391474
-.23515760868394975
-.2625289180474043
-.23745763859120605
.004172770306715842
0
.026870099701304224
-.2428864292661547
-.0008397437851713665
0
0
0
0
0
-.0015963214199856287
-16489152008100467e-22
-.2366098161147454
-.0008870642163310767
.0459961014565958
-.24591174914235667
-.2625383671563806
-.2625349231482848
0
-.3410065986437884
-.20914783962298383
-.00020520824685480327
.0006805526345064872
.0004536213575289601
-.10009275441404777
-.2987733422973865
-.12018879644582867
-.0007679223164337869
-.2638178125238071
-18910013499175394e-21
-.0004081353227283847
-6038639530106753e-20
.0007711090735657348
.002072472505527052
-.0008087297866220611
-.0013096063983816081
-.0008388302710046207
.0009247846771736666
-.0008619172518358021
-.27216849380415586
-9865955754178e-20
-.00019473353826287353
-.2333004665226728
-2319841669573285e-20
-.1213671629632834
16848538599804803e-21
15962255019828775e-21
0
0
0
0
-.333299156479246
-.12007492435457842
-.26255099715025026
-.2625614569964489
-.0006555525136098792
-.0003818819020687658
.00015572890624488526
.004050761325588797
-.0010842037983222169
17218527261496867e-21
8337795528193773e-20
1692820999832275e-20
-.0003611017542996198
-.0003905260456393685
-.2665428089596681
-.27240895076684324
-.26253510037735656
-.00404289046700076
-.24170710384478192
-.26329579682932047
-.29573754780529526
-.2490365553437166
-.0029833860762971316
-.0005845369358607585
-.21032418059518346
-.09992881265718545
-.2707607642007759
-.02407771623748779
.0029844161517280587
0
0
0
0
0
0
0
0
0
0
0
0
0
0
0
0
-.11766606214289856
-.00033063048923091386
.0013889373123145063
-.02217480344251035
-.0005534090993946037
-.0006062492424564225
-.00030267463143536467
-.0008880255983508833
-17620318136392868e-21
-.26032972116444736
-.2717728626362225
-5704421708105845e-20
.0001633104789556725
-691454756752661e-20
0
0
0
0
0
0
0
0
0
0
.00030770916785269125
-.0005985747040157029
-.0010113526547178022
.00023592619945270288
-.26382353905811856
16232586044382114e-21
-6605372928172393e-22
-.0007585729129447789
-.0003861287010001044
-.0012484504028879445
3867308640700523e-24
-.0006033364418537351
-21563659570415537e-21
0
0
0
0
0
-.00024411648969653536
-.0016610146901721678
25903660262523325e-21
26986503351286777e-21
-.2947997243442744
-3314271226147821e-20
-.2741213019760672
-.0465362337681286
-22652922786757637e-21
-.22538308867573467
-.22061103764392412
-.12006496836704866
20809450009450717e-21
16624336616004573e-21
0
0
