6111265474577911e-27
40.97578061500895
.15692764114977448
.2835989546901739
11.491411536773622
.34510134495680655
6.065572436538395
.20456893949101373
.0028934454709608464
.3451776793907411
.028762924431060377
7.514422404324695
.7313386371111159
.6272762886358232
.00840129191514594
7.665714906797822
1.0657833237673051
.0039061975580111943
.07615453264405508
.004120057347372894
.0017220760281035034
.04179584579563469
.0001432377053093529
1861533208772898e-20
.28124115322091714
40487309050653814e-24
14209082758681499e-30
.0052325586752231005
.006622353653024484
.006039833922138038
.0023590384705251075
.00017794005672790186
.0133151802859256
.0013062202413154822
.01117748221483816
36101916556131744e-21
.0004912720301343097
.0028751324208458
.0005376682639940728
.005574712004834325
1480377523829052e-20
9.734493137373555
13.765244197742629
.004994526559573757
6188157169762647e-20
.11311785552577142
.007967219786160475
.006885982529739043
.3998462492372194
7248809291134936e-26
.442176777940984
2766430502573529e-26
3.6981778719401093
17.97879714719831
14976287088435938e-25
19860197315549746e-26
.006824734313470562
3.017847540016205
13.394143824831733
26682585112397723e-27
21600614991553725e-27
42.73144188287998
28.193900159217076
9.23726927052326
.0024823879252922356
.0006559147031100927
.0014299111274885916
.006465712941333193
5214697483931588e-24
0
734962142315559e-26
23.617580996248204
3.385673272539497
8.879810636498425
17.910721015110013
.001461913935521322
.007860441818557315
.0004017764636475998
2.2083242927587015
.00037443103604333503
.0034747277734362993
.011065560294093998
.0014824540715798603
.9208257330541091
1.4173144916051492
.0001359457082111968
.024094942545797568
1.3104092846285502
1.6643060884360756
3.329381275510588
.0032632179475391952
.000456013069569534
.6003527940006291
.7474249708390989
11068746043833726e-27
.48207106986991133
.7976555057111095
1.9910094190241912
2.6462317472395007
33658340672224045e-26
6.150010442009273
2.0276377353085446
.5316703890693919
1.1294760358596867
.9004359827557674
.0008506451167293159
49.63042993020021
8.234934128568794
.4762244283119215
.0641853624141333
61739010966067e-26
6709695460190773e-30
3177611809389091e-24
4.712153788170325
.009918560714284125
.0004936824380330921
.527719846076335
.0012355335652094223
.0002464882447248055
.01679691674573255
3325871574701394e-30
0
0
0
0
0
0
0
0
0
0
0
0
0
0
0
0
0
0
0
1.909255665456195
0
0
0
0
.5947457153656842
1342.9409121674396
.004653347802056705
.10021494380780221
.01979826662242175
.22927070464432436
.5793115747296218
.9850390126948078
1.4804725231486093
1.3857119306735026
.007900203292818308
5.923540683634218
6.366221737272782
.14524270667820124
.35856737964911894
5.216969131719312
3.9016972781545065
8875917328691024e-26
16094099406583299e-26
.019999999999997554
.019999999999997554
.9999999999938888
7.999999999608879
.019999999999997554
.019999999999997554
.019999999999997554
.019999999999997554
.019999999999997554
.019999999999997554
.019999999999997554
.019999999999997554
.019999999999997554
.019999999999997554
.019999999999997554
.019999999999997554
.019999999999997554
.019999999999997554
.019999999999997554
.019999999999997554
.019999999999997554
.019999999999997554
.019999999999997554
.019999999999997554
.019999999999997554
.019999999999997554
.019999999999997554
.019999999999997554
.019999999999997554
.019999999999997554
.019999999999997554
.019999999999997554
.019999999999997554
.019999999999997554
.019999999999997554
.019999999999997554
.019999999999997554
.019999999999997554
.019999999999997554
.019999999999997554
.019999999999997554
.019999999999997554
.019999999999997554
.019999999999997554
.019999999999997554
.019999999999997554
.019999999999997554
.019999999999997554
.49999999999847217
3.9999999999022195
.019999999999997554
3.9999999999022195
.24999999999961806
.09999999999993889
.019999999999997554
.019999999999997554
2.9999999999449987
.019999999999997554
.019999999999997554
.019999999999997554
.019999999999997554
.019999999999997554
.019999999999997554
.019999999999997554
.019999999999997554
.019999999999997554
.019999999999997554
1.4999999999862497
.019999999999997554
.019999999999997554
.019999999999997554
.019999999999997554
.019999999999997554
.019999999999997554
.019999999999997554
.019999999999997554
.019999999999997554
.019999999999997554
.019999999999997554
.019999999999997554
.019999999999997554
.019999999999997554
.019999999999997554
.019999999999997554
.019999999999997554
.019999999999997554
.49999999999847217
.49999999999847217
.24999999999961806
.019999999999997554
.019999999999997554
.019999999999997554
.019999999999997554
.24999999999961806
2.4999999999618048
.34999999999925135
.019999999999997554
.49999999999847217
.019999999999997554
.019999999999997554
.019999999999997554
.019999999999997554
.019999999999997554
2.9999999999449987
.019999999999997554
.019999999999997554
.19999999999975557
.019999999999997554
.9999999999938888
.019999999999997554
.019999999999997554
3.9999999999022195
.019999999999997554
.019999999999997554
.019999999999997554
.1499999999998625
.019999999999997554
.019999999999997554
.019999999999997554
.019999999999997554
.019999999999997554
.019999999999997554
.019999999999997554
.019999999999997554
.019999999999997554
.019999999999997554
.019999999999997554
.019999999999997554
.019999999999997554
.019999999999997554
.019999999999997554
.019999999999997554
.019999999999997554
.019999999999997554
.019999999999997554
.019999999999997554
.019999999999997554
.019999999999997554
.019999999999997554
.1499999999998625
.019999999999997554
.019999999999997554
.019999999999997554
.019999999999997554
.019999999999997554
.019999999999997554
.019999999999997554
.019999999999997554
.019999999999997554
.019999999999997554
.9999999999938888
.29999999999945
1.4999999999862497
.019999999999997554
1e-12
.3299999999993345
.3299999999993345
1.4999999999862497
1.4999999999862497
.9999999999938888
.9999999999938888
.9999999999938888
.9999999999938888
