19464965473460775e-23
8235677680192551e-21
-20438853325595458e-23
24317447858014123e-22
35703046004619023e-23
9749797490677451e-21
-101227086898869e-19
-3825340833518259e-22
817189269307191e-20
1766890040298214e-22
8060531806727698e-20
-17304502809707127e-22
8388156284989787e-21
9743887022727813e-21
7960397388070866e-21
17739951430594332e-23
-.00012017861940719466
-.010292534144025513
10509783005431025e-21
-3880625924214826e-24
-.00011161276056811337
-14594787091359185e-23
-25841727250168765e-22
-13042214846212594e-23
-.015204216272681209
9819620026948126e-21
-21338798158710492e-21
.0794409066729969
-16491479133398655e-21
.00015632065084794788
-.00825531716987875
34589211470715046e-22
-.0014979496684456484
-26678515230163976e-22
0
0
-8425263161012787e-21
.0003805086059576483
-.01548211645521329
8856354303441467e-21
.0118579054063647
-.004995292559234456
31160954087436077e-23
0
0
-14732239834374044e-23
-1373604720494701e-22
2398131927510434e-22
-.008525126054829631
-1894058266279342e-24
-15258744638819077e-23
-15960254323355883e-25
9696875561927792e-21
9804922239709355e-21
-13039270281813231e-23
805742078502992e-20
-.006571247024848505
.0017292764673289775
19297611692282006e-22
9655897835457529e-21
3661631397832955e-24
-15030129612557502e-23
18817793135208592e-25
370974701067617e-21
12283738569730111e-21
.046849238980562626
-1501541871187404e-22
10053262628692064e-21
9405839346793702e-21
-.01373840604255671
4599955587958797e-22
-.006078694224680981
-13477348506000888e-21
-.00029296989913069163
0
0
0
0
0
0
0
0
-.00490008218910974
.03184813880366236
.09120669977818927
-.009272071700732248
-.00906704215476144
21079051695533356e-23
.004221847165705901
0
0
-1763389656584858e-20
-.008109701996713296
.00012562620266774545
-.009215499813219518
818583443061753e-20
-26907618553420684e-21
-.009964018134277997
.002637594936450119
-.01907045308524371
-1370331127846663e-22
-.0068160431273779415
-13060807207312208e-21
-12235995855568726e-21
-.0029253408935361624
10467177900474298e-21
-.005437788517562938
-18382879781291152e-23
-.007711073829420655
32431539586418447e-23
-.007468574587380969
-.03518922159111927
.0034784461677107754
-16759842441083906e-21
-170585929380918e-19
.00021075083972493748
-.007648516137576161
.002346159881141054
-2610722324356521e-22
-.0783086191740296
-.007825408187441714
0
0
0
0
0
0
-.0010570736506578028
-.005064091020711956
-.0011421658981026674
0
0
0
.025352328280777648
-.005087528126786902
-1798011201041662e-20
.07477551178429638
.002912303038791097
-.00407366259294537
18453144240648e-18
8937229804604912e-23
-.008839426154110201
8747472299232925e-22
.006064718562534725
24261935070232426e-23
.004561292240109837
13754843539718175e-22
-8709687720388163e-20
.00011341750793111045
-19248724770464546e-23
-.011606913876559976
-8661430220073363e-24
0
0
38954536537691946e-23
7044515904832924e-21
-.0005018580965880152
-.00027539128610576884
-.0014583356217256578
-10975647188366659e-21
-65639991164361465e-22
-.0065839952326882945
-21679645078234134e-22
12357555103615034e-21
6711874186867152e-21
-12215359823720193e-21
-.00902215700945362
11740633455647543e-21
-3296776634111986e-20
4215573104970852e-22
13931002402942977e-22
13955291363630592e-21
.010354704243931038
.059040105736404946
12071751987405595e-22
-.14897022904231783
-.02336323318877358
-.012593312084755384
6111321265103908e-20
-.0002960871332632871
-4877494611322375e-20
.0010818783749273137
.0023421222430557846
.05924943044812936
.04348162653681197
-.011202711969542667
-.04538583155754709
-.004341172006281237
-.01718676649665409
.04148665338447177
6998868301887596e-20
-16955276995089988e-21
-12509044000977307e-21
0
0
0
-.0002674824556699714
-.012361092053692065
-.041380885532855544
5561171680059858e-21
-.00928663285374538
-.002084242500904414
-.017480944557352992
-.016271120590370197
0
-.01046225450809127
29100369379125e-19
-.0004069308713650561
.04454482142280902
.009289949271685033
-.007567447011156436
.04121102320442573
-.39436569387571196
-.11946333487884993
-.014268030853316549
-.001714569939740893
-.004703757668290611
-.000315660078059109
-.0027722315636406498
-.003011968523884443
.04267522667135253
-.0005148142707856257
-.0018738220138860644
-.0019702656542491823
-.0009014523118002741
.00019493179192774655
1234362862535051e-20
-9763319216510852e-20
-.0075327076500287015
-.007706886920159949
-.009234597156503654
-.0092574688597208
-.007649114375068916
-10155636072659808e-21
.0015794634343420059
.07152263798952387
.002596153453961975
-.005360500022402329
-.05402322709199004
.0010186437322575038
-2199312316576419e-21
-.0761394586852399
.007813741913774201
0
-.010669954337890657
-.009858654910038307
-.0012237301388397816
-.013512207022563042
-.0005135415739028346
0
-.011239726386005101
.02382162603690302
-.01949161444421926
-.009344523500188306
0
-.008224374875209576
-.010348997654759296
0
-.009472535351499493
-.005514782715433144
.00019982553648130685
-9723640102547276e-21
0
-.009903158968271793
-17538609269753813e-21
0
0
0
0
0
-.009837395529404136
0
-.009970258056663264
.0002547283306862965
-.010381659609251866
-.009279582996853736
-.009622688374621198
-38192219690898126e-21
-.010192210171717767
-.012654753483414308
-.008783418944877844
-.011839955020983634
-16525336497826599e-23
-.0005240674988434046
-.007668565624594506
-28701789804059303e-23
-.007657452407715039
-5343601273771705e-20
-14600211288936958e-23
0
0
.0068990511350100385
.0029752236771666053
.014592341395656426
-.12682028307757498
.017250242969841297
-.010846885984875381
.06253402311636186
.0444563816678314
9959862238075564e-21
.007429088974572798
7400594567220631e-21
0
.0023908842961493986
-.007157635655431642
-2885447798554537e-22
0
0
0
0
0
-.009178205779252737
9858132545029139e-21
-.003944213251906749
19295098679426194e-23
-.006087481699424039
-.008785966485314321
7067619052480843e-21
9941223622280122e-21
0
.0008191599030569056
-.009423568871962846
-.00020368083748270328
1923920619781405e-20
-.0029849629628008034
-.006947356600133067
-.006235970243978402
-.007535405542784527
-28685644769378906e-22
.07436444721731389
-13413074983458843e-23
8098181066744536e-21
-.001499765038294913
40087625661652564e-21
-4634913146553902e-20
-27411307633082857e-23
-.0015018571724013858
9606258797980327e-21
-7615948920568713e-22
-11882008787609637e-23
-.007261044933495269
-1645365364060645e-22
-1452364069324013e-22
.047870889325986536
-5036956363845179e-22
15637687426521882e-23
18550326548714111e-23
972754635929521e-20
0
0
0
0
-.006643582735031937
-.0066520007235691125
-10862491035679964e-21
-33010225648414224e-21
1086131595182229e-20
-4397087832805264e-20
-.0029252642204171705
-.002008745018680895
32347398956739443e-23
8020638168730248e-22
-.009205863693677412
-13141960475076888e-23
9637631403065118e-21
-540963569350982e-21
-.009204611164795708
-.007227270137752624
994554855555318e-20
-11923888361435413e-23
.0003213670613494708
-.008105261130694458
.017136983048797755
-.035729356358220436
-48772484362015375e-22
-4383342689638224e-20
-.005661547386337477
-.005433721091095916
-11598910140548537e-21
-.007661076740303706
10306639176502754e-21
0
0
0
0
0
0
0
0
0
0
0
0
0
0
0
0
.000876772926788849
-12533115159269875e-23
-.014239662771234295
-5498505865837242e-20
198592343016163e-20
-619848807249352e-21
-.0006180401339594399
5695810301686114e-20
-.001499578588119506
-.024178677002323467
-.004813915692805681
-1457998082016886e-22
-.007662168445899689
-6845236727268968e-21
0
0
0
0
0
0
0
0
0
0
-30358953691950116e-22
-23686099871113018e-24
-20412542987014904e-23
-2263792745433099e-20
-2986092294446007e-22
34495893814013244e-23
-15513681924974565e-23
-43403840104486185e-22
9961940957485755e-21
9120519997480322e-24
9834518688316974e-21
-5541867962270874e-20
-16227697067223652e-23
0
0
0
0
0
14595252022580137e-23
-17724186566596907e-21
17148761579870145e-23
9912441041735438e-21
-.00795272310637584
9745847125070092e-21
-.008945602354340946
7063761136658576e-20
15342968717691582e-24
-.008830976698908777
-.0007972221901556282
-17030359095600967e-23
10344687478641616e-21
9713722404325563e-21
0
0
