-.0033196663467121488
.0007752379915587502
-8215583369373862e-21
-20565301885772213e-21
.01389026067981313
.013891663286174742
-1871416038184702e-22
-2488586940240019e-22
-.0001480880631813761
-.0004439024952145048
.008696440581575694
.01584344584569167
2621036166166012e-21
2657251299082151e-21
-3019108315383882e-21
.0008263582049599384
-21665950754775704e-23
-1254363517646015e-22
-.001781852368801215
.004853835607733743
.00458728502308404
.00449865656170425
.005981838772004336
.004525605058025381
-.0026082423064541288
.00392066660118492
-.00019123506964010826
-.0036165451930246007
-.001965236600831676
.0015581816103253574
-11720356193480901e-24
-42109125931243785e-24
-22491517314052047e-21
.00030910000777621417
