.010401303324379616
.0006503991103050299
22686440130143315e-21
14027591628571866e-28
.0023027160622694737
6.705454446187904
.6827709412303863
.04553150829748654
.016237032533352586
.06636826868332452
.7663436408154986
.7305696301207028
.05077041374959576
.0009391874974175112
.004271084980397167
.0003880713967899928
.0025821446259421733
.0756903803389453
.004928415546264992
.002266669447385174
.002268159868756709
4479969448799499e-20
.0021208373197209394
.06833011681266718
3.9293365478812405
6104585047661855e-21
.005392315002415094
.0058513603199663675
.005378346371403048
1324659223500014e-21
.0001674738450346639
.012858552950520174
.0011916440644253196
.009886414893850337
28087077460497838e-22
.0023878935061945757
.0026289033466071958
53986803215493616e-21
.005182864333448674
520254783456316e-20
.005376533791224993
.0053761031472081425
.020520381947952384
.0005921814516034509
.11067990407452809
.007889846538241227
.0004964471102737171
.02676939203359284
.0833435909624289
30374125056088395e-22
.1543631540295187
24957198161409386e-21
8.787212494291152
8.351799182888593
1.2001345477520018
.00665658623151305
.0007704655602041499
.0008417997605464808
.17752181178222118
.1139452658724471
10.199806233442892
7.964127063306057
2.96240019599257
.0019214241144161336
.00033802468157317277
.0015059949696506333
.006006897749178109
.007662726945134514
3.6368464731389
.0008004985051915097
10.199806233442892
3.468164165884537
9.46432629031683
9.486922398968577
.0013561677324886244
.008420562889766538
.00015737250608197957
2.0760306436125653
.0002305793297075024
.0019948289127343353
.01083019053839444
80165515876781e-18
.7328246722372136
.020741415716549097
19403649597115364e-21
.0002009222531112782
.43831618470489814
.4078871204467
2.6057687362783564
.00014314773851441782
.00034671493736556253
.6530708995020729
.6996535701006233
.11782468222633667
.00027775514180008646
.1385758749532919
1.1126038403266743
.9870637870386261
.06628580095264783
1.2590619904152442
1.9802517992236615
.01872971087931173
.01926232183346667
858379569871105e-19
.00014105089284156304
3.6696766609987463
4.440191448619464
.448280827561545
.003856139010179296
.0001088836928451539
13492112739616048e-22
5831135005778176e-23
.04737865366864427
.016431814883833225
.0005395995958353344
.3223428805399471
2759651354691196e-20
.00019816310650149822
.025307622280718704
6473970136548513e-22
0
0
0
0
0
0
0
0
0
0
0
0
0
0
0
0
0
0
0
.12901990371878105
0
0
0
0
.11004526815474631
1227.3220648300226
.00429107612195568
.1042581108669465
.019167086306468798
.21746076522244498
.020527456557730073
.41976713195823256
.012566882110476092
.355047325686235
.0042158152662719345
2.2430073069666134
2.353005535784828
.002013962134533115
.005208747661812403
.4563771955031963
.3701405378305723
.16942613602616458
.2942242416538102
.018840936630451215
.018840936630451215
.05053881383831502
3310247748350369e-25
.018840936630451215
.018840936630451215
.018840936630451215
.018840936630451215
.018840936630451215
.018840936630451215
.018840936630451215
.018840936630451215
.018840936630451215
.018840936630451215
.018840936630451215
.018840936630451215
.018840936630451215
.018840936630451215
.018840936630451215
.018840936630451215
.018840936630451215
.018840936630451215
.018840936630451215
.018840936630451215
.018840936630451215
.018840936630451215
.018840936630451215
.018840936630451215
.018840936630451215
.018840936630451215
.018840936630451215
.018840936630451215
.018840936630451215
.018840936630451215
.018840936630451215
.018840936630451215
.018840936630451215
.018840936630451215
.018840936630451215
.018840936630451215
.018840936630451215
.018840936630451215
.018840936630451215
.018840936630451215
.018840936630451215
.018840936630451215
.018840936630451215
.018840936630451215
.11240415538598654
2608506870882039e-20
.018840936630451215
2608506870882039e-20
.1185348831646293
.07419292037492886
.018840936630451215
.018840936630451215
.0003872351745105314
.018840936630451215
.018840936630451215
.018840936630451215
.018840936630451215
.018840936630451215
.018840936630451215
.018840936630451215
.018840936630451215
.018840936630451215
.018840936630451215
.017042350003926895
.018840936630451215
.018840936630451215
.018840936630451215
.018840936630451215
.018840936630451215
.018840936630451215
.018840936630451215
.018840936630451215
.018840936630451215
.018840936630451215
.018840936630451215
.018840936630451215
.018840936630451215
.018840936630451215
.018840936630451215
.018840936630451215
.018840936630451215
.018840936630451215
.11240415538598654
.11240415538598654
.1185348831646293
.018840936630451215
.018840936630451215
.018840936630451215
.018840936630451215
.1185348831646293
.0014354853138333805
.12312228977221658
.018840936630451215
.11240415538598654
.018840936630451215
.018840936630451215
.018840936630451215
.018840936630451215
.018840936630451215
.0003872351745105314
.018840936630451215
.018840936630451215
.11009178888388048
.018840936630451215
.05053881383831502
.018840936630451215
.018840936630451215
2608506870882039e-20
.018840936630451215
.018840936630451215
.018840936630451215
.0958594556318907
.018840936630451215
.018840936630451215
.018840936630451215
.018840936630451215
.018840936630451215
.018840936630451215
.018840936630451215
.018840936630451215
.018840936630451215
.018840936630451215
.018840936630451215
.018840936630451215
.018840936630451215
.018840936630451215
.018840936630451215
.018840936630451215
.018840936630451215
.018840936630451215
.018840936630451215
.018840936630451215
.018840936630451215
.018840936630451215
.018840936630451215
.0958594556318907
.018840936630451215
.018840936630451215
.018840936630451215
.018840936630451215
.018840936630451215
.018840936630451215
.018840936630451215
.018840936630451215
.018840936630451215
.018840936630451215
.05053881383831502
.12252047090799699
.017042350003926895
.018840936630451215
9999999999970158e-28
.1232281942070419
.1232281942070419
.017042350003926895
.017042350003926895
.05053881383831502
.05053881383831502
.05053881383831502
.05053881383831502
