44.386742174077845
.3111976770898809
1.2154013952667861
46.866138772891446
1.3664112271673186
7.612119053549243
.8337163156922197
.1985437937569131
1.3069130152510087
.08133914384370339
21.700205758825405
.7686253450223884
1.5290934738696083
.019881373445134902
10.192029644560137
11.316884444877427
.010612277036296348
.08851607826960989
.016324267410499884
.006468761681585445
.04625278212316757
.014116862312333675
.01011192802727848
1.766676179421183
28.268694366577893
.004834552709422889
.0065928667691731325
.006692263557556186
.006371266347437215
.005248941861695955
.00018372849703132406
.013978902418662089
.0013010133840705303
.010467260314045485
.0002785720114526242
.004229961836018611
.0030646862018230006
.002546741791544298
.008284931321024645
.00021556133748427774
18.307627589271355
18.685052157212347
.030201804274274085
.003790801339252032
.1474038835008164
.010774220182627487
.009925020128286733
.5714951108369497
5.374082193397341
4.843490060035154
3.633549842763979
5.341395941444726
22.40493724635145
20.51563216033171
2.2032069070731928
.008120917677177496
9.391887275964498
152.25057659189812
.34686621424457365
.1811466932073786
53.99211645406808
55.472769208932185
18.416951205655767
.0058905739974554104
.002226172172822017
.0016004617180845491
.010923252323673926
82.96089545426821
78.9131983595442
.04143054341314872
27.894770189967623
3.7859021124889822
107.28999772770594
35.43418814739266
.0016535424747808774
.010498403555233923
.005450263887695075
2.721897704184719
.001101416664406302
.009878060911359931
.012028647052528168
.008047197873614213
11.426992197447058
25.303321391996942
.010080218190092747
.05416653336630956
26.668980586546603
127.1847509310857
7.100341192242033
.016687304254164037
.009428658253735313
4.917753553858114
1.6173705685469222
13.151500560045456
11.24921508432882
6.277964208560627
8.111845907402811
6.646486334587352
3.6945223246536782
59.87362528483847
2.149265913724672
7.677407442690759
5.4200298095769694
2.584744033592945
.0031786793651563325
60.68398617383388
8.843387556615292
2.077102044675948
.4610908116186281
.016654664018734208
.0001866377988797775
56.52461476548369
107.39218886892826
.0932718439856577
.0035968774658501103
.6139380853203471
.006167056102992118
.00724385198429986
.18257396931768005
42953689299972366e-21
0
0
0
0
0
0
0
0
0
0
0
0
0
0
0
0
0
0
0
3.4055127703635977
0
0
0
0
4.643376858613874
1338.2771313195917
.004489516592655479
.10742203747707225
.018999893644671865
.2195630151614213
.8619415645577927
1.2076435319610463
1.702163284859306
18.480441150058358
.015853254231762093
6.428652745081277
6.3195414863770285
.35608900068493843
.8374219877762709
81.99072357653912
90.94572041882071
43.99202339496927
82.05272047004209
3.3826731648269384
2.0060765517045906
1.619956367052652
1.6972886435997068
2.610586734516936
1.7266551138632493
2.5210467039666997
2.0292277118247966
1.9384423555438768
2.1704935084289216
1.9370006069406902
1.889568712708298
1.434079090998172
2.019861152804457
1.5692589250460656
2.731197992366666
1.832934506436051
2.2811018360395723
2.357709909919687
1.8095143594858287
2.3717173256247848
2.7958232392521154
2.5174561109828852
1.9928858702061472
1.8389155300922235
2.6036369389290153
.02293706817191955
1.7340216395514643
2.3891000722337874
6.000239722156772
1.9468868851214527
2.150548971225321
1.3033392022680936
3.0600912371780797
1.4116542117757116
1.594990876962612
3.05728410299058
1.3133425293408794
1.9825766051157092
1.5349162810092518
2.078815361889699
1.4018249854350415
1.924987757470932
2.6138557853085005
2.0554330101378864
2.1914619168044176
1.8697778467957498
2.3230791173657988
1.6897487324270368
2.390564135958544
2.772653590446006
3.0499133447036813
2.3543214622895645
1.9967395744093879
2.222393312765914
2.9104059859567126
2.4136233135092375
1.0825512766215284
2.6580555167887647
2.8491738400252946
2.1590406368103388
1.1613655049148348
1.6979276807055288
1.756051574081162
2.023752773503332
1.6030813895622014
2.4393342553228883
2.047332196652275
1.8275202740059162
1.8068832268099286
2.684304384608144
2.4960571814535992
1.945078931415616
2.229145503882038
2.364775490891785
2.0830677611531523
2.3718692519425786
2.359560278473853
1.8906555339917508
3.1765798755005137
2.033135631009666
1.9995796385504299
1.3514099679008065
1.5288497390247944
1.6179956111083102
.7561377944546408
.18099889515774
2.069996331527213
.011407338289043719
2.4974765599995066
2.128191768256391
2.5490481986005475
1.7908169631320474
.19176154643054696
1.5114765936523515
.20348633787320358
1.137579456109316
3.139004345316949
1.7305200393176134
1.858251574291531
1.9387652622264784
2.2491688401172425
1.744556827376527
2.043834807901612
2.1929855513064442
2.29534608197949
.010536574195938819
1.8967628970459411
2.0366157218917245
1.4113829519490442
2.3143855688036745
1.8858818294090094
1.4182592998212848
2.3266282463106576
1.8894566557354866
2.1279658673281414
1.882754004078688
.7302551832874091
1.7196076927559583
4.708654225370621
6.238582755543746
1.5093768527061253
2.0513996513687247
2.4853788390635785
2.3992010167103817
2.7796086433504756
1.922253131228381
.008692533157897801
1.5423594354914805
1.3709610957518907
2.7016787412393906
2.338817369449736
1.7705268863723238
1.9158183028256646
2.3200089006882294
1.9903021551672944
2.5261351658411417
2.1524826407952724
2.3315470954332835
1.8036829454115375
1.5724830823976097
2.2472111917473527
1.2328886625577713
.22269333959665139
2.327947789457441
5.431439940680897
1.5173733361535675
1.7403606592587748
1.975093447416682
2.3772679931009937
.9250646992492988
1.6989063722087119
2.037402662682068
2.0920873202149735
2.270594627329799
1.4247519254910457
2.099745464296281
2.495457949224793
1.8111665489942361
2.385027665404782
1.408932148145629
1.2140860056319431
1.5956085815895036
1.915352993873586
2.288375398435189
2.3461408312985017
2.921932770285207
1.3110886869793066
2.4042315498509557
2.280781333496591
2.1634647610935027
2.4655654790143586
1.7186455715238238
1.7914734438883284
2.8231868927751993
1.8470327274395653
2.054788822637398
.023784827130285922
2.050577077251111
.05699317733188857
1.88644147940907
1.7665749815053473
.5609254471036141
1.3963123259331034
2.1292712919911625
1.272205699642165
.04934342692240158
2.0251309338867096
1.1413740182248941
1.6237942193399395
2.148367803547276
1.8609268485875534
1.491940196609245
2.5346340963722818
3.370167843935256
2.858768693076486
.6989319607170521
.011336779830157826
1.9384300574839688
2.2207086510170133
1.9652857173767502
.04966775655414371
2.2622785809364467
1.7376958014620405
2.2463946253516123
1.2765254875100482
1.3489170463262588
.006245704493256294
.004253558302765358
2.3296722266045986
.5750366234287192
.14319706124221065
.8602776037121926
.19294363197598974
2.475045776718865
.11034711489511792
.09804446291348655
1.7869622463643224
.6000796958506414
8.291368412724166
2.0443345153864674
2.185818625937007
2.582792155263975
2.2306283708659485
2.133919582498092
1.988314675558204
.12224806153018832
.1665298040673372
2.1881488316952873
2.959074933809055
.998934161107864
1.905294227786953
2.3986615831790834
1.9582937815329473
.009977809018002142
.28913570080384826
2.8821598019348675
3.5946396461567742
4.727048087188419
4.370371894210825
2.4689637685848957
.011400550399267477
3.1638379648263424
1.3733233706436483
.015021900520492643
.01094202943884584
.15979327986250239
.012711345367730048
1.906797416719365
2.890557075623796
.01
1.817442429912209
.01398939418167595
.007001562063744217
1.862014114593787
.009196169495042683
.008099583192539232
2.344846989930482
.0073871858078822
2.4526322409031467
2.146916016902677
1.6448998369799264
1.7016084791890322
.0095930818094289
1.9637239119682441
2.462987775645116
2.428112135158668
2.428244505372911
2.2696360804525697
2.6610679522449763
.010400958136546656
1.4110101208650123
.011769115782272537
.009617293173743498
.010837933169642924
.012388043557120566
.010344798174874742
1.4755116074429537
.08699728104574034
.0760093974080238
.009041586218197421
1.3631454170919288
2.291586674064112
.0942959964509593
1.9345922939292504
1.502420106292748
.06569846279302373
2.215443187482446
1.768562426462394
1.767512777245803
2.8650800544848174
.009332852968905528
1.6021846209679607
2.586386129481769
3.512933412613463
.803793904952215
1.6006989357974601
2.1719552253656893
1.548441054623979
2.1436216502917174
1.6787605164108135
2.013268405839548
2.0900530324711113
.009395851485675368
.21892446492269846
.1936262423963188
1.8675965008559385
1.5079179926605872
1.890270185730718
1.6519596614218244
1.4323705373319782
2.1527302859879036
2.050522671422536
1.814405255448482
2.029277177816801
2.1220333261510187
1.8136761896497517
.006200523997078358
1.526109269358458
1.982414494048142
1.983471411090555
2.116579187914417
3.1762723278833676
1.7354866026513451
2.070521668016504
1.866614070829383
2.1367904607481853
.10923081118367707
1.795746076672008
2.380052967412259
2.5241244441316075
1.5567121443561909
2.496998987506272
1.6752806043782666
.23521527443640589
.14806747924224525
.12347990415187134
1.6901850006689831
1.8523111897622557
1.9539359323548486
2.3257213176194713
1.467733513194648
1.82239940466792
1.5671460835151911
1.9646473897877184
2.3989499047256784
1.7097582251448127
2.2101106788385305
2.389851800239295
2.1277445111556768
2.269651357344831
3.1659650421035805
2.066812331861983
1.965743425965422
1.7821517504742972
1.3665529151303284
2.144562831288885
1.517006518466016
2.057052706536639
1.832773436758171
1.632945705263275
2.211177254488065
1.724237433587208
2.286670631874177
1.3828011411344256
2.2103381504203217
1.6596862505215346
2.3139526675744344
1.8150767905502343
2.0757763954029067
1.7047188007450647
1.9689454232889583
15.08852212242672
18.475915755755665
2.5720098172381003
2.208840938799681
1.710980844130041
1.3303856261516167
1.4790238755041678
1.5880551868350368
2.548173076787761
1.7571767457140144
1.7571898134452275
2.2290444378716487
1.8449338327261033
3.0610239932891963
1.662150483930902
1.8475967477644732
1.51179741455493
1.899085655911579
1.4757030635977646
1.8831802275287255
1.3590442680527146
2.0686060504315664
2.285957814223321
1.1618917794271628
1.8771693752482113
1.6022993858314616
2.557369979619091
1.832062036769175
2.9338894080304305
1.8450926094456757
2.084525901451069
2.5500360414418535
1.2854765291651638
2.631559775755981
10.132266710100122
1.8705583419154166
1.6593919691955643
1.6132520172490765
3.4139323221492455
1.909947890291617
2.021622390052078
2.9899709195067894
1.5336927223104793
1.7970064992629622
2.8388763551916716
1.3130499591148097
3.053095118127955
2.7777749587723686
2.4669221068678286
2.1244873953447385
1.4349216449903592
1.7482450873716164
1.704458493411378
.2887939638137038
2.9155735734583743
1.7389764113007868
2.460053977550323
1.720060056503784
2.0109252555865007
2.5691198088768616
2.126983755898552
2.103689465366985
1.8232941387160664
1.7289137707332654
1.4273242127037682
1.9729512016803945
2.4099618890841823
1.7924389143760633
1.8054920027198136
1.521056688251721
1.6964672165653414
2.6707685204997276
2.971153643548753
1.954872257878003
2.0518177624319187
1.8016153907699695
2.238225799512832
1.5981162047402313
1.3193573001629495
2.1306200588975583
1.8003501785675602
1.7283464522052627
2.2786783510003987
.16998555263597087
.9568243527684185
.12908521683085036
.8909084226742943
.10464680793032935
.9005305816312591
.09086189463723647
2.0629272927695053
.16560943796554325
2.4389948113124764
.0874904623061286
.9550820618611712
5.74132274576921
.3423467479543528
.11643050807327379
1.3039202635822942
.06631623003957478
.20896907680138152
.0424197831981583
.8961224070476671
.06912709995391092
1.133985542454592
.10095782918217498
1.2551943350345884
.1874717541426413
.9150800302179101
.049362680940243576
.6928204765985301
.05846318833364937
1.4150318089872547
.00020968572229674779
.0004101261537016809
.11369690675664806
.12359149109151883
