.024479910869544
.003523404572767382
.0006019731212115857
.0021190237963317074
-.013892786969194612
.00029809507665874723
9015221039339704e-22
.00329024473206034
.00029226114119545066
.00031513558070499784
-9424604828394576e-20
.00014879165740592313
3557189774857514e-21
.00015307401814074838
56728663492972765e-21
-.07188725356037673
.0033432062455776394
12554641193270367e-23
2545346359965101e-23
5046041230991362e-21
-7424229123300323e-20
.0006682748119835519
.0007829432130239656
-.0023871149281154986
-.02324950886627544
994099400954703e-22
-30393016885958055e-23
.0003098522892064927
-40747621967803816e-23
.0003139822965036187
16409424221943376e-25
-1146855566755783e-23
19475977566753422e-24
-2955302616541259e-23
29461306586132615e-24
22180308410650662e-25
2036139741393971e-23
4375442955113618e-23
-15684862824712584e-24
16509524270396145e-25
-.004899626377070798
.020297092617172004
.0018624895354619434
16804121040900748e-24
-.0019654219790359467
-.001968597462766623
-5696822956346803e-22
.0003980838832292978
-3362867762308853e-20
.0036883391706069566
764857252548529e-19
.00012359307518418065
.00017043141950236776
.001207001950858895
.0005355651563132947
.0003107954602634935
.000781349561822104
.0026740206067250687
.0007613802582766757
.000726274251527798
.030376352135844147
-.0276546631886046
.029021224662440604
.003344199379013127
.006351194576374444
.00345104507999027
.0032180644252372873
-.004803055751687006
9063059876774847e-20
.0033134602016101932
.0027734605834696126
.002575727925987493
.036014461674967274
.006104359443936107
-73543272807438675e-25
-5994536388418143e-20
-31804836117014264e-21
.00015940092469312947
.00013067130348500157
.0028999832048294955
-8385365927485744e-22
.0033419062976951523
-.010018675387279932
-.01601688320616637
.00014464241181064768
.00012178815712668474
.1938032825914275
.015097814980619897
.2858970773389876
-.0024494421050268835
-7433437745780951e-22
.00658331999063008
-.03923474865684816
-.00022617247845799476
.027369350103395453
.020815974815288976
-.000384906012965404
.0013567257340962398
.0009153080222813718
-.09080100634260453
.07696322210360339
.014135282413251191
.011151561811744858
.004062343369819712
.0033366492610426117
.001413263117454183
.10377826166787185
.00040149630167954484
.0005893074134275776
1296427969039039e-21
6432853339908156e-20
.006439351993584251
-.07140755306388179
.00330360334576521
.00013066486786665388
.007028268200425491
.0033473910510167554
-.0002250770950345258
.0034637102137121396
3960586451979481e-23
0
0
0
0
0
0
0
0
0
0
0
0
0
0
0
0
0
0
0
-.029046316304288722
0
0
0
0
-.08251491623046096
40115536719986653e-23
-5129231238584519e-23
.00013152423644343953
27573023927935796e-24
0
.02152800298295966
-.25726112891559416
-.00023872406380629757
.002920777261191
.6676847290453479
.024546017053980167
.003683145930741575
.003475403261896036
.026200743130398486
.0006290843983982253
.0011512530711795985
.00021737177356842042
.000714474579100198
