.009194673409797922
.0004898336908567508
3429607887563914e-20
12666124259226767e-28
.0013256623555114701
6.567003865855724
.6786359568307679
.04631655609797472
.011011426631976488
.06705118033291141
.7435302508765047
.7151094122036495
.06708004854238829
.0009974748638717735
.008151392636841023
.0011942287455207524
.002226748316670904
.07377036604697135
.004763722880016976
.0019767097967869998
.0022033756589632343
40749452284014405e-21
.002026512172002446
.05996815371370879
4.091955306704064
7768399165096366e-21
.00565283288624688
.006189232655208758
.005977804619669193
1517314279306728e-21
.00015297115290669158
.01331114947884111
.001262737561701018
.010124645156352792
31955847052257117e-22
.002363548042387957
.0026341377429455726
54057963187257946e-21
.0049962488614457715
4932291006422316e-21
.005975844177405519
.005975471292995139
.019825669572201846
.0006330046308598041
.11795194280203627
.007755018925644717
.0005181116211041851
.026557428407144108
.07909971259239522
32279417529763417e-22
.1611208705045743
28077362825987153e-21
8.768679732966062
8.326819130619361
1.1589681605983
.006548139780167111
.0007610099460186525
.0008417730225334523
.1816480207725104
.1024292326429568
10.255144191271206
8.096129994898076
2.875194299649597
.0017734265494059585
.0003595895323841205
.0014045084339233014
.005782226951198234
.008334520277674484
3.814937670551526
.000869868426075274
10.255144191271206
3.0417728099393133
9.364875567866678
9.506175930685155
.0014068137137126125
.009090386200823935
.00018051274646072813
2.067173641285348
.00021293177925473187
.002091299847949231
.011051898983075644
5930986473995083e-20
.7432520061214689
.07184603268917632
15508795572221628e-21
.0010149713076053057
.36998499180181926
.34721334916925534
2.481332825248887
.00012068056240476698
.00034976250509277516
.5949081790701654
.7547354245207023
.12431328011377234
.0003035730612743306
.17344550532665257
1.135359332376753
.962374470458924
.07760754331977002
1.2876198614501593
1.86969106415583
.020648098359284044
.026029049044224224
.00010516816601326801
.00014502548602248868
3.6457840435763385
4.197202385697167
.47275724931158114
.003512553728668164
.0001430230309018051
1868159120669407e-21
6000496943627915e-23
.05272520007875589
.01578903026901913
.0004907387065743484
.36992438408404765
31523753369014575e-21
.0001914454721957684
.028684144421109534
8127745957916372e-22
0
0
0
0
0
0
0
0
0
0
0
0
0
0
0
0
0
0
0
.09413758221399662
0
0
0
0
.33639062891002436
1239.4495637953912
.004580786589500704
.10346093113239539
.017720708972958518
.21196708551710283
.021974413790595247
.42598759101183403
.014529740774328994
.3488824657653798
.004780444509667473
2.279836783402344
2.246496281317081
.002024338270121407
.004876783253178627
.4612356004943148
.34878627105246796
.17146567582196756
.32624569928304586
.018842500623796263
.018842500623796263
.050749006144316364
34360651142469156e-26
.018842500623796263
.018842500623796263
.018842500623796263
.018842500623796263
.018842500623796263
.018842500623796263
.018842500623796263
.018842500623796263
.018842500623796263
.018842500623796263
.018842500623796263
.018842500623796263
.018842500623796263
.018842500623796263
.018842500623796263
.018842500623796263
.018842500623796263
.018842500623796263
.018842500623796263
.018842500623796263
.018842500623796263
.018842500623796263
.018842500623796263
.018842500623796263
.018842500623796263
.018842500623796263
.018842500623796263
.018842500623796263
.018842500623796263
.018842500623796263
.018842500623796263
.018842500623796263
.018842500623796263
.018842500623796263
.018842500623796263
.018842500623796263
.018842500623796263
.018842500623796263
.018842500623796263
.018842500623796263
.018842500623796263
.018842500623796263
.018842500623796263
.018842500623796263
.11263765577058726
26524241516328304e-21
.018842500623796263
26524241516328304e-21
.11865793720724421
.07422371940085969
.018842500623796263
.018842500623796263
.00039209485876707606
.018842500623796263
.018842500623796263
.018842500623796263
.018842500623796263
.018842500623796263
.018842500623796263
.018842500623796263
.018842500623796263
.018842500623796263
.018842500623796263
.017148787289374162
.018842500623796263
.018842500623796263
.018842500623796263
.018842500623796263
.018842500623796263
.018842500623796263
.018842500623796263
.018842500623796263
.018842500623796263
.018842500623796263
.018842500623796263
.018842500623796263
.018842500623796263
.018842500623796263
.018842500623796263
.018842500623796263
.018842500623796263
.018842500623796263
.11263765577058726
.11263765577058726
.11865793720724421
.018842500623796263
.018842500623796263
.018842500623796263
.018842500623796263
.11865793720724421
.00145046862857439
.12330126980333743
.018842500623796263
.11263765577058726
.018842500623796263
.018842500623796263
.018842500623796263
.018842500623796263
.018842500623796263
.00039209485876707606
.018842500623796263
.018842500623796263
.11018321064054318
.018842500623796263
.050749006144316364
.018842500623796263
.018842500623796263
26524241516328304e-21
.018842500623796263
.018842500623796263
.018842500623796263
.09591915170916859
.018842500623796263
.018842500623796263
.018842500623796263
.018842500623796263
.018842500623796263
.018842500623796263
.018842500623796263
.018842500623796263
.018842500623796263
.018842500623796263
.018842500623796263
.018842500623796263
.018842500623796263
.018842500623796263
.018842500623796263
.018842500623796263
.018842500623796263
.018842500623796263
.018842500623796263
.018842500623796263
.018842500623796263
.018842500623796263
.018842500623796263
.09591915170916859
.018842500623796263
.018842500623796263
.018842500623796263
.018842500623796263
.018842500623796263
.018842500623796263
.018842500623796263
.018842500623796263
.018842500623796263
.018842500623796263
.050749006144316364
.12267311664595507
.017148787289374162
.018842500623796263
9999999999970138e-28
.1233970849482007
.1233970849482007
.017148787289374162
.017148787289374162
.050749006144316364
.050749006144316364
.050749006144316364
.050749006144316364
