46.74389471148073
.32681626169765665
1.1936274462954215
46.87186166368927
1.2184261004093113
7.822516198009366
.782124051751315
.18238568352006532
1.432710211025196
.07867273391085368
21.47530336839547
.8104130721687302
1.6366047600314582
.020455555647205883
9.670406652751483
12.238919695437984
.010243066144612208
.08392018682721747
.017203845698459112
.006608918428901345
.04766072757147372
.014119263057164043
.009923186061397835
1.6497056905609133
30.96079504818135
.005396576959516682
.006523767771390691
.007060881385724389
.006537634091290199
.005551119705735359
.0001635024020692098
.01429221127445078
.001356735955306961
.010831410891934531
.00027829076070214466
.004534704286767163
.002882010070087431
.0023540699752316397
.008560529516486212
.00020009105467016876
18.17932849173965
19.29494587335881
.02848198733032429
.004184263770041765
.15539393993253806
.010463231939056352
.008859944431799716
.587488572498789
5.361228044860507
5.0289646800062675
3.966479185292791
5.470891697932248
21.84043624087398
20.913472879534723
2.032707487682993
.007659713100981711
9.686253684404875
163.60982514412154
.35509729588974626
.16610634193641272
55.191020313333965
52.927601014718704
18.599368128432285
.006167479038452136
.0023397072478391723
.0017363822010545127
.010593780356169652
78.716701704366
80.04907348168453
.040103283779152975
27.878052838562994
3.2579652022598027
106.39866382068553
34.09791856476992
.0015643765938911953
.010361761612671369
.005368488165659738
2.5824323469139334
.0010085536800840207
.010293234422338845
.011915840138109618
.007942479903621411
11.204466947920787
22.46909742923189
.009240917796544207
.05336638446320841
26.990463649663933
140.61442084892548
7.814439672261299
.016290040005339516
.009321085362232976
5.02248673796465
1.5828221561670819
12.828944519986852
11.307430461537022
6.4397769169002625
7.251933343719393
6.284730055474664
4.296082773149931
65.1668141624424
2.0167231854122116
8.384829217892758
5.696312845036514
2.5960136967978986
.0034749551486525027
64.7043273278427
8.22583686712616
2.1696273442287763
.4936836976105784
.017522710097055794
.0001685675755773543
54.60369844861582
103.1894161637893
.09291195673372386
.003205094045865038
.6506463187470108
.006924979873115795
.007086277823960417
.1861889350459188
4350574402763013e-20
0
0
0
0
0
0
0
0
0
0
0
0
0
0
0
0
0
0
0
3.3552996118272858
0
0
0
0
4.28223779466054
1315.5892506433947
.004862185418973119
.10981656118586956
.01880929641639918
.2249882749101877
.839612282116317
1.2225252859499676
1.584148389133616
17.135249067209806
.016441104136682146
6.378064734420507
6.313502979881673
.37699118791014086
.8461906155420685
75.51379318743507
87.11925748266529
48.94222620111155
84.18736842497484
3.3615701732915872
2.0200794223231817
1.6807153273543374
1.6611285857859932
2.668121506782454
1.7073661348523586
2.5284312997834006
2.047898348956893
1.8204913821551498
2.376996933922778
2.010951439637209
1.7777185678492085
1.4238124724402772
2.1750081723020127
1.517452765321653
2.7617557900452954
2.0829154071042786
2.1788559484105696
2.4632729951354744
1.8685281860774698
2.2625403562515496
2.9357241229308215
2.627144376169307
2.0039692525919444
1.785135396812122
2.458692492582006
.025775443156131807
1.7799037430758893
2.3954579429720217
6.1085757969199
2.017975618294855
1.935130695698791
1.333506269592255
3.2723167024460014
1.5534425579845534
1.5396961873900612
3.24839026254896
1.3464355368591636
1.8378296030560832
1.5474440331259447
2.0352449661326184
1.4219902758817853
1.8659153166607207
2.6374088830267155
1.996365268514027
2.263121606012121
1.7013724899550702
2.144318844967969
1.8073788627555245
2.188989225166948
2.472943596062228
2.8925375604116255
2.677588051708295
2.1374614742643865
1.979131937886556
3.207403412426924
2.2471561904478956
1.095406845563344
2.5139326138470777
2.9901283954024747
2.1618974625082403
1.1980539620550996
1.7359590746527658
1.7643583441781412
1.8452185612537984
1.5182597164468494
2.379154626480829
2.2844546401396144
1.8736817080559962
1.7283801830693892
2.391733319688345
2.374341636718527
1.7506352655789221
2.391355037753028
2.289011348300543
2.22933458828943
2.2302753648229525
2.288911519835213
1.9521316006560532
2.873873128127452
2.080897933726404
1.9196975286621931
1.4348641881103008
1.6282772646991563
1.5796011332817184
.7757442485156464
.20407087902223708
2.2462559164898788
.012146036370546454
2.7379007474219534
2.1159444075363
2.406810331025565
1.864673631184707
.19809001916049068
1.4213998503147065
.21208747802836997
1.1773550301068636
3.0254872771827923
1.7629781573774514
1.9047781911477808
1.8666236667542635
2.4709443667233044
1.9265076189897774
1.9658944433467986
2.116631660159654
2.498729055041307
.01006020163900251
2.0325281893935583
2.0013915491251066
1.380912859229561
2.1418351263088664
1.777116308250014
1.4557581909145896
2.0402182628429677
1.8718450340014363
2.237152390090738
1.8078411671519565
.71960637067421
1.7296740041609382
4.888210043641239
6.277723267870533
1.5228197730364945
2.0333369559549315
2.7166640910354922
2.3563776502013196
2.7238868149049673
2.044045704335331
.00807236828660368
1.4345602841327958
1.3387685608686644
2.688291278617366
2.5670902260442543
1.9586083932548501
1.9219574449394081
2.4073726927976957
1.8743102161401304
2.7467891236008373
2.34574676545682
2.3826362186141217
1.7328598015429129
1.5988962108245457
2.189146499495203
1.3263571025651162
.23055778557802345
2.1538575616301268
5.185846861469689
1.4430147584817423
1.8963074457434688
1.9745976062017188
2.3021458636663574
.9373993905047026
1.6937262800890953
2.3058673793007753
2.209514183453533
2.1686531529653537
1.391221633646853
2.108845795939925
2.565840217945457
1.8617607732566142
2.4151050309555853
1.5029297980936902
1.2467978919433076
1.5811147173256797
1.9711236195638464
2.236091586153151
2.229409667512707
2.686724934606601
1.4073396514614553
2.4405483574423164
2.2818286716380882
2.3758961577545836
2.542442773774507
1.5883179024356198
1.9101875135980872
3.324029590082497
1.8216281976114015
2.058363617855894
.023885942688986823
1.9735439588815284
.05618471175140378
1.950213075403715
1.8212552080389104
.5192838255748613
1.4404775122483238
2.1464173873439814
1.2411032190150177
.04997715986030181
2.1157927141252215
1.175024535605225
1.690547014653612
2.2495248726118593
1.9968852454703805
1.5023425811887048
2.6185363064414666
3.266326708058522
2.8541670029573294
.6254822511301865
.011873598237957545
1.8936706961621401
2.1031210291450564
1.9120986329350198
.0482174890996907
2.4161152208292065
1.7316481856990116
2.2127728807798848
1.2138953447850482
1.271320861578923
.006739952589460985
.004262568480748533
2.4451716891859703
.5607923834618999
.13867101581285735
.8407216261940786
.19861569718178487
2.194793759233667
.11320199603195027
.09348440842937367
1.7395352269395306
.6003538847440814
8.421724519824272
1.9994682966910275
2.212244471950271
2.551781220828716
2.260291356982702
2.2879236141063304
2.1079552270177366
.10504794682182693
.17303757606097941
1.8399396321505301
2.909588850328381
.9680792131022355
2.0211377406159032
2.443824075543545
2.0803540631356254
.010124909335251429
.2955443709068852
2.908196796804211
3.5418967643569705
4.46159380313875
4.325782889259875
2.480353057388448
.011247319379895752
2.7918892171189955
1.3006356599482296
.014880639399253054
.01056391719915989
.15767644921692042
.012198271755334706
1.9055828060715887
2.743784240163112
.01
1.8315402715002633
.012336428156938393
.007169860772949574
1.9147910816808738
.008937495176665037
.007953713428236956
2.395495403234379
.007881128438217585
2.256611688277885
2.126601191866646
1.5578508254111683
1.6922881890067905
.009153609692414537
2.1427201380531122
2.3662202728691657
2.4750491301338085
2.4223910419064922
2.10485956558686
2.613712049450478
.011290869114116867
1.4801683674683594
.010989680553597536
.008935573172221222
.00995440593385409
.012110865106253425
.010368149502995565
1.4697503685200672
.08197729509201557
.06604294883978033
.009656917514443244
1.305972017706641
2.141422607502218
.08663677096237417
1.9641235536697064
1.5523025909101928
.06768935777967215
2.178992170192617
1.6954667590558072
1.6699982096434194
2.7569774346568754
.009008390485101709
1.701875701639465
2.646815655891002
3.489554686236432
.8293280385888921
1.627433954586382
2.059171352959911
1.490276422343047
2.2348127391389094
1.7053205175325448
1.951150619413944
2.192380363585293
.008529209828157336
.21083561935263068
.19584774967464874
1.9499514473052693
1.4057167373925292
1.9515367306063787
1.7089685006949447
1.4582133117047775
2.1900330673323376
2.203292361753191
1.6571105984959118
2.0130051153496926
2.2086771687657696
1.7767402501689151
.006251198213138083
1.5410398979015874
1.8871379782926379
1.9020781310414838
2.247810780109316
3.2791860922223903
1.8094867775260377
2.1214922562350247
1.7977649043184731
2.1120347120295393
.11727335761663729
1.7698372145308814
2.2640738924444612
2.3754499447972757
1.413907442881471
2.521412851940449
1.5542215371724073
.24334641035121152
.15215042470885307
.12423462612742665
1.6969722797821105
1.9358336899694029
1.9300183233667827
2.394143679539898
1.4166118571523945
1.8125328773794998
1.5442051137831307
2.084811431856422
2.2496063954624885
1.7716338200106896
2.2152316480214806
2.536371423437942
1.8402002646267757
1.982603199142951
3.0592110789420284
2.061889475671203
2.0012943631089444
1.7910036870946633
1.4464761252783076
2.0438003869433916
1.617873952954585
2.390931902771884
1.6927299260509614
1.5645197506699704
2.1487783498780493
1.7192179884385648
2.253522006090566
1.218805860960927
2.3319283500422947
1.6208656306672111
2.6866648663291945
1.841464468978598
2.2953227689906925
1.6190387553711627
1.9997931940687306
16.81806206449376
16.39442707995385
2.6930631354178565
2.1246342984312743
1.8837193652180801
1.3243195755064276
1.5862200355357647
1.4633237992460104
2.5745924741983988
1.7177522503392804
1.6239625805448445
2.4544552957763908
1.8588607841273808
2.6698728937234186
1.8448009886338737
1.809003950509101
1.4962937246477277
1.8278486050508111
1.5927063413535922
1.9388272638622308
1.261359707438905
2.0772338556965
2.3043392230606066
1.1118610599994636
1.8941700102528596
1.5224735621685734
2.425081138408944
2.000170432011699
2.573197154497382
2.1173693660330652
2.1224639862495502
2.5235584203505885
1.2588573101659615
2.609703782752545
10.8830773150083
1.7088750901801746
1.6027558056838984
1.6357805172849205
3.3244834042591047
2.0975757762632408
2.0207523514962973
2.714753431448062
1.7863043625748978
1.9090895996221233
2.772950465058492
1.3415241891928655
3.3179670655344538
2.4976989571059978
2.6660785231773607
2.108332971433191
1.3792599179269673
1.560276561131418
1.698752744815465
.25769109811930196
2.7611086087759436
1.823966069961478
2.4584925715612433
1.7636169279757732
1.8772867766319767
2.3989104312338863
1.93884672620266
2.052055494191962
1.837892211209804
1.6733203698342944
1.3841021197367065
2.1227471600026893
2.5848062421925673
1.8002619357277407
1.775309075031953
1.7582237139345664
1.6209535535026516
2.350645038772139
2.9109804672154733
2.1115226567220096
2.047569873743671
1.891718487878594
2.320956070628522
1.7201842682533062
1.254517222248498
2.0101466027305577
1.7206749479097372
1.711058346176461
2.287749158398158
.16081361829571958
1.0249231696178096
.11987126092375402
1.0600777406855528
.1027742418403573
.8306646972559362
.09009622264660472
2.0992122320016917
.18464346021625877
2.564445192514358
.08666841748713132
.9932966499219575
5.875580556854213
.37378749687845836
.11396595681149002
1.2600882372218758
.0685749314410749
.19463817735506198
.03888041766887191
.8742823945772276
.06556216917933631
1.1350587683754216
.10028333420304134
1.2504911740577738
.19293119120218136
.8856508112122536
.05172302605613158
.65695293743718
.06040474316858712
1.524650344000239
.00020063984770145505
.00041959397770206347
.1133435977330975
.11411584963084372
