0
38.25531548989677
.15838276986258382
.29260886797817764
10.634495831979937
.360812581678964
5.819478167739238
.18917180877334974
.002464867516462009
.3317150082226584
.0277818148955766
8.09692470365072
.6961283854277018
.6190641986267104
.00878385335906756
8.182137566506684
1.0325809419017355
.004092636283087138
.07864023989300258
.004292871356554597
.001819326641969679
.04207592458964447
.00013092594548569578
1799556505225175e-20
.28006816165169385
0
0
.005052920732218415
.006822103603253819
.00656748918855598
.002299952355417257
.0001737144703230325
.015043802136041883
.0013016058941762105
.010389899545154969
3713535206259477e-20
.00048634823038019783
.002795355696358217
.0005384809528681125
.00530187781333225
14583578137802733e-21
8.711502432403822
13.566409995652123
.005801079157160861
57649980985198865e-21
.11768229887273775
.0071682473283375256
.0069130628227466375
.4002693894737282
0
.4335997476778389
0
3.8464107861240273
17.119267815175846
0
0
.006686147162536943
3.0864630323991307
14.225093608709564
0
0
43.45456600491358
28.145890810818766
9.492834508975568
.0026019358125407856
.0006109472139529193
.0014699547161533284
.00643352935524387
0
0
0
24.231093511564577
3.356653183687416
8.53833167861701
17.42902292127257
.0014331984459495584
.00820010565468453
.0004213851058857658
1.9858873715701748
.00038719957370454645
.003283447957843491
.010942614873915896
.0016183481422702797
.8549063930740759
1.4710858290267426
.0001257326824452241
.02506287215833092
1.2832561827179239
1.547503128538334
3.263576890333814
.0033350826847415973
.00044920678901457645
.6146522053699075
.7564873782928742
0
.47740282577277904
.7091959804000636
2.0950863986227284
2.732726083705156
0
5.985498962698071
2.0257203241995616
.5562463096200664
1.1443250267234575
.9351507408825543
.0008128993846410394
50
8.262214614750611
.4353856487680388
.06327251548974872
0
0
0
4.7371050063296645
.010001837243189048
.0004940104399114186
.5086315277995554
.0013041194058178256
.00023828392906549692
.015345186829010758
0
0
0
0
0
0
0
0
0
0
0
0
0
0
0
0
0
0
0
0
1.8792818533364173
0
0
0
0
.5871143272502425
1302.8209247285672
.004652402320640769
.1031877350481993
.02010811863906595
.2410271766990785
.5698780608708861
.9763967191345032
1.405356100074148
1.3800318601235988
.007606407234316925
5.680682374555939
6.3185294569748995
.1483912650465957
.3356413432112648
5.105556487689207
3.7051422720519653
0
0
.02
.02
1
8
.02
.02
.02
.02
.02
.02
.02
.02
.02
.02
.02
.02
.02
.02
.02
.02
.02
.02
.02
.02
.02
.02
.02
.02
.02
.02
.02
.02
.02
.02
.02
.02
.02
.02
.02
.02
.02
.02
.02
.02
.02
.02
.02
.02
.5
4
.02
4
.25
.1
.02
.02
3
.02
.02
.02
.02
.02
.02
.02
.02
.02
.02
1.5
.02
.02
.02
.02
.02
.02
.02
.02
.02
.02
.02
.02
.02
.02
.02
.02
.02
.02
.5
.5
.25
.02
.02
.02
.02
.25
2.5
.35
.02
.5
.02
.02
.02
.02
.02
3
.02
.02
.2
.02
1
.02
.02
4
.02
.02
.02
.15
.02
.02
.02
.02
.02
.02
.02
.02
.02
.02
.02
.02
.02
.02
.02
.02
.02
.02
.02
.02
.02
.02
.02
.15
.02
.02
.02
.02
.02
.02
.02
.02
.02
.02
1
.3
1.5
.02
1e-12
.33
.33
1.5
1.5
1
1
1
1
