2.9949526025509945
.013178089049277685
.0006408501588213226
41566236153735105e-21
14216704221037474e-28
.0025162850469616803
6.4816307494925
.6805147972455444
.043356353401022125
.013873581098401892
.06375923218389287
.6753480027101308
.6425390901832152
.0531031830082705
.0008580932811338358
.004584737259826549
.0005952054540068796
.002172402951715526
.0741202538733131
.004813018674496185
.0020344807073762786
.002351722617381956
44650471246346234e-21
.0017707548139710865
.06033773410695493
3.6663456696964656
5020758621253963e-21
.005392294474465446
.006307757548643568
.0062298255963878935
14518666803935756e-22
.000163614709620657
.014169105639162943
.0012254892121145564
.009785831071654406
31504169348349472e-22
.0024959846749816935
.002631339844703098
516828978308846e-19
.004978821104449471
4405552425949049e-21
.0062278893279295415
.006227448134887962
.019621940109293034
.000535145771925429
.10788705745031794
.007300521880657901
.00048580291963523685
.028362117967384356
.06576199944379918
31009055515981596e-22
.14310633124365366
24358262113565247e-21
8.303951798347565
7.800806163969514
1.1904084026230635
.00621131611706789
.0007487589073494398
.0008271138677228183
.17396086783828527
.10436138569359457
10.067298632653404
7.808147190612776
2.913183382417388
.0016771716222797367
.00031636691382173237
.0014384901119955207
.0057839834910909564
.006561500267699073
3.3705173549478147
.0007674730531829796
10.067298632653404
3.1615976445850915
9.317559372447056
9.295955802856376
.0013469621246206282
.00911534318832584
.00016064283503289045
1.9919770518188546
.00020349585521300573
.001695462521331378
.010434139227484622
5809689794781102e-20
.6529940276878312
.03420419891287318
16055810972192647e-21
.00039532920088466273
.3643677155780589
.33602572537525
2.470723975346852
.0001274729277423305
.0003992272103851383
.6662742232916398
.7718493846494053
.11187428097278826
.00023758301674078837
.16107107118340205
1.1668331215882282
1.026768790970638
.060480173602155726
1.305762350772328
1.9981982456900784
.019040358557773415
.022390321017843145
9830032252119588e-20
.00014481313971029085
3.7464461279377854
4.366201712065744
.4494626759493838
.0032240035858528
.00011340744070880852
15517986927534176e-22
47750602091649614e-24
.04774401605308034
.015054459523224331
.0004381753219002353
.34367263178586277
28262289500065482e-21
.00017553760344141657
.02410951470371862
676147309345201e-21
0
0
0
0
0
0
0
0
0
0
0
0
0
0
0
0
0
0
0
.08248380380326384
0
0
0
0
.23054730620691813
1227.0744049134207
.004381909824028566
.09718835963968953
.018939024730586812
.22701376206219795
.02006414561403167
.3971851564308716
.013856429342783739
.39259094523630594
.004550566123282109
2.135813303027531
2.3630889249618803
.002240287830961435
.004989545138516511
.49230885611339276
.36690815738274335
.17802254867160036
.349844381742059
.01883719215162394
.01883719215162394
.05003898340042209
31006103681770316e-26
.01883719215162394
.01883719215162394
.01883719215162394
.01883719215162394
.01883719215162394
.01883719215162394
.01883719215162394
.01883719215162394
.01883719215162394
.01883719215162394
.01883719215162394
.01883719215162394
.01883719215162394
.01883719215162394
.01883719215162394
.01883719215162394
.01883719215162394
.01883719215162394
.01883719215162394
.01883719215162394
.01883719215162394
.01883719215162394
.01883719215162394
.01883719215162394
.01883719215162394
.01883719215162394
.01883719215162394
.01883719215162394
.01883719215162394
.01883719215162394
.01883719215162394
.01883719215162394
.01883719215162394
.01883719215162394
.01883719215162394
.01883719215162394
.01883719215162394
.01883719215162394
.01883719215162394
.01883719215162394
.01883719215162394
.01883719215162394
.01883719215162394
.01883719215162394
.11184699126911433
25069007882599328e-21
.01883719215162394
25069007882599328e-21
.11824074606880305
.0741192235464853
.01883719215162394
.01883719215162394
.00037584734340078953
.01883719215162394
.01883719215162394
.01883719215162394
.01883719215162394
.01883719215162394
.01883719215162394
.01883719215162394
.01883719215162394
.01883719215162394
.01883719215162394
.016790094446682603
.01883719215162394
.01883719215162394
.01883719215162394
.01883719215162394
.01883719215162394
.01883719215162394
.01883719215162394
.01883719215162394
.01883719215162394
.01883719215162394
.01883719215162394
.01883719215162394
.01883719215162394
.01883719215162394
.01883719215162394
.01883719215162394
.01883719215162394
.01883719215162394
.11184699126911433
.11184699126911433
.11824074606880305
.01883719215162394
.01883719215162394
.01883719215162394
.01883719215162394
.11824074606880305
.001400224141823776
.12269477190904603
.01883719215162394
.11184699126911433
.01883719215162394
.01883719215162394
.01883719215162394
.01883719215162394
.01883719215162394
.00037584734340078953
.01883719215162394
.01883719215162394
.10987318597392058
.01883719215162394
.05003898340042209
.01883719215162394
.01883719215162394
25069007882599328e-21
.01883719215162394
.01883719215162394
.01883719215162394
.09571666332227416
.01883719215162394
.01883719215162394
.01883719215162394
.01883719215162394
.01883719215162394
.01883719215162394
.01883719215162394
.01883719215162394
.01883719215162394
.01883719215162394
.01883719215162394
.01883719215162394
.01883719215162394
.01883719215162394
.01883719215162394
.01883719215162394
.01883719215162394
.01883719215162394
.01883719215162394
.01883719215162394
.01883719215162394
.01883719215162394
.01883719215162394
.09571666332227416
.01883719215162394
.01883719215162394
.01883719215162394
.01883719215162394
.01883719215162394
.01883719215162394
.01883719215162394
.01883719215162394
.01883719215162394
.01883719215162394
.05003898340042209
.12215572842033774
.016790094446682603
.01883719215162394
9999999999970065e-28
.12282471952307374
.12282471952307374
.016790094446682603
.016790094446682603
.05003898340042209
.05003898340042209
.05003898340042209
.05003898340042209
