3.0451570553207095
.012081055305900269
.0005965403031579899
3733763612079267e-20
8879646170384567e-28
.0023976176015163306
6.4679713861115795
.6806395081356679
.042497551991009984
.013382121391240667
.06370459907971529
.6737809665791795
.641832202611294
.052984700380403836
.0008561829478679705
.004124660056541506
.0005362139498468846
.002122232013849133
.07404200226011838
.004817659770181519
.002036377524333815
.0022695722687792216
43164914810367705e-21
.0017289574261997506
.05819789254617974
3.5969244071266018
48446390664788584e-22
.005382856023595239
.006300002611973818
.006223777252782667
14504970393232132e-22
.00016345050938773402
.014154885009322193
.0012242526952968291
.00977601022615473
3143850934439812e-21
.0024980564023558195
.002628676599391846
5157418758219866e-20
.0049735849045399365
44010749373856305e-22
.006221859996220064
.006221434604243535
.019605882144459037
.000541368884733942
.10776683315052804
.007294990419325183
.00048298569496393065
.02819308689944536
.0624629439858508
25402310407430353e-22
.12998092593095367
1994076725791593e-20
8.205726762628274
7.700282622608087
1.1817919920253737
.006203964789098279
.0006441444165552707
.0007116188213227136
.1724945718298267
.10368355656809919
9.397905929057202
7.304731077376437
2.726473963032777
.0016431098712037812
.0003088243672453112
.0014369060868567563
.005777048211093231
.005956176768436224
3.3018313685427905
.0007505477663367745
9.397905929057202
3.158340326260879
9.320144599646609
8.63562793188382
.0013454967293668367
.00910615250993483
.00014552460304998458
1.9908425268534915
.00019871311152740606
.0016551405659494325
.010424268691722012
5477762869158011e-20
.6395237690537731
.030557730236613588
1577201341240841e-20
.00035837432120581787
.3503149454551918
.32280103990001285
2.4246420012896563
.00012832645661521312
.0004043496924628786
.6664230800465579
.760960900650614
.11141303484080146
.00020724358918491399
.15616714598026765
1.1444544904126246
1.007972939300384
.058486896382267395
1.292491498052666
1.9946115787923335
.018816606892042256
.02208239197068645
8428202237400201e-20
.00014489752491293558
3.723322286288325
4.312387458509557
.44639594120411397
.00301474190800066
.0001095846984676874
1494599588221112e-21
37767736368540845e-24
.046882011572257805
.01479988699888919
.0004227670530722846
.3408342764740614
2780879941848963e-20
.00017191740365912804
.023676817829118832
652798380675379e-21
0
0
0
0
0
0
0
0
0
0
0
0
0
0
0
0
0
0
0
.07449054152589844
0
0
0
0
.20771106735808267
1225.8429312914777
.0043775122045032816
.09709082284748122
.01892001780705581
.22678593442706985
.01879421564362281
.3914932128050085
.012783348557675713
.3895229356168564
.004391315813499078
2.1023442710513223
2.3253574792505676
.0020851346233748567
.0046428410774287734
.4801802812488156
.3583502967647975
.17459471840496135
.3430400175601118
.018818287425754584
.018818287425754584
.04758885237984593
2076145163877797e-25
.018818287425754584
.018818287425754584
.018818287425754584
.018818287425754584
.018818287425754584
.018818287425754584
.018818287425754584
.018818287425754584
.018818287425754584
.018818287425754584
.018818287425754584
.018818287425754584
.018818287425754584
.018818287425754584
.018818287425754584
.018818287425754584
.018818287425754584
.018818287425754584
.018818287425754584
.018818287425754584
.018818287425754584
.018818287425754584
.018818287425754584
.018818287425754584
.018818287425754584
.018818287425754584
.018818287425754584
.018818287425754584
.018818287425754584
.018818287425754584
.018818287425754584
.018818287425754584
.018818287425754584
.018818287425754584
.018818287425754584
.018818287425754584
.018818287425754584
.018818287425754584
.018818287425754584
.018818287425754584
.018818287425754584
.018818287425754584
.018818287425754584
.018818287425754584
.1090743327347254
20510513477823088e-21
.018818287425754584
20510513477823088e-21
.11676596779301122
.07374804456702543
.018818287425754584
.018818287425754584
.00032331051254964427
.018818287425754584
.018818287425754584
.018818287425754584
.018818287425754584
.018818287425754584
.018818287425754584
.018818287425754584
.018818287425754584
.018818287425754584
.018818287425754584
.01557217204330952
.018818287425754584
.018818287425754584
.018818287425754584
.018818287425754584
.018818287425754584
.018818287425754584
.018818287425754584
.018818287425754584
.018818287425754584
.018818287425754584
.018818287425754584
.018818287425754584
.018818287425754584
.018818287425754584
.018818287425754584
.018818287425754584
.018818287425754584
.018818287425754584
.1090743327347254
.1090743327347254
.11676596779301122
.018818287425754584
.018818287425754584
.018818287425754584
.018818287425754584
.11676596779301122
.001235089123894952
.12055766585679072
.018818287425754584
.1090743327347254
.018818287425754584
.018818287425754584
.018818287425754584
.018818287425754584
.018818287425754584
.00032331051254964427
.018818287425754584
.018818287425754584
.10877548163936412
.018818287425754584
.04758885237984593
.018818287425754584
.018818287425754584
20510513477823088e-21
.018818287425754584
.018818287425754584
.018818287425754584
.09499856023985277
.018818287425754584
.018818287425754584
.018818287425754584
.018818287425754584
.018818287425754584
.018818287425754584
.018818287425754584
.018818287425754584
.018818287425754584
.018818287425754584
.018818287425754584
.018818287425754584
.018818287425754584
.018818287425754584
.018818287425754584
.018818287425754584
.018818287425754584
.018818287425754584
.018818287425754584
.018818287425754584
.018818287425754584
.018818287425754584
.018818287425754584
.09499856023985277
.018818287425754584
.018818287425754584
.018818287425754584
.018818287425754584
.018818287425754584
.018818287425754584
.018818287425754584
.018818287425754584
.018818287425754584
.018818287425754584
.04758885237984593
.12032968644018072
.01557217204330952
.018818287425754584
9999999999969564e-28
.12080658948664907
.12080658948664907
.01557217204330952
.01557217204330952
.04758885237984593
.04758885237984593
.04758885237984593
.04758885237984593
