1.487660737838285
.9590697342110589
.014542341806626382
.0031110831116250696
5157843355871425e-21
.04006993789778904
6.852453141854112
.6553606466704399
.0554067549936706
.06902930343043782
.06498469103473084
4.844426934392305
.6650976610619047
.37726418993278227
.005650902113390271
2.8999044037324966
.37644745350477044
.003292485411621615
.07650126540973771
.00464151526534899
.0019640307536670106
.010438644534362383
.0001834349612782302
.0026530384816798244
.2831377799400524
17.29488105030423
.0001521743370872838
.005651618212657288
.006554815385817825
.006409233560881686
1498091858345831e-21
.00016862207572097208
.014602771399922367
.0012632319528699525
.010085322534170764
2253129868180515e-20
.002318461250916616
.0027126734446343546
.0003431839170173668
.005138707759003648
3103720930091285e-20
.0064321392075267405
.00688991772012155
.019727051713612435
.00032159852091560897
.11160423025557802
.007411405456464583
.0008211136100862926
.04876717953382263
.2544746051346371
.0012377016087832145
.6193881350316265
.009787961453323543
11.702802023777565
10.855733213348131
1.4079570580420755
.00645144850494675
.06790784712950149
.07522361298183018
.2118154387731154
.12134228616036792
30.164523495489533
23.19777460316926
8.417941535865545
.0023675340056300456
.0004915744507911613
.0014862246033130666
.006051408491288199
3.1275257113113786
7.31594865831038
.019608852517639275
22.91117802920814
3.261128606540124
9.230727374459269
21.468573461066082
.0013901550044879954
.009339696898693647
.0006767245422959304
2.0271085265341013
.00031060703264193946
.0026079897380851132
.010720569738143044
.00037452836719104396
.9019725341538063
.7026446900161252
25545033605651926e-21
.008014995510107816
.8325466640727727
.740922733705253
3.3987616645330974
.00015288235465180368
59631605453574367e-21
.6611747315492617
.8216704169267168
.06999997668403145
.010461407091858797
.2803533735947741
1.5496242223920806
1.4575987995548538
2.0781991210139403
1.6318970035819687
2.0822259755998096
.026453640873333666
.03607135940405862
.009906146300839946
.00018683830533596893
6.391567830597183
6.107072762809587
.5270584050979986
.01707046240854339
.004296689539026714
6585345827572203e-20
.0005580201784758229
.08789638549155784
.020699531697453425
.0008070611071033854
.4348309892737481
4765332636112806e-20
.00023651174026040792
.033691272925736884
231516146563251e-19
0
0
0
0
0
0
0
0
0
0
0
0
0
0
0
0
0
0
0
.7468229390213955
0
0
0
0
.5763259917545953
1264.628800636134
.004516017401282143
.10016279224372368
.019518650241873468
.23396147820789262
.11557467427699361
.6226137275784669
.14211972849118548
.43385723789094127
.006195927352214078
2.882340172438785
3.3866002647517544
.01792010621350731
.04035409595825281
.8011179167803452
.5774862502026955
.2351647561771078
.46421356273631664
.01941370109479336
.01941370109479336
.22590045694290226
54027325340579634e-21
.01941370109479336
.01941370109479336
.01941370109479336
.01941370109479336
.01941370109479336
.01941370109479336
.01941370109479336
.01941370109479336
.01941370109479336
.01941370109479336
.01941370109479336
.01941370109479336
.01941370109479336
.01941370109479336
.01941370109479336
.01941370109479336
.01941370109479336
.01941370109479336
.01941370109479336
.01941370109479336
.01941370109479336
.01941370109479336
.01941370109479336
.01941370109479336
.01941370109479336
.01941370109479336
.01941370109479336
.01941370109479336
.01941370109479336
.01941370109479336
.01941370109479336
.01941370109479336
.01941370109479336
.01941370109479336
.01941370109479336
.01941370109479336
.01941370109479336
.01941370109479336
.01941370109479336
.01941370109479336
.01941370109479336
.01941370109479336
.01941370109479336
.01941370109479336
.23764494372578307
.01041551291480479
.01941370109479336
.01041551291480479
.1723531782284879
.08617706820802257
.01941370109479336
.01941370109479336
.03458293041900715
.01941370109479336
.01941370109479336
.01941370109479336
.01941370109479336
.01941370109479336
.01941370109479336
.01941370109479336
.01941370109479336
.01941370109479336
.01941370109479336
.1610522010288233
.01941370109479336
.01941370109479336
.01941370109479336
.01941370109479336
.01941370109479336
.01941370109479336
.01941370109479336
.01941370109479336
.01941370109479336
.01941370109479336
.01941370109479336
.01941370109479336
.01941370109479336
.01941370109479336
.01941370109479336
.01941370109479336
.01941370109479336
.01941370109479336
.23764494372578307
.23764494372578307
.1723531782284879
.01941370109479336
.01941370109479336
.01941370109479336
.01941370109479336
.1723531782284879
.06063572683906018
.2079404822671117
.01941370109479336
.23764494372578307
.01941370109479336
.01941370109479336
.01941370109479336
.01941370109479336
.01941370109479336
.03458293041900715
.01941370109479336
.01941370109479336
.14852974169584504
.01941370109479336
.22590045694290226
.01941370109479336
.01941370109479336
.01041551291480479
.01941370109479336
.01941370109479336
.01941370109479336
.11999933287888719
.01941370109479336
.01941370109479336
.01941370109479336
.01941370109479336
.01941370109479336
.01941370109479336
.01941370109479336
.01941370109479336
.01941370109479336
.01941370109479336
.01941370109479336
.01941370109479336
.01941370109479336
.01941370109479336
.01941370109479336
.01941370109479336
.01941370109479336
.01941370109479336
.01941370109479336
.01941370109479336
.01941370109479336
.01941370109479336
.01941370109479336
.11999933287888719
.01941370109479336
.01941370109479336
.01941370109479336
.01941370109479336
.01941370109479336
.01941370109479336
.01941370109479336
.01941370109479336
.01941370109479336
.01941370109479336
.22590045694290226
.1919978651817002
.1610522010288233
.01941370109479336
9999999999985142e-28
.20197917755163253
.20197917755163253
.1610522010288233
.1610522010288233
.22590045694290226
.22590045694290226
.22590045694290226
.22590045694290226
