1.487660737838285
.9589101412630808
.014544684213450535
.003110725484299054
51533861191010136e-22
.04006537670879701
6.8524536825200535
.6553606479964238
.055423303549387584
.0690250414486657
.06498469149926678
4.844438801974564
.6650976598340413
.37726510865629626
.005650914269296047
2.8998975692454434
.3764765242103109
.0032935571600080523
.07650126534384345
.00464151528296584
.001964030761008349
.010438110931896125
.0001834403931797578
.0026539443029977897
.2831221975565717
17.294848100718266
.0001522300205671617
.005651618518128518
.006554815016820196
.006409233758396656
14980793971484667e-22
.00016862207572097208
.014602771399922432
.0012632319526610241
.010085322534170764
2253135426540098e-20
.0023184612586713486
.002712673443930153
.00034318469196254945
.005138707760362029
3103729057831013e-20
.006432085713587329
.006887548186160984
.01972704189181658
.000321598521181579
.11160423019682839
.007411411474857475
.0008211150578445023
.048767302113858074
.25456670769567186
.0012377780263183025
.6193876543528503
.009787787891351847
11.702802806487874
10.855733286804515
1.4079570708016989
.00645144821013322
.06790766038281552
.07522376831631548
.21181544093258037
.12134228662479911
30.164523495489533
23.19780122534897
8.418067320545488
.0023681804904128493
.000491742461250843
.0014862240906813422
.006051411464683981
3.127561036389059
7.315963711427564
.01960897817808711
22.91117966332575
3.2611285934534795
9.231481714984708
21.468565491388897
.0013901550141806897
.009339696855198858
.0006767238941765896
2.027108394876254
.00031071172705335846
.0026088814726349468
.010720570265662938
.00037464245393294766
.9022477155220557
.7028708770837225
25553773772221956e-21
.008014985835656734
.8328080756926365
.7411674603831705
3.3988085030497803
.00015287827263881865
58506767046562204e-21
.6612265739959855
.821688882602838
.07002262332973662
.01046476916379219
.2804004848109592
1.5496248107002144
1.4575987001351507
2.0782125828343645
1.6323260039542244
2.082225985023144
.026461795915821262
.036080194831242696
.009906104582167941
.0001868383169756648
6.391578609227465
6.107211625543343
.5270584100864482
.017076016515949644
.004296719171826165
658539322114797e-19
.0005581432270054854
.08792092819870805
.020699532631693537
.0008073299801863187
.434831008054095
4766730631649241e-20
.0002365803992434307
.03369127672330024
23151758247054746e-21
0
0
0
0
0
0
0
0
0
0
0
0
0
0
0
0
0
0
0
.7468227282970664
0
0
0
0
.5763690883067305
1264.628800636134
.004516017401282143
.10016279224372368
.019518650241873468
.23396147820789262
.11559685300679713
.6226136663002269
.1421197234228535
.43385597128438624
.006195933391347489
2.870959461616952
3.376869063168491
.017920088209996052
.040354052078458894
.8011179578185723
.5774862461573429
.23516527049954597
.4642145424390474
.01941370109479336
.01941370109479336
.22590045373961432
5398687966164045e-20
.01941370109479336
.01941370109479336
.01941370109479336
.01941370109479336
.01941370109479336
.01941370109479336
.01941370109479336
.01941370109479336
.01941370109479336
.01941370109479336
.01941370109479336
.01941370109479336
.01941370109479336
.01941370109479336
.01941370109479336
.01941370109479336
.01941370109479336
.01941370109479336
.01941370109479336
.01941370109479336
.01941370109479336
.01941370109479336
.01941370109479336
.01941370109479336
.01941370109479336
.01941370109479336
.01941370109479336
.01941370109479336
.01941370109479336
.01941370109479336
.01941370109479336
.01941370109479336
.01941370109479336
.01941370109479336
.01941370109479336
.01941370109479336
.01941370109479336
.01941370109479336
.01941370109479336
.01941370109479336
.01941370109479336
.01941370109479336
.01941370109479336
.01941370109479336
.23764494362392863
.010415327878865779
.01941370109479336
.010415327878865779
.17235317822621754
.08617706820801105
.01941370109479336
.01941370109479336
.03458279415082617
.01941370109479336
.01941370109479336
.01941370109479336
.01941370109479336
.01941370109479336
.01941370109479336
.01941370109479336
.01941370109479336
.01941370109479336
.01941370109479336
.16105218309751562
.01941370109479336
.01941370109479336
.01941370109479336
.01941370109479336
.01941370109479336
.01941370109479336
.01941370109479336
.01941370109479336
.01941370109479336
.01941370109479336
.01941370109479336
.01941370109479336
.01941370109479336
.01941370109479336
.01941370109479336
.01941370109479336
.01941370109479336
.01941370109479336
.23764494362392863
.23764494362392863
.17235317822621754
.01941370109479336
.01941370109479336
.01941370109479336
.01941370109479336
.17235317822621754
.06063563399804208
.20794048225228162
.01941370109479336
.23764494362392863
.01941370109479336
.01941370109479336
.01941370109479336
.01941370109479336
.01941370109479336
.03458279415082617
.01941370109479336
.01941370109479336
.14852974169520602
.01941370109479336
.22590045373961432
.01941370109479336
.01941370109479336
.010415327878865779
.01941370109479336
.01941370109479336
.01941370109479336
.11999933287876507
.01941370109479336
.01941370109479336
.01941370109479336
.01941370109479336
.01941370109479336
.01941370109479336
.01941370109479336
.01941370109479336
.01941370109479336
.01941370109479336
.01941370109479336
.01941370109479336
.01941370109479336
.01941370109479336
.01941370109479336
.01941370109479336
.01941370109479336
.01941370109479336
.01941370109479336
.01941370109479336
.01941370109479336
.01941370109479336
.01941370109479336
.11999933287876507
.01941370109479336
.01941370109479336
.01941370109479336
.01941370109479336
.01941370109479336
.01941370109479336
.01941370109479336
.01941370109479336
.01941370109479336
.01941370109479336
.22590045373961432
.19199786517538595
.16105218309751562
.01941370109479336
9999999999985142e-28
.20197917754091332
.20197917754091332
.16105218309751562
.16105218309751562
.22590045373961432
.22590045373961432
.22590045373961432
.22590045373961432
