1.516673160394527
.8278789876165084
.013200534196983858
.0027521642621420673
37085751488231373e-22
.036531702011844906
6.846142808762229
.6565624232888528
.05568052570604717
.06497659442267348
.06499665261204808
4.559516744520071
.6645809549295723
.35527669795247385
.00534774824897045
2.6818840426443074
.346664149394085
.0032822154292729837
.07645610086011331
.004645697946539389
.0019657564162640483
.009917004837085233
.00017464233797358645
.002652819770524297
.2680082088728429
17.447897928401684
.00014721795411260733
.0056471483006186015
.006549989508607784
.006405841387702691
14958893405711306e-22
.00016852426205249017
.014594300182343152
.0012624944579466542
.010079472281260134
2120386850226033e-20
.002325597961027184
.0027110839000920577
.0003245650729624815
.005135580160811869
29175771571933394e-21
.006422515236437927
.006756531803827249
.019809744390773057
.000326223873195376
.11152852155695671
.007412596450885279
.00081052868116993
.04780193801569869
.24600730765082443
.0011012986999726659
.6164977656994478
.008722605489661098
11.627871726477425
10.80221050456378
1.4049764138946135
.006447173271535976
.06231852798074059
.06901911785943574
.2112929143645617
.12111264304630114
29.77769119473964
22.82702390383641
8.337474816588127
.0023625121136494546
.0004870183644429409
.001488716867345745
.006020255024273194
2.771630464997223
7.200199607549487
.018707222775322795
22.897632222860373
3.2591914893820766
9.217878598723512
21.45655329884607
.001389262547469883
.009338822828696976
.0006763303576925595
2.026820486892529
.0003096355030921382
.002599546337551608
.01071529803365047
.00035578088406252575
.9021842158482603
.6782593323003896
2535185843147614e-20
.007671787035552098
.8249136023034213
.7357996594185054
3.3828102756598035
.00015119929034125936
59683709960490826e-21
.6602746212152698
.823003727166689
.07124366763269928
.009762653782215185
.2787963857799774
1.546594746220121
1.452047513648506
1.9843318476035663
1.6289358299201828
2.0808032989405687
.02624696725622519
.03560260910206885
.009085803552115145
.00018576437055602282
6.3081861668029005
6.070528638039609
.5263375280528494
.01664028417172019
.004087289020454238
6255884214417824e-20
.0004772631619327559
.08654312826907898
.02061116720760178
.0008029112344046303
.43292357483045385
47023747534557564e-21
.00023663231950399717
.03354009613559698
22131236992878042e-21
0
0
0
0
0
0
0
0
0
0
0
0
0
0
0
0
0
0
0
.7247272541926327
0
0
0
0
.5733713736337058
1263.8952145849844
.004513397749277805
.10010468979722141
.01950732786051737
.2338257618009649
.11210220124640399
.6174019413412095
.1360200348508074
.4331807228140927
.006184704728604793
2.8570174841445546
3.3560862658047657
.017255109027064043
.03884503218527849
.7966131870734972
.5744934972295045
.23478270953350883
.46343823129414313
.019402439592353146
.019402439592353146
.21944069437985544
4280777130126178e-20
.019402439592353146
.019402439592353146
.019402439592353146
.019402439592353146
.019402439592353146
.019402439592353146
.019402439592353146
.019402439592353146
.019402439592353146
.019402439592353146
.019402439592353146
.019402439592353146
.019402439592353146
.019402439592353146
.019402439592353146
.019402439592353146
.019402439592353146
.019402439592353146
.019402439592353146
.019402439592353146
.019402439592353146
.019402439592353146
.019402439592353146
.019402439592353146
.019402439592353146
.019402439592353146
.019402439592353146
.019402439592353146
.019402439592353146
.019402439592353146
.019402439592353146
.019402439592353146
.019402439592353146
.019402439592353146
.019402439592353146
.019402439592353146
.019402439592353146
.019402439592353146
.019402439592353146
.019402439592353146
.019402439592353146
.019402439592353146
.019402439592353146
.019402439592353146
.23422249923878444
.009274147543754729
.019402439592353146
.009274147543754729
.17110760501512692
.08592740999086457
.019402439592353146
.019402439592353146
.03170008672268577
.019402439592353146
.019402439592353146
.019402439592353146
.019402439592353146
.019402439592353146
.019402439592353146
.019402439592353146
.019402439592353146
.019402439592353146
.019402439592353146
.1541937315145384
.019402439592353146
.019402439592353146
.019402439592353146
.019402439592353146
.019402439592353146
.019402439592353146
.019402439592353146
.019402439592353146
.019402439592353146
.019402439592353146
.019402439592353146
.019402439592353146
.019402439592353146
.019402439592353146
.019402439592353146
.019402439592353146
.019402439592353146
.019402439592353146
.23422249923878444
.23422249923878444
.17110760501512692
.019402439592353146
.019402439592353146
.019402439592353146
.019402439592353146
.17110760501512692
.056393383665132295
.20583966651390898
.019402439592353146
.23422249923878444
.019402439592353146
.019402439592353146
.019402439592353146
.019402439592353146
.019402439592353146
.03170008672268577
.019402439592353146
.019402439592353146
.1476703957514851
.019402439592353146
.21944069437985544
.019402439592353146
.019402439592353146
.009274147543754729
.019402439592353146
.019402439592353146
.019402439592353146
.11947824684598984
.019402439592353146
.019402439592353146
.019402439592353146
.019402439592353146
.019402439592353146
.019402439592353146
.019402439592353146
.019402439592353146
.019402439592353146
.019402439592353146
.019402439592353146
.019402439592353146
.019402439592353146
.019402439592353146
.019402439592353146
.019402439592353146
.019402439592353146
.019402439592353146
.019402439592353146
.019402439592353146
.019402439592353146
.019402439592353146
.019402439592353146
.11947824684598984
.019402439592353146
.019402439592353146
.019402439592353146
.019402439592353146
.019402439592353146
.019402439592353146
.019402439592353146
.019402439592353146
.019402439592353146
.019402439592353146
.21944069437985544
.19033401955025567
.1541937315145384
.019402439592353146
9999999999984852e-28
.20005463638570473
.20005463638570473
.1541937315145384
.1541937315145384
.21944069437985544
.21944069437985544
.21944069437985544
.21944069437985544
